0.0 0.0 0.0 0.0 
1.88284537486e-21 0.598907846085 0.39927189739 0.379183219675 
1.88284537486e-21 0.598907846085 0.39927189739 0.379183219675 
-2.59359462097e-20 0.631649814528 0.421099876352 0.394331957087 
2.59582807159e-20 0.64501865826 0.43001243884 0.403191598942 
2.59582807159e-20 0.64501865826 0.43001243884 0.403191598942 
2.59582807159e-20 0.64501865826 0.43001243884 0.403191598942 
6.88231759021e-20 0.588280039019 0.392186692679 0.523598775598 
6.88231759021e-20 0.588280039019 0.392186692679 0.523598775598 
6.88231759021e-20 0.588280039019 0.392186692679 0.523598775598 
6.88231759021e-20 0.588280039019 0.392186692679 0.523598775598 
6.88231759021e-20 0.588280039019 0.392186692679 0.523598775598 
-2.65444615784e-20 0.602897633612 0.401931755742 0.523598775598 
-2.65444615784e-20 0.602897633612 0.401931755742 0.523598775598 
-2.65444615784e-20 0.602897633612 0.401931755742 0.523598775598 
-2.65444615784e-20 0.602897633612 0.401931755742 0.523598775598 
-2.65444615784e-20 0.602897633612 0.401931755742 0.523598775598 
-2.65444615784e-20 0.602897633612 0.401931755742 0.523598775598 
-2.65444615784e-20 0.602897633612 0.401931755742 0.523598775598 
-2.65444615784e-20 0.602897633612 0.401931755742 0.523598775598 
-2.65444615784e-20 0.602897633612 0.401931755742 0.523598775598 
-2.65444615784e-20 0.602897633612 0.401931755742 0.523598775598 
-2.65444615784e-20 0.602897633612 0.401931755742 0.523598775598 
-2.65444615784e-20 0.602897633612 0.401931755742 0.523598775598 
-2.65444615784e-20 0.602897633612 0.401931755742 0.523598775598 
2.26841192541e-20 0.618834642021 0.412556428014 0.523598775598 
2.26841192541e-20 0.618834642021 0.412556428014 0.523598775598 
1.74650024102e-20 0.601123485428 0.400748990285 0.523598775598 
1.74650024102e-20 0.601123485428 0.400748990285 0.523598775598 
1.6489704305e-20 0.592284836023 0.394856557349 0.523598775598 
1.6489704305e-20 0.592284836023 0.394856557349 0.523598775598 
1.6489704305e-20 0.592284836023 0.394856557349 0.523598775598 
1.6489704305e-20 0.592284836023 0.394856557349 0.523598775598 
1.6489704305e-20 0.592284836023 0.394856557349 0.523598775598 
1.6489704305e-20 0.592284836023 0.394856557349 0.523598775598 
1.034975832e-20 0.584000271682 0.389333514455 0.523598775598 
-3.80761253324e-22 0.571504290293 0.381002860195 0.523598775598 
-3.80761253324e-22 0.571504290293 0.381002860195 0.523598775598 
-9.69355338807e-24 0.564631959662 0.376421306441 0.523598775598 
-1.13537512505e-20 0.550976325401 0.367317550267 0.515872014336 
1.76395514787e-20 0.559344443981 0.372896295987 0.415133718053 
-3.38813178902e-21 0.733780798922 0.489187199282 -0.0120997666166 
-9.53018397665e-18 0.649162154544 0.432774769696 -0.00635134389776 
0.00389984754411 0.532512040009 0.355008026672 0.110326696092 
0.0402882223922 0.50909829421 0.339398862806 0.104276630905 
0.0907624361482 0.478628676077 0.319085784051 0.0920507046814 
0.150794352311 0.405775129798 0.270516753199 0.101312911787 
0.225610050109 0.372116140677 0.248077427118 0.0790567735917 
0.315576175535 0.349920526768 0.233280351179 0.0670777334955 
0.45454031942 0.381391150762 0.254260767175 0.0466964003497 
0.582640258661 0.337935722662 0.225290481775 0.0369725766428 
0.69347857769 0.30199987389 0.20133324926 0.0400350046774 
0.820946994498 0.258313123754 0.17220874917 0.0368696629589 
0.873626292087 8.67361737988e-19 5.78241158659e-19 0.0515130292194 
0.981938407807 -2.4280601916e-22 -1.6187067944e-22 0.040238508756 
1.09041039369 2.71592099952e-22 1.81061399968e-22 0.025153370568 
1.18007171903 1.22296159791e-06 8.15307731937e-07 0.0130889362377 
1.24913531066 1.49538706743e-06 9.96924711622e-07 0.0109929938865 
1.36654900606 0.168636883323 0.112424588882 0.00722090522854 
1.40007195434 0.12441837131 0.082945580873 0.00609309870773 
1.42620257897 0.0812634959915 0.0541756639943 0.00249773652657 
1.44491876894 0.0489882531093 0.0326588354062 0.000435014075647 
1.46119752754 0.0320560446305 0.0213706964203 -0.00304846073407 
1.4597582697 5.02422352956e-18 3.34948235304e-18 0.000363416573702 
1.47312624259 4.22406690944e-07 2.81604460629e-07 -0.000662009460192 
1.47163368712 1.97956377224e-22 1.31970918149e-22 -0.00159184021586 
1.47655930128 1.51678271883e-07 1.01118847922e-07 -0.00313680564705 
1.49520569259 0.0551128463754 0.0367418975836 -0.00605539866745 
1.48662672274 0.0335682793733 0.0223788529155 -0.00466252922715 
1.48534972244 0.0339477489306 0.0226318326204 -0.00595804234783 
1.47840433642 0.0126776648563 0.00845177657087 -0.00797604031638 
1.48137743986 0.0121754140924 0.00811694272825 -0.0102937658171 
1.48951058479 0.0468455196203 0.0312303464136 -0.00974892329739 
1.46875446115 8.28935508814e-19 5.52623672542e-19 -0.00532076756408 
1.47319054455 0.0200540329103 0.0133693552736 -0.00565964550733 
1.46904134488 0.00942975764506 0.00628650509671 -0.00639541210951 
1.46038692087 1.28360203592e-17 8.55734690611e-18 -0.00552427339243 
1.46435308312 -6.26085841728e-23 -4.17390561152e-23 -0.00708274113547 
1.45544759333 2.96899385274e-21 1.97932923516e-21 -0.00634794412145 
1.45066575885 -1.09493828672e-21 -7.29958857815e-22 -0.00462544019987 
1.44478091598 -9.94016180837e-22 -6.62677453891e-22 -0.00384150006839 
1.44877632664 7.57205442042e-22 5.04803628028e-22 -0.00719070257779 
1.44259017662 1.10794086632e-21 7.38627244215e-22 -0.00410960390323 
1.42586561122 1.96412528035e-22 1.30941685357e-22 0.00142363469766 
1.42062903878 4.2947256414e-22 2.8631504276e-22 0.000102229427813 
1.39273038352 1.04103110754e-21 6.94020738361e-22 0.00179691928105 
1.36339048321 1.39979959623e-20 9.33199730817e-21 0.00740990399408 
1.33100722058 6.9927590173e-19 4.66183934486e-19 0.0112500055506 
1.28898662353 -3.64608470357e-19 -2.43072313572e-19 0.0148277040734 
1.23073445736 2.83225945603e-18 1.88817297069e-18 0.0188318364884 
1.16829204397 -1.24154753765e-17 -8.27698358434e-18 0.0223909156952 
1.08562595251 2.13820353577e-17 1.42546902385e-17 0.0235301967625 
0.977678462575 0.0270859488121 0.0180572992081 0.0302818586623 
0.867849250706 0.0560708291544 0.0373805527696 0.0307597844965 
0.718670421524 0.0937006406167 0.0624670937445 0.0290976124644 
0.530465831699 2.30362920985e-19 1.53575280657e-19 0.0498075261164 
0.397226209321 3.67314154974e-18 2.44876103316e-18 -0.282726584087 
0.239141720126 -1.2214660888e-17 -8.1431072587e-18 -0.0303569458681 
0.142785857971 -7.47010023207e-19 -4.98006682138e-19 -0.00477247169962 
0.0786089836214 9.48403886283e-18 6.32269257522e-18 0.00632041927501 
0.0359583717676 -1.89089798246e-19 -1.26059865497e-19 0.00938254172929 
0.0123300508409 -1.64308425335e-21 -1.09538950223e-21 0.011459629859 
-8.67361737988e-19 4.91594239292e-21 3.27729492862e-21 0.012436954188 
-8.67361737988e-19 4.91594239292e-21 3.27729492862e-21 0.012436954188 
2.27364513571e-20 0.000552857173113 0.000368571448742 0.0105172626348 
2.27364513571e-20 0.000552857173113 0.000368571448742 0.0105172626348 
-3.17047314841e-20 -4.04699952238e-19 -2.69799968159e-19 0.00798006973132 
-1.85840178365e-21 -8.22761780137e-22 -5.48507853424e-22 0.0059228728273 
2.30191153957e-05 -8.87833257823e-23 -5.91888838549e-23 0.00278281578587 
0.00412321816455 2.13755915239e-21 1.42503943493e-21 0.00247742233197 
-1.42764086148e-20 -1.13478863026e-19 -7.56525753508e-20 -7.16370814474e-11 
0.00433850551165 2.03417800524e-22 1.35611867016e-22 -0.000836871671253 
0.0135058780197 2.17561122049e-21 1.45040748033e-21 -0.000396020716235 
0.0202873407196 6.63938643935e-22 4.42625762623e-22 -0.00131818139241 
0.0232044742665 -1.67743804428e-21 -1.11829202952e-21 -0.00524833827177 
0.026116764799 1.86474293682e-21 1.24316195788e-21 -0.00577547216901 
0.0294224902102 2.22411525143e-22 1.48274350096e-22 -0.00232585614987 
0.0248568353038 -6.17276860083e-23 -4.11517906722e-23 -0.00727638743428 
0.0292201754095 1.59345858673e-21 1.06230572449e-21 -0.00442051302117 
0.0344379125912 -1.76875116295e-21 -1.17916744197e-21 -0.00408121517772 
0.0582217592615 7.9227821047e-22 5.28185473646e-22 -0.00612627966473 
0.0801027909475 6.72228791943e-22 4.48152527962e-22 -0.0115245621164 
0.110022238743 1.0953245918e-21 7.30216394535e-22 -0.0128761039005 
0.139194824458 -1.3579690619e-21 -9.05312707935e-22 -0.0136325081491 
0.193426863997 3.14497343518e-21 2.09664895679e-21 -0.0139987269895 
0.239301258992 -8.72375675258e-22 -5.81583783505e-22 -0.031186277427 
0.299388542086 3.4565388908e-22 2.30435926053e-22 -0.0745406585191 
0.399666474618 1.90805414894e-22 1.27203609929e-22 -0.070906507907 
0.498245142749 -3.23772628885e-22 -2.15848419257e-22 0.0118906273123 
0.646542748018 9.84623729283e-22 6.56415819522e-22 0.0413594013261 
0.781912141232 -2.34935880028e-22 -1.56623920018e-22 0.0349716482499 
0.915199436377 1.01545787774e-23 6.76971918496e-24 0.0186685605693 
1.03549832248 -6.91845216498e-24 -4.61230144332e-24 0.014764455811 
1.14280295886 0.000139821572769 9.32143818463e-05 0.0138566020425 
1.28488491323 0.150812558533 0.100541705688 0.00643656859873 
1.33630532798 0.0690359290921 0.046023952728 0.00525788827619 
1.38100163723 0.020642782796 0.0137618551973 0.00641056166175 
1.42044874024 7.21756918232e-19 4.81171278821e-19 0.00111034026383 
1.44146971136 1.30060233523e-21 8.6706822349e-22 0.00130289774821 
1.4586922887 -2.23675416965e-22 -1.49116944643e-22 0.000518514119775 
1.47530029872 2.59825842002e-22 1.73217228001e-22 -0.000485655957265 
1.48326420897 7.82188559188e-22 5.21459039459e-22 -0.00139774748819 
1.47721612053 2.71217785069e-22 1.80811856713e-22 0.00172765744849 
1.47832197752 1.85455796553e-21 1.23637197702e-21 0.00198242345882 
1.49744778157 -1.36475984008e-23 -9.09839893384e-24 -0.00402109994211 
1.48470718217 -4.76662010914e-23 -3.17774673942e-23 0.000758984812607 
1.47889594955 -2.77000139403e-22 -1.84666759602e-22 0.000181215659093 
1.47073376419 1.82223246331e-21 1.2148216422e-21 -0.00156555343026 
1.46623994216 8.20572497565e-22 5.4704833171e-22 -0.00116634067927 
1.46556903473 -2.39084884196e-23 -1.59389922797e-23 -0.000712893401467 
1.44728968474 -4.44263398633e-22 -2.96175599088e-22 0.00555658185371 
1.45104644057 -1.1473121823e-21 -7.64874788198e-22 0.00529851576067 
1.44692958505 1.52341849419e-22 1.01561232946e-22 0.00667815176785 
1.44072609754 -9.76693209821e-23 -6.51128806547e-23 0.00469645272416 
1.44058692161 1.40330158385e-21 9.35534389235e-22 0.00624782739597 
1.43377677615 1.14687731206e-21 7.64584874708e-22 0.00849260245328 
1.42242392211 -7.46738378453e-23 -4.97825585636e-23 0.0133864966964 
1.41799780951 1.17668332652e-21 7.84455551015e-22 0.0150797397595 
1.40853132103 -5.83586110414e-22 -3.89057406943e-22 0.019127007864 
1.40509481634 1.16235855399e-21 7.7490570266e-22 0.0184123245365 
1.40433251727 -7.19579788826e-22 -4.79719859217e-22 0.0176664314738 
1.40662225834 4.44910494841e-22 2.96606996561e-22 0.0156083692531 
1.41575894597 2.89203384014e-22 1.92802256009e-22 0.0102006966815 
1.40543298267 2.53222371025e-22 1.68814914016e-22 0.0116536284724 
1.40577568319 2.97373064926e-22 1.98248709951e-22 0.00938908224579 
1.39557063353 -1.11538356835e-22 -7.43589045564e-23 0.0137335387522 
1.39388049611 1.88464985886e-21 1.25643323924e-21 0.0129939615594 
1.38855600162 4.67870025162e-22 3.11913350108e-22 0.0179192286489 
1.3925591733 7.30253407739e-22 4.86835605159e-22 0.0153736075109 
1.38897789232 -4.10308071225e-22 -2.7353871415e-22 0.0164908953047 
1.39225523807 1.56900427719e-21 1.04600285146e-21 0.0151079715541 
1.39211188072 8.95521334629e-22 5.97014223086e-22 0.0138067795211 
1.38932752692 -6.3030657943e-22 -4.20204386287e-22 0.0176564054533 
1.38855138853 -7.10695118036e-22 -4.73796745358e-22 0.0171162805235 
1.37729645426 1.54254713682e-21 1.02836475788e-21 0.0198047825404 
1.38247553451 -3.57649708977e-22 -2.38433139318e-22 0.0158640514613 
1.39317115725 6.24457968181e-22 4.16305312121e-22 0.0115466938701 
1.38975671479 -6.87156561838e-22 -4.58104374559e-22 0.013509563081 
1.3897332491 1.77572197913e-21 1.18381465276e-21 0.0145427064485 
1.38675071919 1.78277830332e-22 1.18851886888e-22 0.0174877332345 
1.37990742624 3.77226753903e-22 2.51484502602e-22 0.0155950082291 
1.37618507113 -9.72974550349e-23 -6.48649700232e-23 0.013055556959 
1.35751538107 -9.81231263908e-22 -6.54154175938e-22 0.0112683829613 
1.30529044804 1.57026396891e-17 1.04684264594e-17 0.0125521433628 
1.23727525293 -1.057636071e-17 -7.05090714002e-18 0.0119109695304 
1.13235258699 -1.12836525595e-17 -7.52243503965e-18 0.016721298138 
0.997193750571 0.0329336898944 0.021955793263 0.0178773671666 
0.818014179864 0.0784491995994 0.0522994663996 0.0183057174093 
0.549796247102 3.20540384019e-17 2.13693589346e-17 0.0326598676126 
0.353353400094 7.8382403664e-17 5.2254935776e-17 -0.132406626488 
0.190654171583 -1.32058620167e-16 -8.80390801114e-17 -0.0192412164231 
0.0936784657294 -5.32779211158e-19 -3.55186140772e-19 0.00187652318441 
0.0287143396549 -1.03030004596e-17 -6.86866697304e-18 0.00646510254317 
0.0 0.00122136920401 0.000814246136005 0.00793259573291 
1.45064694572e-20 0.00141899476477 0.000945996509846 0.0135718960089 
1.89082990577e-20 0.0390047410728 0.0260031607152 0.0165474344301 
1.89082990577e-20 0.0390047410728 0.0260031607152 0.0165474344301 
1.66138481069e-21 0.0973897644305 0.0649265096204 0.0194527319476 
1.66138481069e-21 0.0973897644305 0.0649265096204 0.0194527319476 
1.66138481069e-21 0.0973897644305 0.0649265096204 0.0194527319476 
1.66138481069e-21 0.0973897644305 0.0649265096204 0.0194527319476 
-1.65531571614e-20 0.0492976970016 0.0328651313344 0.0172039233046 
-8.07382720172e-21 0.104599851056 0.0697332340374 0.0161602817203 
-8.07382720172e-21 0.104599851056 0.0697332340374 0.0161602817203 
8.10024962803e-21 0.0350601312401 0.0233734208268 0.0131710929125 
8.10024962803e-21 0.0350601312401 0.0233734208268 0.0131710929125 
2.98496863012e-21 0.0323102227876 0.0215401485251 0.00809975721873 
-1.42129798136e-22 1.03239080233e-18 6.88260534884e-19 0.00353718346542 
0.00205143892861 -1.38540953183e-22 -9.23606354555e-23 0.000311541336314 
0.0321687860635 2.81220481449e-21 1.87480320966e-21 -0.00256346101289 
0.0733843305025 -1.41992091092e-21 -9.46613940613e-22 -0.00609955404684 
0.126769575214 -3.45751690601e-22 -2.30501127067e-22 -0.00968351219999 
0.216506568401 1.12451392523e-21 7.49675950152e-22 -0.0135121151215 
0.310244356948 -9.09758645113e-22 -6.06505763409e-22 -0.0735824000547 
0.413738959065 1.88573351093e-22 1.25715567395e-22 -0.191509738336 
0.508845629969 -7.87639409348e-22 -5.25092939565e-22 -0.0659209953322 
0.618535191091 8.97876720952e-22 5.98584480635e-22 -0.0132854692569 
0.717303374958 -3.37884041486e-23 -2.25256027658e-23 -0.00893741478517 
0.80044192844 -2.07552445824e-22 -1.38368297216e-22 -0.00278865627845 
0.85621215475 4.44394106632e-22 2.96262737755e-22 0.000404490912003 
0.905564046995 3.90726251654e-23 2.6048416777e-23 0.000502852871372 
0.946930139273 1.82730272914e-07 1.21820181943e-07 -0.00289207921253 
0.971201654544 6.27042601314e-07 4.18028400876e-07 0.00349307642104 
0.979414126065 5.51995070604e-07 3.67996713736e-07 0.00478778364991 
1.27816570115 0.581354436141 0.387569624094 0.0132959030719 
1.28079287078 0.578099931806 0.385399954537 0.0142278359232 
1.25984678266 0.555886280516 0.370590853678 0.0122345230042 
1.28301699149 0.575091303784 0.383394202523 0.0122490164305 
1.26541268941 0.56348074561 0.375653830406 0.0126584898595 
1.2659099876 0.563110634411 0.375407089607 0.00940117780653 
1.26205256677 0.566210494979 0.377473663319 0.0101082091816 
1.2446669348 0.554450091668 0.369633394446 0.00953279303273 
1.27193223188 0.578054871907 0.385369914605 0.0115658320283 
1.24674862209 0.55904823264 0.37269882176 0.00976262244767 
1.22692349109 0.544166981231 0.362777987487 0.00935662374814 
1.24796041886 0.56876647511 0.379177650073 0.0119453933256 
1.23945817907 0.57731027165 0.384873514433 0.013286962808 
1.24431449859 0.603978999031 0.40265266602 0.0137222331951 
1.22853539983 0.622066639293 0.414711092862 0.0126244846271 
1.14025118038 0.622275402155 0.414850268103 0.0130172109642 
1.1769954139 0.70774986079 0.471833240527 0.0191268243696 
1.14577245108 0.758355898409 0.50557059894 0.0220144517184 
1.19611520621 0.852548797215 0.56836586481 0.0328035312992 
1.22550630729 0.922100226786 0.614733484524 0.0471734447185 
1.24872100459 0.973166614435 0.648777742957 0.059452393419 
1.28781300233 1.01147089993 0.674313933284 0.0732422844671 
1.29986868776 1.0364607589 0.690973839265 0.0830005342341 
1.31503279928 1.05220519295 0.701470128632 0.0915052600349 
1.32767875653 1.06141196162 0.707607974411 0.09701947901 
1.34274375739 1.06518368284 0.710122455227 0.0995770875913 
1.34264600263 1.06856585502 0.712377236682 0.100119454273 
1.34378216272 1.07014254005 0.713428360033 0.102876329651 
1.34328810601 1.07240568057 0.71493712038 0.104725187888 
1.34464553427 1.07195324574 0.714635497159 0.101943839897 
1.34565362856 1.07170597624 0.71447065083 0.0997168325795 
1.34513077217 1.07222934438 0.714819562917 0.100578013806 
1.3450171663 1.07174242444 0.71449494963 0.100564601689 
1.34533536152 1.06894979263 0.712633195084 0.099623155988 
1.3456742337 1.06680396718 0.711202644788 0.0990340434558 
1.34555238589 1.06626125553 0.710840837019 0.0993705462751 
1.34732771716 1.06401854686 0.709345697906 0.0970576052616 
1.3476145741 1.06311535344 0.708743568957 0.0966745539509 
1.35062525983 1.06045398702 0.706969324679 0.0920820872454 
1.35007571227 1.05812291244 0.705415274962 0.0938158505875 
1.3516076489 1.05208679245 0.701391194965 0.0905551994377 
1.35054350083 1.04862879185 0.699085861234 0.0915613958213 
1.35346682601 1.04074571892 0.693830479278 0.0844141391221 
1.35542305852 1.03291320427 0.688608802849 0.0813876797164 
1.35594459895 1.02536184963 0.683574566417 0.0774060336258 
1.3384370567 1.01197867889 0.674652452596 0.0704070702576 
1.32106281627 0.995281075777 0.663520717185 0.0636751611008 
1.28257456384 0.971703752051 0.647802501367 0.0569170960217 
1.23221252295 0.932517993578 0.621678662386 0.0477447394927 
1.13176949142 0.871684926694 0.581123284463 0.0375675850803 
0.558459412047 0.0196241109851 0.0130827406567 0.163526202672 
0.698282810518 0.163889753716 0.109259835811 0.0756540698433 
0.803541039239 0.137361234595 0.0915741563969 0.0717839346096 
0.895163876067 0.110963157107 0.0739754380716 0.0634967361129 
0.94677972431 5.32243381498e-17 3.54828920999e-17 0.0664122907933 
1.01650273153 4.37186628096e-22 2.91457752064e-22 0.0560048188892 
1.06732349421 7.26221596595e-22 4.84147731063e-22 0.0494579705844 
1.1342420504 2.63718757832e-22 1.75812505221e-22 0.0401247325394 
1.17557374194 3.15217836046e-22 2.10145224031e-22 0.0334931840433 
1.2047213285 1.1421716606e-21 7.61447773736e-22 0.0254850464324 
1.22127679928 -8.63488707261e-23 -5.75659138174e-23 0.0244575824703 
1.2431403624 1.00439207793e-21 6.69594718623e-22 0.0217969092881 
1.24883998217 6.22803558726e-22 4.15202372484e-22 0.0230112390714 
1.25115775326 7.24233632047e-22 4.82822421365e-22 0.0244938148358 
1.25895633713 5.53936257263e-22 3.69290838175e-22 0.0237620838911 
1.25911677809 2.78649963047e-22 1.85766642032e-22 0.0252844189792 
1.26345892808 -3.62830991383e-22 -2.41887327589e-22 0.0239902556277 
1.2714672297 6.85827166246e-22 4.57218110831e-22 0.0205688366989 
1.26197835113 1.22286183827e-21 8.15241225512e-22 0.0220265569983 
1.25758555597 -2.04437662559e-22 -1.36291775039e-22 0.0231781896505 
1.25288393522 1.30727268832e-21 8.71515125545e-22 0.0251219068868 
1.23454494654 -4.30015873297e-22 -2.86677248865e-22 0.030367148601 
1.23002532844 2.69306712492e-22 1.79537808328e-22 0.0319133480276 
1.22133779917 3.25968561726e-22 2.17312374484e-22 0.0355659990681 
1.2165956472 1.59368855598e-22 1.06245903732e-22 0.0337000061639 
1.21127293244 2.66743755727e-22 1.77829170485e-22 0.0348613591913 
1.21127293244 2.66743755727e-22 1.77829170485e-22 0.0348613591913 
1.19569724859 4.15428216008e-22 2.76952144005e-22 0.0367310131187 
1.19909473289 4.15072862011e-22 2.76715241341e-22 0.0350159168965 
1.20690027541 4.03391740448e-22 2.68927826966e-22 0.0303338176061 
1.20562091783 -5.96224177944e-23 -3.97482785296e-23 0.0280732922468 
1.2066997117 -1.88452009119e-22 -1.25634672746e-22 0.0262421647264 
1.20760007059 3.68445617249e-22 2.45630411499e-22 0.0240395387059 
1.20776016821 4.76289225724e-22 3.17526150483e-22 0.0262152273427 
1.20367383906 3.86644125724e-22 2.57762750482e-22 0.0249288990871 
1.20590001335 7.53388124672e-22 5.02258749781e-22 0.0239884939946 
1.20316667984 4.74629299105e-22 3.16419532737e-22 0.028269946067 
1.20174280805 -9.46876225274e-22 -6.3125081685e-22 0.0300524757796 
1.19687885538 -5.65679014326e-22 -3.77119342884e-22 0.0298170940785 
1.19190396272 2.46151517421e-22 1.64101011614e-22 0.0321673209024 
1.18293538367 7.56525662324e-22 5.04350441549e-22 0.0346810161319 
1.16774981877 2.85523889288e-23 1.90349259525e-23 0.039393233806 
1.14054664686 -8.62676112813e-20 -5.75117408542e-20 0.0416009641938 
1.06324954018 3.19978940339e-17 2.13319293559e-17 0.0507168574011 
0.971593864177 0.0203277443058 0.0135518295372 0.0636810409394 
0.874634817944 0.0450897169647 0.0300598113098 0.0755557103252 
0.730225443228 0.0860372146302 0.0573581430868 0.100235352973 
0.589395777375 0.124877548242 0.0832516988282 0.119755765757 
0.459042370181 0.171603204641 0.114402136427 0.156075910175 
0.350662907358 0.229594600305 0.15306306687 0.188348026837 
0.274823994411 0.328338691772 0.218892461181 0.155080080449 
0.221623048035 0.354727276151 0.236484850768 0.158979540201 
0.175368133923 0.402621692806 0.268414461871 0.170093477646 
0.146702466885 0.430575574686 0.287050383124 0.1708517206 
0.130996144731 0.441962070531 0.294641380354 0.130044332861 
0.126293177066 0.424866746028 0.283244497352 0.11521111362 
0.117918754195 0.412344755787 0.274896503858 0.0796834605615 
0.111102252887 0.414466180518 0.276310787012 0.0800217581633 
0.111102252887 0.414466180518 0.276310787012 0.0800217581633 
0.111102252887 0.414466180518 0.276310787012 0.0800217581633 
0.112591321142 0.446967285937 0.297978190625 0.086938112703 
0.116779983822 0.44582496337 0.297216642247 0.0875346616705 
0.12035272683 0.422097697505 0.281398465003 0.0858232994327 
0.126907678627 0.451663758582 0.301109172388 0.105084660054 
0.129481961918 0.482016784356 0.321344522904 0.132112968822 
0.134139356982 0.511518522801 0.341012348534 0.159154813718 
0.128709337437 0.567192844729 0.378128563153 0.203578156806 
0.120730482964 0.638846575703 0.425897717135 0.259932443989 
0.11445929154 0.630402441774 0.420268294516 0.382047591559 
0.121449439989 0.663202362022 0.442134908015 0.403365290018 
0.131700720646 0.69074681464 0.460497876426 0.422660745653 
0.132639464606 0.718056992329 0.478704661553 0.443291174699 
0.142350022264 0.728847028886 0.485898019257 0.451712814354 
0.153600149654 0.732635002122 0.488423334748 0.456847536602 
0.155700735307 0.740038613803 0.493359075869 0.463154350859 
0.160018521621 0.743306138927 0.495537425952 0.466645012194 
0.169094880074 0.740353433369 0.493568955579 0.468463599378 
0.170711769832 0.743542652814 0.495695101876 0.471989765912 
0.176836148092 0.737617028171 0.491744685447 0.471331083487 
0.176947633338 0.701709214143 0.467806142762 0.523598775598 
0.174930927672 0.712253011002 0.474835340668 0.523598775598 
0.17552022108 0.715376907859 0.476917938572 0.523598775598 
0.182898102488 0.707230077873 0.471486718582 0.518603745698 
0.182898102488 0.707230077873 0.471486718582 0.518603745698 
0.187571796477 0.696198305789 0.464132203859 0.511103558605 
0.180067491971 0.695916589685 0.463944393123 0.512265318342 
0.177579091731 0.69068272413 0.46045514942 0.509067497439 
0.177362261256 0.682428131392 0.454952087595 0.505255501523 
0.167437215698 0.677597939571 0.451731959714 0.502954889462 
0.155247423347 0.673595392716 0.449063595144 0.500787612019 
0.143434327209 0.662657071749 0.441771381166 0.494001787117 
0.133969259925 0.642626445034 0.428417630023 0.481476627776 
0.12245904873 0.621374620118 0.414249746746 0.468086556144 
0.111562250855 0.598978313362 0.399318875574 0.454147772133 
0.111585449746 0.56542919482 0.376952796547 0.431297321 
0.0952136703379 0.558789923177 0.372526615452 0.428910518526 
0.0896311903338 0.556096556501 0.370731037667 0.373840490612 
0.0839978466966 0.541843323854 0.36122888257 0.367481065399 
0.0903889711369 0.548892835545 0.36592855703 0.284742348968 
0.0919522865312 0.53022312106 0.353482080707 0.272503970303 
0.0939222203528 0.512574901405 0.341716600936 0.25925198083 
0.0935291759521 0.534452919003 0.356301946002 0.19951312179 
0.0876652335471 0.536076669391 0.35738444626 0.199743476855 
0.0929710944471 0.524950491974 0.34996699465 0.189578911094 
0.0886108833093 0.525572771812 0.350381847875 0.189238476205 
0.0848005335454 0.526865690242 0.351243793495 0.189331618311 
0.0858306405275 0.533130011545 0.355420007697 0.153888142312 
0.084805329061 0.54186942391 0.361246282606 0.159493934453 
0.0887110889686 0.533191499679 0.355460999786 0.153824663259 
0.0954982768176 0.507948305167 0.338632203445 0.139350303142 
0.0927571635993 0.514744353239 0.343162902159 0.142420837835 
0.0917972187426 0.501389846963 0.334259897976 0.134128276908 
0.0917972187426 0.501389846963 0.334259897976 0.134128276908 
0.0917972187426 0.501389846963 0.334259897976 0.134128276908 
0.0847528343437 0.502876387097 0.335250924731 0.134371203827 
0.0857627223309 0.520305968713 0.346870645809 0.144011447297 
0.081730585309 0.541826567149 0.361217711433 0.156181067467 
0.0882450058076 0.53663382696 0.35775588464 0.154742603214 
0.0833607098761 0.572076995267 0.381384663511 0.177758973452 
0.078715697519 0.616785689134 0.411190459423 0.20848019611 
0.0725725904997 0.67250326852 0.448335512346 0.247492529142 
0.0705254557009 0.674356931313 0.449571287542 0.3317705659 
0.0732442348445 0.713313143821 0.475542095881 0.357651739624 
0.0870776894616 0.735558131409 0.490372087606 0.375176175817 
0.0949671698908 0.760265820023 0.506843880016 0.395262881688 
0.103315218252 0.774319045972 0.516212697315 0.406773286496 
0.119790654321 0.772509795962 0.515006530642 0.411801798922 
0.138692094241 0.767326951469 0.511551300979 0.414728255076 
0.137766138795 0.70697914853 0.471319432353 0.523598775598 
0.154810995484 0.699518622198 0.466345748132 0.519320840765 
0.159747711654 0.704787264627 0.469858176418 0.523551366066 
0.165606487913 0.710257118582 0.473504745721 0.523598775598 
0.169131693297 0.711481571575 0.474321047717 0.523598775598 
0.165321945727 0.720144060727 0.480096040485 0.523598775598 
0.167426921586 0.720631424228 0.480420949486 0.523598775598 
0.173570740569 0.711402686139 0.474268457426 0.520986489843 
0.173112215209 0.708516619654 0.472344413102 0.519571383833 
0.169844974453 0.706149913278 0.470766608852 0.518332059263 
0.15977816181 0.706668730009 0.471112486673 0.521283488314 
0.15378838241 0.701078388301 0.467385592201 0.518462715156 
0.147168838508 0.694025655233 0.462683770155 0.514517696249 
0.142177696376 0.685381766666 0.456921177777 0.50912727785 
0.135794569153 0.678586553684 0.45239103579 0.504875134117 
0.13721639848 0.659860422603 0.439906948402 0.491805624696 
0.129679007316 0.651800673654 0.434533782436 0.486571582568 
0.130954325068 0.656464953888 0.437643302592 0.399310092411 
0.120342623693 0.636711979547 0.424474653032 0.385214574065 
0.110987278841 0.616326557294 0.410884371529 0.370943205732 
0.110587349616 0.603875980203 0.402583986802 0.301443677473 
0.108151152157 0.578784724851 0.385856483234 0.283285901647 
0.108779646548 0.569311327408 0.379540884939 0.235829857138 
0.106906720084 0.546020676577 0.364013784385 0.21937701717 
0.100460780946 0.533297453494 0.355531635663 0.207559330157 
0.100074434667 0.536016388385 0.357344258924 0.166301208986 
0.100327458707 0.512303784416 0.341535856278 0.151907751901 
0.101130191896 0.488936621651 0.325957747767 0.13749807881 
0.101130191896 0.488936621651 0.325957747767 0.13749807881 
0.105601380797 0.470332353367 0.313554902244 0.122951235181 
0.0992594280201 0.485562114513 0.323708076342 0.126320595176 
0.104436245816 0.454261841781 0.302841227854 0.107859511678 
0.104436245816 0.454261841781 0.302841227854 0.107859511678 
0.100997261474 0.427896751328 0.285264500885 0.0826519507122 
0.10005003007 0.483467913992 0.322311942662 0.118583943344 
0.106977744305 0.490776624187 0.327184416125 0.125446940024 
0.114759544631 0.50586268845 0.3372417923 0.1389336321 
0.122131045191 0.521190439081 0.347460292721 0.153311733242 
0.133337876669 0.536832722442 0.357888481628 0.168576599137 
0.155925895272 0.525874201119 0.350582800746 0.165377902891 
0.18569168034 0.512103226489 0.341402150993 0.160843418399 
0.212639188587 0.513251133148 0.342167422099 0.167141906429 
0.229004062951 0.529149953585 0.352766635723 0.180917328251 
0.349331032804 0.726337940673 0.484225293782 0.086031283406 
0.431150594666 0.794587828466 0.529725218977 0.0790526473019 
0.529634112963 0.857546764461 0.571697842974 0.0824294131962 
0.583882635424 0.899915474081 0.599943649387 0.0899250397988 
0.610779485601 0.92718106713 0.61812071142 0.100007103867 
0.609374984734 0.935489127236 0.623659418157 0.109612924298 
0.606352198038 0.951782542432 0.634521694955 0.121631489764 
0.604747705081 0.966278094438 0.644185396292 0.132532541452 
0.636876517731 0.989776371735 0.65985091449 0.148903648433 
0.631831210015 1.02046441315 0.680309608765 0.168937688038 
0.625605194141 1.04308093272 0.695387288482 0.189610453516 
0.578313980828 1.08367857123 0.722452380823 0.211918589997 
0.567949538064 1.12508363002 0.750055753348 0.237176162553 
0.508906732308 1.16501919102 0.776679460677 0.247824189485 
0.458979896604 1.2109791373 0.807319424869 0.249166942573 
0.400253628089 1.25713692539 0.838091283594 0.242739430036 
0.332467136562 1.29918956477 0.866126376515 0.22172856827 
0.147303732045 1.3765660707 0.917710713803 0.152173302754 
-2.02555750242e-17 1.43286266049 0.955241773657 0.0916833039627 
3.40786202326e-22 1.47701979074 0.984679860491 0.055167933987 
-1.8849343785e-22 1.51549559951 1.01033039967 0.0220581832051 
-9.26336906644e-22 1.54614768096 1.03076512064 -0.00407977229201 
-2.90498853238e-23 1.5704440521 1.0469627014 -0.0239736495527 
0.00486482762574 1.59158803798 1.06105869199 -0.0412993497043 
0.733533282983 1.56050905252 1.04033936835 0.126972216726 
0.758325767953 1.57269332097 1.04846221398 0.10727426605 
0.77980767255 1.57819567135 1.05213044756 0.0902036012238 
0.796066280284 1.58310375439 1.05540250293 0.0770923999854 
0.807955348294 1.58740405369 1.05826936913 0.0661794164089 
0.81609279763 1.58972614991 1.05981743327 0.0570250396573 
0.821502897832 1.59082684383 1.06055122922 0.0497932307725 
0.821972093231 1.59361858361 1.06241238907 0.0496933185185 
0.826737478719 1.59249010907 1.06166007271 0.0441869280247 
0.826845647814 1.5934597425 1.062306495 0.0441096613941 
0.826880807708 1.59388329867 1.06258886578 0.0440330298589 
0.826880807708 1.59388329867 1.06258886578 0.0440330298589 
0.82670241467 1.59306626715 1.0620441781 0.044039205753 
0.82670241467 1.59306626715 1.0620441781 0.044039205753 
0.82670241467 1.59306626715 1.0620441781 0.044039205753 
0.82085098522 1.59422148585 1.0628143239 0.0469351138226 
0.820580220033 1.59286544758 1.06191029839 0.0470068500186 
0.80789648965 1.5918583416 1.0612388944 0.0568339497428 
0.793221014589 1.5870415694 1.05802771293 0.0702591237229 
0.773620479024 1.57753270424 1.05168846949 0.0903549568001 
0.751729469059 1.54835217788 1.03223478525 0.141628543788 
0.686537790711 1.51095985438 1.00730656959 0.163613715861 
0.459411981116 1.47896940662 0.985979604416 0.115230552526 
9.61812185384e-17 1.43191524381 0.954610162538 0.061773609867 
0.213687569102 1.35053246651 0.900354977674 0.144672622955 
0.411575502485 1.24484701301 0.829898008671 0.206665228487 
0.543393881896 1.13505513517 0.756703423444 0.224380899385 
0.635068521573 1.03468982914 0.689793219424 0.208018561267 
0.709382831833 0.934999927635 0.62333328509 0.171072505439 
0.732737009077 0.85015470543 0.56676980362 0.144918197914 
0.748281954076 0.811228300789 0.540818867193 0.111431569679 
0.74945899046 0.804751922755 0.536501281837 0.0876687168119 
0.688532769265 0.798046556205 0.53203103747 0.0731584634158 
0.552081607032 0.726322111793 0.484214741195 0.0677053194506 
0.404730487938 0.627110720492 0.418073813662 0.0816428357549 
0.300511089446 0.492654667067 0.328436444712 0.124185637056 
0.246466424966 0.422762008844 0.281841339229 0.169908641626 
0.224571114396 0.416056106891 0.277370737928 0.16221100609 
0.204549635962 0.39629761601 0.264198410673 0.144560587112 
0.188377508065 0.386780884713 0.257853923142 0.131701732863 
0.177471050047 0.388436732535 0.25895782169 0.131389869013 
0.162827906206 0.391551622973 0.261034415315 0.131364813616 
0.129355720155 0.15610957239 0.10407304826 -0.171637533997 
0.12566360859 0.185757896079 0.123838597386 -0.195967558276 
0.122258277025 0.205066773157 0.136711182104 -0.209057146334 
0.116048814572 0.14484159216 0.0965610614401 -0.143228240606 
0.113047763345 0.161953717266 0.107969144844 -0.148997965502 
0.110114369307 0.195195695374 0.130130463583 -0.170471422236 
0.10875321311 0.175617764216 0.117078509478 -0.151809283119 
0.106697153895 0.180184260553 0.120122840369 -0.146606143947 
0.103363785663 0.180824423462 0.120549615642 -0.14738965134 
0.108562427621 0.202379097849 0.134919398566 -0.165004550186 
0.116113875205 0.218180912891 0.145453941928 -0.186424403343 
0.133186597537 0.238652218922 0.159101479281 -0.238156147036 
0.160469928769 0.227697251558 0.151798167705 -0.288268851762 
0.193332107549 0.215066764035 0.14337784269 -0.386151348133 
0.230595295005 0.187134288223 0.124756192148 -0.481207119983 
0.262226901526 0.15249808279 0.101665388527 -0.523598775598 
0.278473904524 0.129953005396 0.0866353369308 -0.523598775598 
0.30621176139 0.0946277925241 0.063085195016 -0.523598775598 
0.325126006708 0.068692551934 0.0457950346227 -0.523598775598 
0.328141478337 0.0584690777782 0.0389793851854 -0.523598775598 
0.340839575917 0.040297510704 0.026865007136 -0.523598775598 
0.355031872268 0.0183058063971 0.0122038709314 -0.523598775598 
0.37587428546 8.62760196654e-19 5.75173464436e-19 -0.516968826804 
0.375295694622 -2.52573106695e-22 -1.6838207113e-22 -0.474585191746 
0.379230704473 4.39249716418e-21 2.92833144279e-21 -0.4044643723 
0.379230704473 4.39249716418e-21 2.92833144279e-21 -0.4044643723 
0.544523009875 2.15815797943e-05 1.43877198629e-05 0.523598775598 
0.54801370537 0.0532807381464 0.0355204920976 0.523598775598 
0.550349475104 0.110867168255 0.0739114455035 0.523598775598 
0.543711694744 0.191304773984 0.127536515989 0.523598775598 
0.519463696831 0.340306053682 0.226870702455 0.516247811501 
0.777481113995 0.844140618679 0.562760412453 0.214553344406 
0.760217396309 0.902623293834 0.601748862556 0.246359420794 
0.735062402138 0.96065374186 0.640435827907 0.270036029641 
0.729150639269 1.0052742157 0.670182810468 0.297103647087 
0.637485633893 1.06894544184 0.712630294561 0.298992293754 
0.587351442339 1.12845324485 0.752302163236 0.299104428422 
0.527214445194 1.18470450763 0.789803005087 0.280709119471 
0.448697192137 1.24234565992 0.828230439947 0.245222967657 
0.363147528209 1.2933207695 0.862213846333 0.199876229468 
0.275985291369 1.3357051321 0.890470088066 0.150331249182 
0.15812470603 1.38113090498 0.920753936653 0.0936080078028 
0.00384388800492 1.41599119573 0.943994130487 0.038586752476 
-3.23072782469e-19 1.44267154724 0.961781031492 0.010594023962 
-1.74245926833e-21 1.46870577295 0.979137181969 -0.0152755356819 
-6.52229880919e-22 1.49058197395 0.99372131597 -0.0340712195134 
-6.80755230241e-22 1.50629128838 1.00419419225 -0.0488170274449 
4.05955179459e-22 1.51653945292 1.01102630194 -0.0611012788407 
-8.15476243834e-22 1.52669940846 1.01779960564 -0.0679626284318 
3.60774578445e-22 1.5327300608 1.02182004053 -0.0685315879464 
5.99876362511e-22 1.53710466768 1.02473644512 -0.0766147083056 
-3.05989801515e-22 1.54169177468 1.02779451645 -0.0769932034029 
-2.99699721073e-23 1.54488516107 1.02992344071 -0.0774444832023 
3.66782860548e-22 1.54643803599 1.03095869066 -0.0834938140416 
1.05782098415e-23 1.54859502726 1.03239668484 -0.0836788664764 
-5.0943343436e-23 1.54818736257 1.03212490838 -0.083772256252 
2.65556630324e-22 1.54763540188 1.03175693459 -0.083943862407 
2.65556630324e-22 1.54763540188 1.03175693459 -0.083943862407 
2.65556630324e-22 1.54763540188 1.03175693459 -0.083943862407 
1.43308390717e-22 1.54818234824 1.03212156549 -0.08415673683 
1.43308390717e-22 1.54818234824 1.03212156549 -0.08415673683 
2.81854680778e-22 1.54730010437 1.03153340291 -0.0842442414777 
2.81854680778e-22 1.54730010437 1.03153340291 -0.0842442414777 
3.52345978611e-22 1.54864737949 1.03243158633 -0.0844139407694 
3.52345978611e-22 1.54864737949 1.03243158633 -0.0844139407694 
3.52345978611e-22 1.54864737949 1.03243158633 -0.0844139407694 
6.20908258152e-22 1.54917506421 1.03278337614 -0.0845420014608 
1.12579921017e-22 1.54825916498 1.03217277665 -0.0846594552251 
3.48249444616e-23 1.54543791101 1.03029194067 -0.0847363519086 
4.55523834002e-22 1.54714403497 1.03142935665 -0.0850351716818 
-4.6969000679e-23 1.54918859974 1.03279239983 -0.085315249741 
5.03519694407e-22 1.54813255801 1.032088372 -0.0854668401361 
5.03519694407e-22 1.54813255801 1.032088372 -0.0854668401361 
2.94255898143e-22 1.54870798394 1.0324719893 -0.0859218210192 
2.94255898143e-22 1.54870798394 1.0324719893 -0.0859218210192 
5.1743329376e-23 1.54785877586 1.03190585057 -0.0863443936238 
4.22766145874e-22 1.54940200674 1.03293467116 -0.0867647912272 
2.48050085592e-22 1.54789066567 1.03192711045 -0.0870806751162 
1.03136472262e-22 1.54508829048 1.03005886032 -0.0929426044466 
-3.70476117836e-22 1.54640856765 1.0309390451 -0.0929604220187 
2.32021561129e-22 1.54473997463 1.02982664976 -0.0928917802334 
-4.15167244675e-23 1.54664719201 1.03109812801 -0.0929619000332 
1.17534599291e-22 1.54585105607 1.03056737071 -0.0929211361916 
1.17534599291e-22 1.54585105607 1.03056737071 -0.0929211361916 
6.22373266478e-22 1.54203900941 1.02802600628 -0.0925145259886 
8.04128402562e-23 1.5241159194 1.0160772796 -0.0838032880779 
1.18037163456e-21 1.48033043603 0.986886957354 -0.0742368382916 
3.27724555959e-21 1.41629594675 0.944197297833 -0.0571671167138 
0.100650027955 1.32967636341 0.886450908943 -0.0144623205752 
0.405911192636 1.22230259918 0.814868399457 0.0467069332213 
0.556983535749 1.10657321367 0.737715475782 0.0726399037005 
0.676455115932 0.982884707705 0.655256471804 0.0797099732421 
0.769739228186 0.844319774846 0.562879849897 0.0785342574211 
0.83033512831 0.701539917408 0.467693278272 0.0712798758574 
0.830325990144 0.449485691889 0.299657127926 0.0695103802791 
0.853307038645 0.209992694335 0.139995129557 0.079238432983 
0.909271823589 0.188068294159 0.125378862773 0.0641515588854 
0.931617067957 0.0151218533942 0.0100812355961 0.0654987345538 
0.948343878871 0.0110721260314 0.0073814173543 0.0646908190829 
0.96703798273 0.00551708651464 0.00367805767642 0.056837070762 
0.976490222903 0.00224405898868 0.00149603932578 0.0529276069118 
0.976490222903 0.00224405898868 0.00149603932578 0.0529276069118 
0.976490222903 0.00224405898868 0.00149603932578 0.0529276069118 
0.970439245115 0.0023969286028 0.00159795240186 0.0478892259903 
0.963742128881 0.00306327628344 0.00204218418896 0.047151137691 
0.958576738926 0.00388296976833 0.00258864651222 0.0500592890061 
0.955447011281 0.00486183212619 0.00324122141746 0.0555899691244 
0.960212259392 0.00263786540179 0.00175857693453 0.0505614965184 
0.962419259964 0.00179766504912 0.00119844336608 0.054887652615 
0.968352290505 0.0 0.0 0.0614780200563 
0.982998791131 3.915663787e-22 2.61044252467e-22 0.0696351288562 
1.02738349953 1.12386450656e-22 7.49243004371e-23 0.0735645246417 
1.07952959443 -3.664569272e-24 -2.44304618133e-24 0.0651978165265 
1.13049592077 -7.79298623425e-22 -5.19532415617e-22 0.0602455733796 
1.18742654146 2.16013972953e-22 1.44009315302e-22 0.0468828644572 
1.23179590938 -6.0796640808e-22 -4.0531093872e-22 0.0370360708309 
1.25000048961 1.05022480263e-21 7.00149868423e-22 0.0331837887398 
1.25770205342 9.62027105109e-22 6.41351403406e-22 0.0288482072519 
1.25908686663 -9.05332506933e-22 -6.03555004622e-22 0.021178612785 
1.26531124229 4.449063522e-22 2.966042348e-22 0.0196619681942 
1.2652648529 4.75305018341e-22 3.16870012227e-22 0.0210000226167 
1.27415959474 -5.79716537009e-22 -3.86477691339e-22 0.0192724951268 
1.26993640322 8.60894579927e-22 5.73929719951e-22 0.0210625519312 
1.26993640322 8.60894579927e-22 5.73929719951e-22 0.0210625519312 
1.27113029433 1.50475550714e-22 1.0031703381e-22 0.0189545029034 
1.27164480541 -3.06769917113e-23 -2.04513278075e-23 0.0230953575992 
1.28384500695 4.86731103482e-22 3.24487402321e-22 0.0222100193939 
1.28884343212 -3.13772966597e-22 -2.09181977731e-22 0.0166373060089 
1.28366191232 -1.45518034408e-22 -9.70120229385e-23 0.0214337981151 
1.28369552516 -6.37431904479e-22 -4.24954602986e-22 0.0205344342238 
1.28452299457 1.29940494109e-21 8.66269960729e-22 0.0195242854214 
1.27890573137 -5.69159699025e-22 -3.7943979935e-22 0.0219120289197 
1.27756490396 -1.2299913511e-22 -8.19994234063e-23 0.0239273382189 
1.2829921498 -8.01705966121e-22 -5.34470644081e-22 0.0225545385829 
1.27342087291 1.19671448654e-21 7.97809657695e-22 0.0275192062546 
1.26855744862 -8.62638025181e-22 -5.75092016787e-22 0.0289603731157 
1.27014713131 -4.45115437771e-22 -2.9674362518e-22 0.0262922330289 
1.27008366886 2.61193336524e-22 1.74128891016e-22 0.0249125850047 
1.27087694065 7.47510892818e-22 4.98340595212e-22 0.0270280146827 
1.26700779999 4.67007198309e-22 3.11338132206e-22 0.0307905291545 
1.26516514423 -1.45829783699e-22 -9.72198557994e-23 0.0333039670899 
1.25187687386 -5.44459523424e-22 -3.62973015616e-22 0.0364814622114 
1.25599022835 -4.27618189807e-22 -2.85078793204e-22 0.033923183786 
1.23970345417 5.48307140252e-23 3.65538093501e-23 0.0399380420792 
1.2258453059 5.33150082221e-22 3.55433388147e-22 0.0449400262147 
1.21731901249 2.36606742926e-22 1.57737828618e-22 0.0502977969312 
1.20141971504 -2.52536975919e-22 -1.68357983946e-22 0.0558001131017 
1.15588306802 5.16824702876e-19 3.44549801917e-19 0.0738522640736 
1.09338497765 6.00017315634e-19 4.00011543756e-19 0.0973528294837 
1.00498627262 0.0131291850135 0.00875279000897 0.140234422408 
0.901357492908 0.0463987155806 0.0309324770537 0.196731309568 
0.868245199758 0.531739990851 0.354493327234 0.150782185936 
0.843989126698 0.700203733354 0.466802488902 0.154160347095 
0.79567612885 0.783355511289 0.522237007526 0.163995235915 
0.774869129464 0.843756316795 0.562504211197 0.168713854453 
0.763982154122 0.880416156504 0.586944104336 0.167259450736 
0.749843949992 0.922834907795 0.615223271864 0.170957883208 
0.739896245208 0.945652768001 0.630435178667 0.169008792747 
0.725882438876 0.966117357446 0.644078238298 0.171347781478 
0.722822485629 0.975078361599 0.650052241066 0.17439528017 
0.711332796987 0.988151628535 0.658767752356 0.168802014998 
0.708709213178 0.995016061731 0.663344041154 0.171374274392 
0.678370052193 0.999362409839 0.666241606559 0.166182047331 
0.677314138431 1.00637454919 0.670916366125 0.167884749627 
0.676120391633 1.01289024326 0.675260162171 0.168784073944 
0.674850815779 1.01894787475 0.679298583164 0.170127245204 
0.673231020251 1.01966894748 0.679779298319 0.163824648345 
0.671700361044 1.02691983409 0.684613222729 0.166453343663 
0.669655636322 1.03073255279 0.687155035192 0.164094451947 
0.669655636322 1.03073255279 0.687155035192 0.164094451947 
0.668143378113 1.03435608706 0.689570724705 0.163549480162 
0.668143378113 1.03435608706 0.689570724705 0.163549480162 
0.668143378113 1.03435608706 0.689570724705 0.163549480162 
0.666770715359 1.03652187931 0.691014586205 0.164041764441 
0.665116937177 1.04127949359 0.694186329062 0.164941767916 
0.663933687355 1.03877236863 0.692514912421 0.162229987738 
0.663604459404 1.03265449687 0.688436331248 0.157255661203 
0.662279618635 1.03552834908 0.690352232719 0.157837070282 
0.663530041302 1.01996453486 0.679976356572 0.153394576538 
0.669077250253 0.995850370049 0.6639002467 0.153974432955 
0.679048384252 0.972087985195 0.648058656797 0.158695751679 
0.739380204446 0.921501271178 0.614334180785 0.151562672713 
0.757631136506 0.862698522994 0.575132348663 0.153564677842 
0.800905896744 0.761804758894 0.507869839263 0.149587389263 
0.885271378712 0.612030152021 0.408020101347 0.134545649297 
0.883206592506 0.263821161744 0.175880774496 0.150775211659 
0.949334870858 0.0183615813892 0.0122410542595 0.147098894657 
1.02259731572 -6.28536895743e-20 -4.19024597162e-20 0.104817459756 
1.09306848995 -5.42923111283e-23 -3.61948740855e-23 0.0765254967572 
1.13253751638 2.76372560607e-22 1.84248373738e-22 0.0643849013317 
1.17960692253 -1.76894134935e-23 -1.1792942329e-23 0.0447673216756 
1.20254560379 5.25450927681e-22 3.50300618454e-22 0.0326945201646 
1.21201351662 3.2342232658e-22 2.15614884387e-22 0.0284575120731 
1.22337140312 3.92410476724e-22 2.61606984483e-22 0.0258643070665 
1.22337140312 3.92410476724e-22 2.61606984483e-22 0.0258643070665 
1.23238456401 6.24464759277e-22 4.16309839518e-22 0.0248130919517 
1.22429223062 -8.43583020514e-22 -5.62388680342e-22 0.0291344014558 
1.23493667292 5.26854965734e-22 3.51236643823e-22 0.0281052978519 
1.23691678344 6.09968740634e-23 4.06645827089e-23 0.0299473472102 
1.23603049664 2.22089522363e-22 1.48059681575e-22 0.0326250699885 
1.22874494084 1.05870351273e-22 7.05802341822e-23 0.0309512623464 
1.23332728604 3.55318067487e-22 2.36878711658e-22 0.0286439189166 
1.22818134288 2.47324191922e-22 1.64882794614e-22 0.0291053085343 
1.21963500048 3.70937551686e-22 2.47291701124e-22 0.0342235325424 
1.21330778417 1.11954597723e-21 7.46363984823e-22 0.0360959299145 
1.21330778417 1.11954597723e-21 7.46363984823e-22 0.0360959299145 
1.21848764553 8.71934080445e-22 5.81289386963e-22 0.0303529532789 
1.20999971272 -1.66849926023e-22 -1.11233284015e-22 0.0284111100313 
1.16251601072 4.97068411541e-19 3.31378941028e-19 0.0362491434173 
1.11554710055 2.24856336043e-18 1.49904224028e-18 0.0445023823544 
1.06799506523 1.01558576314e-18 6.77057175426e-19 0.054895287942 
1.01508500145 0.0045388782404 0.00302591882693 0.0688667688673 
0.973648029987 0.0121861441398 0.00812409609318 0.082686869948 
0.937128636061 0.0200168166639 0.0133445444426 0.0957022011269 
0.91361791213 0.0250552810581 0.0167035207054 0.100093486628 
0.897483204093 0.0292639623404 0.0195093082269 0.104569270162 
0.889613745734 0.0300836382434 0.0200557588289 0.100776697899 
0.889613745734 0.0300836382434 0.0200557588289 0.100776697899 
0.879973123027 0.0332237223041 0.0221491482027 0.103565868521 
0.893095914023 0.0282518224485 0.018834548299 0.0933312907338 
0.893095914023 0.0282518224485 0.018834548299 0.0933312907338 
0.893095914023 0.0282518224485 0.018834548299 0.0933312907338 
0.893095914023 0.0282518224485 0.018834548299 0.0933312907338 
0.893095914023 0.0282518224485 0.018834548299 0.0933312907338 
0.895473460619 0.0257010175379 0.017134011692 0.0848666846534 
0.895473460619 0.0257010175379 0.017134011692 0.0848666846534 
0.895473460619 0.0257010175379 0.017134011692 0.0848666846534 
0.891040152903 0.0279031911425 0.0186021274283 0.0901607105386 
0.880769437097 0.0330257971903 0.0220171981269 0.102980452058 
0.880769437097 0.0330257971903 0.0220171981269 0.102980452058 
0.880769437097 0.0330257971903 0.0220171981269 0.102980452058 
0.880769437097 0.0330257971903 0.0220171981269 0.102980452058 
0.866464067503 0.0378226650226 0.0252151100151 0.105951242659 
0.841305546816 0.0483479578272 0.0322319718848 0.118981621542 
0.831117069531 0.303972263706 0.202648175804 0.089124482189 
0.755852696203 0.336055034215 0.224036689477 0.0969113864059 
0.806432221382 0.620651264212 0.413767509474 0.0700793066318 
0.752123819231 0.675320461775 0.450213641183 0.0650337609032 
0.698643697476 0.738915129302 0.492610086201 0.0618956785182 
0.662198113419 0.789670767177 0.526447178118 0.0583565960618 
0.549407749378 0.762839347973 0.508559565315 0.0565921264586 
0.45366859117 0.761028674549 0.507352449699 0.0574804247875 
0.378222401705 0.746580226433 0.497720150955 0.0604509028955 
0.316764868004 0.72191779207 0.481278528047 0.0617280073854 
0.271575336649 0.688601554491 0.459067702994 0.062849629641 
0.256655639396 0.697770285679 0.465180190453 0.0617840812503 
0.231782011812 0.683846178766 0.45589745251 0.0649244842682 
0.222030339575 0.689892245962 0.459928163975 0.0648487785007 
0.213450176093 0.695348146046 0.463565430697 0.0652251820604 
0.207631260468 0.695242962934 0.463495308623 0.0613194220882 
0.19865227801 0.701588632696 0.46772575513 0.0630123484612 
0.190824280258 0.685094983886 0.456729989257 0.0657348916799 
0.192021765779 0.681745278713 0.454496852475 0.0622439974163 
0.192021765779 0.681745278713 0.454496852475 0.0622439974163 
0.183707666522 0.653324281906 0.435549521271 0.0650535503496 
0.185321958103 0.652820904602 0.435213936401 0.0654287409433 
0.185321958103 0.652820904602 0.435213936401 0.0654287409433 
0.187129161635 0.652026731696 0.434684487797 0.0637544695343 
0.197812296266 0.679997445371 0.453331630247 0.0557665051635 
0.202415372472 0.677865400427 0.451910266951 0.0561441870124 
0.21483799852 0.699957786194 0.466638524129 0.0531295286361 
0.227627275331 0.726592304608 0.484394869739 0.0482033681667 
0.249953986317 0.768474232979 0.512316155319 0.0453439859403 
0.269988089041 0.783219787112 0.522146524741 0.0437680418336 
0.297875118703 0.807536032857 0.538357355238 0.044353106475 
0.338107149504 0.843717407237 0.562478271491 0.0424541756438 
0.3938684167 0.875900766806 0.583933844538 0.0448588119176 
0.463611103114 0.903633912845 0.602422608564 0.0478905427263 
0.547534305842 0.94197494884 0.627983299227 0.0566343746335 
0.591152168555 0.962156667935 0.641437778624 0.0675648925005 
0.620602091798 0.96173718646 0.641158124307 0.0753806660956 
0.618689230971 0.97135278153 0.64756852102 0.0862407755687 
0.619336280276 0.980098761246 0.653399174164 0.101800149037 
0.617168638723 0.99577924753 0.663852831686 0.112504057877 
0.614465325092 1.01575212685 0.677168084565 0.125539289857 
0.613449364005 1.03157474626 0.68771649751 0.141091269288 
0.610356156413 1.05484939517 0.703232930112 0.152406693433 
0.601200021575 1.08221793618 0.721478624122 0.172561568226 
0.553739787383 1.11206401551 0.741376010339 0.180666997212 
0.551878333919 1.1385238103 0.759015873536 0.189008865352 
0.493502224932 1.17365733566 0.782438223772 0.186099321716 
0.447295056795 1.21433341592 0.809555610615 0.181290147607 
0.396657476579 1.25140249589 0.834268330594 0.170018370919 
0.345297237605 1.2827047185 0.855136479 0.148087825822 
0.243833359765 1.33389959285 0.889266395236 0.115204236974 
0.111019749437 1.37722813201 0.918152088008 0.0742402293576 
-2.41005529799e-19 1.41672784924 0.944485232824 0.0338363813896 
-1.13031548071e-21 1.45647029077 0.970980193843 0.00344816187244 
5.42042149474e-22 1.4923432794 0.994895519602 -0.0174170227344 
-1.32676191547e-21 1.52229119992 1.01486079995 -0.0346638599896 
-1.03898398992e-21 1.54881386579 1.03254257719 -0.0489863395872 
7.90539535069e-23 1.57031220984 1.04687480656 -0.0593035261956 
0.767585542628 1.53808497904 1.02538998602 0.127034186535 
0.784119573991 1.54650735576 1.03100490384 0.113184457294 
0.795523094315 1.55506129565 1.03670753044 0.102851730261 
0.803540131995 1.5628334524 1.04188896827 0.0930366597586 
0.809700370053 1.56743872086 1.04495914724 0.0841765601827 
0.814313741794 1.57006455803 1.04670970535 0.0761218170333 
0.814701745223 1.57247975816 1.04831983877 0.0760355536313 
0.82127317564 1.57365381088 1.04910254059 0.0674254435219 
0.821500167171 1.57518412175 1.05012274783 0.0673275351422 
0.824181692734 1.5759769815 1.050651321 0.0600660591343 
0.824181692734 1.5759769815 1.050651321 0.0600660591343 
0.824287860175 1.57640712625 1.05093808416 0.0599228057715 
0.827295641806 1.57629050562 1.05086033708 0.0551595706164 
0.82733701973 1.57646023556 1.05097349037 0.0550921728674 
0.827456773983 1.57708267016 1.05138844677 0.0550358087222 
0.827625676038 1.57823786878 1.05215857919 0.0549928269607 
0.82749231941 1.57719154124 1.0514610275 0.0549461936219 
0.827310350377 1.57590373609 1.05060249073 0.0549061162508 
0.827101533258 1.57503264881 1.05002176587 0.0549176700182 
0.819173361337 1.5748730596 1.04991537307 0.0582024991674 
0.809434876519 1.5715108483 1.04767389887 0.0643388593051 
0.794209489557 1.5657460891 1.04383072607 0.0768939575684 
0.775477753855 1.55276355406 1.03517570271 0.0959468221158 
0.754309394417 1.53757988099 1.025053254 0.119376277099 
0.72737896193 1.51390281362 1.00926854242 0.146406520883 
0.655519071942 1.48503518313 0.990023455417 0.152382464819 
-1.14745157138e-13 1.47576745894 0.983844972624 -0.00104398347246 
-1.99994137575e-22 1.42607778314 0.950718522094 0.038150033663 
0.182100466518 1.36943830798 0.912958871984 0.10661829969 
0.334971630389 1.30181960365 0.867879735769 0.167402209758 
0.453567144964 1.22761158747 0.818407724978 0.214357930203 
0.548815679502 1.14772591795 0.765150611966 0.235920310696 
0.623210456467 1.07072955992 0.713819706616 0.239732934751 
0.687853744782 0.994453666617 0.662969111078 0.22789276963 
0.7145736569 0.904835336592 0.603223557728 0.212738536802 
0.753539464031 0.828943793876 0.552629195917 0.199027076733 
0.794295275855 0.756030565472 0.504020376981 0.175346028199 
0.837886396942 0.683310364052 0.455540242701 0.149347196159 
0.863700238072 0.638729488045 0.425819658697 0.134324807805 
0.88557748311 0.593888105739 0.395925403826 0.116793081734 
0.885805078563 0.58671845484 0.39114563656 0.104936783946 
0.842692191644 0.483677026603 0.322451351069 0.106333740781 
0.841070296945 0.483210560081 0.322140373387 0.0975284055054 
0.813407831187 0.50247351787 0.334982345247 0.0982758910202 
0.780033761139 0.533452190304 0.355634793536 0.098194761165 
0.821869617234 0.650865957857 0.433910638571 0.0866082469664 
0.781089036299 0.698767024945 0.465844683297 0.0881231371211 
0.755903010012 0.735952034822 0.490634689881 0.0832319996049 
0.729260210222 0.781241957961 0.520827971974 0.0840895909964 
0.706504421431 0.821086448907 0.547390965938 0.0762237371402 
0.646946543751 0.844501115932 0.563000743955 0.07181463824 
0.558692944638 0.84177798479 0.561185323194 0.0675403006991 
0.457977752854 0.803628854472 0.535752569648 0.0652201975591 
0.391351945744 0.780726234863 0.520484156576 0.0655162791732 
0.340051298515 0.762940197452 0.508626798302 0.0632238771325 
0.302701832968 0.737390653044 0.491593768696 0.0630062173789 
0.279090086533 0.718769793103 0.479179862068 0.0605465333337 
0.262455338103 0.73325599164 0.48883732776 0.0624897770447 
0.261913755919 0.73209510329 0.488063402194 0.059040657115 
0.250890885181 0.71839554366 0.47893036244 0.0611567170014 
0.253100071601 0.714517606621 0.476345071081 0.0577806688518 
0.243115692878 0.722744624867 0.481829749911 0.058253447498 
0.247325355571 0.717908945226 0.478605963484 0.0549901930041 
0.237429105949 0.694772457863 0.463181638575 0.0550477400728 
0.237429105949 0.694772457863 0.463181638575 0.0550477400728 
0.237543957834 0.692951049973 0.461967366649 0.0525823983828 
0.237543957834 0.692951049973 0.461967366649 0.0525823983828 
0.235022525709 0.695227248166 0.46348483211 0.0541370800154 
0.224728740541 0.702628985558 0.468419323705 0.0618292040072 
0.223085893334 0.761727759585 0.50781850639 0.0899726571712 
0.231808018888 0.812532707862 0.541688471908 0.114161719221 
0.239186037857 0.87283531316 0.581890208773 0.136539440539 
0.244506733049 0.884335956165 0.58955730411 0.167004980341 
0.252929949039 0.88921694599 0.592811297327 0.193761134443 
0.253055584227 0.905605860633 0.603737240422 0.217034019491 
0.259528272635 0.908621167603 0.605747445069 0.236311562294 
0.265049207273 0.907814116367 0.605209410912 0.251942990208 
0.246100127552 0.892015531909 0.594677021273 0.279944929257 
0.251312088179 0.894022282457 0.596014854971 0.287391922371 
0.252067441498 0.898556815127 0.599037876751 0.292068841011 
0.257844611271 0.892762969313 0.595175312875 0.29627535947 
0.251973367379 0.898166706006 0.598777804004 0.298396992196 
0.25016828056 0.906376701106 0.604251134071 0.303626974233 
0.249556103682 0.903011573508 0.602007715672 0.301581411588 
0.248735385614 0.908285322583 0.605523548389 0.305410552941 
0.248735385614 0.908285322583 0.605523548389 0.305410552941 
0.248512552383 0.904930168928 0.603286779285 0.303916885465 
0.247927025531 0.907458522404 0.604972348269 0.306155535893 
0.255581951737 0.893615156763 0.595743437842 0.307177659129 
0.256024438196 0.890844340766 0.593896227177 0.306590879928 
0.255353624063 0.895126161021 0.596750774014 0.310086996783 
0.250733610753 0.900673058795 0.600448705863 0.311006087969 
0.250488724722 0.902592229741 0.601728153161 0.312271721456 
0.251440209956 0.900197236485 0.60013149099 0.311508863655 
0.258346570997 0.89306037454 0.595373583026 0.312948439579 
0.268526178239 0.885137773117 0.590091848745 0.315192304688 
0.270893617552 0.886718280011 0.591145520007 0.317055465697 
0.284929728654 0.871403633601 0.580935755734 0.313822015385 
0.283397942359 0.874238120774 0.582825413849 0.306936475535 
0.317718811234 0.872170542135 0.58144702809 0.267385030305 
0.312657185034 0.849217048092 0.566144698728 0.233265115834 
0.337147491269 0.842737108819 0.561824739212 0.179652035308 
0.341306524786 0.811380851342 0.540920567562 0.142471467486 
0.327494251722 0.77503253743 0.516688358287 0.115543795065 
0.306188274549 0.719994378427 0.479996252285 0.0967397260508 
0.30452576308 0.711144676838 0.474096451225 0.0773960059999 
0.28366545149 0.678855499643 0.452570333096 0.06992625723 
0.268567005222 0.649853832986 0.433235888657 0.0628879027252 
0.262827725201 0.652437811894 0.434958541263 0.0597937740792 
0.25447512931 0.62105596594 0.414037310627 0.0542942123865 
0.249432299854 0.623821050336 0.415880700224 0.0532662349257 
0.25195176034 0.613827551545 0.409218367697 0.0408552468088 
0.231417373061 0.551137061466 0.367424707644 0.0500925618068 
0.22337177532 0.523619714973 0.349079809982 0.0520400643337 
0.217924465832 0.531930015276 0.354620010184 0.0607976154653 
0.218896377703 0.566330772093 0.377553848062 0.0509343932486 
0.208020048361 0.571544208464 0.381029472309 0.0508707735548 
0.206122785459 0.572420149064 0.38161343271 0.0503964872397 
0.206122785459 0.572420149064 0.38161343271 0.0503964872397 
0.1977464356 0.589003879669 0.392669253113 0.0629689198967 
0.210121791401 0.666651566713 0.444434377809 0.0597925381561 
0.199525307202 0.691527571694 0.461018381129 0.092518543917 
0.212018492722 0.751193380597 0.500795587064 0.119578542232 
0.207804941361 0.7817648599 0.521176573267 0.159706943265 
0.207902752789 0.815214931106 0.543476620738 0.197207769998 
0.212414627822 0.840851291983 0.560567527988 0.226851394483 
0.217259810125 0.86103738207 0.57402492138 0.250166318716 
0.221346354525 0.879930262278 0.586620174852 0.270593924302 
0.231423992352 0.882478751576 0.588319167718 0.284727339785 
0.240548742822 0.882707571564 0.588471714376 0.29585503707 
0.241375506386 0.889744476877 0.593162984585 0.303031962976 
0.251665838346 0.880185203725 0.586790135817 0.308709005997 
0.257774310165 0.87492204463 0.583281363086 0.31419728843 
0.256901499495 0.883746310209 0.589164206806 0.320570979399 
0.256901499495 0.883746310209 0.589164206806 0.320570979399 
0.257173947874 0.880715541762 0.587143694508 0.319228557205 
0.262890066175 0.872785763302 0.581857175535 0.323094406487 
0.264169882568 0.869282310419 0.579521540279 0.322547889597 
0.264822464819 0.871152562986 0.580768375324 0.32490208724 
0.269587954011 0.861804544526 0.574536363017 0.323267858226 
0.269577005741 0.855420780548 0.570280520365 0.318354643063 
0.251671506161 0.872452287465 0.58163485831 0.31710646559 
0.242617947801 0.867958911428 0.578639274285 0.309306391653 
0.23059560188 0.867479039003 0.578319359336 0.298973996399 
0.221792827059 0.852137362468 0.568091574979 0.280201397362 
0.210098636286 0.839079057127 0.559386038084 0.259497212516 
0.193782700179 0.825065739006 0.550043826004 0.231326444359 
0.177368705287 0.814509831264 0.543006554176 0.204142343412 
0.161107991939 0.803017968851 0.535345312567 0.175004764361 
0.152716598976 0.786704875881 0.524469917254 0.14740969644 
0.15109711022 0.763351140965 0.508900760643 0.121281477196 
0.14232476173 0.759012023071 0.50600801538 0.107616288545 
0.134326664885 0.722615388617 0.481743592411 0.100836821471 
0.135454698209 0.707355456128 0.471570304086 0.0859977498951 
0.131085226308 0.702307494793 0.468204996529 0.0782509304623 
0.121441591121 0.678558780728 0.452372520485 0.0839558174498 
0.113711190545 0.681668076918 0.454445384612 0.0820754685988 
0.112774210758 0.67711761679 0.451411744527 0.0729710387282 
0.115223120814 0.67566784506 0.45044523004 0.0723638599582 
0.112774167943 0.678013789329 0.452009192886 0.0724579638434 
0.127203194752 0.705872946243 0.470581964162 0.0642632129301 
0.180888985705 0.70788596499 0.47192397666 0.0615547700747 
0.257772119313 0.729049280774 0.486032853849 0.0552517818146 
0.350525207992 0.752414735884 0.501609823923 0.0516125461779 
0.461621373734 0.760447251384 0.506964834256 0.0473555145543 
0.60221730635 0.758786008785 0.50585733919 0.0482490899597 
0.712685708587 0.749246638743 0.499497759162 0.0529325401006 
0.761327227821 0.682720107237 0.455146738158 0.0621949372262 
0.835270171955 0.600074760555 0.40004984037 0.0778440439601 
0.837830894928 0.28053815949 0.18702543966 0.119020335768 
0.954557711761 -6.12531636945e-19 -4.0835442463e-19 0.152234181899 
1.09361553192 -7.16788740261e-22 -4.77859160174e-22 0.134424057402 
1.19167358386 5.65315272567e-22 3.76876848378e-22 0.114094824849 
1.26452512996 -1.00129317194e-22 -6.6752878129e-23 0.111396332422 
1.32921892041 -1.26750892306e-22 -8.45005948705e-23 0.0989320810501 
1.37370976662 3.68058317494e-22 2.45372211663e-22 0.0871617444071 
1.39646621377 1.17970229649e-21 7.8646819766e-22 0.0843469116217 
1.41005733712 8.67390247685e-22 5.78260165123e-22 0.0802935998072 
1.41008374332 -1.13736213071e-22 -7.58241420472e-23 0.0828630170256 
1.42297548161 1.02265516656e-21 6.81770111042e-22 0.0790519674 
1.43009028132 -1.43242948873e-21 -9.54952992484e-22 0.0768030586952 
1.43579218538 -6.04900797011e-22 -4.03267198007e-22 0.0773362801896 
1.42751674834 -1.83199154698e-23 -1.22132769799e-23 0.0806883410292 
1.41877172965 -5.65035643143e-22 -3.76690428762e-22 0.0824100054588 
1.41462240273 -1.39323656316e-21 -9.28824375442e-22 0.0814443722205 
1.41051946974 1.35208531184e-21 9.01390207895e-22 0.0831895371955 
1.4020637954 -2.09223173199e-21 -1.39482115466e-21 0.0863326561057 
1.39856591765 -4.93446516611e-22 -3.28964344408e-22 0.0838916837212 
1.40170692524 8.68919925496e-22 5.79279950331e-22 0.0864209933462 
1.40170692524 8.68919925496e-22 5.79279950331e-22 0.0864209933462 
1.402030222 -2.05121900997e-22 -1.36747933998e-22 0.0832984587671 
1.40867616095 -6.91025904438e-22 -4.60683936292e-22 0.0794442125786 
1.40589389779 -3.17709318724e-22 -2.11806212482e-22 0.0820871461418 
1.39155051381 -1.48086586609e-22 -9.87243910724e-23 0.0870697058595 
1.39183970055 3.44344608755e-22 2.29563072503e-22 0.089631871314 
1.3998572584 3.56055048821e-22 2.37370032547e-22 0.086990717262 
1.40015013131 6.53038472485e-22 4.35358981657e-22 0.0852612191979 
1.39651579708 1.36729490305e-21 9.11529935366e-22 0.087385374316 
1.3939537255 -6.7301473665e-23 -4.486764911e-23 0.0891018398015 
1.39338912498 9.62873426352e-22 6.41915617568e-22 0.0908133193763 
1.39338912498 9.62873426352e-22 6.41915617568e-22 0.0908133193763 
1.39377753755 3.43521799732e-22 2.29014533155e-22 0.0881018195678 
1.39041178383 -9.27780866538e-22 -6.18520577692e-22 0.0884793115644 
1.39853484466 8.99253177499e-22 5.99502118333e-22 0.0860493325419 
1.39938341812 -1.16399253883e-21 -7.75995025887e-22 0.0846343895715 
1.39938341812 -1.16399253883e-21 -7.75995025887e-22 0.0846343895715 
1.39957441046 -4.25449494924e-22 -2.83632996616e-22 0.0873537614788 
1.39889969444 -7.13217865183e-22 -4.75478576789e-22 0.0901442501483 
1.39781976801 1.10027218353e-21 7.3351478902e-22 0.0885847067533 
1.39545615268 -5.28547628294e-22 -3.5236508553e-22 0.0897055797043 
1.37899209748 1.26255220632e-21 8.41701470879e-22 0.0916785054476 
1.35730823504 9.70509478292e-22 6.47006318861e-22 0.0962793843643 
1.31936822999 3.01061802646e-22 2.00707868431e-22 0.103422231988 
1.24908240064 4.83317250249e-22 3.22211500166e-22 0.1067506961 
1.13496367432 -6.60379963795e-19 -4.40253309197e-19 0.124528404663 
0.990622657625 0.0225475048583 0.0150316699055 0.151316856913 
0.814292536033 0.399727127097 0.266484751398 0.120560326294 
0.739908261526 0.693151611204 0.462101074136 0.0865222402385 
0.565940957886 0.761662221434 0.50777481429 0.0779657957978 
0.363121784942 0.73639310311 0.490928735407 0.0865799458444 
0.233619672698 0.690714566136 0.460476377424 0.103894251211 
0.156763591085 0.661426432574 0.440950955049 0.131182230037 
0.095391820012 0.523410954106 0.348940636071 0.330753858361 
0.0712781293491 0.543187911439 0.362125274293 0.341115736373 
0.0624838292825 0.541959542507 0.361306361672 0.340251567398 
0.0609504225242 0.571247110053 0.380831406702 0.258473060443 
0.0603066291203 0.577030646093 0.384687097395 0.261591132453 
0.055876194144 0.583886948613 0.389257965742 0.266871262877 
0.0586770574563 0.583133297448 0.388755531632 0.26650726447 
0.0596584427014 0.579671397569 0.386447598379 0.26510952306 
0.0615937346871 0.579412286782 0.386274857855 0.265301118746 
0.0596762890909 0.5877468659 0.391831243934 0.27308742488 
0.060944900309 0.539514478434 0.359676318956 0.377229370131 
0.0674155841406 0.532193014693 0.354795343129 0.372743978512 
0.0708432179527 0.532562587786 0.355041725191 0.372982583917 
0.0827659358401 0.508764681687 0.339176454458 0.410150583884 
0.0895719180927 0.504438230602 0.336292153735 0.409033852733 
0.0968292560242 0.496817575407 0.331211716938 0.405819871886 
0.108749869167 0.483942689561 0.322628459707 0.39942063416 
0.111668903288 0.484597569293 0.323065046195 0.400127927279 
0.115489401135 0.468682042693 0.312454695129 0.460139108657 
0.118942467608 0.465239419178 0.310159612785 0.458255736151 
0.115278244386 0.471621963928 0.314414642619 0.465049702045 
0.125381558647 0.449867271397 0.299911514265 0.503036253353 
0.136765399155 0.435519516741 0.290346344494 0.48979472489 
