0.0 0.0 0.0 0.0 
-5.81203928947e-22 0.499697137096 0.333131424731 -0.523598775598 
-5.81203928947e-22 0.499697137096 0.333131424731 -0.523598775598 
-5.81203928947e-22 0.499697137096 0.333131424731 -0.523598775598 
-5.81203928947e-22 0.499697137096 0.333131424731 -0.523598775598 
-5.81203928947e-22 0.499697137096 0.333131424731 -0.523598775598 
-5.81203928947e-22 0.499697137096 0.333131424731 -0.523598775598 
-5.81203928947e-22 0.499697137096 0.333131424731 -0.523598775598 
-5.81203928947e-22 0.499697137096 0.333131424731 -0.523598775598 
5.11022206005e-21 0.54819665957 0.365464439713 -0.522599757282 
1.47949335735e-20 0.581157558357 0.387438372238 -0.51361989222 
1.47949335735e-20 0.581157558357 0.387438372238 -0.51361989222 
1.47949335735e-20 0.581157558357 0.387438372238 -0.51361989222 
-2.92278833569e-19 0.898049654511 0.598699769674 0.0708287445529 
1.21802153266e-18 0.891275999311 0.594183999541 0.0708302796702 
0.0021279574124 0.873935820635 0.582623880424 0.0692331040807 
0.0194581593594 0.895476315416 0.596984210277 0.0602413201748 
0.0312650187487 0.899284159121 0.599522772747 0.0555421210166 
0.0419159980156 0.907681317605 0.605120878403 0.0511092321145 
0.0436539558099 0.900309281824 0.600206187883 0.0499156674153 
0.0458081805096 0.894794384741 0.596529589827 0.0470209040748 
0.037015834302 0.853540519052 0.569027012701 0.0482391986238 
0.0350458099502 0.843001576401 0.562001050934 0.0498186177728 
0.0347111816111 0.855800539818 0.570533693212 0.0503868007857 
0.0317788982197 0.867369025674 0.578246017116 0.0503461993705 
0.0281683285615 0.86787460804 0.578583072027 0.051702650045 
0.0270891421059 0.88072160634 0.58714773756 0.0523678433347 
0.0184304488839 0.864921343403 0.576614228935 0.0565649321421 
0.0112492133497 0.844319139818 0.562879426545 0.0583488333705 
0.0128515183476 0.877071172285 0.584714114857 0.0547284658933 
0.00598701515452 0.868744992331 0.579163328221 0.0572642737676 
3.38174901066e-18 0.836360618438 0.557573745625 0.0600090193052 
3.57787922536e-22 0.846876290519 0.564584193679 0.0552013709149 
7.08715322038e-21 0.842111647084 0.561407764723 0.0571243478895 
-2.37489871004e-21 0.84793051148 0.565287007653 0.0550136932558 
-4.55560952218e-23 0.864761309255 0.576507539503 0.0541548816658 
5.57824905168e-21 0.875472358071 0.583648238714 0.0519235268714 
2.99541376904e-21 0.874295560697 0.582863707131 0.0510178250289 
2.94333493446e-18 0.843914951229 0.562609967486 0.0497308040329 
2.94333493446e-18 0.843914951229 0.562609967486 0.0497308040329 
-5.50900134709e-21 0.849017822178 0.566011881452 0.0503567781623 
-2.14819698701e-21 0.853975030306 0.56931668687 0.0512467805796 
-2.77289404906e-21 0.857263462497 0.571508974998 0.0532489245525 
3.29632478358e-18 0.83352315015 0.5556821001 0.0620540096736 
0.00283327351058 0.799649060145 0.53309937343 0.0750268379207 
0.035312413794 0.79310766899 0.528738445994 0.0713257327005 
0.0732129793669 0.780378375582 0.520252250388 0.0694165138142 
0.118283980331 0.794405884034 0.529603922689 0.0616775904254 
0.179486685614 0.791371688528 0.527581125685 0.0551841547699 
0.248984972439 0.798038585466 0.532025723644 0.0500145438705 
0.296513860124 0.740804412855 0.49386960857 0.0465266270387 
0.413603813612 0.770345118343 0.513563412228 0.0377408877312 
0.703516177576 0.882583499202 0.588388999468 0.0336339442625 
0.731007847087 0.817501688472 0.545001125648 0.0328567968385 
0.774652483516 0.737701768341 0.491801178894 0.0322380022056 
0.818046737172 0.674922749476 0.449948499651 0.0356352536119 
0.758435255693 0.418900282363 0.279266854909 0.0450205481969 
0.835957538312 0.384467754109 0.256311836073 0.0418620906067 
0.849788159685 0.142765523108 0.0951770154054 0.0563755736705 
0.920796094371 0.125663720391 0.083775813594 0.0533827919958 
1.00447490969 0.102640059564 0.0684267063762 0.0422226747358 
1.06254645175 7.67113919793e-18 5.11409279862e-18 0.0455133354327 
1.15846794184 -1.94768930418e-22 -1.29845953612e-22 0.0370722413291 
1.2490738212 -5.9854917159e-22 -3.9903278106e-22 0.0284993444396 
1.30194086731 -3.18769048653e-22 -2.12512699102e-22 0.0299227418348 
1.35544830768 -1.51936739099e-23 -1.01291159399e-23 0.0266668161646 
1.38183963046 1.13151214866e-21 7.54341432438e-22 0.0297972479697 
1.4252898046 -5.71548155787e-22 -3.81032103858e-22 0.0248288668213 
1.44947472594 4.20923933194e-22 2.80615955463e-22 0.0242685215042 
1.45655554628 6.99825794233e-24 4.66550529489e-24 0.0249472045627 
1.46969209606 9.95382841207e-23 6.63588560805e-23 0.0231648413502 
1.48025890685 9.4780002853e-22 6.31866685686e-22 0.0210869894472 
1.49289766311 5.69376393568e-22 3.79584262379e-22 0.0184387136603 
1.49118930743 7.96011282079e-22 5.30674188052e-22 0.0192329677922 
1.50159132479 -3.81814404162e-22 -2.54542936108e-22 0.0166649275122 
1.48953888599 7.84369761177e-22 5.22913174118e-22 0.0199706714034 
1.49540430841 5.10240048677e-22 3.40160032451e-22 0.0192295671325 
1.48135110797 -3.124042896e-22 -2.082695264e-22 0.0217785018411 
1.47665930119 -8.37767959776e-22 -5.58511973184e-22 0.0227321215197 
1.47755993655 1.90487977163e-23 1.26991984775e-23 0.0217432267344 
1.48033896772 6.63024418636e-23 4.42016279091e-23 0.0206857492901 
1.486157417 -5.48861068873e-22 -3.65907379249e-22 0.0195365842617 
1.49129837065 9.0970317696e-22 6.0646878464e-22 0.0191553585081 
1.48800744634 3.12712756377e-22 2.08475170918e-22 0.0184229457878 
1.48492422123 -7.88259472961e-22 -5.25506315307e-22 0.0185013489066 
1.48101769848 1.1747697723e-21 7.83179848201e-22 0.0193416954456 
1.48683164142 9.65930630246e-22 6.43953753497e-22 0.0179101360976 
1.485928498 3.26222456542e-22 2.17481637695e-22 0.0187693332298 
1.48974977633 2.71228169305e-22 1.80818779537e-22 0.0163815890133 
1.49189296939 1.22304150727e-21 8.15361004847e-22 0.0152331783379 
1.49194976375 -3.88435557305e-22 -2.58957038203e-22 0.0143340827051 
1.48561767051 -2.53039069984e-22 -1.68692713323e-22 0.0151737979205 
1.47488501677 3.71507241443e-22 2.47671494295e-22 0.017501137389 
1.46993667377 -1.36609066141e-23 -9.10727107607e-24 0.0186604053725 
1.46929678433 2.35895604486e-22 1.57263736324e-22 0.0164983780548 
1.4692628464 -2.07686458797e-22 -1.38457639198e-22 0.0151957230116 
1.4615661733 -3.64228896092e-22 -2.42819264061e-22 0.0162144559968 
1.45064361933 -7.29786548974e-22 -4.86524365982e-22 0.0161774954523 
1.44086951237 1.4922322273e-21 9.94821484864e-22 0.0154082298677 
1.42546972461 -3.80793286937e-22 -2.53862191292e-22 0.0155828334072 
1.40658841328 2.24340314898e-22 1.49560209932e-22 0.0146824455584 
1.37087619477 1.05551062956e-22 7.03673753037e-23 0.015612136394 
1.33499943875 1.0121557061e-21 6.74770470732e-22 0.0166002777912 
1.30457781119 3.88085789298e-22 2.58723859532e-22 0.0130182690269 
1.26177577944 5.31705688343e-20 3.54470458895e-20 0.0133909821876 
1.21828910951 -1.27870327823e-18 -8.52468852152e-19 0.013403025976 
1.16905446672 3.97039850268e-18 2.64693233512e-18 0.0118307089376 
1.10056039108 -6.29440891938e-18 -4.19627261292e-18 0.0140397484204 
1.05460830715 0.00743751677139 0.00495834451426 0.00971950072372 
0.997576813881 0.0188552248436 0.0125701498957 0.00708777787434 
0.930176342431 0.0329778035789 0.0219852023859 0.00279751027017 
0.858084272406 0.0483751172827 0.0322500781885 0.00168864761236 
0.794068255792 0.0620779632182 0.0413853088121 -0.00387839007262 
0.704852804463 0.0866092586714 0.057739505781 -0.00630165110401 
0.633882476156 0.221570784125 0.147713856083 -0.00876748038082 
0.518047414934 0.0583303108554 0.0388868739036 -0.0318693297327 
0.42175968736 0.0528826123843 0.0352550749228 -0.0979486519164 
0.339884406209 0.13478243618 0.0898549574531 -0.138760867117 
0.292088367321 0.166607510412 0.111071673608 -0.30948546849 
0.252124429828 0.207676680759 0.138451120506 -0.445977086469 
0.205207293231 0.26382100333 0.175880668887 -0.523598775598 
0.15201862024 0.326398663998 0.217599109332 -0.523598775598 
0.12364743766 0.350893096232 0.233928730821 -0.523598775598 
0.0845246648538 0.39745801152 0.26497200768 -0.523598775598 
0.0724761719674 0.405993096183 0.270662064122 -0.523598775598 
0.0610125503847 0.416771190455 0.277847460303 -0.523598775598 
0.06475805839 0.406079837131 0.270719891421 -0.523598775598 
0.0507670388263 0.424676493951 0.283117662634 -0.523598775598 
0.0387888921599 0.442908807594 0.295272538396 -0.523598775598 
0.0492019872971 0.427449679368 0.284966452912 -0.523598775598 
0.061938796821 0.408369549954 0.272246366636 -0.523598775598 
0.0546698729431 0.422560409191 0.28170693946 -0.523598775598 
0.0560077044672 0.423054025947 0.282036017298 -0.523598775598 
0.0726302698349 0.403116210608 0.268744140405 -0.523598775598 
0.0751132873932 0.403909868902 0.269273245934 -0.523598775598 
0.0655738486188 0.421643174388 0.281095449592 -0.523598775598 
0.0667265195762 0.422931142473 0.281954094982 -0.523598775598 
0.0705683271044 0.419778578184 0.279852385456 -0.523598775598 
0.0682944919803 0.424677180258 0.283118120172 -0.523598775598 
0.07193042668 0.42031599433 0.280210662886 -0.523598775598 
0.0865222021629 0.402984826581 0.268656551054 -0.523598775598 
0.0871219213004 0.407714012491 0.27180934166 -0.523598775598 
0.0945456307557 0.4015760494 0.267717366266 -0.523598775598 
0.107671869944 0.389663237328 0.259775491552 -0.510925987687 
0.125193471316 0.365714729305 0.243809819536 -0.40893965338 
0.14370087575 0.345920049431 0.230613366288 -0.312495937366 
0.194251861004 0.279236017578 0.186157345052 -0.320430548501 
0.223327375296 0.241832158656 0.161221439104 -0.164305074452 
0.272969285031 0.244054507906 0.16270300527 -0.0176634459571 
0.371023785678 0.357215273779 0.238143515853 -0.00415264238584 
0.487701247201 0.367741025084 0.245160683389 -0.00116547315579 
0.760601174856 0.661932141805 0.441288094537 0.00378683683243 
0.83395645349 0.588965220292 0.392643480195 0.00436699195843 
0.801522764609 0.236688608883 0.157792405922 0.00599742772864 
0.893965031806 0.210870771702 0.140580514468 0.00949217245044 
0.937163264599 -5.14897898896e-19 -3.43265265931e-19 0.0155622239559 
1.04074834818 -5.02109564336e-23 -3.34739709558e-23 0.010628825301 
1.12741754557 2.62425880489e-23 1.74950586993e-23 0.0102786336787 
1.19166858075 6.82182823378e-22 4.54788548918e-22 0.0125922928498 
1.25528530524 4.9292753372e-22 3.28618355813e-22 0.0141309827357 
1.30485222898 -8.86966220181e-23 -5.91310813454e-23 0.0151035962363 
1.34485476319 4.98715836337e-22 3.32477224224e-22 0.0157856788567 
1.38118397754 8.54373161351e-22 5.69582107568e-22 0.0153779972128 
1.4129592668 6.03067707398e-23 4.02045138265e-23 0.0142018191524 
1.43528986947 -2.68789040172e-22 -1.79192693448e-22 0.0132241199281 
1.44797580082 1.16943417651e-21 7.79622784337e-22 0.0142887137698 
1.46681212622 1.85999996296e-22 1.23999997531e-22 0.0136952224749 
1.48290549934 -6.98118392123e-23 -4.65412261415e-23 0.0124220381152 
1.47975222749 1.53897542463e-23 1.02598361642e-23 0.0153124125775 
1.47528103513 -8.12027409649e-22 -5.41351606433e-22 0.0173569753054 
1.48986222769 -1.57386711893e-21 -1.04924474595e-21 0.0139117682338 
1.49706973479 0.014071608831 0.009381072554 0.0127920375742 
1.48307422828 5.94944576623e-18 3.96629717749e-18 0.0150924985413 
1.47890109072 5.06320902856e-22 3.37547268571e-22 0.0158224680738 
1.47436315976 2.36465494685e-22 1.57643663123e-22 0.0157437399397 
1.46845200175 -6.8806825602e-22 -4.5871217068e-22 0.0153529181182 
1.46722152805 4.23849086249e-22 2.825660575e-22 0.0132470586906 
1.46705167707 1.31118262866e-21 8.7412175244e-22 0.0118498637055 
1.4692221654 0.0162810250461 0.0108540166974 0.0105980987253 
1.50645020312 0.1598999364 0.1065999576 0.00687743933049 
1.52036260519 0.203907613026 0.135938408684 0.00625091908528 
1.51941149873 0.209815416687 0.139876944458 0.0059455388478 
1.50410285389 0.176123606842 0.117415737895 0.00686618948382 
1.48327003757 0.127133700472 0.0847558003149 0.00820906802418 
1.48977070191 0.152886998347 0.101924665565 0.00796948010678 
1.4802253332 0.126459309667 0.0843062064443 0.00899663044611 
1.48655711761 0.143028974875 0.0953526499166 0.00866966314358 
1.45881113355 0.0523667896412 0.0349111930942 0.0118464761751 
1.45243469506 0.0284029694921 0.0189353129947 0.0127302639922 
1.45033632782 0.0235959051448 0.0157306034299 0.0142794918144 
1.45129461868 0.0315182920034 0.0210121946689 0.0137670887053 
1.43763623986 -8.77621452309e-18 -5.85080968206e-18 0.0152990592155 
1.44829144546 0.0519768195272 0.0346512130181 0.0143049177026 
1.42612193479 -4.96113244471e-18 -3.30742162981e-18 0.0161573996999 
1.42573688175 0.0362189213334 0.0241459475556 0.0165572095115 
1.44413551986 0.138390274262 0.0922601828417 0.0151764768242 
1.43593460864 0.167053704186 0.111369136124 0.0156049384545 
1.43066327246 0.218935295024 0.145956863349 0.0156649884135 
1.40482687166 0.224841840611 0.149894560407 0.0173643545846 
1.3720370213 0.229976294684 0.153317529789 0.019856515256 
1.32681946156 0.223387557902 0.148925038601 0.0248662775923 
1.31734611856 0.280988785132 0.187325856755 0.0271461901601 
1.27700221081 0.262211044245 0.17480736283 0.0306860813318 
1.24548402946 0.275854437326 0.183902958217 0.0312905075031 
1.19371426403 0.254980698462 0.169987132308 0.0350687967642 
1.15775819904 0.284183334147 0.189455556098 0.0362069826419 
1.1462413127 0.363919924042 0.242613282695 0.0327854890733 
0.999423931318 0.14328839029 0.0955255935269 0.0497292857138 
0.941203386037 0.157363408054 0.104908938703 0.054210893088 
0.893094559024 0.169281077086 0.11285405139 0.0564834911318 
0.845041308422 0.181810988216 0.121207325478 0.0622517236326 
0.787287140384 0.197769780827 0.131846520551 0.0725615646631 
0.734615815884 0.21302059055 0.142013727034 0.0800717100996 
0.67152559199 0.233316262148 0.155544174765 0.092876773867 
0.758222917501 0.599628652639 0.399752435093 0.052531134245 
0.706705342994 0.640622155993 0.427081437329 0.0492401695986 
0.447181666574 0.142522692012 0.0950151280081 0.257879248803 
0.388728818102 0.155010881113 0.103340587409 0.363235917945 
0.317205756157 0.218006070823 0.145337380549 0.446072203362 
0.268137814837 0.255414016807 0.170276011205 0.523598775598 
0.228205310122 0.288458300938 0.192305533959 0.523598775598 
0.16914099383 0.364582579562 0.243055053041 0.523598775598 
0.142389981951 0.393245146542 0.262163431028 0.523598775598 
0.135279585031 0.390462673276 0.26030844885 0.523598775598 
0.124563654244 0.4014246069 0.2676164046 0.523598775598 
0.110710079889 0.419677187316 0.279784791544 0.523598775598 
0.0994395236188 0.434479414293 0.289652942862 0.523598775598 
0.0976649650099 0.432987448904 0.288658299269 0.523598775598 
0.0964183376157 0.431825339927 0.287883559952 0.523598775598 
0.0859572661843 0.45188878711 0.301259191407 0.523598775598 
0.0789263249444 0.462321405026 0.308214270018 0.523598775598 
0.0846886352136 0.454190056712 0.302793371141 0.523598775598 
0.0799641528161 0.464756517737 0.309837678491 0.523598775598 
0.105053542942 0.423439563751 0.282293042501 0.523482840928 
0.101365608679 0.433020116795 0.288680077863 0.523598775598 
0.112557433391 0.417691669134 0.278461112756 0.523598775598 
0.114327242986 0.418578322718 0.279052215145 0.523598775598 
0.120842426917 0.412357713852 0.274905142568 0.523598775598 
0.128727334199 0.404720288327 0.269813525552 0.523598775598 
0.131483654024 0.406260521158 0.270840347438 0.523598775598 
0.123025018472 0.430117766688 0.286745177792 0.523598775598 
0.129567667006 0.426605929282 0.284403952854 0.523598775598 
0.152722909729 0.399901146613 0.266600764408 0.523598775598 
0.167492457816 0.387635296634 0.258423531089 0.523598775598 
0.181040826444 0.375613355759 0.250408903839 0.523598775598 
0.17695320312 0.464111052406 0.309407368271 0.300481878481 
0.205749048832 0.538300652084 0.358867101389 0.1870514559 
0.248606563632 0.648359774847 0.432239849898 0.122664963978 
0.276135812722 0.700100745002 0.466733830001 0.105479660896 
0.291098970873 0.715213098181 0.47680873212 0.0979481256167 
0.285646313965 0.685463867869 0.456975911913 0.103445110951 
0.26348449017 0.602046348101 0.401364232067 0.127880019417 
0.282494879548 0.65616860238 0.43744573492 0.11004692885 
0.311403113994 0.717034883073 0.478023255382 0.094835520747 
0.330984423269 0.721016369528 0.480677579685 0.0905900151154 
0.350199430232 0.706773186317 0.471182124212 0.0883345818248 
0.358404266019 0.632173165568 0.421448777045 0.0922107355779 
0.370789671086 0.440090966813 0.293393977876 0.116847329149 
0.456753897507 0.486892853582 0.324595235721 0.0779959636438 
0.555777509493 0.509192589112 0.339461726075 0.0579118886653 
0.681733714013 0.450539026577 0.300359351051 0.0557152021097 
0.787882019712 0.403560014598 0.269040009732 0.054873186485 
0.839147430937 0.170427751798 0.113618501198 0.0681382890528 
0.950722884524 0.139679080106 0.0931193867375 0.0575466408413 
1.06400865281 3.40342261737e-17 2.26894841158e-17 0.054838859785 
1.17534905338 -5.97088121483e-24 -3.98058747656e-24 0.0489622012648 
1.25629778116 -1.33652598906e-21 -8.91017326041e-22 0.0480397717873 
1.3147422901 5.96233155719e-22 3.97488770479e-22 0.0455612599774 
1.38871060479 2.31498894982e-23 1.54332596655e-23 0.0374091453726 
1.42352898815 -1.15674006584e-22 -7.7116004389e-23 0.0387859202942 
1.45701311845 9.31025775029e-22 6.20683850019e-22 0.0359055302979 
1.48178258119 -9.5811493108e-23 -6.38743287387e-23 0.0331409881717 
1.50730915095 8.13305136427e-22 5.42203424284e-22 0.029226542361 
1.5157274478 3.09967308011e-23 2.06644872007e-23 0.0278715534227 
1.52577962525 -5.60987744245e-23 -3.73991829496e-23 0.0262637784888 
1.52316716294 1.22996729161e-21 8.19978194405e-22 0.0272732849146 
1.52257827691 1.24474574871e-21 8.29830499141e-22 0.0274930072505 
1.52514586947 -3.395380476e-22 -2.263586984e-22 0.0255489850241 
1.52043477638 6.89061349252e-22 4.59374232835e-22 0.0260564480796 
1.52726020995 9.7872953554e-22 6.52486357027e-22 0.0234283773581 
1.52707786759 1.27425596031e-21 8.49503973538e-22 0.0220419655455 
1.5195834588 -5.30600320342e-22 -3.53733546895e-22 0.0233651901611 
1.52170766521 5.79808416004e-22 3.86538944003e-22 0.0205441897292 
1.51821156783 -5.65694879148e-22 -3.77129919432e-22 0.020833372493 
1.51106091784 3.29004170906e-22 2.19336113937e-22 0.0217256990052 
1.51615960843 6.9154356518e-23 4.61029043453e-23 0.0195075295872 
1.51618241853 -4.72039811641e-22 -3.14693207761e-22 0.0190027996564 
1.51472200739 -1.23168271988e-22 -8.21121813255e-23 0.0183044335715 
1.52028267582 1.21419699586e-21 8.09464663905e-22 0.0160845176634 
1.51484545858 8.62877734512e-23 5.75251823008e-23 0.0167622865257 
1.50886030363 -9.22716105233e-22 -6.15144070155e-22 0.017188241318 
1.50675528214 2.94660660396e-22 1.96440440264e-22 0.0178108801798 
1.50497873225 -4.14252097725e-22 -2.7616806515e-22 0.0197131296971 
1.50091627721 -4.4116024014e-22 -2.9410682676e-22 0.020292665414 
1.50428498484 6.1092950909e-23 4.07286339394e-23 0.0188096717955 
1.50143115255 6.1827625807e-22 4.12184172047e-22 0.0191228119649 
1.49000908276 3.42257297208e-22 2.28171531472e-22 0.0214482306065 
1.48466824454 9.50860938461e-23 6.33907292307e-23 0.0225195148315 
1.48343688739 8.9648873788e-22 5.97659158587e-22 0.0223383581058 
1.48078217468 7.96254070758e-22 5.30836047172e-22 0.022642798672 
1.4887061645 -6.08245761816e-22 -4.05497174544e-22 0.0190438471813 
1.47874326488 -5.48896174037e-22 -3.65930782691e-22 0.0229359000731 
1.47874326488 -5.48896174037e-22 -3.65930782691e-22 0.0229359000731 
1.4838979211 -1.98534127815e-22 -1.3235608521e-22 0.0207979373583 
1.49280317058 -7.49320201433e-22 -4.99546800956e-22 0.0187448907464 
1.48740695862 -9.59318289881e-22 -6.39545526587e-22 0.0185631941833 
1.47580412053 1.68452117674e-22 1.12301411783e-22 0.020287496557 
1.46964782938 -6.25356275549e-22 -4.16904183699e-22 0.0210558537894 
1.46099647525 -9.22101045226e-22 -6.14734030151e-22 0.0214893437317 
1.43745462097 1.22046346558e-21 8.13642310385e-22 0.0236725590137 
1.42864599648 8.23625117258e-22 5.49083411505e-22 0.0243349480252 
1.40544174611 -5.57044605492e-22 -3.71363070328e-22 0.0261456108895 
1.37072516625 5.38722645879e-22 3.59148430586e-22 0.0306405301526 
1.33939344135 3.45034497185e-22 2.30022998123e-22 0.0342407346476 
1.30491296355 -1.89174439774e-22 -1.26116293183e-22 0.0380808532907 
1.25492317812 5.74222445939e-23 3.82814963959e-23 0.0450224854403 
1.19735522816 2.67118772147e-22 1.78079181432e-22 0.05678715673 
1.12940659392 -2.4002031438e-22 -1.6001354292e-22 0.0773858118518 
1.05196577321 -8.58876187062e-23 -5.72584124708e-23 0.0879908793804 
0.978717446494 0.00568986731089 0.00379324487393 0.0992701145554 
0.892091214437 0.0263964414307 0.0175976276205 0.116342357874 
0.810139096871 0.306619020539 0.204412680359 0.208636633198 
0.695567025077 0.463966774575 0.30931118305 0.309451843999 
0.590282305688 0.574271452086 0.382847634724 0.361797120779 
0.432822835127 0.617204177929 0.411469451953 0.523598775598 
0.337703934475 0.712111439986 0.474740959991 0.523598775598 
0.249094144063 0.793081357075 0.528720904717 0.523598775598 
0.15489354315 0.862909036233 0.575272690822 0.523598775598 
0.0698387192435 0.925119130385 0.616746086924 0.523598775598 
0.00454697602486 0.96163809339 0.64109206226 0.523598775598 
2.19142398987e-20 0.980122616871 0.653415077914 0.523598775598 
-5.57046086021e-22 0.995960027891 0.663973351928 0.523598775598 
9.41598833284e-22 1.00968185089 0.673121233926 0.523598775598 
2.06118135421e-21 1.02028928164 0.680192854426 0.523598775598 
2.06118135421e-21 1.02028928164 0.680192854426 0.523598775598 
1.50438207184e-21 1.02670887821 0.684472585471 0.523597783054 
1.50438207184e-21 1.02670887821 0.684472585471 0.523597783054 
4.4380680587e-21 1.0198036184 0.679869078935 0.520930761166 
5.20488469635e-22 1.01403070592 0.676020470614 0.519822096245 
1.64109514846e-21 1.01813549269 0.678756995128 0.522831990427 
-1.51740952172e-21 1.01378351287 0.675855675244 0.522720055082 
-1.51740952172e-21 1.01378351287 0.675855675244 0.522720055082 
-1.51740952172e-21 1.01378351287 0.675855675244 0.522720055082 
1.08898609472e-21 1.02123188668 0.680821257785 0.523598775598 
1.08898609472e-21 1.02123188668 0.680821257785 0.523598775598 
2.31099691727e-22 1.02696276085 0.684641840565 0.523598506803 
1.52666304233e-21 1.02355906919 0.682372712792 0.52194918985 
1.52666304233e-21 1.02355906919 0.682372712792 0.52194918985 
-1.1836712509e-21 1.0266792842 0.68445285613 0.522477434315 
-6.03190970377e-22 1.02072168009 0.680481120062 0.520016970685 
-6.03190970377e-22 1.02072168009 0.680481120062 0.520016970685 
-6.53334579993e-22 1.02474632029 0.683164213526 0.522222493574 
-6.39911876573e-20 1.0079436137 0.67196240913 0.523598775598 
-3.36335515962e-22 0.987651905562 0.658434603708 0.523598775598 
7.32175791516e-22 0.967141470391 0.644760980261 0.523598775598 
0.0828321011674 0.889980505882 0.593320337255 0.523598775598 
0.195718205963 0.802313864605 0.534875909737 0.523598775598 
0.312770194182 0.695973173244 0.463982115496 0.523598775598 
0.465126442348 0.528062150295 0.35204143353 0.523598478834 
0.736966367899 0.544836069988 0.363224046659 0.155079644242 
0.82720380056 0.244765508935 0.163177005957 0.120374809576 
0.945026044941 0.0275081358212 0.0183387572141 0.0878692799296 
1.0530035039 0.00214720941542 0.00143147294361 0.074768911674 
1.13837673434 2.94468831436e-19 1.9631255429e-19 0.0517249813481 
1.21238730047 5.56317061037e-23 3.70878040691e-23 0.035209328799 
1.27357251285 4.03330506649e-22 2.68887004433e-22 0.0267270677908 
1.3035256597 8.18133826542e-23 5.45422551028e-23 0.0286192627406 
1.33604437006 1.35273901793e-21 9.01826011955e-22 0.0245111047278 
1.35687624298 -2.77659988223e-22 -1.85106658815e-22 0.0230402151575 
1.36888556729 6.73264256973e-22 4.48842837982e-22 0.0218923712453 
1.38213359557 -7.02025683584e-22 -4.68017122389e-22 0.0199065643389 
1.3893067206 -1.20369046599e-22 -8.02460310662e-23 0.0192248370931 
1.39760497103 1.27917035054e-21 8.52780233693e-22 0.0183583143566 
1.38984311128 6.96265567895e-22 4.64177045263e-22 0.021538708872 
1.39594779923 -6.95482685231e-23 -4.63655123487e-23 0.0196854584667 
1.40726996094 2.15366624873e-22 1.43577749915e-22 0.0163487071531 
1.39498942839 7.40466868757e-22 4.93644579171e-22 0.0187162840294 
1.39170313837 -3.6196502523e-22 -2.4131001682e-22 0.0191658139213 
1.37943897948 6.64370462087e-23 4.42913641391e-23 0.0226294064286 
1.37904290861 -1.38023168064e-25 -9.20154453758e-26 0.0219191056278 
1.38424174655 6.8695696485e-22 4.579713099e-22 0.0204497109897 
1.38279068426 1.49248985569e-21 9.94993237125e-22 0.0204100823811 
1.37432493467 4.69071686064e-23 3.12714457376e-23 0.0220844576717 
1.37608400569 3.37829570264e-22 2.25219713509e-22 0.0205433098929 
1.37778417371 8.64679855478e-22 5.76453236985e-22 0.0189127052662 
1.37583485916 -1.08368374313e-22 -7.22455828756e-23 0.0183139094082 
1.37131953046 8.28878748199e-22 5.52585832133e-22 0.0191065788056 
1.35403509132 5.44859307806e-22 3.63239538537e-22 0.0220943067868 
1.33921677206 8.85138804402e-23 5.90092536268e-23 0.0246399737653 
1.31799874243 1.23642646514e-22 8.24284310091e-23 0.027048333178 
1.29016963942 -4.48908881038e-22 -2.99272587359e-22 0.029436658991 
1.24617818492 7.06895354201e-22 4.71263569467e-22 0.0386752341046 
1.22143086538 -2.06640606983e-22 -1.37760404655e-22 0.0435395123337 
1.15364659436 6.29168117071e-23 4.19445411381e-23 0.0640474907103 
1.09702950917 1.16286006234e-22 7.75240041562e-23 0.0723720939087 
1.04962442373 2.90636963365e-23 1.93757975577e-23 0.0827905769606 
0.997483298926 0.00330385987126 0.00220257324751 0.0897330636461 
0.917953226825 0.0198573127055 0.0132382084703 0.110662049511 
0.858461528226 0.211121600381 0.140747733588 0.135930103606 
0.757703537327 0.3159444038 0.210629602533 0.217221691168 
0.649789443657 0.477587236203 0.318391490802 0.304077159356 
0.492491756061 0.642409596331 0.428273064221 0.381858551938 
0.292093858938 0.703941793064 0.469294528709 0.523598775598 
0.161792947551 0.817883349596 0.545255566397 0.523598775598 
0.0130304621847 0.9396906614 0.626460440933 0.523598775598 
3.25562829192e-18 0.997661151642 0.665107434428 0.523598775598 
0.392788422227 1.23285553688 0.82190369125 0.0778702795312 
0.387817191195 1.26648399978 0.844322666523 0.0573551755784 
0.311609978913 1.29954997309 0.866366648725 0.0393855047912 
0.279152708046 1.32369492549 0.882463283662 0.0265360410537 
0.247735765485 1.34586574576 0.897243830507 0.0130266967814 
0.464522892523 1.36702548208 0.911350321389 0.0334607065954 
0.579214248701 1.38010728511 0.920071523407 0.0510184782811 
0.672307169765 1.39544155068 0.930294367119 0.0718547203773 
0.742435730603 1.41077183224 0.940514554829 0.0994984626928 
0.80435214315 1.41804869413 0.945365796086 0.126765717445 
0.879300852604 1.42693815875 0.951292105834 0.199009237748 
0.965228653133 1.41177391198 0.941182607988 0.334344076984 
1.01395203622 1.40011173446 0.933407822972 0.435731731007 
1.01055955563 1.42544119699 0.950294131327 0.404185214847 
1.01889092169 1.43647760502 0.957651736683 0.403650385488 
1.00281119998 1.46412600369 0.976084002463 0.333487882626 
1.00030986284 1.47747758071 0.984985053805 0.298364856822 
0.99277321482 1.49165921073 0.99443947382 0.253991919225 
0.996032655201 1.49520976765 0.996806511766 0.252648331757 
0.990964870949 1.5035043355 1.00233622367 0.202765207855 
0.994779826417 1.50364049946 1.00242699964 0.201834053015 
0.997091538472 1.50455291524 1.00303527683 0.200785243485 
0.997263885824 1.50563924091 1.00375949394 0.200850406293 
1.00168090309 1.50317251341 1.00211500894 0.199308291679 
1.00177204404 1.50408956337 1.00272637558 0.199377165192 
1.00173221926 1.50431369024 1.00287579349 0.199376889335 
1.00156705871 1.50346948653 1.00231299102 0.199280665317 
0.998377226072 1.50498785687 1.00332523791 0.199135815155 
0.996422600916 1.50541268513 1.00360845675 0.198535675813 
0.998247282349 1.50405769414 1.00270512942 0.197642363523 
0.998105150177 1.50269291415 1.0017952761 0.197500438001 
0.995165189477 1.50573306209 1.0038220414 0.197606795943 
0.99508194958 1.50483239867 1.00322159911 0.197493449562 
0.995191206093 1.50563194065 1.0037546271 0.197547306295 
0.995242137502 1.50627498941 1.00418332627 0.197583588506 
0.995128378976 1.50535958168 1.00357305445 0.197467689904 
0.995211862132 1.50600816361 1.00400544241 0.19750240171 
0.995084269487 1.50469620246 1.00313080164 0.19734810098 
0.995181231356 1.5050059771 1.00333731807 0.1973504972 
0.995316836939 1.50576259704 1.00384173136 0.197392103101 
0.99533698299 1.50590622462 1.00393748308 0.197375101739 
0.995271755965 1.50505037997 1.00336691998 0.19726127283 
0.995266059553 1.50458467678 1.00305645118 0.197190905891 
0.995273058283 1.50436932882 1.00291288588 0.197152374125 
0.995342372 1.50523645302 1.00349096868 0.197227844628 
0.995111832181 1.50414776641 1.00276517761 0.197128408576 
0.994788162015 1.50220397316 1.00146931544 0.196964249982 
0.989308864846 1.50483102672 1.00322068448 0.198227925085 
0.991587421137 1.50086210374 1.00057473583 0.198597773174 
0.988110744175 1.50006715411 1.0000447694 0.200759485167 
0.999025097965 1.49022700094 0.99348466729 0.255212012015 
0.998877089181 1.48925551963 0.992837013088 0.255093968558 
0.998621423426 1.48750700931 0.991671339538 0.254889093195 
0.996864885312 1.48759538896 0.991730259307 0.25605967067 
0.996747193225 1.48668155793 0.991121038622 0.255970477313 
0.996651183839 1.48620458895 0.990803059302 0.255955304263 
0.996517238478 1.4850198685 0.99001324567 0.255839685228 
1.00469077596 1.47811234362 0.985408229078 0.294570468183 
1.00115764681 1.4780071363 0.985338090868 0.295455975634 
0.994169295856 1.47777972431 0.985186482875 0.297297415869 
0.996710978685 1.45845584748 0.972303898318 0.347397314269 
0.992749937383 1.43622994099 0.957486627324 0.38721647095 
0.955822873521 1.42196495319 0.947976635462 0.347107509642 
0.802388229479 1.43910512235 0.959403414898 0.13262183441 
0.671041772949 1.41948518144 0.946323454293 0.0653623511247 
0.447539054292 1.388505648 0.925670432 0.0196781311001 
0.254818754992 1.34047875138 0.893652500922 0.0126223936818 
0.34746419532 1.27119377561 0.847462517074 0.041429103084 
0.426951063028 1.20374454927 0.80249636618 0.0708561300573 
0.506902997933 1.1248055542 0.749870369464 0.0931869239805 
0.547255373565 1.04309173714 0.695394491427 0.113679741811 
0.59894395018 0.970087707371 0.646725138247 0.124435600573 
0.646815891692 0.903033599548 0.602022399699 0.118824674884 
0.667236072394 0.851735528558 0.567823685705 0.0986135237118 
0.70859867954 0.79790922598 0.531939483987 0.105600546101 
0.725146175557 0.770391931962 0.513594621308 0.0946387185199 
0.74121483988 0.746668667009 0.497779111339 0.091736437883 
0.754723057388 0.725157535445 0.483438356963 0.0889765118434 
0.754723057388 0.725157535445 0.483438356963 0.0889765118434 
0.767820735652 0.702603593814 0.468402395876 0.0840354849856 
0.767820735652 0.702603593814 0.468402395876 0.0840354849856 
0.767820735652 0.702603593814 0.468402395876 0.0840354849856 
0.753707096636 0.715309251537 0.476872834358 0.0984629444822 
0.753707096636 0.715309251537 0.476872834358 0.0984629444822 
0.753707096636 0.715309251537 0.476872834358 0.0984629444822 
0.740277690154 0.728576720406 0.485717813604 0.102774529184 
0.727207018155 0.746678720166 0.497785813444 0.115879657023 
0.727207018155 0.746678720166 0.497785813444 0.115879657023 
0.727207018155 0.746678720166 0.497785813444 0.115879657023 
0.727207018155 0.746678720166 0.497785813444 0.115879657023 
0.727207018155 0.746678720166 0.497785813444 0.115879657023 
0.731571375637 0.738192480317 0.492128320211 0.105849148594 
0.758311202499 0.699044005151 0.466029336768 0.0919758433626 
0.805622467424 0.616246693411 0.410831128941 0.106142620645 
0.800865543015 0.282457671437 0.188305114291 0.105791650321 
0.90798101618 0.244250092097 0.162833394731 0.0816850918637 
0.966531872035 -1.54347321272e-19 -1.02898214181e-19 0.0703466245938 
1.03090985898 4.73099595184e-23 3.15399730123e-23 0.0615720389451 
1.0915750785 1.89792185214e-23 1.26528123476e-23 0.0408045815735 
1.15250718309 -3.81738038127e-22 -2.54492025418e-22 0.0266797029675 
1.16998644414 8.68555561682e-23 5.79037041121e-23 0.0256720574446 
1.19623134499 -1.39437667205e-22 -9.29584448036e-23 0.0211628153608 
1.24693700992 0.139669537036 0.0931130246904 0.0160575159641 
1.25899896571 0.164438196564 0.109625464376 0.0174351486187 
1.28428033844 0.22874977831 0.152499852207 0.0162834008884 
1.29638100938 0.251390292059 0.167593528039 0.0164368164853 
1.31739613468 0.296086116223 0.197390744149 0.0149742515872 
1.31878606795 0.296248466706 0.197498977804 0.0155064293943 
1.33506930646 0.323735326487 0.215823550991 0.0153340386408 
1.34455584523 0.341377000456 0.227584666971 0.0147665375907 
1.3558345692 0.3605093454 0.2403395636 0.0150679927561 
1.32207917642 0.303854955784 0.202569970523 0.0178234388274 
1.36499237543 0.374348337974 0.249565558649 0.015920857118 
1.38153101234 0.39682918063 0.264552787087 0.0148954539445 
1.34968872926 0.352993093322 0.235328728882 0.0164561343139 
1.39340022749 0.417231387256 0.278154258171 0.014168654293 
1.39666162987 0.42308578082 0.282057187214 0.0145456574091 
1.39521559584 0.423405580393 0.282270386929 0.0146336927115 
1.36466883376 0.385737241842 0.257158161228 0.0162064330582 
1.36939487083 0.396962810816 0.264641873877 0.0154581119855 
1.342215771 0.369440116238 0.246293410826 0.0160824824035 
1.32413533838 0.353013741165 0.23534249411 0.0168157693722 
1.27001374876 0.281677484591 0.187784989728 0.0187496553141 
1.27877458161 0.350759047105 0.233839364737 0.0160611809604 
1.27039336246 0.397588292984 0.265058861989 0.0159777090532 
1.30410732179 0.487657144001 0.325104762668 0.0136805958634 
1.29907985719 0.53393551039 0.355957006927 0.01204445154 
1.27733792261 0.558927229898 0.372618153265 0.0115296281391 
1.24655795371 0.573294219883 0.382196146589 0.00952645644863 
1.16548528796 0.541790750263 0.361193833509 0.00829384715894 
1.16843740271 0.56557046887 0.377046979246 0.00600680272676 
1.17016266068 0.580092286881 0.386728191254 0.00441785052807 
1.16412240371 0.584329843695 0.38955322913 0.00259857508574 
1.14249098329 0.569760227029 0.379840151352 0.00161337914645 
1.07276601835 0.503075335326 0.335383556884 0.00168506281589 
1.12402646302 0.553779707571 0.369186471714 6.53627204233e-05 
1.08130860072 0.514969605111 0.343313070074 -0.000208141181297 
1.07697502538 0.509691704442 0.339794469628 -6.53599022793e-05 
1.06920068011 0.501853271506 0.33456884767 -0.00121469640171 
1.11366246218 0.547539503734 0.365026335823 -0.00165617982414 
1.14324060507 0.575188415123 0.383458943415 -0.00163594065572 
1.12669998407 0.562047334854 0.374698223236 -0.00130584655201 
1.10728443647 0.544659640606 0.36310642707 -0.00157453272715 
1.12740700523 0.563231645957 0.375487763971 -0.000837924232418 
1.13674984568 0.574286406859 0.382857604573 -0.00116223644183 
1.12520600736 0.564928219442 0.376618812962 -0.000384531839383 
1.15173796992 0.585719156563 0.390479437709 -0.00141086162918 
1.1212567569 0.559359003358 0.372906002239 -0.0016886623791 
1.09528598157 0.532954508966 0.355303005977 -0.001401038282 
1.10768295249 0.542196483429 0.361464322286 -0.000483011640361 
1.07597062509 0.509705017756 0.339803345171 -0.000345920282904 
1.10053230458 0.538994126326 0.359329417551 -0.000311249340033 
1.10527074189 0.551202760337 0.367468506892 -6.79580529845e-05 
1.04323087413 0.496288006664 0.330858671109 0.000169647154588 
1.02391433348 0.485089671863 0.323393114576 -0.000476359468554 
1.04639564202 0.541186363047 0.360790908698 -0.000566113828277 
1.03916693079 0.562013778406 0.37467585227 2.25813154988e-05 
1.02871453502 0.589571148994 0.393047432663 0.000342067122346 
1.04469921076 0.648358248634 0.432238832423 0.00132850730317 
1.03336579588 0.680714882015 0.453809921343 0.00239332906159 
0.994026068663 0.692961555785 0.461974370524 0.00283072488173 
1.02682591648 0.738213385862 0.492142257241 0.00305684121664 
1.006130865 0.747396358436 0.498264238958 0.00269869454646 
1.03055186497 0.769386471088 0.512924314059 0.00316312891389 
0.997987277954 0.763929321138 0.509286214092 0.00245057320939 
1.0146527103 0.774654891598 0.516436594399 0.00261525975901 
1.02946076117 0.778633337257 0.519088891505 0.00161265764211 
0.980599012245 0.760147688997 0.506765125998 0.000982278253981 
0.917315909007 0.729650492121 0.486433661414 -0.000470429445345 
0.925169074116 0.73600594215 0.4906706281 0.00037403714043 
0.81143784054 0.654659035387 0.436439356924 -0.00213851106201 
0.821593738112 0.645284358467 0.430189572311 -0.00434312906915 
1.00349216761 0.770214870721 0.513476580481 -0.000322739846867 
1.02525956672 0.778169915872 0.518779943915 0.000215023898894 
1.0377964543 0.783568065421 0.522378710281 0.000243594743061 
1.0171093411 0.775581676628 0.517054451085 6.9636616782e-05 
0.995971612894 0.767221503807 0.511481002538 5.54992372814e-05 
1.03791319032 0.781419288328 0.520946192219 0.000677303706574 
1.03777883886 0.777951297278 0.518634198185 0.0014245795497 
0.999438805846 0.763412819156 0.508941879437 0.00114129668538 
0.990267233703 0.758657005829 0.505771337219 0.00115426611228 
1.03054079825 0.772713526004 0.51514235067 0.00156049051704 
1.02463590784 0.76984352282 0.513229015213 0.00185960930313 
0.992632141234 0.760007072627 0.506671381751 0.00262358115766 
1.03440755972 0.775773158487 0.517182105658 0.00300687513311 
1.03810490429 0.779582857202 0.519721904801 0.00382575732206 
0.998823760345 0.768852005691 0.512568003794 0.0043151225064 
1.02632029878 0.782946155701 0.521964103801 0.00490326637225 
1.03323398925 0.794066390929 0.529377593953 0.00561509204893 
1.05597796773 0.814515645116 0.543010430077 0.00638790780112 
1.0582805991 0.82969660611 0.55313107074 0.00666963830767 
1.05271980237 0.85285188001 0.568567920006 0.00750200614795 
1.10495599912 0.883914258487 0.589276172324 0.00984468197747 
1.11692177207 0.910669138255 0.607112758837 0.0116335607637 
1.10646675397 0.936332256631 0.624221504421 0.0136026697798 
1.15162181093 0.955907849638 0.637271899759 0.0160979405854 
1.15348362574 0.970908994556 0.647272663038 0.0178526738188 
1.17135977834 0.978374981563 0.652249987709 0.0191851731902 
1.18171059888 0.982269361646 0.654846241097 0.0206755739828 
1.18800629465 0.984469481621 0.656312987748 0.0209513585402 
1.18776127903 0.984069609313 0.656046406209 0.0210812263323 
1.16473944095 0.985065602633 0.656710401755 0.0210972840863 
1.20144651965 0.980544304744 0.653696203163 0.0202281162589 
1.18611773362 0.980838989966 0.653892659977 0.0198802188765 
1.17850708357 0.979452954034 0.652968636023 0.01872183943 
1.19862261924 0.97665310116 0.65110206744 0.0183967428388 
1.18738894717 0.975821085571 0.65054739038 0.0184939043193 
1.18139920614 0.974382981571 0.649588654381 0.0187356948422 
1.15953242513 0.975229170094 0.650152780063 0.0197106699759 
1.15524021629 0.974190802312 0.649460534875 0.0188904004783 
1.12850102507 0.9746128921 0.649741928067 0.0190552289118 
1.10951812913 0.972915858653 0.648610572435 0.0184811673583 
1.10495127761 0.971560918905 0.64770727927 0.018746951831 
1.13732885291 0.968811877436 0.645874584957 0.0178539613561 
1.13354303788 0.968467234187 0.645644822792 0.0178500492985 
1.11991391921 0.968604169059 0.645736112706 0.0179093381785 
1.17543123005 0.965154779814 0.643436519876 0.0180261566286 
1.1510843811 0.965847169776 0.643898113184 0.0182068098324 
1.14944001072 0.966019361821 0.64401290788 0.0177894319132 
1.14647907271 0.966298289142 0.644198859428 0.018722998256 
1.12820994838 0.968379103588 0.645586069058 0.0192331334833 
1.14403467224 0.969912264574 0.646608176383 0.0200041580859 
1.15207601288 0.975160151673 0.650106767782 0.0221268240308 
1.1464613921 0.988919978953 0.659279985969 0.0258612954364 
1.15164437835 1.00419920095 0.669466133969 0.0299426774975 
1.17971458853 1.0207296382 0.680486425464 0.0355668836732 
1.20433656556 1.04161960163 0.694413067751 0.0440248346169 
1.24097863371 1.05591089845 0.703940598964 0.0514160505195 
1.26200271585 1.07458188627 0.716387924182 0.0609406756813 
1.27715413328 1.08779409834 0.72519606556 0.0685620732352 
1.27393862561 1.10153838432 0.734358922883 0.075778996734 
1.28700608998 1.10738156108 0.738254374052 0.0793410988888 
1.29896573342 1.11080571976 0.740537146504 0.082767337664 
1.30170086046 1.11469808277 0.743132055183 0.0859704112739 
1.30948614205 1.11510366562 0.743402443747 0.0871956660848 
1.3105249789 1.11615543717 0.744103624779 0.0877851006303 
1.31103160303 1.11685080952 0.744567206345 0.0884053911152 
1.3182284291 1.11550311129 0.743668740859 0.087992974251 
1.31275247515 1.11639689012 0.744264593413 0.0885447411903 
1.3070920779 1.11764193187 0.745094621245 0.0875515196875 
1.30777511959 1.11714588443 0.744763922956 0.0868595897557 
1.31188618031 1.11558605322 0.743724035482 0.0872570149474 
1.29728884738 1.11954106754 0.746360711693 0.0871482944547 
1.28999397681 1.12090016192 0.747266774616 0.0876137392703 
1.28783736024 1.12040903224 0.746939354829 0.0875247845701 
1.29112207687 1.11859913822 0.745732758812 0.0877305277112 
1.29258738866 1.11770099069 0.74513399379 0.088787073277 
1.29382887124 1.11726779061 0.744845193737 0.0898520228962 
1.28151804702 1.12010694308 0.746737962053 0.0901101799766 
1.28420627426 1.11915046487 0.746100309912 0.0903886012871 
1.28241570072 1.11925892728 0.746172618185 0.0914746584504 
1.27740908665 1.12089684318 0.747264562121 0.102362662441 
1.28066329617 1.11999920148 0.746666134317 0.115412180521 
1.27475335277 1.1212230518 0.74748203453 0.130906738762 
1.27824354831 1.11891589254 0.745943928357 0.151899549618 
1.28691080421 1.11359855771 0.742399038472 0.176520571369 
1.30833279174 1.10323544217 0.735490294782 0.195984423133 
1.30790916575 1.09873332377 0.732488882516 0.215462761761 
1.30497678137 1.09493760837 0.72995840558 0.235072191423 
1.31187869747 1.08963740817 0.726424938779 0.250578660342 
1.32252286345 1.08328899862 0.722192665748 0.260909863675 
1.32325319956 1.07996867228 0.719979114852 0.272079907956 
1.32860995772 1.07535460396 0.716903069308 0.27837085682 
1.34183086759 1.06887108435 0.712580722903 0.278754201341 
1.3351999007 1.06849410565 0.712329403765 0.28517221828 
1.33233725937 1.06771503265 0.71181002177 0.288163130175 
1.33466878027 1.0655905609 0.710393707269 0.288813150239 
1.34256177549 1.06285688986 0.708571259909 0.286743352647 
1.33238465877 1.06518698287 0.710124655247 0.289987866406 
1.33062682322 1.06486322498 0.709908816652 0.290585313435 
1.33386153191 1.06410318928 0.709402126185 0.290580950791 
1.34063994237 1.06178682404 0.70785788269 0.289221915952 
1.34405341295 1.0605994137 0.707066275798 0.28912153714 
1.34478951356 1.05975596708 0.706503978052 0.289260244643 
1.34440452879 1.05972850322 0.706485668814 0.288934899471 
1.34717306692 1.05933768712 0.706225124749 0.287104745154 
1.34495064429 1.06013702848 0.706758018984 0.286611557605 
1.33929348435 1.0615301854 0.707686790267 0.287264548354 
1.33440540876 1.06271211026 0.708474740174 0.286698152833 
1.32747337177 1.06473392311 0.70982261541 0.287387432171 
1.32761952808 1.06559891108 0.710399274052 0.284670119768 
1.33087393101 1.06670781695 0.711138544634 0.27883930725 
1.32993636309 1.0701262074 0.713417471598 0.272222467558 
1.32825716159 1.07232104076 0.714880693837 0.265234882076 
1.31781489191 1.0773452941 0.718230196068 0.260913667748 
1.32472965817 1.0767893888 0.717859592537 0.250619296867 
1.32937439779 1.07631415528 0.717542770184 0.243335292703 
1.33024401765 1.07786580706 0.71857720471 0.237920081024 
1.32282801604 1.08097267915 0.720648452769 0.233458370206 
1.32568551787 1.0811666105 0.720777740335 0.226540349413 
1.31939340718 1.08407583024 0.722717220157 0.223173207654 
1.3262245573 1.08294191672 0.721961277814 0.214864715874 
1.33474421819 1.08196075854 0.721307172357 0.208049684057 
1.32816536866 1.08408035845 0.722720238965 0.204596200962 
1.33265055756 1.08353449584 0.722356330562 0.200956080925 
1.32285712318 1.08591464548 0.723943096984 0.199415333074 
1.31672028892 1.08834954416 0.725566362772 0.199330899937 
1.32569992311 1.08564890723 0.723765938152 0.195463613461 
1.31923629548 1.08656243303 0.724374955353 0.194328496125 
1.31557567241 1.08766652703 0.72511101802 0.193008169547 
1.31988277532 1.08639377341 0.724262515607 0.192193611471 
1.31067572753 1.08787519956 0.725250133042 0.19249719565 
1.30146125544 1.0901062915 0.726737527669 0.194672388079 
1.30129377355 1.09017873871 0.726785825808 0.195466116915 
1.30325943542 1.08955758538 0.726371723589 0.195371486407 
1.30061294665 1.08980303669 0.726535357794 0.195701657659 
1.3060121681 1.08777176455 0.725181176368 0.194920332143 
1.3057799547 1.08732359222 0.724882394815 0.195759021679 
1.30484447281 1.08614170663 0.724094471083 0.194640446821 
1.29068343845 1.08761954426 0.725079696176 0.195021537355 
1.28013143034 1.08732922782 0.724886151883 0.194447985123 
1.26690559066 1.08763073199 0.725087154663 0.193799534929 
1.26010002775 1.08557741095 0.723718273967 0.190169663549 
1.21657149033 1.0921851531 0.728123435402 0.190573315525 
1.17570717417 1.09827476089 0.732183173929 0.191953562008 
1.10755010982 1.10564852557 0.737099017045 0.1889512835 
1.01750411122 1.11261195799 0.741741305326 0.180591102033 
0.908740863542 1.12148934404 0.747659562691 0.173157149004 
0.748400368561 1.1355427178 0.757028478533 0.167100950103 
0.456813667499 1.14508387418 0.763389249451 0.167942949381 
0.454410548656 1.16700931649 0.778006210991 0.182367746121 
0.392237427281 1.19605283433 0.79736855622 0.199874260768 
0.348940820601 1.23431033394 0.82287355596 0.217235588 
0.348370067837 1.27050294565 0.847001963765 0.231031851208 
0.271817019834 1.31764280067 0.878428533778 0.234009326752 
0.228067994742 1.36871059496 0.912473729972 0.223743595295 
0.183240943998 1.41331838846 0.942212258976 0.204684677756 
0.130301760784 1.45635677968 0.970904519788 0.172802149034 
0.063902914869 1.50211410884 1.00140940589 0.126858766362 
0.00862193835037 1.53678995207 1.02452663471 0.0885924350292 
0.118308589005 1.55650336983 1.03766891322 0.0899347255428 
0.257245564367 1.56664680918 1.04443120612 0.122732318124 
0.346854674136 1.57401055805 1.04934037204 0.162820364605 
0.416210017722 1.57322737239 1.04881824826 0.213836603322 
0.465755768524 1.56546685882 1.04364457255 0.26444875093 
0.471304314351 1.57421603613 1.04947735742 0.26312820676 
0.4750923416 1.57932992042 1.05288661361 0.262066608246 
0.478983743407 1.5838346817 1.0558897878 0.260728605029 
0.481108303972 1.58657958261 1.05771972174 0.259991506048 
0.482033201752 1.58756997624 1.05837998416 0.259526765517 
0.478864611326 1.58566382947 1.05710921965 0.26095634526 
0.471185651094 1.57854478066 1.05236318711 0.264283321544 
0.451667977243 1.5586622012 1.03910813413 0.27339522753 
0.297466028003 1.57059327391 1.04706218261 0.154295152703 
0.172310277995 1.56261568078 1.04174378719 0.115532919456 
0.00666385438765 1.54061513741 1.02707675827 0.0981953559349 
0.0556880994741 1.51014744239 1.00676496159 0.1319925865 
0.110267121279 1.47311006082 0.982073373878 0.167021427785 
0.172857940114 1.42466777953 0.949778519689 0.205456800337 
0.22070349194 1.3787318266 0.919154551066 0.229383230225 
0.22176136501 1.33202413118 0.888016087455 0.234866523358 
0.313118863342 1.26963177713 0.846421184755 0.230856798976 
0.364096871428 1.21869049597 0.812460330647 0.214936170358 
0.410496306516 1.17814781989 0.785431879928 0.1965328251 
0.454737201137 1.14238665269 0.761591101795 0.176052281381 
0.455860146666 1.11243487425 0.741623249502 0.160370448882 
0.0122130656557 0.90540008042 0.603600053613 0.335397587739 
0.0133042974227 0.868279696404 0.578853130936 0.319227066743 
0.0116224850768 0.840884916227 0.560589944152 0.307114808663 
0.00438406595017 0.829292380567 0.552861587044 0.299248078107 
6.44386861348e-19 0.81029032515 0.5401935501 0.289548002317 
1.52621643898e-22 0.793580033647 0.529053355765 0.282693518034 
-3.10431478792e-22 0.782147205921 0.521431470614 0.278139293707 
0.00195569330066 0.762719465852 0.508479643901 0.273230775836 
-1.48974495636e-18 0.773791682754 0.515861121836 0.277863133507 
-1.40837197334e-23 0.761852471252 0.507901647501 0.274632694412 
0.0104102907912 0.738196198327 0.492130798885 0.27060380985 
0.0104102907912 0.738196198327 0.492130798885 0.27060380985 
0.0145766361097 0.712363273419 0.474908848946 0.264218365247 
0.0175272474136 0.68274364092 0.45516242728 0.256418454498 
0.010519112387 0.650169126027 0.433446084018 0.24654225571 
0.00937306737974 0.612173697825 0.40811579855 0.235869810591 
2.42136904754e-05 0.592672767099 0.395115178066 0.228375973905 
-9.33015618603e-20 0.579885217903 0.386590145268 0.218237730789 
-3.95245593587e-22 0.549615735306 0.366410490204 0.205964344511 
-3.95245593587e-22 0.549615735306 0.366410490204 0.205964344511 
1.17387848708e-22 0.494098300623 0.329398867082 0.190253637399 
1.17387848708e-22 0.494098300623 0.329398867082 0.190253637399 
1.17387848708e-22 0.494098300623 0.329398867082 0.190253637399 
1.17387848708e-22 0.494098300623 0.329398867082 0.190253637399 
-2.83818712865e-18 -3.63598040565e-15 -2.4239869371e-15 -0.0565326898257 
-2.83818712865e-18 -3.63598040565e-15 -2.4239869371e-15 -0.0565326898257 
2.40925061528e-21 0.00358363408474 0.00238908938983 -0.0648971884578 
1.09049032917e-21 0.0673252667536 0.044883511169 -0.0885123569348 
2.11612007126e-19 0.409923892233 0.273282594822 -0.523598775598 
6.31615383352e-21 0.393983921264 0.262655947509 -0.523598775598 
-6.41955423495e-22 0.378812387416 0.252541591611 -0.523598775598 
9.99554239324e-22 0.364692718078 0.243128478719 -0.523598775598 
7.28168425315e-23 0.347427403134 0.231618268756 -0.523598775598 
7.28168425315e-23 0.347427403134 0.231618268756 -0.523598775598 
-1.49273891755e-21 0.332561200346 0.221707466897 -0.523598775598 
-1.49273891755e-21 0.332561200346 0.221707466897 -0.523598775598 
-1.49273891755e-21 0.332561200346 0.221707466897 -0.523598775598 
-1.49273891755e-21 0.332561200346 0.221707466897 -0.523598775598 
-1.49273891755e-21 0.332561200346 0.221707466897 -0.523598775598 
-1.49273891755e-21 0.332561200346 0.221707466897 -0.523598775598 
7.38095580853e-21 0.343441546557 0.228961031038 -0.523598775598 
7.38095580853e-21 0.343441546557 0.228961031038 -0.523598775598 
1.27730499148e-20 0.360738998291 0.240492665527 -0.523598775598 
3.74378890358e-21 0.385579377904 0.257052918602 -0.522510955494 
-3.27473397028e-22 0.411000855431 0.274000570287 -0.517892139674 
-6.92356908185e-21 0.442530724735 0.295020483157 -0.509346009144 
5.03507730692e-21 0.482927733876 0.321951822584 -0.497476460015 
1.60107296289e-22 0.524425299335 0.349616866224 -0.487964835235 
2.59772593032e-21 0.615956711784 0.410637807856 -0.483094031131 
-5.14740614858e-21 0.727291187157 0.484860791438 -0.503658791365 
1.44708951208e-20 0.814650714382 0.543100476255 -0.523598775598 
2.27710463451e-21 0.898614687394 0.599076458263 -0.523598775598 
4.46892123097e-21 0.989669649134 0.659779766089 -0.523598775598 
6.19006884073e-21 1.05883177216 0.705887848109 -0.523598646364 
0.335203146226 1.27255513437 0.84837008958 0.144637011354 
0.292592524532 1.31176869129 0.874512460857 0.144776910304 
0.24867748621 1.3492001738 0.89946678253 0.138551362664 
0.204500845909 1.38638256015 0.9242550401 0.11991104477 
0.142113743662 1.43334073094 0.955560487294 0.0818750494024 
0.0880742640272 1.46897764732 0.979318431547 0.0450330762389 
0.0417204878289 1.49731367206 0.998209114704 0.0151428607199 
2.18348444338e-19 1.52385010381 1.0159000692 -0.0118246947817 
0.0231214621018 1.54458455946 1.02972303964 -0.0254141684313 
0.2207700911 1.55731145599 1.03820763733 -0.00736165889663 
0.315141220398 1.57007815169 1.04671876779 -0.000170221315951 
0.370319030719 1.58075125852 1.05383417235 0.00538243608019 
0.414455295734 1.59086625674 1.06057750449 0.013803451281 
0.443605325556 1.59725623501 1.06483749 0.0148632851591 
0.47234571653 1.60471889356 1.06981259571 0.0279064387208 
0.491990221142 1.60881323196 1.07254215464 0.0337968741224 
0.509252160079 1.61269179905 1.07512786603 0.0405508786853 
0.522138587528 1.61559690402 1.07706460268 0.0464402299944 
0.532099318406 1.61749514548 1.07833009699 0.0548453653834 
0.539970394207 1.61962624981 1.0797508332 0.0627893396275 
0.549075305669 1.62164573529 1.08109715686 0.0798811253115 
0.548303674232 1.62218379338 1.08145586225 0.0801439302055 
0.53611673892 1.62145600836 1.08097067224 0.0619053694376 
0.521710062292 1.62052361541 1.08034907694 0.0612587828945 
0.506407004765 1.61981804532 1.07987869688 0.0619375976953 
0.47411836225 1.61687198114 1.07791465409 0.0461731552237 
0.433216457748 1.61027265163 1.07351510109 0.0294915638559 
0.378802932569 1.60206931943 1.06804621295 0.0160992590748 
0.298314866496 1.59048004443 1.06032002962 -0.00138374605749 
0.177694191111 1.57650823443 1.05100548962 -0.0186526077415 
-3.50874198245e-17 1.55860552105 1.03907034737 -0.0342598957205 
-1.45395098259e-22 1.53678138039 1.02452092026 -0.0247139320547 
0.000875681229844 1.51042393723 1.00694929149 -0.00925858875152 
0.0740778776447 1.47558228084 0.98372152056 0.0237145723532 
0.148463934576 1.42633934897 0.950892899313 0.0617928805152 
0.211369066387 1.38041664678 0.920277764519 0.0967021536902 
0.278173001086 1.32597499427 0.883983329513 0.11477587092 
0.358262921054 1.25732501773 0.838216678484 0.111507802457 
0.400549758295 1.2156638782 0.810442585464 0.112096535903 
0.446560331968 1.18142507819 0.787616718792 0.100363382871 
0.449492030163 1.14433707289 0.762891381926 0.0916476083709 
0.517149452597 1.11699738967 0.74466492645 0.083106994433 
0.520720250986 1.08875233865 0.725834892434 0.0754049159352 
0.562530110087 1.07304325912 0.715362172749 0.0669835676888 
0.564751077341 1.06051114376 0.707007429171 0.0609202043639 
0.568966136075 1.03533884062 0.690225893744 0.0508990310584 
0.567171657141 1.03614965442 0.690766436279 0.0446134006092 
0.566023260397 1.03554554655 0.690363697698 0.0405790029856 
-3.41885477543e-18 0.649465933201 0.4329772888 0.244636894217 
3.21302649279e-21 0.666227164078 0.444151442719 0.180827194729 
6.70141883622e-21 0.655661700906 0.437107800604 0.17030087412 
-2.15919638934e-21 0.697390203473 0.464926802315 0.130588293653 
-4.59137060107e-21 0.732351835164 0.488234556776 0.129507772938 
-1.88017602752e-21 0.727923161067 0.485282107378 0.112420778413 
-1.88017602752e-21 0.727923161067 0.485282107378 0.112420778413 
-1.28946485004e-21 0.75394605348 0.50263070232 0.103191787803 
-1.41351894421e-21 0.774118301198 0.516078867466 0.0949207031993 
-1.41351894421e-21 0.774118301198 0.516078867466 0.0949207031993 
3.18448760659e-22 0.752251198586 0.501500799058 0.0833180401101 
-5.78830177937e-21 0.77096168451 0.51397445634 0.0835534255169 
-5.78830177937e-21 0.77096168451 0.51397445634 0.0835534255169 
9.85324254163e-22 0.814619547237 0.543079698158 0.0871957066045 
4.6577388413e-21 0.790480423509 0.526986949006 0.0785792091059 
4.6577388413e-21 0.790480423509 0.526986949006 0.0785792091059 
1.48658805892e-21 0.800753020271 0.533835346848 0.0819900580262 
1.48658805892e-21 0.800753020271 0.533835346848 0.0819900580262 
1.48658805892e-21 0.800753020271 0.533835346848 0.0819900580262 
-1.73543489844e-21 0.791947557947 0.527965038631 0.0860630575239 
3.70869617e-21 0.82275131266 0.548500875107 0.094361150058 
2.33078635381e-21 0.841115359677 0.560743573118 0.0970258134275 
0.0914103906801 0.953270666173 0.635513777448 0.0567016914519 
0.196930390596 1.02830691315 0.6855379421 0.0450993421592 
0.36530671128 1.09424556239 0.729497041596 0.0411808827591 
0.486884629446 1.15101158854 0.767341059028 0.0522755609243 
0.433140851208 1.19886090248 0.799240601654 0.0634545834987 
0.377472703657 1.24610234386 0.830734895907 0.0735687167006 
0.3275120065 1.28733049517 0.858220330113 0.0787464214887 
0.263044160685 1.33979504209 0.893196694725 0.0825876854323 
0.200750659622 1.38691809743 0.924612064951 0.065519765227 
0.139705779308 1.43059929533 0.953732863554 0.0439110853771 
0.0746652922734 1.47299839691 0.981998931272 0.0125383140097 
0.0205285810973 1.50579824403 1.00386549602 -0.0157743113301 
6.89839199433e-18 1.53297084894 1.02198056596 -0.0352866928423 
0.111729264036 1.55637042316 1.03758028211 -0.0341937017816 
0.231689573813 1.56888215544 1.04592143696 -0.0321652899942 
0.316787266066 1.58477926726 1.0565195115 -0.0263417759214 
0.377551294616 1.59690496034 1.06460330689 -0.0295231433242 
0.429186488153 1.61039743816 1.07359829211 -0.0264537297995 
0.462500063713 1.61791508018 1.07861005345 -0.0358926837409 
0.499098686966 1.62648129909 1.08432086606 -0.0457442461871 
0.532504697952 1.63581431076 1.09054287384 -0.0543334729866 
0.558438719936 1.64271748519 1.09514499013 -0.0764053279628 
0.573348855371 1.64114441796 1.09409627864 -0.162736515633 
0.599283262228 1.64932720413 1.09955146942 -0.166715190557 
0.648876402502 1.66679464166 1.11119642778 -0.00233984027539 
0.666904658618 1.67440734711 1.11627156474 -0.0342265970109 
0.701905896727 1.68481383149 1.123209221 -0.0520561361107 
0.7323130923 1.69198594832 1.12799063222 -0.056184437092 
0.759700146772 1.69765767625 1.13177178417 -0.0576662785148 
0.786890013886 1.70511275922 1.13674183948 -0.0663740743222 
0.813259664122 1.71115434324 1.14076956216 -0.0712980111756 
0.833232736445 1.7152508135 1.14350054233 -0.0740058096605 
0.847673341245 1.71848663041 1.14565775361 -0.0758736577611 
0.859404768085 1.72048311505 1.14698874337 -0.0760815920546 
0.867725363495 1.72242620929 1.14828413953 -0.0778680157033 
0.874136603782 1.72505983093 1.15003988728 -0.0805832694922 
0.877710645891 1.72496379194 1.14997586129 -0.0799445615946 
0.878447036665 1.72533146865 1.1502209791 -0.0816566529203 
0.87425282201 1.72289558534 1.14859705689 -0.0797220563849 
0.860843499417 1.71719596145 1.14479730764 -0.0759517952567 
0.835082269417 1.71013473487 1.14008982325 -0.0762797503013 
0.798639272738 1.69938536133 1.13292357422 -0.0734000392644 
0.735622956558 1.68055649877 1.12037099918 -0.0737372597139 
0.667111180731 1.66091370268 1.10727580179 -0.0798483579433 
0.596446300141 1.6399381292 1.09329208613 -0.0153010366455 
0.490275933156 1.6124438585 1.07496257233 -0.0392827381438 
0.355400936017 1.58009652663 1.05339768442 -0.0396570107088 
0.158134886869 1.54983350436 1.03322233624 -0.0470986367005 
0.00195133999589 1.51294543144 1.00863028763 -0.0405830491005 
0.0813665379005 1.46791108787 0.978607391911 0.0113423433777 
0.16243726203 1.4164556742 0.9443037828 0.0673007017866 
0.253188935891 1.34677705927 0.897851372847 0.11014571492 
0.319929704881 1.2885257941 0.859017196068 0.131575197861 
0.37326385606 1.23954733443 0.826364889621 0.137966428824 
0.420289558419 1.19642814057 0.79761876038 0.135183527332 
0.46165682462 1.15898908542 0.772659390279 0.127270763312 
0.464329489237 1.12729483352 0.751529889012 0.117224109231 
0.516960365886 1.10918277564 0.739455183763 0.109716607041 
0.52085185206 1.08217818453 0.721452123019 0.0983327708171 
0.528490633166 1.06203809711 0.708025398074 0.0888303244838 
0.277317287572 0.97930706474 0.652871376493 0.100196502976 
0.154053853911 0.875287479728 0.583524986485 0.128494300332 
0.0474134506468 0.757248625416 0.504832416944 0.219117882056 
1.39427395343e-18 0.745580656672 0.497053771114 0.254668539115 
1.1317047157e-21 0.75426853919 0.502845692794 0.19644518794 
4.77076079789e-21 0.750060672462 0.500040448308 0.158583099367 
3.32298402535e-21 0.784696820835 0.52313121389 0.122403125861 
2.66130197076e-22 0.784280040705 0.52285336047 0.103896061265 
2.06121762554e-21 0.811860667919 0.541240445279 0.0959792528642 
3.73745668421e-21 0.832161176324 0.554774117549 0.0797815201221 
2.52028472161e-21 0.819675475898 0.546450317266 0.0715493779408 
2.52028472161e-21 0.819675475898 0.546450317266 0.0715493779408 
1.08160689479e-21 0.802099864072 0.534733242715 0.0637924119309 
-9.5251842516e-22 0.748580086436 0.499053390957 0.0554799596008 
-5.79675651944e-21 0.683647949932 0.455765299954 0.0521414450207 
5.62385636425e-21 0.72621426377 0.484142842513 0.0571039551653 
5.62385636425e-21 0.72621426377 0.484142842513 0.0571039551653 
-4.51401134624e-21 0.76030034857 0.506866899047 0.0615458150628 
-4.51401134624e-21 0.76030034857 0.506866899047 0.0615458150628 
-4.51401134624e-21 0.76030034857 0.506866899047 0.0615458150628 
-4.51401134624e-21 0.76030034857 0.506866899047 0.0615458150628 
-4.51401134624e-21 0.76030034857 0.506866899047 0.0615458150628 
-4.26095986752e-21 0.812735146811 0.541823431207 0.0760836269319 
-4.26095986752e-21 0.812735146811 0.541823431207 0.0760836269319 
-4.26095986752e-21 0.812735146811 0.541823431207 0.0760836269319 
-4.26095986752e-21 0.812735146811 0.541823431207 0.0760836269319 
-4.65408984986e-21 0.833601386297 0.555734257531 0.0841170751147 
3.36266051753e-21 0.800517032769 0.533678021846 0.0812479505474 
3.36266051753e-21 0.800517032769 0.533678021846 0.0812479505474 
3.36266051753e-21 0.800517032769 0.533678021846 0.0812479505474 
2.13454078803e-21 0.800172018687 0.533448012458 0.0971314893509 
2.13454078803e-21 0.800172018687 0.533448012458 0.0971314893509 
2.04015753631e-21 0.77045976476 0.513639843173 0.127698985772 
-7.40514142543e-23 0.767521930533 0.511681287022 0.150289844184 
8.65690728046e-19 0.758920554142 0.505947036095 0.188803381013 
0.0454675497744 0.723548083275 0.48236538885 0.185380465465 
0.168587618645 0.822679910459 0.54845327364 0.0933482783382 
0.32138241861 0.852475031613 0.568316687742 0.0647998871777 
0.663456029036 0.949269538022 0.632846358681 0.0489426340953 
0.682427080483 0.889388157553 0.592925438369 0.0473030559989 
0.716689476938 0.808872086747 0.539248057831 0.0466978383861 
0.781784409333 0.695972702336 0.463981801558 0.0412016608173 
0.759778374274 0.401817161315 0.267878107543 0.0479263350343 
0.862933234803 0.357881351829 0.238587567886 0.0397417908811 
0.882036168379 0.0858561924111 0.0572374616074 0.0512189451431 
0.968576108454 0.0652675895222 0.0435117263481 0.0376119802215 
1.02316158287 0.0493458382918 0.0328972255279 0.0259750934466 
1.05836144438 -2.2022326705e-17 -1.46815511367e-17 0.0275775506057 
1.09681426798 -7.39175332537e-23 -4.92783555025e-23 0.0138266851108 
1.12114597385 1.51733216297e-22 1.01155477531e-22 0.0143154255005 
1.14893874542 2.98247589211e-22 1.9883172614e-22 0.00486562506444 
1.17191227295 -5.36571431753e-22 -3.57714287835e-22 0.00386290516963 
1.16864503442 -2.28162087077e-22 -1.52108058052e-22 0.00767270546427 
1.16864503442 -2.28162087077e-22 -1.52108058052e-22 0.00767270546427 
1.18170422464 -3.19900678024e-22 -2.13267118683e-22 0.00371799124127 
1.18981469924 6.68255545327e-22 4.45503696884e-22 0.00460509968466 
1.19705465386 -4.47902563592e-24 -2.98601709061e-24 0.00469315117126 
1.20751513561 1.1478929059e-22 7.65261937269e-23 0.000560617292009 
1.20262030655 1.48298536729e-23 9.88656911528e-24 0.00646954699935 
1.21715808056 5.59630849653e-22 3.73087233102e-22 -8.50284335433e-05 
1.20681587937 -3.18549375033e-23 -2.12366250022e-23 0.00764394182021 
1.19809332606 1.70778609601e-22 1.13852406401e-22 0.00751794148142 
1.19809332606 1.70778609601e-22 1.13852406401e-22 0.00751794148142 
1.20267660936 -2.02189180905e-22 -1.3479278727e-22 0.00519167248666 
1.20267660936 -2.02189180905e-22 -1.3479278727e-22 0.00519167248666 
1.21476027447 -1.09802283173e-22 -7.32015221152e-23 0.00135264774773 
1.20555714953 -4.24336139246e-22 -2.82890759498e-22 0.00747917194654 
1.17034141549 2.28373672289e-22 1.5224911486e-22 0.0146731617591 
1.10997842768 9.33881379051e-23 6.22587586034e-23 0.0238162759002 
1.02979382379 0.00378707695248 0.00252471796832 0.0393483985232 
0.945298914911 0.0132355034335 0.00882366895566 0.0532512122011 
0.858540070427 0.0312543098587 0.0208362065724 0.0646186079292 
0.79408669439 0.288547068508 0.192364712339 0.0948819457012 
0.739470726332 0.307013827207 0.204675884805 0.101741026069 
0.687062469017 0.427336096535 0.284890731023 0.178973916685 
0.732075883918 0.715351171402 0.476900780935 0.115628732727 
0.708399693223 0.747551255378 0.498367503585 0.126180839991 
0.688432071729 0.781610706984 0.521073804656 0.126282250689 
0.66798387715 0.826521615065 0.551014410043 0.136456965728 
0.648501527027 0.877751340281 0.585167560187 0.152549269268 
0.626746566821 0.930300302116 0.620200201411 0.120493894865 
0.615888749888 0.977313457023 0.651542304682 0.140079789508 
0.612296783418 0.986888027244 0.657925351496 0.136482756944 
0.608265475953 1.00066417803 0.66710945202 0.136710685276 
0.602280970246 1.02333447407 0.682222982716 0.141693240834 
0.579045399648 1.04001102113 0.693340680754 0.114935390563 
0.576713817282 1.05166401977 0.701109346516 0.11772995083 
0.566842700405 1.05987502516 0.706583350104 0.0996976681635 
0.565178501099 1.06917412288 0.712782748588 0.101700072512 
0.563075214434 1.07819842056 0.718798947037 0.103694072016 
0.561056171753 1.08326992303 0.722179948688 0.104298154084 
0.560206551039 1.07856849386 0.719045662575 0.101209721964 
0.557768245511 1.08888224188 0.725921494589 0.102523405817 
0.555355094216 1.09520398869 0.730135992459 0.102658182645 
0.552704668238 1.10227364496 0.734849096639 0.103302182915 
0.552704668238 1.10227364496 0.734849096639 0.103302182915 
0.552704668238 1.10227364496 0.734849096639 0.103302182915 
0.553096267848 1.08392002692 0.722613351283 0.0994698236965 
0.556084460305 1.05806866193 0.705379107952 0.0955186527076 
0.597056605552 0.999525726748 0.666350484499 0.120055623083 
0.657675249671 0.893385788671 0.595590525781 0.118609227677 
0.725417800891 0.759796029935 0.506530686624 0.0966306227026 
0.809571303345 0.612617738194 0.408411825462 0.079186616144 
0.815321343295 0.223313043145 0.148875362097 0.0766468922927 
0.910088593243 0.0419922932629 0.0279948621753 0.0513840907469 
0.978386597261 0.0268245992995 0.0178830661997 0.0471832770389 
1.05944072447 0.00413678826407 0.00275785884271 0.0250824632726 
1.10599703218 -2.15959760449e-19 -1.43973173633e-19 0.0188962589245 
1.16649723015 -2.31779896701e-22 -1.54519931134e-22 0.00892076475804 
1.19193258342 5.79868928041e-22 3.8657928536e-22 0.00610250358918 
1.21677613887 2.99305783841e-22 1.99537189227e-22 0.00399883049732 
1.22629019608 2.13746671744e-22 1.42497781163e-22 0.00405297500713 
1.24051518521 3.9994406028e-22 2.6662937352e-22 0.00177847756756 
1.2273218446 2.91530618158e-22 1.94353745439e-22 0.00539423149566 
1.22994653269 1.00501068864e-22 6.70007125759e-23 0.00510522620166 
1.23268128072 -4.99097003751e-22 -3.32731335834e-22 0.00395619905136 
1.23268128072 -4.99097003751e-22 -3.32731335834e-22 0.00395619905136 
1.23229905432 6.18785684381e-22 4.12523789587e-22 0.00478785709255 
1.23229905432 6.18785684381e-22 4.12523789587e-22 0.00478785709255 
1.22649635776 9.69383854239e-23 6.46255902826e-23 0.00594641596232 
1.21810689259 2.90290659745e-22 1.93527106497e-22 0.00778072116444 
1.2066317446 -3.21641754883e-22 -2.14427836589e-22 0.00960849727989 
1.18675755333 1.5933757232e-22 1.06225048213e-22 0.0133081985775 
1.18754611762 -4.0008173944e-22 -2.66721159627e-22 0.0112661775094 
1.14522093309 3.28182284894e-23 2.18788189929e-23 0.018401484174 
1.09469215641 1.08420217249e-19 7.22801448324e-20 0.0341966409786 
1.05136836164 0.000228757235053 0.000152504823369 0.039960811505 
0.972328216919 0.00970831967192 0.00647221311462 0.0587760498813 
0.858372452851 0.0336984594685 0.0224656396457 0.0886434419512 
0.774590516766 0.375108996363 0.250072664242 0.129370400936 
0.60848870724 0.528873324627 0.352582216418 0.263072594092 
0.411828838029 0.733090858396 0.488727238931 0.384314210935 
0.108212805183 0.899651654775 0.59976776985 0.523598775598 
0.358027476247 1.24412718799 0.829418125323 0.170721990782 
0.210099029981 1.38170771114 0.921138474096 0.10722914122 
0.598312904368 1.42887223413 0.952581489423 0.198740350299 
0.799458432903 1.43455958132 0.956373054214 0.376478984147 
0.776703453643 1.51667283873 1.01111522582 0.283339686648 
0.780435617546 1.58386117875 1.0559074525 0.0629545820847 
0.824417914642 1.52171842449 1.01447894966 -0.523598775598 
0.843799777078 1.55373468376 1.03582312251 -0.523598775598 
0.861957749545 1.57851044624 1.0523402975 -0.523598775598 
0.882613401827 1.60328800361 1.06885866907 -0.515176196307 
0.915510810647 1.63777239886 1.09184826591 -0.440666289347 
0.944294470811 1.65540526138 1.10360350758 -0.394653254414 
0.964457538514 1.66475004257 1.10983336171 -0.368758761397 
0.978310265632 1.67113450899 1.11408967266 -0.352090929989 
0.987625034038 1.67415708205 1.11610472137 -0.342391976063 
0.994577882431 1.67628530494 1.11752353662 -0.335217924878 
0.998753482426 1.6772222594 1.11814817293 -0.331043712415 
1.00094852143 1.67831592319 1.11887728213 -0.328318727769 
0.999104019584 1.67746555751 1.11831037168 -0.331085804058 
0.989251473713 1.6744924673 1.11632831153 -0.340607335446 
0.972670957614 1.66682278292 1.11121518862 -0.358828015606 
0.938180068758 1.64551559022 1.09701039348 -0.406769446743 
0.887273208734 1.58770649633 1.05847099755 -0.522403201441 
0.864527553815 1.54910526549 1.03273684366 -0.523598775598 
0.840711331148 1.50021510529 1.00014340353 -0.523598775598 
0.819210629921 1.44326247484 0.962174983227 -0.523598775598 
0.787720338701 1.38526079792 0.923507198615 -0.506196179133 
1.45068112389e-18 1.48035481639 0.986903210924 -0.000625489448275 
0.160878650588 1.3911635557 0.927442370464 0.0377231827879 
0.32303888593 1.29073944018 0.860492960118 0.0843647448845 
0.445811555236 1.17767865403 0.785119102689 0.117564903638 
0.574485433196 1.03522976184 0.690153174558 0.12703152483 
0.635160552381 0.859608396025 0.573072264017 0.124074544815 
0.733732764624 0.680769108332 0.453846072222 0.100108047003 
0.768006928935 0.375128624297 0.250085749531 0.0975926166317 
0.850403899992 0.163800468294 0.109200312196 0.0830456057832 
0.939692330833 0.1390387483 0.0926924988669 0.0648766330644 
0.995448848979 -2.94720409823e-17 -1.96480273215e-17 0.0545734717225 
1.0654829472 -9.31196705371e-22 -6.2079780358e-22 0.0378943902569 
1.12509303626 0.0419753280335 0.0279835520224 0.0273337037707 
1.1499815238 0.0783593610585 0.052239574039 0.0263313431969 
1.20852979164 0.216162609048 0.144108406032 0.0210239529018 
1.24642204111 0.280867452256 0.187244968171 0.0185395565556 
1.27761147115 0.326080840211 0.217387226808 0.0166020345284 
1.25094368398 0.272136030616 0.181424020411 0.0185705012887 
1.23677441245 0.242358127537 0.161572085025 0.0205257554604 
1.19998176325 0.139729649607 0.093153099738 0.0243909415812 
1.23059816595 0.227074740114 0.151383160076 0.0215833151717 
1.22558431774 0.219550653592 0.146367102395 0.0224167679492 
1.17150424994 0.0658736525661 0.0439157683774 0.0305517121461 
1.15586050584 0.0192884204933 0.0128589469955 0.0338701454291 
1.16692591139 0.0986682010368 0.0657788006912 0.0298752530276 
1.11851948919 -2.56816694204e-17 -1.71211129469e-17 0.0394852615224 
1.10645961944 4.87890977618e-19 3.25260651746e-19 0.0391559362368 
1.09080566455 0.0437295102543 0.0291530068362 0.0383353448008 
1.04855355883 0.0524032381111 0.0349354920741 0.0443487064853 
0.99768826623 0.0631946832171 0.0421297888114 0.051163520857 
0.925939391308 0.0798409455031 0.0532272970021 0.0620758716261 
0.851755178895 0.0973630678449 0.0649087118966 0.0697305463262 
0.781593767416 0.111211717541 0.0741411450272 0.0726300295779 
0.648709028139 9.78114881505e-17 6.5207658767e-17 0.159491458658 
0.537842613618 -7.07346890005e-17 -4.71564593337e-17 0.309003380937 
0.476203238484 0.00275489586973 0.00183659724649 0.45098702039 
0.369388016832 0.112494317873 0.0749962119156 0.523598775598 
0.274784266429 0.204513121487 0.136342080991 0.523598775598 
0.196451094266 0.280348642916 0.186899095277 0.523598775598 
0.0969796517669 0.393431033427 0.262287355618 0.523598775598 
0.0381538328921 0.446931275958 0.297954183972 0.523598775598 
0.00480656986267 0.469902237447 0.313268158298 0.521677939756 
0.0 0.469720116746 0.313146744497 0.521488124458 
0.0 0.469720116746 0.313146744497 0.521488124458 
0.0 0.469720116746 0.313146744497 0.521488124458 
0.0 0.469720116746 0.313146744497 0.521488124458 
0.0 0.469720116746 0.313146744497 0.521488124458 
0.0 0.469720116746 0.313146744497 0.521488124458 
0.0 0.469720116746 0.313146744497 0.521488124458 
0.0 0.469720116746 0.313146744497 0.521488124458 
0.0 0.469720116746 0.313146744497 0.521488124458 
-8.87803619136e-21 0.457990056654 0.305326704436 0.518045507593 
-8.87803619136e-21 0.457990056654 0.305326704436 0.518045507593 
-8.87803619136e-21 0.457990056654 0.305326704436 0.518045507593 
-8.87803619136e-21 0.457990056654 0.305326704436 0.518045507593 
-8.87803619136e-21 0.457990056654 0.305326704436 0.518045507593 
-8.87803619136e-21 0.457990056654 0.305326704436 0.518045507593 
-8.87803619136e-21 0.457990056654 0.305326704436 0.518045507593 
-8.87803619136e-21 0.457990056654 0.305326704436 0.518045507593 
-5.45449763044e-21 0.47156601568 0.314377343787 0.513642353933 
-5.45449763044e-21 0.47156601568 0.314377343787 0.513642353933 
-5.45449763044e-21 0.47156601568 0.314377343787 0.513642353933 
-5.45449763044e-21 0.47156601568 0.314377343787 0.513642353933 
-1.73518427271e-21 0.46016617675 0.306777451167 0.510054446431 
-1.73518427271e-21 0.46016617675 0.306777451167 0.510054446431 
-1.73518427271e-21 0.46016617675 0.306777451167 0.510054446431 
-1.73518427271e-21 0.46016617675 0.306777451167 0.510054446431 
-2.56691765379e-22 0.448198347202 0.298798898135 0.50967329282 
0.0258448672888 0.426067237763 0.284044825175 0.510527120928 
0.094000005036 0.353446775581 0.23563118372 0.523598775598 
0.169555767185 0.276982666851 0.184655111234 0.523598775598 
0.293970278843 0.125727613692 0.083818409128 0.502654557792 
0.382405972591 0.0366052795766 0.0244035197177 0.264196422592 
0.505729454571 0.048165651337 0.0321104342247 0.0546445068953 
0.647575601491 0.0354974404905 0.023664960327 0.0365397774713 
0.777906226558 -8.69013830049e-18 -5.79342553366e-18 0.0347001130731 
0.871200246626 0.000210649292507 0.000140432861672 0.037523422519 
0.978791920682 -7.77844922295e-25 -5.1856328153e-25 0.0290226272382 
1.08061746921 1.71374189526e-22 1.14249459684e-22 0.0251694206143 
1.16769304542 6.59016499045e-22 4.39344332696e-22 0.0202999240605 
1.23879763472 -9.06975829221e-23 -6.04650552814e-23 0.0173214618013 
1.28713068263 -7.50958103222e-22 -5.00638735481e-22 0.0166220000372 
1.32808482573 2.10863962212e-22 1.40575974808e-22 0.0156482275993 
1.34694367493 -2.37462480343e-22 -1.58308320229e-22 0.0186546865219 
1.38862335708 1.7689911044e-22 1.17932740293e-22 0.0135298398734 
1.40035040499 -3.10629794381e-23 -2.07086529587e-23 0.0139337447742 
1.40534786774 -8.43146634125e-22 -5.62097756083e-22 0.0151577399775 
1.41894551397 -4.79494231242e-22 -3.19662820828e-22 0.0136089083691 
1.41853699196 -4.7683145491e-22 -3.17887636607e-22 0.0146187901826 
1.42243936372 1.31049881108e-21 8.73665874054e-22 0.0136764286543 
1.424862877 3.20130948268e-22 2.13420632179e-22 0.0125402175568 
1.42230681727 -7.23784091255e-23 -4.82522727503e-23 0.0129973464117 
1.41187392281 -1.27695395789e-22 -8.51302638596e-23 0.0147808759288 
1.41735841824 5.70314979222e-22 3.80209986148e-22 0.0109878296126 
1.40990192681 -3.64979940985e-22 -2.43319960656e-22 0.0119664201887 
1.41428122234 3.99363250806e-22 2.66242167204e-22 0.00994051083955 
1.41687410285 -5.51557037592e-24 -3.67704691728e-24 0.00856529154609 
1.41614845616 8.52980312444e-22 5.68653541629e-22 0.00902647943062 
1.40594613658 8.59425090999e-22 5.72950060666e-22 0.00919650075746 
1.40211265319 -9.38568440644e-23 -6.25712293763e-23 0.00903521462612 
1.403516308 -1.03538014883e-22 -6.90253432551e-23 0.00976291597598 
1.40695833093 -1.06283400907e-21 -7.0855600605e-22 0.00843271466621 
1.39682916842 1.26800603812e-21 8.45337358746e-22 0.0101912956249 
1.41172180855 7.7818026219e-22 5.1878684146e-22 0.00675326585141 
1.4156534998 1.35503613721e-21 9.03357424809e-22 0.00503453940533 
1.42019941556 -9.91418471291e-22 -6.60945647528e-22 0.00296334091503 
1.41569647983 -5.04350827782e-23 -3.36233885188e-23 0.00427296450978 
1.3970607601 1.12807766847e-21 7.52051778977e-22 0.00862609969671 
1.39376983527 6.2567317821e-22 4.1711545214e-22 0.00808225455012 
1.38057511524 7.27531537366e-22 4.85021024911e-22 0.0114402652099 
1.38205062024 -2.79921960334e-22 -1.86614640222e-22 0.0101177946632 
1.3758713752 7.53575600821e-22 5.02383733881e-22 0.0106054063782 
1.36016006144 5.58000273296e-22 3.72000182197e-22 0.0141209281777 
1.36343265339 2.64131878128e-22 1.76087918752e-22 0.0132965815437 
1.33500817818 -2.87624670688e-22 -1.91749780459e-22 0.0154922026824 
1.29595752654 9.22618968389e-22 6.1507931226e-22 0.0174662485093 
1.22980787993 0.0 0.0 0.0221821580145 
1.15484868294 6.03226368415e-18 4.02150912277e-18 0.0205185411896 
1.05829435817 9.10054014352e-18 6.06702676235e-18 0.0192647516003 
0.948800817453 0.021317401664 0.0142116011094 0.0187305596542 
0.790035780314 0.058082978313 0.038721985542 0.0295021744725 
0.758278740094 0.493785627901 0.329190418601 0.0174404667 
0.529020377493 0.334850479302 0.223233652868 0.033597960477 
0.37643705006 0.298090843714 0.198727229143 0.0688277105707 
0.263745389242 0.271183884888 0.180789256592 0.197436396536 
0.193176037101 0.30818960227 0.205459734847 0.403703464099 
0.157370019382 0.33415608441 0.22277072294 0.523598775598 
0.121948664155 0.372184591205 0.248123060803 0.523598775598 
0.109747643606 0.376037429602 0.250691619735 0.523598775598 
0.0973550295118 0.38456511662 0.256376744413 0.523598775598 
0.0810602191811 0.403018949579 0.26867929972 0.523598775598 
0.0721371214809 0.413804083191 0.275869388794 0.523598775598 
0.0597930593642 0.431639572916 0.287759715277 0.523598775598 
0.0590388272423 0.431261032052 0.287507354701 0.523598775598 
0.0626076863635 0.425330626529 0.28355375102 0.523598775598 
0.0583903848138 0.431350762158 0.287567174772 0.523598775598 
0.041703816835 0.459355671515 0.306237114343 0.523598775598 
0.0487083046668 0.44822744921 0.298818299473 0.523598775598 
0.0510518470258 0.444773432544 0.296515621696 0.523598775598 
0.0327654089013 0.475489315673 0.316992877115 0.52330421092 
0.0313174652052 0.47947744519 0.319651630127 0.522648275684 
0.0363334804675 0.471013010445 0.31400867363 0.522091392696 
0.038254983623 0.46865859857 0.312439065713 0.52182114356 
0.0534794477371 0.444568995218 0.296379330145 0.521933995328 
0.0461716877309 0.458598872418 0.305732581612 0.522663449453 
0.0521096501659 0.451075844405 0.300717229604 0.522968868659 
0.0644210349446 0.431403601259 0.28760240084 0.523525271502 
0.0815997604224 0.403810967792 0.269207311861 0.523598775598 
0.0802907450119 0.407949759246 0.271966506164 0.523598775598 
0.0815571738469 0.408646031746 0.272430687831 0.523598775598 
0.101042154734 0.374868581024 0.249912387349 0.523598775598 
0.0981568212445 0.381217019919 0.254144679946 0.523598775598 
0.100470191117 0.375884720691 0.250589813794 0.523598775598 
0.116263011566 0.348546693202 0.232364462135 0.523598775598 
0.121578507575 0.351142319312 0.234094879542 0.523598775598 
0.13863188813 0.333409979144 0.222273319429 0.523598775598 
0.17158789845 0.286455586643 0.190970391095 0.520968203757 
0.207305959614 0.237312165829 0.158208110552 0.426840937584 
0.246794665054 0.181188262083 0.120792174722 0.272097123628 
0.300205411608 0.111710806675 0.0744738711166 0.095354317039 
0.425404083004 0.175875825837 0.117250550558 -0.0317127562769 
0.565017440164 0.268384027949 0.1789226853 -0.0151070451587 
0.759252018098 0.483283744383 0.322189162922 -0.00292373899404 
0.818374893228 0.201366690673 0.134244460449 -0.00293282460557 
0.940132077411 0.170294056775 0.113529371183 0.00495095284424 
1.03045047984 -1.464744191e-17 -9.76496127331e-18 0.00939168089108 
1.14223613738 2.79564277121e-22 1.86376184747e-22 0.0129769045721 
1.2206922065 -1.26137505915e-22 -8.40916706097e-23 0.0194645660522 
1.30287991795 6.1459471848e-23 4.0972981232e-23 0.014257725603 
1.36667095352 6.95349951315e-22 4.6356663421e-22 0.0141305407152 
1.41485765641 -5.71189168676e-22 -3.80792779117e-22 0.0131741347197 
1.43936984924 -1.00107749709e-21 -6.67384998061e-22 0.0162660729018 
1.46755295557 -8.88293978703e-22 -5.92195985802e-22 0.0164497127415 
1.49018651386 1.00534846007e-21 6.70232306714e-22 0.0149088785956 
1.50393222845 8.12440937412e-22 5.41627291608e-22 0.0141611711986 
1.5051179369 -1.12203073682e-21 -7.48020491215e-22 0.0163189270502 
1.50439417936 2.13087324862e-22 1.42058216574e-22 0.0179600355163 
1.50823007634 3.4854966225e-22 2.323664415e-22 0.0176712776449 
1.5078251044 1.19205720023e-21 7.94704800153e-22 0.0184936670342 
1.5078251044 1.19205720023e-21 7.94704800153e-22 0.0184936670342 
1.5078251044 1.19205720023e-21 7.94704800153e-22 0.0184936670342 
1.5015272775 -3.03148546931e-22 -2.02099031287e-22 0.0193201949072 
1.49401575384 -9.44674283636e-22 -6.29782855757e-22 0.0201008028988 
1.49916553151 9.20650374901e-22 6.13766916601e-22 0.017984965559 
1.49909817614 -1.06446994227e-21 -7.09646628178e-22 0.0197899296349 
1.49654554878 1.07783414626e-21 7.18556097507e-22 0.0195369444359 
1.50261513287 -1.04873036271e-21 -6.99153575142e-22 0.0169749559188 
1.4939360144 -3.0257428022e-22 -2.01716186813e-22 0.0195485827311 
1.48295411589 1.5587047853e-22 1.03913652354e-22 0.0221822268702 
1.4849006491 1.27955642868e-21 8.53037619119e-22 0.0202335824336 
1.47505704897 1.77128696697e-22 1.18085797798e-22 0.0233429823818 
1.46641601921 5.51694687655e-23 3.67796458437e-23 0.0254248963395 
1.47912379269 8.88527952843e-22 5.92351968562e-22 0.0212882703816 
1.47912379269 8.88527952843e-22 5.92351968562e-22 0.0212882703816 
1.47874152527 2.59892148642e-22 1.73261432428e-22 0.0223348927919 
1.47874152527 2.59892148642e-22 1.73261432428e-22 0.0223348927919 
1.48259370599 4.85518461027e-22 3.23678974018e-22 0.0210220987009 
1.48893501125 -7.70989003579e-22 -5.13992669053e-22 0.0186252269483 
1.47994888575 8.10556450628e-22 5.40370967086e-22 0.0193967442246 
1.45731823742 1.7648091567e-22 1.1765394378e-22 0.0260745036062 
1.43575838354 -2.12743348535e-22 -1.41828899023e-22 0.0303628637636 
1.41327893218 3.83472052053e-22 2.55648034702e-22 0.0330196903651 
1.37483706891 6.45850313375e-24 4.30566875583e-24 0.0385210827114 
1.33726361482 8.1369160817e-22 5.42461072113e-22 0.039113151722 
1.27840318784 -1.91267588502e-22 -1.27511725668e-22 0.0440600884528 
1.17653347705 1.95156391047e-18 1.30104260698e-18 0.043155779103 
1.07813045504 0.0126386161457 0.00842574409711 0.0455395596319 
0.974124781332 0.0305928686761 0.0203952457841 0.0503395647514 
0.858406778764 0.0580714123098 0.0387142748732 0.0698423431988 
0.782655816811 0.294482273866 0.196321515911 0.0615662925374 
0.653025451494 0.336940078607 0.224626719071 0.0753183999346 
0.754056648807 0.713792033307 0.475861355538 0.0412180065793 
0.701117380551 0.778303173607 0.518868782405 0.0384155184238 
0.446079582099 0.622880796977 0.415253864652 0.0529633198401 
0.354100867475 0.56405330008 0.376035533386 0.0633038798725 
0.314892699937 0.608208285733 0.405472190489 0.0598833602332 
0.258975906671 0.514458834941 0.342972556627 0.0819797259637 
0.232459891622 0.488929744087 0.325953162725 0.0944641673353 
0.226415253829 0.530052781589 0.353368521059 0.0816222515964 
0.22231916773 0.569362846602 0.379575231068 0.0724894766018 
0.216394931093 0.577198311545 0.384798874364 0.0682700946322 
0.202373384813 0.514227479007 0.342818319338 0.0840800607639 
0.209336184733 0.577904461986 0.385269641324 0.0663766563838 
0.207683026247 0.567993932156 0.378662621437 0.0635147206052 
0.222223544605 0.627698664945 0.41846577663 0.0501373671943 
0.21939121765 0.593638376088 0.395758917392 0.050707635385 
0.224405979396 0.591139608173 0.394093072116 0.0501539296835 
0.249249562509 0.675153284489 0.45010218966 0.0381708949725 
0.263400311568 0.705732730701 0.470488487134 0.0310830804356 
0.271573883182 0.697995356042 0.465330237361 0.0257106822052 
0.290299304885 0.715862542084 0.477241694723 0.0223383174345 
0.291263041411 0.682846605263 0.455231070176 0.0218715018161 
0.311603266699 0.708436742652 0.472291161768 0.0188007511461 
0.331003026405 0.727759757908 0.485173171939 0.0117792417336 
0.354957588691 0.756613334303 0.504408889535 0.00400457483709 
0.369098338838 0.796012024084 0.530674682722 -0.00164732715534 
0.318653200343 0.766730686323 0.511153790882 -0.00575678825077 
