0.0 0.0 0.0 0.0 
-8.2751940334e-21 0.67579728752 0.450531525013 -0.465285265546 
-8.2751940334e-21 0.67579728752 0.450531525013 -0.465285265546 
-8.2751940334e-21 0.67579728752 0.450531525013 -0.465285265546 
-8.2751940334e-21 0.67579728752 0.450531525013 -0.465285265546 
-8.2751940334e-21 0.67579728752 0.450531525013 -0.465285265546 
-8.2751940334e-21 0.67579728752 0.450531525013 -0.465285265546 
-8.2751940334e-21 0.67579728752 0.450531525013 -0.465285265546 
-8.2751940334e-21 0.67579728752 0.450531525013 -0.465285265546 
-8.2751940334e-21 0.67579728752 0.450531525013 -0.465285265546 
-8.2751940334e-21 0.67579728752 0.450531525013 -0.465285265546 
-8.2751940334e-21 0.67579728752 0.450531525013 -0.465285265546 
-8.2751940334e-21 0.67579728752 0.450531525013 -0.465285265546 
-8.2751940334e-21 0.67579728752 0.450531525013 -0.465285265546 
-8.2751940334e-21 0.67579728752 0.450531525013 -0.465285265546 
-8.2751940334e-21 0.67579728752 0.450531525013 -0.465285265546 
-1.85125566936e-21 0.666405360024 0.444270240016 -0.466675289657 
1.9907884438e-22 0.646023763151 0.430682508767 -0.455755360306 
-2.74302980511e-21 0.646782316455 0.43118821097 -0.388029727996 
-1.43528288528e-21 0.626571134936 0.417714089957 -0.376807740888 
2.39214012203e-21 0.613216596199 0.408811064133 -0.284496404112 
-1.96950535992e-18 0.593600665219 0.395733776813 -0.226670326291 
0.0228925731808 0.5588868005 0.372591200333 -0.213214705354 
0.0452674176845 0.532438271052 0.354958847368 -0.202165204704 
0.0538764763872 0.53041114451 0.353607429673 -0.200515552929 
0.0603805639583 0.528668387495 0.352445591663 -0.199182757314 
0.0566735082188 0.53649445586 0.357662970574 -0.200672687816 
0.0539783878478 0.542368316269 0.361578877513 -0.201016532634 
0.0522845669963 0.543130471859 0.362086981239 -0.201054260199 
0.0570082107393 0.537297881724 0.358198587816 -0.196371252821 
0.052419005097 0.53895794189 0.359305294593 -0.196941605191 
0.0544161930069 0.539278041646 0.359518694431 -0.19660792253 
0.0582334449471 0.537858295735 0.358572197157 -0.195781555557 
0.0607929467067 0.536112277917 0.357408185278 -0.195174968635 
0.0643544393218 0.533974036843 0.355982691229 -0.194800145347 
0.0643544393218 0.533974036843 0.355982691229 -0.194800145347 
0.0615600375404 0.541551960074 0.361034640049 -0.205695238636 
0.0657453169565 0.528708230274 0.352472153516 -0.205131216654 
0.0680921898337 0.528319631181 0.352213087454 -0.205335415666 
0.0851828961851 0.506205942589 0.337470628393 -0.202574693721 
0.0979827683663 0.489535046395 0.326356697597 -0.207541292808 
0.113144019921 0.485583565378 0.323722376918 -0.205434752133 
0.127801299939 0.460178093126 0.306785395417 -0.206674360824 
0.143722630671 0.438250859282 0.292167239521 -0.206688232117 
0.16792181461 0.413633682814 0.275755788543 -0.202378871474 
0.195326087891 0.383486700592 0.255657800395 -0.193402580057 
0.236699789086 0.322331311559 0.214887541039 -0.229991955583 
0.281011778882 0.273820253577 0.182546835718 -0.193028650257 
0.34516966084 0.22379407442 0.149196049613 -0.147086545052 
0.410462580534 0.18638857251 0.12425904834 -0.102782449908 
0.496688276297 0.070187773082 0.0467918487213 -0.10124734209 
0.590365628236 0.039454454665 0.0263029697767 -0.06975910805 
0.685485915385 0.0133694294431 0.00891295296209 -0.0466385884198 
0.789639321648 3.29081468362e-21 2.19387645575e-21 -0.0256952359894 
0.891657951133 1.72957486565e-07 1.15304991043e-07 -0.0118532181232 
0.996978167936 4.65285947223e-23 3.10190631482e-23 -0.0133431561371 
1.08560051238 8.20517960119e-23 5.47011973413e-23 -0.0035508149427 
1.16542948181 2.70663805601e-22 1.80442537067e-22 -0.00565795270073 
1.23050351233 3.63362120075e-22 2.42241413383e-22 -0.00793803257864 
1.29118494201 3.49354958115e-22 2.3290330541e-22 -0.0102659166033 
1.33607462505 -5.06284492615e-23 -3.37522995077e-23 -0.00701465545042 
1.36838740302 4.62707940015e-22 3.0847196001e-22 -0.00499940621734 
1.39411803717 1.27666378738e-21 8.51109191589e-22 -0.00530013313586 
1.40794254046 1.99630028151e-21 1.33086685434e-21 -0.00295523356853 
1.42230478633 -2.28606104548e-22 -1.52404069698e-22 -0.00666971165935 
1.42513734178 2.46350707538e-22 1.64233805025e-22 -0.00132397106453 
1.43849154961 -2.15241602166e-21 -1.43494401444e-21 -0.00636921574048 
1.44304372344 1.28640402142e-21 8.57602680948e-22 -0.00583800626268 
1.44629114136 4.6355072197e-22 3.09033814647e-22 -0.00982361989072 
1.444178921 4.48776447812e-22 2.99184298541e-22 -0.00912948815674 
1.44276913057 -3.3104104227e-22 -2.2069402818e-22 -0.00902135725722 
1.44348810794 -1.13017793505e-22 -7.534519567e-23 -0.0102096731255 
1.43892454602 3.62818884926e-23 2.41879256618e-23 -0.0099766905463 
1.43768137719 1.59623545406e-22 1.06415696937e-22 -0.0108157242959 
1.42997210165 -4.23168799173e-22 -2.82112532782e-22 -0.0115199382226 
1.43368101738 7.4477111202e-22 4.9651407468e-22 -0.00999238620029 
1.43533953441 -4.85330313227e-24 -3.23553542151e-24 -0.00914990549978 
1.43734447548 9.79080139634e-22 6.5272009309e-22 -0.00970020971777 
1.43002681306 3.9826543413e-22 2.6551028942e-22 -0.010199451301 
1.42132746294 9.42755889491e-22 6.28503926327e-22 -0.00613273663284 
1.41998766922 1.11418372292e-21 7.42789148611e-22 -0.00599864791334 
1.4219661659 -3.94953518378e-22 -2.63302345585e-22 -0.00709670196054 
1.41301095773 -1.75515651112e-22 -1.17010434074e-22 -0.00411320893651 
1.41671088416 5.46189572605e-22 3.64126381737e-22 -0.00737700759593 
1.4156639754 -6.7726108683e-22 -4.5150739122e-22 -0.00697798644499 
1.40700041138 -9.05772466326e-22 -6.03848310884e-22 -0.00634964531924 
1.40344513592 1.03922498979e-21 6.92816659857e-22 -0.00457914295664 
1.39942448821 -2.57703502487e-22 -1.71802334991e-22 -0.00201377409946 
1.39419240447 1.05556902064e-24 7.03712680429e-25 -0.00166632226401 
1.39616207351 -8.82337718179e-22 -5.88225145453e-22 -0.00501589936943 
1.3963384624 1.8037240567e-21 1.20248270447e-21 -0.00359960865607 
1.39859622711 6.94177300394e-22 4.62784866929e-22 -0.00162748181435 
1.3946468477 -1.41657481805e-21 -9.44383212032e-22 0.000414640368515 
1.38534208795 2.16188902794e-22 1.44125935196e-22 0.0053055919337 
1.38174211898 5.26407108858e-22 3.50938072572e-22 0.00588613943756 
1.38007669044 6.45997727702e-22 4.30665151802e-22 0.00313236343645 
1.38026219813 1.21670057527e-21 8.11133716845e-22 0.00430368097367 
1.37197978146 3.49197360015e-22 2.3279824001e-22 0.00492004432471 
1.36879390219 4.83908223312e-22 3.22605482208e-22 0.00434962212321 
1.36269927864 8.05732724701e-22 5.371551498e-22 0.00528550941421 
1.35676650476 1.42730767009e-21 9.51538446726e-22 0.00191998584804 
1.34635105561 -5.24317471213e-22 -3.49544980809e-22 0.00292177314305 
1.34635105561 -5.24317471213e-22 -3.49544980809e-22 0.00292177314305 
1.3374715291 -8.94968231327e-22 -5.96645487551e-22 0.000802017701016 
1.33272035529 -6.2758043999e-22 -4.18386959993e-22 0.00180342162992 
1.33402885403 9.34032824025e-22 6.2268854935e-22 -0.00133122021433 
1.33402885403 9.34032824025e-22 6.2268854935e-22 -0.00133122021433 
1.33925673976 4.57060827754e-22 3.04707218502e-22 -0.00449020981432 
1.33324568916 1.56405267289e-21 1.04270178193e-21 -0.00551768784315 
1.33781940465 2.18706981205e-22 1.45804654137e-22 -0.0081636269753 
1.33260892813 5.54027142546e-22 3.69351428364e-22 -0.0068818335362 
1.33440642506 4.84297920458e-22 3.22865280305e-22 -0.00914209533043 
1.30488358161 2.79349262028e-18 1.86232841352e-18 -0.0108760370252 
1.25537967302 -4.47952254831e-18 -2.98634836554e-18 -0.00582533599517 
1.20463835175 3.0540279522e-18 2.0360186348e-18 -0.00393342656539 
1.12254633455 -3.41155787028e-18 -2.27437191352e-18 -0.00283317131547 
1.03676224055 0.0208244668026 0.0138829778684 -0.00422296823862 
0.910259882148 0.0518067988508 0.0345378659005 -0.00126534131291 
0.759104029746 0.0904954862219 0.0603303241479 -0.00333539958045 
0.563381194684 -1.90728577945e-17 -1.27152385296e-17 -0.0260134904082 
0.379095795337 1.19855328732e-18 7.99035524877e-19 -0.0691721816472 
0.248498933169 -4.52869919314e-18 -3.01913279543e-18 0.0161984623092 
0.15853527728 -1.160855999e-17 -7.73903999337e-18 0.0231549602325 
0.101948973656 -3.91132569894e-22 -2.60755046596e-22 0.0255999524898 
0.0642784308953 -5.33706535045e-23 -3.55804356696e-23 0.0278302352627 
0.0391144519111 -1.09867727276e-21 -7.32451515176e-22 0.0291611396773 
0.0143501501206 -3.80368384936e-21 -2.53578923291e-21 0.0259106008888 
1.28956087399e-19 2.53431480346e-21 1.6895432023e-21 0.0251091367315 
1.28956087399e-19 2.53431480346e-21 1.6895432023e-21 0.0251091367315 
1.28956087399e-19 2.53431480346e-21 1.6895432023e-21 0.0251091367315 
1.28956087399e-19 2.53431480346e-21 1.6895432023e-21 0.0251091367315 
1.28956087399e-19 2.53431480346e-21 1.6895432023e-21 0.0251091367315 
-5.01482805183e-21 -3.98763827511e-22 -2.65842551674e-22 0.0222755560596 
7.64330154382e-21 4.13902938456e-22 2.75935292304e-22 0.0196152729625 
2.69138156358e-21 1.31284329098e-21 8.75228860652e-22 0.0165577788313 
2.04946357358e-21 5.67554713317e-22 3.78369808878e-22 0.0112601168243 
-7.94364953707e-22 -7.61730346046e-22 -5.07820230697e-22 0.00662889036918 
-1.23758978446e-21 9.9189366396e-22 6.6126244264e-22 0.0037448805657 
0.0027145234791 -5.21438004977e-22 -3.47625336651e-22 0.00166857426328 
0.00224531750248 -2.56747859834e-22 -1.71165239889e-22 -0.000687828857066 
1.30256188609e-21 5.68574789454e-07 3.79049859636e-07 9.33029890445e-08 
0.00377126415263 6.70140236078e-22 4.46760157386e-22 -0.00210405429293 
0.00154689968029 -1.84583767308e-21 -1.23055844872e-21 -0.000846464345891 
0.00657389762222 2.24745244295e-21 1.49830162863e-21 0.00169755018876 
0.008232181457 -8.57911102288e-22 -5.71940734859e-22 0.00171283303899 
0.0129496722541 -1.37551646419e-21 -9.17010976129e-22 0.00115033982319 
0.0102166382156 -2.25331352837e-22 -1.50220901891e-22 -0.00152666751401 
0.00504098275137 0.00735111180871 0.00490074120581 -0.00245641783196 
0.00946606896427 1.12456881425e-18 7.49712542831e-19 0.00331157889526 
0.0158428752993 1.36201697807e-21 9.08011318712e-22 0.00637649423055 
0.0214293660215 1.72131707508e-21 1.14754471672e-21 0.00533784279216 
0.0275250617712 -8.84467958837e-22 -5.89645305891e-22 0.00517042861215 
0.0420870602547 -3.37124644026e-23 -2.24749762684e-23 0.000694527231136 
0.0819974963511 5.71608684857e-22 3.81072456571e-22 0.00114355896162 
0.15568581919 9.61142182344e-23 6.40761454896e-23 -0.0136444806048 
0.271558792372 0.0140918661164 0.00939457741091 -0.0461141083651 
0.424314737422 0.112697792742 0.0751318618281 0.0917372884683 
0.668392288864 0.34339182146 0.228927880973 0.0327928146134 
0.830106716889 0.286136100236 0.190757400157 0.0403854654675 
0.929857665496 -3.93829406376e-18 -2.62552937584e-18 0.0481668160081 
1.08515276634 -1.54823611134e-22 -1.03215740756e-22 0.0322219955026 
1.20307086673 1.38597178812e-22 9.23981192081e-23 0.0205200875832 
1.29099051804 6.74939281356e-22 4.49959520904e-22 0.0127499263659 
1.35086002068 7.21793068439e-22 4.81195378959e-22 0.00635357839997 
1.396520014 2.74026628093e-22 1.82684418729e-22 0.00159823401983 
1.42229991993 1.9290070293e-21 1.2860046862e-21 -0.000861980441512 
1.44160555022 1.26542088012e-21 8.43613920081e-22 -0.0028553745169 
1.46084799878 1.04062731903e-22 6.93751546023e-23 -0.00567266680114 
1.46676848809 -5.61817003022e-22 -3.74544668681e-22 -0.00766622466967 
1.47775543348 2.63967027616e-22 1.75978018411e-22 -0.00895266980706 
1.4819237364 -2.78175425247e-23 -1.85450283498e-23 -0.0101907618422 
1.47985997604 2.77842473756e-22 1.85228315837e-22 -0.00610116158501 
1.47759903128 1.33503174816e-23 8.90021165442e-24 -0.00499883633069 
1.48387601117 -3.73966951111e-23 -2.49311300741e-23 -0.00758597790408 
1.47661864682 5.3657285747e-22 3.57715238313e-22 -0.00477724945037 
1.47732831026 -7.6431680782e-22 -5.09544538546e-22 -0.00646201603843 
1.46776642687 1.69156348365e-22 1.1277089891e-22 -0.00289998881235 
1.46197713423 1.26651644289e-21 8.4434429526e-22 -0.00149943927724 
1.46234711857 -1.30890686955e-21 -8.726045797e-22 -0.00166069915789 
1.46693467234 -5.74776347904e-22 -3.83184231936e-22 -0.000658100229236 
1.47092279371 5.43055754087e-22 3.62037169391e-22 -0.00119212912023 
1.46516817225 8.99681030389e-23 5.99787353593e-23 0.00238810550765 
1.46881570286 1.41868012206e-21 9.45786748041e-22 0.00124222225013 
1.47152702421 -1.76585560066e-21 -1.17723706711e-21 -0.00163004188795 
1.47645884193 -2.346706832e-22 -1.56447122134e-22 -0.00120896906355 
1.4670121652 -4.1336772776e-22 -2.75578485174e-22 0.00315094569886 
1.46258914479 -1.32189592563e-24 -8.81263950422e-25 0.00197659855021 
1.45246819863 -1.19348176212e-22 -7.95654508083e-23 0.00369241587139 
1.45365059018 1.10481021444e-21 7.36540142962e-22 0.00518344824898 
1.44678177647 1.76534475419e-22 1.17689650279e-22 0.00438081962074 
1.45438710508 -4.97763017747e-22 -3.31842011831e-22 0.000289373295928 
1.43863384739 7.66531335632e-22 5.11020890421e-22 0.00455434684975 
1.42734922574 4.968678457e-22 3.31245230467e-22 0.00531067647834 
1.39496712733 1.59714675379e-21 1.06476450253e-21 0.00850881542699 
1.36678886352 1.36584359019e-21 9.1056239346e-22 0.00738024470866 
1.31934864382 1.17416651934e-18 7.82777679561e-19 0.00658698609901 
1.23904750693 -3.0391036412e-18 -2.02606909413e-18 0.00898016981551 
1.1335734557 -1.28500012995e-17 -8.566667533e-18 0.0116652154752 
0.888632814235 0.0580597095945 0.038706473063 0.0203369528136 
0.576708236346 6.55571576304e-18 4.37047717536e-18 0.0501926139763 
0.367011214175 -4.83133232091e-18 -3.22088821394e-18 -0.123673905431 
0.205559074216 -2.56088348348e-17 -1.70725565566e-17 -0.0322781829332 
0.104644564042 -1.24185892569e-18 -8.27905950457e-19 -0.0137823867907 
0.0396893813295 0.0227694400928 0.0151796267285 -0.00561120155517 
0.00184363731696 0.0259445520203 0.0172963680135 -0.00290791936202 
-8.70298236808e-18 0.026406994478 0.0176046629853 0.00545555833985 
-8.08997366655e-20 -1.13392644748e-17 -7.55950964988e-18 0.0102116430572 
-8.08997366655e-20 -1.13392644748e-17 -7.55950964988e-18 0.0102116430572 
-8.08997366655e-20 -1.13392644748e-17 -7.55950964988e-18 0.0102116430572 
3.4701633586e-21 0.0401179661344 0.0267453107563 0.00894625390503 
-1.85163856193e-20 0.0628114922224 0.0418743281483 0.0064269765178 
2.86877746561e-21 0.0316025874847 0.0210683916565 0.00614330651748 
2.94047547624e-21 0.0471759074211 0.0314506049474 -0.000272365586181 
1.73516836435e-21 0.0275403235902 0.0183602157268 -0.00254465306821 
0.00257108040586 0.026402428735 0.0176016191567 -0.00588746033756 
0.0108197566782 0.0256938166395 0.017129211093 -0.00672230854767 
0.0203123625846 0.00134513771447 0.000896758476316 -0.00575552128438 
0.0254819627898 0.0299467663307 0.0199645108871 -0.00650962600605 
0.034056219312 0.0289664107105 0.0193109404737 -0.00672788983288 
0.0367208743722 0.0538267250374 0.0358844833583 -0.00598058344439 
0.043593977705 0.0358493741443 0.0238995827629 -0.00408657469164 
0.0534922791822 0.0151209619145 0.0100806412763 -0.00437787329215 
0.0580148170717 0.056759793986 0.0378398626573 -0.0100560609024 
0.0625477835233 0.0668704276938 0.0445802851292 -0.0106935219017 
0.0694562913419 0.082196850623 0.0547979004153 -0.0136171460053 
0.0869217480293 0.0808200240053 0.0538800160036 -0.0182001742044 
0.102626953893 0.103478294402 0.0689855296013 -0.0234215702251 
0.122789753543 0.117758216658 0.0785054777722 -0.026002170729 
0.159925179681 0.158378255645 0.105585503764 -0.0421429835051 
0.203312676192 0.209052075356 0.139368050238 -0.0624617097923 
0.248485536091 0.281948844735 0.18796589649 0.125418888215 
0.289931573536 0.284855526614 0.18990368441 0.130783828891 
0.325921282155 0.293583629559 0.195722419706 0.137042748827 
0.505254864381 0.669200989439 0.446133992959 0.0306282977059 
0.631245567684 0.756470377463 0.504313584975 0.0355278248066 
0.710738985545 0.773756363889 0.515837575926 0.0415840303 
0.724675097876 0.757118330734 0.504745553823 0.0494543946678 
0.777079039658 0.772110564516 0.514740376344 0.0592550380402 
0.777201382833 0.773018226912 0.515345484608 0.0716742695854 
0.778914469426 0.772211466496 0.514807644331 0.0804770905171 
0.772051472023 0.794525713068 0.529683808712 0.094141841146 
0.755432355278 0.839656122336 0.559770748224 0.112844183377 
0.73254140584 0.906991498686 0.604660999124 0.13366614156 
0.701372636657 1.00364213664 0.669094757757 0.162741592871 
0.600908159265 1.07995777081 0.719971847208 0.188726991994 
0.535938538885 1.14741496349 0.764943308991 0.206556524582 
0.460300599647 1.21487973561 0.809919823742 0.205010472596 
0.362400129892 1.28667304588 0.857782030586 0.183924203887 
0.241428634973 1.35137119022 0.900914126813 0.141230081995 
0.0839726713195 1.40842927795 0.938952851967 0.0872252940852 
-1.04249445279e-16 1.46284941504 0.975232943362 0.0327705323674 
-1.6857877152e-21 1.5070065128 1.00467100853 0.000327844912918 
1.16239063041e-21 1.54065408585 1.0271027239 -0.0258566343425 
2.02654593192e-22 1.56793953788 1.04529302525 -0.0495360424284 
0.701088086764 1.54636118915 1.03090745943 0.124721819182 
0.730459948798 1.56061682289 1.04041121526 0.101922544679 
0.759582231799 1.56938463894 1.04625642596 0.0839551610291 
0.78182208655 1.57436459357 1.04957639571 0.0731651435682 
0.800524654356 1.57557454508 1.05038303005 0.0640345925326 
0.817050661586 1.57679115344 1.0511941023 0.0562262084714 
0.828869283953 1.57717227187 1.05144818124 0.050752322743 
0.837632791165 1.57758992979 1.05172661986 0.0468913775051 
0.844355352269 1.57869804977 1.05246536651 0.0437848109903 
0.848531628604 1.57948929366 1.05299286244 0.041132708479 
0.848682653316 1.58008333173 1.05338888782 0.0410675092392 
0.853164830077 1.57964706088 1.05309804059 0.0380928392409 
0.853256387086 1.57997559701 1.05331706467 0.0380798956661 
0.853249570095 1.57924612251 1.05283074834 0.0380521047101 
0.853259752226 1.57873166279 1.05248777519 0.0380294790321 
0.853312987703 1.57854823475 1.05236548983 0.0380183510796 
0.853246567572 1.57785336731 1.05190224487 0.038022890944 
0.853124153329 1.57732497105 1.0515499807 0.0380923632402 
0.848972958017 1.5770294645 1.05135297634 0.041280525602 
0.848720594252 1.5752977753 1.05019851686 0.0413286806423 
0.848562496539 1.57462126225 1.04974750817 0.0414126256199 
0.84465053485 1.57434560019 1.04956373346 0.0448056612711 
0.844461882834 1.57339559009 1.04893039339 0.0448754840862 
0.839603162515 1.57155715457 1.04770476971 0.0493159135309 
0.839354255159 1.57033142055 1.0468876137 0.0494216188473 
0.832496832698 1.56988539759 1.04659026506 0.0562907443889 
0.827555678687 1.56447850516 1.04298567011 0.0648246347982 
0.82223453339 1.55667727038 1.03778484692 0.0741287216365 
0.814635790785 1.55001306749 1.03334204499 0.0849229644871 
0.8154520488 1.53480485944 1.02320323962 0.112125011182 
0.799403536707 1.51862625261 1.01241750174 0.126971646276 
0.782287088111 1.49310622114 0.995404147426 0.143715608253 
0.763516688362 1.45171614082 0.96781076055 0.154132309222 
0.565586649013 1.42244542754 0.948296951694 0.0743315371408 
0.0759627535157 1.35983708288 0.906558055251 -0.00898220167975 
0.380392584938 1.25833273926 0.838888492837 0.0631549618992 
0.554124084105 1.13164858137 0.754432387579 0.09759078535 
0.689046343735 0.991162488028 0.660774992019 0.104816569584 
0.798281084831 0.812549357745 0.54169957183 0.0936323072443 
0.899687079869 0.59435502878 0.396236685854 0.0788170462404 
0.903734547503 0.0383184443092 0.0255456295395 0.0929003262156 
1.02740471715 -2.81702681524e-20 -1.87801787683e-20 0.0437887664094 
1.11810573583 2.56598172262e-22 1.71065448175e-22 0.0222830850713 
1.17217048118 1.70712350838e-22 1.13808233892e-22 0.00939941378306 
1.21865035578 3.01972575944e-22 2.01315050629e-22 -0.00353171219264 
1.25080103998 4.65923431122e-23 3.10615620748e-23 -0.013213218343 
1.27284968478 -3.60838250064e-22 -2.40558833376e-22 -0.0144478013463 
1.29022926454 -5.5129771084e-22 -3.67531807227e-22 -0.0191981188182 
1.30751700561 1.00287049078e-21 6.68580327187e-22 -0.0238269999325 
1.32018452132 -7.47858373899e-22 -4.98572249266e-22 -0.0264865928846 
1.32874662667 2.90659765996e-22 1.93773177331e-22 -0.0265323361293 
1.32863996252 1.39990835959e-21 9.33272239727e-22 -0.0225719339245 
1.33197646636 4.29784977289e-22 2.86523318193e-22 -0.0209040926211 
1.33365752692 -2.98143740519e-23 -1.98762493679e-23 -0.0175005623708 
1.33649874431 2.64643872357e-22 1.76429248238e-22 -0.0201168793581 
1.33931561976 -6.84925862759e-22 -4.56617241839e-22 -0.0211151507135 
1.33684586616 7.41186162228e-22 4.94124108152e-22 -0.0206041169644 
1.33495417037 6.14531176622e-23 4.09687451082e-23 -0.0204434018663 
1.32620862457 9.69722623202e-23 6.46481748801e-23 -0.0205234478175 
1.33372602826 1.28872221991e-21 8.59148146606e-22 -0.0189246882939 
1.32761825936 2.89794261698e-22 1.93196174465e-22 -0.0180185154927 
1.32049589914 1.39035751362e-21 9.26905009077e-22 -0.017099938283 
1.30053850206 -2.784574904e-23 -1.85638326933e-23 -0.014592903102 
1.28309902914 -6.8129682957e-22 -4.5419788638e-22 -0.0154145921742 
1.26082168603 8.37853063985e-19 5.58568709323e-19 -0.0164161426435 
1.23165623945 2.81630178076e-18 1.87753452051e-18 -0.0168449946365 
1.1913745256 -1.14108259688e-18 -7.60721731254e-19 -0.0182513722386 
1.12910592202 -1.53571507114e-17 -1.02381004742e-17 -0.0124156754968 
1.06222714511 0.0132847947585 0.00885652983898 -0.0055019974935 
0.98434461591 0.0303297810283 0.0202198540188 0.00657785939156 
0.915615766203 0.0479594901501 0.0319729934334 0.0159935205864 
0.821632021256 0.0733281526484 0.0488854350989 0.0302706857805 
0.861784025991 0.497297970295 0.331531980197 0.0190615263613 
0.779881155712 0.551908973838 0.367939315892 0.0167805642756 
0.544187603249 0.387815408955 0.25854360597 0.0208484726931 
0.386476930614 0.291235910362 0.194157273575 0.0386506078718 
0.279950371322 0.220210369324 0.146806912883 0.0429186336057 
0.196658934466 0.14376024048 0.0958401603199 -0.05625058442 
0.144372472246 0.128988752637 0.0859925017582 -0.0310853822922 
0.109399712995 0.132062986998 0.0880419913317 -0.0203886038631 
0.0837565409372 0.119281499165 0.0795209994436 -0.0165045652488 
0.0662109056495 0.112568156695 0.0750454377964 -0.011708642918 
0.0534192354587 0.112404892794 0.0749365951961 -0.0075758023341 
0.0496015413446 0.0560048066056 0.0373365377371 -0.00399033792618 
0.0507509380022 0.0160242431105 0.0106828287404 0.000411701614199 
0.0476048034376 0.0673966644539 0.044931109636 -0.00141700908682 
0.0516558047281 0.0668742558476 0.0445828372317 -0.00288795128314 
0.056966815673 0.0444651665455 0.0296434443637 -0.00214178691321 
0.0594314597467 0.0526630941758 0.0351087294505 -0.00398708438108 
0.0593957007937 0.104272267393 0.0695148449284 -0.00874636240338 
0.0675263291347 0.0691040462044 0.0460693641363 -0.00875554345102 
0.0704975631419 0.0864727656018 0.0576485104012 -0.00823384281705 
0.0745627584133 0.0606208978616 0.0404139319078 -0.00634098602386 
0.0799268649853 0.0599254748015 0.0399503165343 -0.00619610387014 
0.0816904038986 0.0406815054244 0.0271210036163 -0.00407669042163 
0.0853045244156 0.0637067294947 0.0424711529965 -0.00435244022351 
0.0985744229976 0.0623878043882 0.0415918695921 -0.0047564194495 
0.109300823427 0.076715260467 0.051143506978 -0.00635069038716 
0.119959160438 0.0766333484506 0.0510888989671 -0.000408116124283 
0.144648730846 0.0740285832623 0.0493523888415 -0.000791959598032 
0.168607787242 0.0341021313726 0.0227347542484 0.00326472643093 
0.197282177881 0.0450306102307 0.0300204068205 0.000389567141584 
0.238719809649 0.0395889047599 0.0263926031733 -0.000121465741959 
0.287117217931 0.0173227749528 0.0115485166352 -0.0104296267712 
0.406240874417 0.123618023668 0.0824120157789 0.0356245409416 
0.554147396059 0.184295519731 0.122863679821 0.0276787969797 
0.677139702281 0.158401109952 0.105600739968 0.037897860234 
0.79307394744 0.131576720152 0.0877178134345 0.036798671584 
0.907672381364 0.101820887564 0.0678805917095 0.0362909500221 
0.974294493199 8.35451930414e-19 5.56967953609e-19 0.0398368106643 
1.05696933561 -1.34740203456e-22 -8.9826802304e-23 0.036830557771 
1.13500265506 2.1381120392e-22 1.42540802613e-22 0.0321789249043 
1.18259992089 3.28640785737e-22 2.19093857158e-22 0.0359373210557 
1.21672427973 -3.28316668162e-22 -2.18877778774e-22 0.0339193818898 
1.21653437036 5.72651045427e-22 3.81767363618e-22 0.0404099542856 
1.21653437036 5.72651045427e-22 3.81767363618e-22 0.0404099542856 
1.21297148031 2.12155464154e-22 1.41436976102e-22 0.0461327965336 
1.18924148681 -7.05495494598e-22 -4.70330329732e-22 0.0546161567487 
1.16279674923 -3.3058012423e-22 -2.20386749487e-22 0.0606486985032 
1.12046233746 8.96657444911e-23 5.97771629941e-23 0.0775806578215 
1.07461843112 4.54736621183e-22 3.03157747455e-22 0.0958348114222 
1.00900942444 3.30667314249e-19 2.20444876166e-19 0.123824504443 
0.935345265428 0.0160314449184 0.0106876299456 0.153388334051 
0.842486449147 0.0505440744883 0.0336960496589 0.198466589399 
0.85735646592 0.535415613237 0.356943742158 0.133171029597 
0.838699785729 0.689648033415 0.45976535561 0.134751252901 
0.796453844637 0.761305505679 0.507537003786 0.140044578119 
0.767766745033 0.837313410567 0.558208940378 0.138988654459 
0.753273707425 0.894325958365 0.596217305577 0.140712421856 
0.742618816843 0.935158884248 0.623439256165 0.141688768676 
0.728203940963 0.978580608079 0.652387072052 0.141783595492 
0.686700469764 1.00018586482 0.666790576544 0.137012504692 
0.678717824151 1.02855372859 0.685702485728 0.136913149389 
0.66866487853 1.04947816368 0.699652109122 0.129516048459 
0.624462284635 1.06637788834 0.710918592224 0.129127376921 
0.623701078131 1.07362785824 0.715751905493 0.129541844949 
0.619396264734 1.08950199555 0.7263346637 0.122603786908 
0.617391895703 1.10125790535 0.734171936901 0.124647335382 
0.581952104771 1.10643254441 0.737621696271 0.111333557751 
0.580929661055 1.11695529223 0.744636861488 0.111999600883 
0.578504340096 1.12452229779 0.74968153186 0.104134079234 
0.548026243271 1.13532064198 0.756880427984 0.0984777462598 
0.547552685343 1.14220133972 0.761467559812 0.0983222719743 
0.54619362961 1.15013309033 0.766755393556 0.0901713188969 
0.516045313214 1.16391129026 0.775940860172 0.0848935007072 
0.51440481024 1.17573466615 0.783823110767 0.0790478553713 
0.480515349305 1.1894063254 0.79293755027 0.0725464046899 
0.479418140599 1.19821822094 0.798812147292 0.0686410433834 
0.47601423647 1.2092898492 0.806193232798 0.0635514824465 
0.447024136549 1.21173274623 0.80782183082 0.0565732612764 
0.446842758496 1.21556534875 0.810376899167 0.056421041122 
0.446264094135 1.21870117457 0.812467449712 0.0527688224209 
0.445673335492 1.22553833694 0.817025557957 0.0534765399575 
0.423399496353 1.22746939084 0.818312927229 0.0473793448633 
0.423542523999 1.22574993786 0.81716662524 0.0469157442606 
0.423289427006 1.23156328659 0.82104219106 0.0468366205383 
0.422747641248 1.23393590429 0.822623936194 0.043535861559 
0.422341531832 1.23804721639 0.82536481093 0.044057476719 
0.420239394877 1.2391698924 0.826113261603 0.040726461013 
0.389697358559 1.24759730209 0.831731534727 0.0405108006195 
0.390161950296 1.24706722585 0.831378150567 0.0372816445553 
0.390113778685 1.24811067762 0.832073785081 0.0372861367573 
0.390147735971 1.24680802464 0.831205349763 0.0374827817522 
0.389226290843 1.25059004112 0.833726694079 0.0409772806901 
0.38939894511 1.24536134382 0.830240895883 0.0408211785261 
0.390189255944 1.24034823166 0.826898821106 0.0453852318301 
0.434986467555 1.21954656674 0.813031044496 0.0556975852549 
0.533476220781 1.14504205556 0.763361370376 0.0800685985397 
0.645675041514 1.03584465728 0.69056310485 0.0980421514856 
0.753043277439 0.889353317162 0.592902211441 0.100135197174 
0.839830679518 0.649057845223 0.432705230148 0.0853374158985 
0.862644542205 0.152221171212 0.101480780808 0.0933420942179 
0.989855781644 -4.14668467238e-17 -2.76445644825e-17 0.0621712548175 
1.10760309748 -1.72670015093e-22 -1.15113343395e-22 0.0227675130608 
1.17322355247 -1.01736337519e-22 -6.78242250129e-23 0.00485104701254 
1.22486345295 2.23941139453e-22 1.49294092969e-22 -0.00646441377734 
1.26093008659 -3.57186307548e-22 -2.38124205032e-22 -0.0133748066377 
1.27865860504 -9.19825713464e-23 -6.13217142309e-23 -0.014319872663 
1.28731492526 2.68871995818e-22 1.79247997212e-22 -0.0138653084789 
1.30088017815 4.90261988477e-08 3.26841325652e-08 -0.0163602680296 
1.34936667191 0.136780637628 0.0911870917517 -0.0137930265833 
1.35297257972 0.135835410744 0.0905569404963 -0.0146102994261 
1.36672086624 0.169910811696 0.113273874464 -0.0142142993512 
1.37093989868 0.169382476732 0.112921651155 -0.013623122932 
1.37240691209 0.169375815313 0.112917210209 -0.0137682297375 
1.38151372604 0.192410585452 0.128273723635 -0.0138636661682 
1.37201876472 0.169471903517 0.112981269011 -0.0163964203134 
1.36598347983 0.171525124639 0.114350083092 -0.0162251151186 
1.33493661256 0.15382201151 0.102548007673 -0.0106456303398 
1.32043791578 0.229750803732 0.153167202488 -0.0097582724091 
1.27354734145 0.260129105868 0.173419403912 -0.00815076710654 
1.19420125608 0.287521093424 0.191680728949 -0.00325091152049 
1.17599342798 0.420999124406 0.280666082937 -0.00193817934987 
1.07573532514 0.417460549514 0.278307033009 -0.00388612828686 
1.00951737427 0.454951661224 0.303301107482 -0.00551274383295 
0.971221087386 0.479729203931 0.319819469287 -0.0114160719252 
0.933396981314 0.504964980264 0.336643320176 -0.0118337747065 
0.914473512142 0.518309459165 0.345539639443 -0.013303928047 
0.899752539928 0.528715210994 0.352476807329 -0.012268793107 
0.896794521484 0.531374670162 0.354249780108 -0.0124572667644 
0.904407916098 0.528192945919 0.352128630612 -0.014155115884 
0.897389236463 0.535524702394 0.357016468263 -0.0126740160962 
0.897389236463 0.535524702394 0.357016468263 -0.0126740160962 
0.902862304587 0.534226550922 0.356151033948 -0.0143862239326 
1.17090157376 0.751005204169 0.500670136113 0.00341736540962 
1.18911024075 0.751818860442 0.501212573628 0.00310013185172 
1.16354411814 0.740848635212 0.493899090142 0.000349526191607 
1.13348301175 0.728238603216 0.485492402144 0.00137388204257 
1.10110156189 0.710094347926 0.473396231951 -0.00169974581819 
1.05272071148 0.682988998891 0.455325999261 -0.00196640608313 
1.05653638784 0.677322741402 0.451548494268 -0.00207179392662 
0.710014485039 0.0403803463115 0.0269202308743 -0.0173827742059 
0.718310463438 0.0376529575513 0.0251019717008 -0.0200713564606 
0.735511269472 0.0309046720113 0.0206031146742 -0.0229769872711 
0.738675907449 -3.04559138149e-17 -2.03039425433e-17 -0.0249538757249 
0.738887128332 -3.27320384961e-23 -2.18213589974e-23 -0.0151770359826 
0.748889148527 1.95317566141e-23 1.30211710761e-23 -0.015944940529 
0.75905973944 5.47980047984e-08 3.6532003199e-08 -0.013197302772 
0.777654027703 0.00028866414521 0.000192442763474 -0.00751342977891 
0.843485272097 2.0530336946e-06 1.36868912973e-06 -0.00460398546321 
0.910904696417 9.68510024774e-07 6.45673349849e-07 0.00266814726633 
1.00121443477 2.73929543276e-07 1.82619695517e-07 -0.00217011563935 
1.2137270459 0.330159303011 0.220106202007 0.00265062067431 
1.23083058615 0.156011056675 0.104007371117 -5.75001432092e-05 
1.28249733354 0.103643562418 0.0690957082789 -0.00175312942038 
1.33588735416 0.089803808477 0.0598692056513 -0.00293808434357 
1.35628224494 0.00650615146616 0.00433743431077 -0.00542045516938 
1.38087699272 -8.00743947147e-21 -5.33829298098e-21 -0.00636508639689 
1.39901948449 2.94521158044e-23 1.96347438696e-23 -0.00443723594588 
1.42630950227 1.27083626462e-23 8.47224176412e-24 -0.00725934481986 
1.43655543184 4.08723431947e-22 2.72482287965e-22 -0.00694744294534 
1.44745885099 4.64420203064e-23 3.0961346871e-23 -0.00759206578971 
1.44724208815 -7.01820366024e-22 -4.67880244016e-22 -0.00497359490319 
1.44714028096 -4.56595577358e-23 -3.04397051572e-23 -0.00520422650854 
1.45077916117 7.01891465794e-22 4.67927643862e-22 -0.00436493286028 
1.45185374259 1.23604432561e-21 8.24029550405e-22 -0.00464359893254 
1.44622463531 -9.07547600313e-23 -6.05031733542e-23 -0.00421688155298 
1.44373016593 -3.78252177541e-22 -2.5216811836e-22 -0.00395918582612 
1.44070441467 -1.27092331171e-21 -8.47282207807e-22 -0.00440218731529 
1.44502206364 -2.09257382629e-22 -1.39504921753e-22 -0.00693095255138 
1.44361465632 8.53851067338e-22 5.69234044892e-22 -0.00692423876859 
1.44534671796 5.17397681565e-22 3.4493178771e-22 -0.00722450448694 
1.43914940753 -3.91975284707e-23 -2.61316856471e-23 -0.00801670174883 
1.43325073445 2.52604508813e-22 1.68403005876e-22 -0.00476970100685 
1.43203458549 3.11521883374e-23 2.07681255582e-23 -0.00542202716991 
1.43225807454 4.31462902698e-23 2.87641935132e-23 -0.008291369874 
1.42703634773 0.000886445701062 0.000590963800708 -0.00808081974817 
1.42562826783 1.08420217249e-19 7.22801448324e-20 -0.00854287498406 
1.42692354024 1.50114161708e-22 1.00076107806e-22 -0.00818599100567 
1.43775526097 -5.5435130456e-23 -3.69567536373e-23 -0.00837229799629 
1.4434974509 0.00757859610979 0.00505239740653 -0.0107981700358 
1.4637656086 0.0611046226341 0.0407364150894 -0.0126160114709 
1.46179819781 0.0408550252376 0.0272366834917 -0.013547694081 
1.45259504209 1.37674202359e-18 9.17828015725e-19 -0.0174762017647 
1.45245570203 0.0210332249038 0.0140221499359 -0.0152671009146 
1.44554626781 0.0224003749373 0.0149335832915 -0.0138230180427 
1.45416200129 0.0577976351475 0.038531756765 -0.014206134677 
1.45026644453 0.0664036878593 0.0442691252395 -0.0140598924758 
1.46986640302 0.138124286544 0.0920828576961 -0.0145998177552 
1.45773522119 0.114912501949 0.0766083346324 -0.0173547296329 
1.45548150754 0.106823169393 0.0712154462623 -0.0193615664376 
1.4607846735 0.12414239024 0.082761593493 -0.0162097720299 
1.44698525844 0.0823188845402 0.0548792563602 -0.0164605650347 
1.45011928549 0.0895279247233 0.0596852831488 -0.0149671715617 
1.41869970866 0.00782539264876 0.00521692843251 -0.0140096214682 
1.41223276674 -7.18258142896e-19 -4.7883876193e-19 -0.0130541470007 
1.4244294306 0.0302180592273 0.0201453728182 -0.0132785534477 
1.42607497161 0.0300387403787 0.0200258269191 -0.0122085606727 
1.43372772671 0.0536421862871 0.0357614575247 -0.0128508216476 
1.41807460634 2.0215702995e-18 1.347713533e-18 -0.0135967841161 
1.4153991903 7.08692006866e-22 4.72461337911e-22 -0.0138131550599 
1.41736491546 2.02967098099e-22 1.35311398732e-22 -0.0135682876976 
1.41307346156 2.90226652549e-22 1.93484435033e-22 -0.0105500703211 
1.41206768327 1.89147287088e-22 1.26098191392e-22 -0.011093912981 
1.40996440066 -4.88738020981e-23 -3.25825347321e-23 -0.0106615703106 
1.43053731293 0.0488518036722 0.0325678691148 -0.0111336066977 
1.42284313016 0.0241844303298 0.0161229535532 -0.0113011657301 
1.41795833552 0.00796787249268 0.00531191499512 -0.0106198593464 
1.41367901985 0.00853302263353 0.00568868175569 -0.00738067049949 
1.40765108021 -6.28968040936e-18 -4.19312027291e-18 -0.00702437417753 
1.40212594541 1.66001803036e-22 1.10667868691e-22 -0.00686076685356 
1.39780890138 1.18374700392e-21 7.89164669278e-22 -0.00982842081752 
1.40384548562 -8.31472867976e-22 -5.54315245317e-22 -0.00883759639102 
1.40465918834 7.11108203535e-23 4.7407213569e-23 -0.00924955279663 
1.40176594614 0.00078543928644 0.00052362619096 -0.00936570053935 
1.40144595729 0.0841125325344 0.0560750216896 -0.0070674772722 
1.39188245566 0.161428512818 0.107619008545 -0.00555739360575 
1.38628588385 0.263056617887 0.175371078591 -0.00541400246394 
1.35014172952 0.313154395959 0.208769597306 -0.00448194403256 
1.33359230168 0.37592571197 0.250617141313 -0.00534732823081 
1.2925297972 0.381587885593 0.254391923728 -0.00404058828045 
1.31702890964 0.466138236057 0.310758824038 -0.00180189490462 
1.2955917745 0.480391371632 0.320260914421 -0.00149782897308 
1.2881371164 0.503688263239 0.335792175493 -0.00193108319404 
1.29712492895 0.534583985833 0.356389323889 -0.00159877106547 
1.28896826326 0.540458658242 0.360305772161 -0.000954732156004 
1.26619421944 0.52390628538 0.34927085692 -0.00385745789774 
1.26493146497 0.524843563971 0.349895709314 -0.00458698319932 
1.26501356159 0.524721401454 0.349814267636 -0.00529178904001 
1.26511334635 0.523929600622 0.349286400414 -0.00416949148143 
1.22454068741 0.48514754924 0.323431699493 -0.00423102437778 
1.23051272737 0.481633522621 0.321089015081 -0.00646046438047 
1.25514539289 0.506067619507 0.337378413005 -0.0077307206337 
1.24211160393 0.486839007951 0.324559338634 -0.00765079722231 
1.23995127324 0.487486042863 0.324990695242 -0.00567738367047 
1.2590831406 0.50699291664 0.33799527776 -0.00578572514077 
1.2682636624 0.511959850629 0.341306567086 -0.00521824601808 
1.26120132871 0.505645946034 0.337097297356 -0.00467675478447 
1.27091144525 0.51524044514 0.343493630094 -0.00478372058684 
1.26463862296 0.519863489197 0.346575659464 -0.00304922690773 
1.25327755697 0.528228394416 0.352152262944 -0.00248130150555 
1.22258453091 0.523107788283 0.348738525522 -0.00408134433698 
1.20973896607 0.572919332145 0.38194622143 -0.00149044005762 
1.15315823101 0.592191744289 0.394794496193 0.00132044649537 
1.14709596799 0.649684811954 0.433123207969 0.00445610121147 
1.15250491111 0.730839916724 0.487226611149 0.00811586922011 
1.15876103881 0.783193287192 0.522128858128 0.0114865128902 
1.16964516435 0.815542359417 0.543694906278 0.0146982823734 
1.16234019682 0.834618015375 0.55641201025 0.0143962762207 
1.20143077186 0.855158758956 0.570105839304 0.0172287112323 
1.19788153665 0.863677520253 0.575785013502 0.0176790351635 
1.17965406897 0.863787135051 0.575858090034 0.0157678948388 
1.1784211001 0.866884118247 0.577922745498 0.0164510981405 
1.17890732898 0.866864312889 0.577909541926 0.0136469413025 
1.19918323203 0.870733427081 0.580488951387 0.0145830629018 
1.19951165274 0.869118083955 0.57941205597 0.0150027331551 
1.1990476481 0.86947698411 0.57965132274 0.0162986303107 
1.1990476481 0.86947698411 0.57965132274 0.0162986303107 
1.19907332642 0.868290249189 0.578860166126 0.0176397335354 
1.19648952803 0.873830034823 0.582553356549 0.0197626816065 
1.19434493871 0.881356430128 0.587570953418 0.0202499808787 
1.22646840265 0.903911626061 0.602607750707 0.0270034725184 
1.23664446526 0.93595469352 0.62396979568 0.0344053828369 
1.2834431665 0.977684122601 0.651789415067 0.0493929018177 
1.3048518642 1.01085560884 0.673903739228 0.0628272513996 
1.32906329613 1.03373307977 0.689155386512 0.0746046648788 
1.34002663606 1.05140505143 0.700936700952 0.084198542076 
1.36123167741 1.05971602901 0.70647735267 0.0925050539946 
1.36360173083 1.06546456828 0.710309712188 0.0919241730519 
1.38268315537 1.06683413323 0.711222755484 0.0978011726853 
1.38542031491 1.06721035089 0.711473567262 0.0945875372142 
1.3914525871 1.06812054928 0.71208036619 0.0983274308816 
1.39125253691 1.06875234959 0.712501566396 0.0982517913191 
1.3910568983 1.06731899619 0.711545997458 0.0958180854503 
1.37971552443 1.06792214221 0.711948094804 0.0939802583919 
1.37944528371 1.06698653013 0.711324353422 0.093818918441 
1.37929382405 1.06529697671 0.710197984474 0.0937397824815 
1.37935724645 1.06422135166 0.709480901108 0.0930267433462 
1.38006912971 1.06099027224 0.707326848158 0.0911523640926 
1.38001059125 1.05962453214 0.706416354758 0.0908960841714 
1.38103363448 1.05666397294 0.70444264863 0.0884961422551 
1.38194394239 1.05492778261 0.703285188404 0.0867137148949 
1.38208529553 1.0534171637 0.702278109135 0.0864227999192 
1.38178462469 1.05531075174 0.703540501163 0.0869669705302 
1.37954533898 1.05491434975 0.703276233169 0.0881440279092 
1.37941908803 1.05396169039 0.702641126928 0.0882579921738 
1.37448383269 1.05180071711 0.701200478075 0.100805847992 
1.33551028306 1.05292942321 0.701952948805 0.118085211435 
1.32711237226 1.04650369163 0.697669127753 0.13899113514 
1.29218615154 1.03837121329 0.692247475529 0.151251766402 
1.25975690238 1.03277811189 0.688518741258 0.161244920744 
1.25634116318 1.02473923403 0.683159489354 0.173428130819 
1.2525752566 1.01737668996 0.67825112664 0.183726019533 
1.22179326732 1.01302173875 0.675347825831 0.18344620013 
1.22085028956 1.00667448131 0.671116320873 0.187805801512 
1.22157852231 0.99954816759 0.66636544506 0.188628972476 
1.22182787201 0.997174714796 0.664783143198 0.188682802008 
1.22217672505 0.991814628957 0.661209752638 0.189474969146 
1.22041888337 0.990779721056 0.660519814037 0.193848742979 
1.22089004422 0.986359025513 0.657572683675 0.191955156219 
1.22142366305 0.983208949775 0.655472633183 0.190998494037 
1.21952453512 0.984172385225 0.656114923484 0.195436161324 
1.21989362522 0.980241904763 0.653494603176 0.193247636203 
1.21919420047 0.979669664701 0.653113109801 0.195084230841 
1.21878786234 0.979369251583 0.652912834389 0.19157355484 
1.22011120483 0.980937868495 0.653958578996 0.184600098707 
1.25151082638 0.98672421598 0.657816143987 0.179376732984 
1.25748509733 0.996193514902 0.664129009935 0.156858050572 
1.28379287282 1.00617047816 0.670780318775 0.138800432936 
1.3094324908 1.01201300006 0.674675333371 0.118970227719 
1.3382600283 1.01750234098 0.678334893988 0.106477547894 
1.35328109546 1.02207876374 0.681385842494 0.0965327340936 
1.35588400137 1.02508770935 0.683391806234 0.0884105907526 
1.35790100601 1.027943098 0.685295398664 0.0842007305008 
1.35891485992 1.03026268546 0.68684179031 0.080698450272 
1.35853106792 1.0331065026 0.688737668402 0.0775938261105 
1.36007438096 1.03329682226 0.688864548174 0.0736913920203 
1.36114137826 1.03402186843 0.689347912288 0.0725469885325 
1.36114950784 1.03506468182 0.690043121213 0.0730524306918 
1.37359027547 1.03399421189 0.68932947459 0.0740709498423 
1.37363012835 1.03369479489 0.689129863261 0.0729257101167 
1.37482030546 1.03370412399 0.689136082662 0.0704114456618 
1.37377983749 1.03456447187 0.689709647914 0.072735410749 
1.37560129019 1.03282070948 0.68854713965 0.0696100276558 
1.37543495322 1.03408374188 0.689389161254 0.0722014199851 
1.37580076711 1.03340374285 0.688935828567 0.0720754830862 
1.37527861678 1.03504345731 0.69002897154 0.0744907355632 
1.37618403491 1.03452328684 0.689682191229 0.0768253177493 
1.37441182004 1.03483104832 0.689887365547 0.0852420806211 
1.37073538437 1.03561341429 0.690408942858 0.0979257766314 
1.3632366292 1.03542689686 0.690284597909 0.118004783983 
1.33833546718 1.03503326964 0.690022179758 0.130603260102 
1.33247390477 1.03356088399 0.689040589328 0.146616263762 
1.30700960139 1.0319176443 0.6879450962 0.155418137063 
1.30186433597 1.02980928547 0.686539523646 0.167933185535 
1.27247178096 1.02754833351 0.685032222342 0.171305291321 
1.27023057989 1.02277361851 0.681849079005 0.17859018073 
1.26901553323 1.01797911939 0.67865274626 0.182803011782 
1.2704157023 1.0114616027 0.674307735131 0.183142258258 
1.26981897658 1.00959625937 0.673064172915 0.185959561027 
1.26755143255 1.00931464618 0.672876430785 0.189626404016 
1.2672689273 1.00813959819 0.672093065463 0.189120589105 
1.26597066665 1.00744043023 0.671626953488 0.190596881432 
1.26592068293 1.00686744296 0.671244961976 0.189978862364 
1.26370901627 1.00799540733 0.671996938222 0.193896942625 
1.26386255848 1.00556875394 0.670379169294 0.190466721134 
1.26340357287 1.00536815596 0.670245437304 0.191722366247 
1.26340357287 1.00536815596 0.670245437304 0.191722366247 
1.26153458032 1.00550760754 0.670338405025 0.194757015307 
1.26147670183 1.00322545657 0.668816971048 0.193331689843 
1.23856646702 1.00363235413 0.669088236086 0.18850937207 
1.23856646702 1.00363235413 0.669088236086 0.18850937207 
1.23902554147 1.00125490416 0.667503269439 0.187375517564 
1.23912318209 0.999358644805 0.666239096537 0.187616018103 
1.23923749508 0.997611325206 0.665074216804 0.186829249449 
1.23936280046 0.994332464465 0.662888309643 0.185362040853 
1.23936280046 0.994332464465 0.662888309643 0.185362040853 
1.23920193836 0.994102757429 0.662735171619 0.181297203868 
1.23959995204 0.995873742692 0.663915828461 0.175422818968 
1.24061480113 1.00239734204 0.668264894694 0.167417011877 
1.24381809843 1.01394712876 0.675964752507 0.149817008921 
1.24853899498 1.02037710403 0.680251402688 0.131537660214 
1.26962448865 1.02500891707 0.683339278045 0.118646193323 
1.27361229289 1.02930783639 0.686205224261 0.104631142569 
1.29286329161 1.03288268634 0.688588457557 0.0976713570025 
1.29324026957 1.03803566604 0.692023777357 0.0928506846084 
1.29574303895 1.03839627969 0.692264186458 0.0868361892715 
1.29539042181 1.04371279032 0.69580852688 0.0877871140848 
1.29550150906 1.04478172124 0.696521147496 0.0874620924983 
1.29587467064 1.04811796105 0.698745307365 0.086638728771 
1.29706101604 1.0480539095 0.698702606335 0.0850525414487 
1.29749698101 1.04818168781 0.698787791871 0.0864685112236 
1.30975923057 1.04540671756 0.696937811705 0.089493218062 
1.27886548545 1.04602377333 0.697349182222 0.0857321278623 
1.27894633083 1.04274423047 0.695162820316 0.0852207630567 
1.2439877047 1.04347518473 0.695650123154 0.0838921934772 
1.1933284622 1.04427910267 0.696186068449 0.0784873343701 
1.16393913816 1.04181518341 0.694543455607 0.0789646388506 
1.09908116491 1.03980833321 0.693205555476 0.0744521326072 
1.03260373044 1.03505489369 0.690036595791 0.0680586358049 
0.273027505727 0.822715321527 0.548476881018 0.0470859709618 
0.341465885199 0.908743826736 0.605829217824 0.0484425892885 
0.405132324458 0.966761219347 0.644507479564 0.0539228439909 
0.457210065869 1.00968872146 0.67312581431 0.0620954033613 
0.487890563456 1.05115730803 0.700771538686 0.075602379217 
0.483327773739 1.07919874417 0.719465829448 0.0856370859408 
0.479366701971 1.11138227202 0.740921514681 0.102460758337 
0.474105841206 1.15004155829 0.766694372192 0.119595826625 
0.467490405422 1.18356612064 0.789044080427 0.137405406777 
0.36762854815 1.24618671423 0.830791142818 0.146020559135 
0.269583404026 1.31468275472 0.876455169811 0.144472767525 
0.177350048057 1.36955190403 0.913034602684 0.129938806872 
0.0895212312956 1.41162674015 0.941084493431 0.108112791706 
6.32976932465e-18 1.45342553437 0.968950356245 0.0779212249257 
-6.3360934851e-22 1.4868459803 0.991230653536 0.0602868708371 
1.71472472343e-21 1.51366532492 1.00911021661 0.0417486160545 
2.41443394861e-21 1.53875406311 1.02583604207 0.0213332846492 
3.25234200038e-21 1.56138348919 1.04092232613 0.00361631299427 
1.88133501069e-21 1.59124617267 1.06083078178 -0.0174815531213 
0.562773288433 1.57754327929 1.05169551953 0.135855753587 
0.609338870342 1.59371357392 1.06247571595 0.128111565744 
0.637960537105 1.60777117591 1.07184745061 0.104818495363 
0.664541934339 1.62041856465 1.0802790431 0.0859060520288 
0.687643645705 1.62942174437 1.08628116291 0.0700875771986 
0.706653606617 1.6345290601 1.08968604007 0.0559831316037 
0.720038871747 1.64039225874 1.09359483916 0.0435431778132 
0.720059868378 1.6405491053 1.09369940354 0.0435399543297 
0.699725802185 1.63111792402 1.08741194935 0.058822448101 
0.667178150482 1.61309219566 1.0753947971 0.0866460207443 
0.631726429567 1.58920505958 1.05947003972 0.120005379956 
0.596712018243 1.55495738148 1.03663825432 0.150006070624 
0.449129683871 1.53312247939 1.02208165293 0.0996677416991 
2.86044417426e-16 1.51539842389 1.01026561593 -0.00786543436879 
5.55774612957e-22 1.46454299398 0.976361995986 0.0208261131486 
0.133087453469 1.4083924543 0.938928302869 0.0759067475248 
0.265713974546 1.34605164164 0.897367761093 0.12634939109 
0.362044054721 1.28761494051 0.858409960341 0.155266620656 
0.451251046058 1.21944343211 0.812962288072 0.164808139835 
0.525134278584 1.154208056 0.769472037333 0.16217662357 
0.584060319489 1.09579074055 0.730527160366 0.147979826019 
0.646300648345 1.02993849563 0.686625663756 0.120684003078 
0.656200717619 0.969381036353 0.646254024235 0.0967452455597 
0.725937483836 0.92445033473 0.616300223153 0.0740654614323 
0.743451357467 0.870777238209 0.580518158806 0.054781173237 
0.761915215963 0.828724726231 0.55248315082 0.0380812884315 
0.784426832524 0.78550335713 0.523668904753 0.0220155119237 
0.800979014629 0.757177269631 0.504784846421 0.00966448554817 
0.809997976866 0.741470178782 0.494313452521 1.08509015404e-06 
0.818965929588 0.726013858087 0.484009238725 -0.00970199885573 
0.779411907348 0.681272650053 0.454181766702 -0.0164897899008 
0.783000476228 0.676427275517 0.450951517012 -0.0204048202707 
0.702695548373 0.588607369432 0.392404912954 -0.0293819431599 
0.659537278855 0.521953471993 0.347968981329 -0.0367248586016 
0.650356981747 0.526963074515 0.351308716343 -0.0350864257349 
0.621325694038 0.480256059642 0.320170706428 -0.039100674615 
0.619155604302 0.481030808129 0.320687205419 -0.0392435427457 
0.592954135044 0.423874414827 0.282582943218 -0.0434017990778 
0.587737282386 0.425757427063 0.283838284709 -0.0437735651779 
0.593850143207 0.482337245604 0.321558163736 -0.0371072962507 
0.585688709392 0.443409697392 0.295606464928 -0.0390879974532 
0.562829619332 0.338928006757 0.225952004505 -0.0492532358414 
0.580635811545 0.435203196209 0.290135464139 -0.0356939351518 
0.562403341439 0.349331216484 0.232887477656 -0.04469558057 
0.57612475549 0.435523503621 0.290349002414 -0.034256594785 
0.571145650243 0.437456033018 0.291637355346 -0.0322272037597 
0.557380831728 0.402250804348 0.268167202899 -0.0377039296427 
0.548781149507 0.365160637454 0.243440424969 -0.0444012189724 
0.559166515278 0.414005755061 0.276003836707 -0.0375742464083 
0.578402005223 0.482269852306 0.321513234871 -0.0285786995605 
0.576394089614 0.483738062732 0.322492041822 -0.0286297667288 
0.614157109559 0.559250379539 0.372833586359 -0.0206475213499 
0.645909678613 0.595395282383 0.396930188255 -0.016719838536 
0.68444900303 0.643531898651 0.429021265767 -0.0127056075022 
0.727422544404 0.68256630297 0.45504420198 -0.0089897497596 
0.722221793709 0.690658371983 0.460438914655 -0.00615936707835 
0.785470650569 0.732330537293 0.488220358196 -0.000105568473436 
0.785430312009 0.73263681539 0.488424543593 0.00663816271263 
0.785514880899 0.733287396135 0.48885826409 0.00896934934322 
0.778221452479 0.749248485616 0.499498990411 0.0216031331417 
0.77387961156 0.767098029448 0.511398686298 0.0335501203835 
0.770156030083 0.786472783388 0.524315188925 0.042486861167 
0.75263099435 0.832528845261 0.555019230174 0.0607908575143 
0.743012542472 0.870946947005 0.580631298003 0.0799654761524 
0.72864208742 0.919944199958 0.613296133305 0.0995243363952 
0.716029847711 0.965379740131 0.643586493421 0.12323249781 
0.70543236219 1.00880113812 0.672534092079 0.142606099418 
0.646101719405 1.04202961664 0.694686411093 0.1592109075 
0.641864446733 1.07507273768 0.716715158451 0.169564536039 
0.594194908265 1.10126170526 0.734174470176 0.175422974153 
0.592405060262 1.12417834705 0.749452231364 0.182244149035 
0.551468880281 1.14397281032 0.762648540212 0.183514589584 
0.550498888685 1.16262426384 0.775082842559 0.188765213398 
0.53560018263 1.17679913793 0.784532758618 0.199629526572 
0.534766623606 1.19055150061 0.793701000409 0.202531119236 
0.497162279877 1.19852416799 0.799016111994 0.189682806597 
0.496830293674 1.21043779461 0.806958529738 0.192498743214 
0.496354577333 1.21698533916 0.811323559439 0.193318666421 
0.49567282728 1.2245009514 0.816333967598 0.194291813383 
0.450231567399 1.23488609853 0.823257399017 0.180952136383 
0.450143927699 1.24203589953 0.828023933021 0.182149763932 
0.449789746578 1.2492503981 0.83283359873 0.183742384578 
0.449303272826 1.25110904807 0.83407269871 0.183726915493 
0.44883399584 1.25551228081 0.837008187209 0.184374926092 
0.448080396385 1.25433250308 0.836221668722 0.183437424963 
0.447594700629 1.25751097655 0.838340651033 0.183278433405 
0.415158776143 1.26049139541 0.84032759694 0.169052104867 
0.415159790841 1.26320122053 0.842134147018 0.169306565647 
0.415159790841 1.26320122053 0.842134147018 0.169306565647 
0.415116174312 1.26575668459 0.843837789723 0.169185733184 
0.414978655987 1.26714963514 0.844766423425 0.168810175904 
0.414791893066 1.26620302304 0.844135348694 0.168126782846 
0.41463611915 1.26524569575 0.843497130499 0.166953870189 
0.414495745385 1.26646715834 0.844311438895 0.166758714753 
0.414325797892 1.26528194185 0.843521294569 0.166112465944 
0.414325797892 1.26528194185 0.843521294569 0.166112465944 
0.414188531837 1.26271353597 0.841809023982 0.165682001786 
0.414100777357 1.26098155878 0.840654372517 0.165424578713 
0.414056418299 1.25653442104 0.837689614023 0.16496214914 
0.414176975708 1.25110176857 0.834067845712 0.164547748442 
0.421598859022 1.23890426917 0.825936179446 0.174980064595 
0.472773648798 1.21571722017 0.810478146781 0.180810880105 
0.497240968742 1.18275776484 0.788505176562 0.188234989495 
0.539075044433 1.14670199272 0.76446799515 0.1747130738 
0.597665060451 1.09442860159 0.729619067727 0.174832697917 
0.65345134656 1.02818276984 0.685455179895 0.161628055859 
0.701939085333 0.958892184506 0.639261456337 0.138820563931 
0.72387347551 0.900962831576 0.600641887718 0.114389811072 
0.746557992864 0.848754149809 0.565836099873 0.0872988084191 
0.76187285953 0.822706226363 0.548470817575 0.0718303607967 
0.766024405077 0.81446423068 0.542976153787 0.0551861589973 
0.767445413858 0.811511647573 0.541007765049 0.040026136437 
0.760926293159 0.821365094016 0.547576729344 0.0278926212899 
0.62511547671 0.759801487126 0.50653432475 0.0142848757845 
0.415515939376 0.584941019843 0.389960679896 0.00221118210096 
0.288971923878 0.449681538206 0.299787692137 -0.00937587996944 
0.208913392703 0.347056744071 0.231371162714 -0.0447236859062 
0.160787747106 0.289229054734 0.192819369822 -0.0839815881255 
0.0875826541677 0.0750204236374 0.0500136157582 0.0369399319044 
0.0516124946381 1.23525347054e-17 8.23502313694e-18 0.0388167525687 
0.0260073179105 3.97607385728e-22 2.65071590485e-22 0.0455456892447 
-2.16840434497e-19 2.88139300584e-21 1.92092867056e-21 0.0486342088554 
-3.08615867629e-21 1.57041457343e-21 1.04694304895e-21 0.0539171186487 
3.30591768882e-21 1.85731622744e-21 1.23821081829e-21 0.0569961382714 
3.30591768882e-21 1.85731622744e-21 1.23821081829e-21 0.0569961382714 
3.30591768882e-21 1.85731622744e-21 1.23821081829e-21 0.0569961382714 
-1.92975890422e-21 1.19094325929e-21 7.93962172857e-22 0.06081335686 
-1.92975890422e-21 1.19094325929e-21 7.93962172857e-22 0.06081335686 
-1.92975890422e-21 1.19094325929e-21 7.93962172857e-22 0.06081335686 
-1.92975890422e-21 1.19094325929e-21 7.93962172857e-22 0.06081335686 
-1.92975890422e-21 1.19094325929e-21 7.93962172857e-22 0.06081335686 
-1.92975890422e-21 1.19094325929e-21 7.93962172857e-22 0.06081335686 
-1.92975890422e-21 1.19094325929e-21 7.93962172857e-22 0.06081335686 
-1.92975890422e-21 1.19094325929e-21 7.93962172857e-22 0.06081335686 
-1.92975890422e-21 1.19094325929e-21 7.93962172857e-22 0.06081335686 
-1.92975890422e-21 1.19094325929e-21 7.93962172857e-22 0.06081335686 
-9.19880782475e-23 9.30019094395e-22 6.20012729597e-22 0.0578988664501 
0.00137870372301 4.82148568931e-21 3.21432379288e-21 0.0580022477381 
0.0 5.0193751666e-21 3.34625011107e-21 0.0575767149063 
0.0 5.0193751666e-21 3.34625011107e-21 0.0575767149063 
0.00177216318837 2.21604895225e-21 1.47736596817e-21 0.0528685315211 
0.00463795801191 6.03255937858e-22 4.02170625239e-22 0.0523075219335 
0.012024913275 -5.37713779401e-22 -3.58475852934e-22 0.0521118283946 
0.00786919692744 -2.24244149935e-21 -1.49496099957e-21 0.0521202170244 
0.0116898300921 1.54087243443e-21 1.02724828962e-21 0.0523531968003 
0.0164407252444 1.93924327544e-21 1.29282885029e-21 0.0523422098402 
0.028449970835 3.66755035276e-22 2.4450335685e-22 0.0511499982728 
0.0575151646485 2.97696118478e-23 1.98464078985e-23 0.0546631607305 
0.0863785259109 2.82622699522e-21 1.88415133014e-21 0.0519694829061 
0.127168950529 4.08002489667e-22 2.72001659778e-22 0.0562126863339 
0.170386019045 1.05980256781e-21 7.06535045208e-22 0.0545052566172 
0.219855641983 -1.76470343073e-21 -1.17646895382e-21 0.0619056067456 
0.283563616812 -1.65143698514e-21 -1.10095799009e-21 0.0591449724706 
0.356000090714 7.29747029886e-23 4.86498019924e-23 -0.0237661797895 
0.481986612348 2.68058780918e-22 1.78705853945e-22 -0.250863921208 
0.553664732332 -5.20261725004e-22 -3.46841150003e-22 -0.105705839209 
0.669571893718 3.22479355077e-24 2.14986236718e-24 -0.0424980330035 
0.787603347529 -2.5257690621e-22 -1.6838460414e-22 -0.0193237570969 
0.916999411353 7.25338811567e-23 4.83559207711e-23 -0.00340734418719 
1.04773855258 8.71354576398e-23 5.80903050932e-23 0.0064177239791 
1.16069934561 4.22590150976e-22 2.81726767317e-22 0.00494501578592 
1.24885479365 -4.37488917499e-22 -2.91659278332e-22 0.00997104855601 
1.32425881073 1.13730357754e-21 7.58202385029e-22 0.00768421402114 
1.38297618139 -4.52746798374e-22 -3.01831198916e-22 0.00728551359764 
1.42298764298 6.57947045042e-22 4.38631363361e-22 0.00567799563956 
1.45554313538 7.12152794669e-22 4.7476852978e-22 0.00720794951241 
1.4622849201 1.47286912768e-21 9.81912751789e-22 0.0103076366545 
1.46947402896 -5.11373809917e-23 -3.40915873278e-23 0.0114468742472 
1.4788351915 3.98134525252e-22 2.65423016834e-22 0.0115842141774 
1.48169537119 -1.00712766998e-21 -6.71418446656e-22 0.00973360824638 
1.48169537119 -1.00712766998e-21 -6.71418446656e-22 0.00973360824638 
1.48652398853 2.66071174481e-23 1.77380782987e-23 0.00707728510987 
1.48605761228 3.98140125663e-22 2.65426750442e-22 0.00795656945514 
1.49043456115 1.37478203169e-21 9.16521354462e-22 0.00794120619412 
1.48485990031 5.21512138149e-22 3.47674758766e-22 0.00887703651494 
1.48485990031 5.21512138149e-22 3.47674758766e-22 0.00887703651494 
1.47150341363 -4.27662890594e-22 -2.8510859373e-22 0.0112933700755 
1.4635923258 -7.06402445576e-22 -4.70934963718e-22 0.0141065673999 
1.46688232283 1.56804513281e-21 1.04536342188e-21 0.0148140012337 
1.46022782923 9.51669107759e-22 6.3444607184e-22 0.016060398905 
1.45296469288 2.40627414782e-22 1.60418276521e-22 0.0116266490319 
1.45075350308 1.25308347316e-21 8.35388982108e-22 0.0120139503359 
1.45557308195 1.40662739583e-21 9.37751597222e-22 0.00903691185377 
1.45616636115 1.13314059904e-21 7.55427066023e-22 0.00749517677834 
1.4441168589 3.43553670087e-22 2.29035780058e-22 0.0104978897619 
1.44333255777 6.98672866863e-22 4.65781911242e-22 0.0110797562758 
1.43557247948 -3.71420177137e-22 -2.47613451425e-22 0.0125697376743 
1.42764918543 6.89720158033e-22 4.59813438688e-22 0.0145714996017 
1.42344042979 -3.64405071672e-23 -2.42936714448e-23 0.0136041340609 
1.40998184129 -9.01731035418e-22 -6.01154023612e-22 0.0187922870706 
1.38973176993 3.79878310664e-22 2.53252207109e-22 0.0181091880674 
1.35282926143 -1.19208065893e-21 -7.94720439288e-22 0.01534331849 
1.30211869222 1.30342525157e-18 8.68950167715e-19 0.0118996170907 
1.23076225415 -5.64835868707e-18 -3.76557245805e-18 0.0112224523459 
1.12500489523 -1.15595994199e-17 -7.70639961326e-18 0.0104697234749 
1.00521701451 0.0256407629975 0.0170938419983 0.0169957960402 
0.87542664859 0.0587265005504 0.0391510003669 0.0182098766213 
0.847713347653 0.473271601949 0.315514401299 0.00823234480323 
0.566517919574 0.171964844849 0.114643229899 0.00357329256563 
0.388411258571 0.0691664098498 0.0461109398999 -0.0309827590186 
0.253052700409 0.0404586224797 0.0269724149865 0.011093897771 
0.164570072575 -3.57910102955e-18 -2.38606735303e-18 0.0169641820742 
0.10524699398 2.16840434497e-18 1.44560289665e-18 0.022843347857 
0.0632191781722 0.00331284624391 0.00220856416261 0.0219391186427 
0.0406456388766 -3.21421131674e-18 -2.14280754449e-18 0.023763369119 
0.0339757931204 3.06841302892e-22 2.04560868595e-22 0.0282489880101 
0.0271194584277 -1.48751346367e-21 -9.91675642447e-22 0.0294708923862 
0.0240550362407 -8.78659297199e-22 -5.85772864799e-22 0.0322847386907 
0.0247465925032 -1.03515065056e-21 -6.90100433709e-22 0.0297959451145 
0.041923518984 -1.13368178115e-22 -7.55787854101e-23 0.0302472813249 
0.0682060267234 0.07031337938 0.0468755862533 0.0356228740459 
0.101576233835 0.170113292824 0.113408861883 0.0525506212657 
0.122018758585 0.241486433457 0.160990955638 0.0953232715413 
