0.0 0.0 0.0 0.0 
-1.08129488567e-20 0.523752080203 0.349168053468 -0.523598775598 
-1.08129488567e-20 0.523752080203 0.349168053468 -0.523598775598 
-1.10647300077e-21 0.517617971809 0.345078647873 -0.503985060797 
-1.10647300077e-21 0.517617971809 0.345078647873 -0.503985060797 
4.34101422639e-21 0.513013834958 0.342009223305 -0.500192058465 
-1.37093842996e-21 0.516911390955 0.34460759397 -0.518493154487 
-1.37093842996e-21 0.516911390955 0.34460759397 -0.518493154487 
-1.03501439968e-20 0.520763737101 0.347175824734 -0.523598775598 
-1.2343060139e-20 0.526367324657 0.350911549772 -0.523598775598 
-1.2343060139e-20 0.526367324657 0.350911549772 -0.523598775598 
-4.55520483147e-21 0.530410308736 0.35360687249 -0.523598775598 
-4.12277081766e-21 0.523583672546 0.349055781697 -0.523598775598 
-4.12277081766e-21 0.523583672546 0.349055781697 -0.523598775598 
-4.12277081766e-21 0.523583672546 0.349055781697 -0.523598775598 
-5.42028866986e-21 0.516430088676 0.344286725784 -0.523598775598 
1.03610777889e-20 0.508394052504 0.338929368336 -0.523598775598 
1.03610777889e-20 0.508394052504 0.338929368336 -0.523598775598 
-2.82690502853e-21 0.500011418079 0.333340945386 -0.523598775598 
0.00353400179612 0.488102778326 0.325401852217 -0.523598775598 
0.0220128999699 0.465912009902 0.310608006601 -0.523598775598 
0.029898190515 0.456695222382 0.304463481588 -0.523598775598 
0.0391557648407 0.44585114544 0.29723409696 -0.523598775598 
0.0416512977055 0.444658384639 0.296438923093 -0.523598775598 
0.0493394504232 0.433689133229 0.289126088819 -0.523598775598 
0.0493394504232 0.433689133229 0.289126088819 -0.523598775598 
0.0493394504232 0.433689133229 0.289126088819 -0.523598775598 
0.0595647465229 0.422621673969 0.281747782646 -0.523598775598 
0.0595647465229 0.422621673969 0.281747782646 -0.523598775598 
0.0553304367731 0.424452136027 0.282968090685 -0.523598775598 
0.063885100464 0.418317996606 0.278878664404 -0.523598775598 
0.067087486209 0.417201899082 0.278134599388 -0.523598775598 
0.0624766385199 0.417202454338 0.278134969558 -0.523598775598 
0.0674941304321 0.416474633299 0.277649755532 -0.523598775598 
0.0725151222802 0.404015860052 0.269343906701 -0.523598775598 
0.0640788182738 0.413027903577 0.275351935718 -0.523598775598 
0.0707887075614 0.403882505076 0.269255003384 -0.523598775598 
0.0815732819682 0.390949280624 0.260632853749 -0.523598775598 
0.07671574567 0.391496733574 0.260997822383 -0.523598775598 
0.0887464274083 0.377101310531 0.251400873687 -0.523598775598 
0.0751219921561 0.384469578483 0.256313052322 -0.523598775598 
0.0544173946741 0.402273392905 0.268182261936 -0.523598775598 
0.0497395735627 0.401352069906 0.267568046604 -0.523598775598 
0.0497395735627 0.401352069906 0.267568046604 -0.523598775598 
0.0497395735627 0.401352069906 0.267568046604 -0.523598775598 
0.0357424715076 0.412359524593 0.274906349729 -0.523598775598 
0.0304075003216 0.4132130074 0.275475338267 -0.523598775598 
0.0200709005285 0.42943805761 0.286292038407 -0.523598775598 
0.0200709005285 0.42943805761 0.286292038407 -0.523598775598 
0.0200709005285 0.42943805761 0.286292038407 -0.523598775598 
0.0120588511 0.440510794329 0.293673862886 -0.523598775598 
0.0120588511 0.440510794329 0.293673862886 -0.523598775598 
0.0195202417139 0.433038350835 0.28869223389 -0.523598775598 
0.0250414682836 0.430217104892 0.286811403261 -0.523598775598 
0.0176042950096 0.430073239535 0.286715493023 -0.523598775598 
0.0176042950096 0.430073239535 0.286715493023 -0.523598775598 
0.0134209058277 0.439556473166 0.293037648778 -0.523598775598 
0.00975134025494 0.44070474489 0.29380316326 -0.523598775598 
0.00975134025494 0.44070474489 0.29380316326 -0.523598775598 
0.00975134025494 0.44070474489 0.29380316326 -0.523598775598 
0.00975134025494 0.44070474489 0.29380316326 -0.523598775598 
0.012089124141 0.441103631379 0.294069087586 -0.523598775598 
0.00769867198216 0.442011297718 0.294674198479 -0.523598775598 
0.0120068312643 0.44236886183 0.294912574553 -0.523598775598 
0.0292817346113 0.417885429616 0.278590286411 -0.523598775598 
0.0292817346113 0.417885429616 0.278590286411 -0.523598775598 
0.0651785522646 0.366477236047 0.244318157364 -0.523598775598 
0.107007065602 0.307812492462 0.205208328308 -0.523598775598 
0.146656067412 0.251804658964 0.167869772642 -0.523598775598 
0.19742837174 0.183560394543 0.122373596362 -0.523598775598 
0.259948699226 0.0994501522368 0.0663001014912 -0.523598775598 
0.323010464056 0.0177564399744 0.0118376266496 -0.523598775598 
0.352256657416 0.0 0.0 -0.523598775598 
0.384376270615 1.27054942088e-21 8.47032947254e-22 -0.523598775598 
0.522687073421 -1.90680267424e-19 -1.27120178282e-19 0.523598775598 
0.572577255585 4.15827661873e-24 2.77218441248e-24 0.383417220339 
0.807237584344 0.499746624757 0.333164416505 0.0615877355373 
0.860639123736 0.165259179046 0.110172786031 0.0719802770923 
0.994735761068 0.128455905865 0.0856372705768 0.0463371983893 
1.08302773083 -2.400883419e-18 -1.600588946e-18 0.0458601571483 
1.17473112202 6.35297966718e-22 4.23531977812e-22 0.0316880737552 
1.2638154703 6.89868603614e-24 4.5991240241e-24 0.0242415541713 
1.31034204794 5.28225636076e-22 3.52150424051e-22 0.0214091562262 
1.3594987356 2.88923944466e-22 1.92615962977e-22 0.0161599303226 
1.39013525744 -1.16074191871e-22 -7.73827945808e-23 0.0136804206358 
1.41227448205 5.03664732899e-22 3.35776488599e-22 0.0128829077833 
1.42732607388 7.23963956306e-22 4.82642637537e-22 0.0123606515311 
1.43267584968 -6.87928009269e-22 -4.58618672846e-22 0.012987630346 
1.43687391509 6.20430675064e-22 4.13620450042e-22 0.0132392049858 
1.44094455792 -8.37431030922e-22 -5.58287353948e-22 0.0126461977796 
1.44415719521 -1.87912300409e-22 -1.2527486694e-22 0.0119881806276 
1.44852362545 5.40783129152e-22 3.60522086101e-22 0.00919657047792 
1.43236160647 6.23720848561e-22 4.15813899041e-22 0.0117217172786 
1.43507390754 2.32138624157e-23 1.54759082771e-23 0.00911941997981 
1.43797733362 5.23425336566e-22 3.48950224377e-22 0.00744318560579 
1.43413548959 9.93844059121e-22 6.6256270608e-22 0.0071308542154 
1.43676413114 -2.33103303436e-22 -1.5540220229e-22 0.0060092995795 
1.44712406876 -6.41534154561e-23 -4.27689436374e-23 0.00325945635225 
1.44059503344 8.43679175981e-22 5.62452783987e-22 0.00455090544657 
1.44448925121 5.14356551337e-22 3.42904367558e-22 0.00327092867499 
1.44288393777 7.45873078023e-23 4.97248718682e-23 0.00297841150725 
1.45096331062 -5.65443746845e-22 -3.76962497897e-22 0.000563035490594 
1.44868307168 -3.43958071515e-22 -2.2930538101e-22 0.0002352979364 
1.45735884227 6.61161975314e-22 4.40774650209e-22 -0.00258053442179 
1.46206896074 0.00605917523826 0.00403945015884 -0.00456373215265 
1.44912205029 -4.66244197883e-18 -3.10829465255e-18 -0.00265645143522 
1.44251054152 4.31595329352e-22 2.87730219568e-22 -0.00163241072304 
1.43483659281 3.59128824343e-22 2.39419216228e-22 -0.00179159976891 
1.41878093923 -3.7995686462e-22 -2.53304576413e-22 -0.000156980642641 
1.39641938351 -5.1282233285e-22 -3.41881555233e-22 0.00236216821958 
1.36939353443 3.86114459596e-22 2.57409639731e-22 0.00272887182687 
1.31737066492 1.97125284849e-19 1.31416856566e-19 0.00645249079378 
1.26534765851 1.25186424118e-18 8.34576160784e-19 0.00724770771627 
1.19599137939 -3.07423524121e-19 -2.04949016081e-19 0.00993770716643 
1.11763157999 -2.88251559332e-20 -1.92167706221e-20 0.0108476144653 
1.00987126787 0.0164355472339 0.0109570314892 0.0121459960678 
0.838331804362 0.0533974079647 0.0355982719764 0.0197886346973 
0.802750771135 0.561088807109 0.37405920474 0.0111823732995 
0.608138416974 0.597812754641 0.398541836427 0.010548494445 
0.367904963338 0.489621234519 0.326414156346 0.0160705411307 
0.236085154474 0.479841369623 0.319894246415 0.0198176172087 
0.15045212774 0.469890796705 0.313260531137 0.0278935653465 
0.0959038204633 0.386409118209 0.257606078806 -0.0018840780763 
0.0662775138888 0.316660268247 0.211106845498 -0.0173306016608 
0.0499006274453 0.365155476228 0.243436984152 -0.0293226690872 
0.0439914422176 0.338310300448 0.225540200299 -0.0266105176094 
0.0449358947909 0.285930955091 0.190620636728 -0.0205727136742 
0.0493111239889 0.245500089892 0.163666726594 -0.0182071812746 
0.0537276543725 0.246343237959 0.164228825306 -0.0197678167666 
0.0611605529437 0.226880288382 0.151253525588 -0.0207060242934 
0.0650898041476 0.285836789073 0.190557859382 -0.032855348624 
0.0709672812355 0.320458218841 0.21363881256 -0.0484390174273 
0.0771664207412 0.281572960872 0.187715307248 -0.0370225932773 
0.0805969328709 0.270809727717 0.180539818478 -0.0318093844332 
0.0846534331233 0.344030592411 0.229353728274 -0.0754062164215 
0.0860568874558 0.330808627208 0.220539084806 -0.068659428154 
0.0902396736895 0.296173429307 0.197448952871 -0.0484454774986 
0.0943716126738 0.291872240472 0.194581493648 -0.0494924620066 
0.0994862965447 0.219621288464 0.146414192309 -0.0272522852769 
0.100360105719 0.322020977005 0.214680651336 -0.0711681249589 
0.104775666094 0.348660400717 0.232440267145 -0.132962260279 
0.108162123996 0.350584090226 0.233722726818 -0.165304482813 
0.107454354438 0.324840557121 0.216560371414 -0.0842815280181 
0.110430570212 0.249860705688 0.166573803792 -0.0350607679744 
0.115731981366 0.291076494527 0.194050996351 -0.0590888393624 
0.12536505792 0.273775735785 0.18251715719 -0.0492636668172 
0.141821655371 0.299196407276 0.199464271517 -0.120966856474 
0.161346409002 0.241556750221 0.16103783348 -0.061489476562 
0.19656037253 0.274686695311 0.183124463541 -0.068667713712 
0.257502481826 0.24380346697 0.162535644647 0.0848989178781 
0.343419778088 0.287687796118 0.191791864079 0.0244123387973 
0.473753423312 0.302923251915 0.20194883461 0.0139617874846 
0.793481093629 0.677638073122 0.451758715415 0.00851496715068 
0.871745874194 0.592425558825 0.39495037255 0.00925192203436 
0.843575963434 0.204011197983 0.136007465322 0.013024408776 
0.969535291232 0.169651981008 0.113101320672 0.00977461394052 
1.03916884718 -2.23486234136e-17 -1.48990822758e-17 0.0117814984689 
1.15004427221 -8.13323073561e-23 -5.42215382374e-23 0.00462783534355 
1.22851154305 -1.37209154533e-22 -9.14727696886e-23 0.00308641388194 
1.29378078828 3.32761238663e-23 2.21840825775e-23 0.000620518486076 
1.3705334557 0.1206802397 0.0804534931334 -0.000609032598705 
1.42974835156 0.205759947251 0.137173298168 -0.00142327291828 
1.46190254371 0.241063201759 0.160708801173 -0.00159826384438 
1.48059646302 0.255397416527 0.170264944352 -0.00166793576538 
1.51473974967 0.300278741392 0.200185827595 -0.0023509826783 
1.53648915592 0.329345503679 0.219563669119 -0.00299015897222 
1.5232779512 0.300851792144 0.200567861429 -0.00262866359631 
1.48743426248 0.224357482174 0.149571654783 -0.00158260604589 
1.50261211614 0.258018813093 0.172012542062 -0.00250827927812 
1.48380169175 0.212048355269 0.141365570179 -0.00234740182302 
1.45303590633 0.136366965319 0.0909113102125 -0.00158441213145 
1.46693486147 0.17469817848 0.11646545232 -0.00254358902999 
1.48418282331 0.216780624521 0.144520416347 -0.00327824296866 
1.49338439617 0.236327165697 0.157551443798 -0.00399449463017 
1.49880850315 0.246931401712 0.164620934475 -0.00429433764011 
1.51597614142 0.282371396491 0.188247597661 -0.0052529049178 
1.49231600061 0.229490517956 0.152993678637 -0.00487440485157 
1.46755932118 0.166868665278 0.111245776852 -0.00398694889144 
1.47784610829 0.196157273616 0.130771515744 -0.00443474450819 
1.518920153 0.288814964819 0.192543309879 -0.00533030733439 
1.50377392012 0.259556395328 0.173037596885 -0.00481591753694 
1.51673550038 0.286708425173 0.191138950115 -0.00524785664624 
1.49523906654 0.2364236066 0.157615737733 -0.00461123450423 
1.46703044291 0.163567627629 0.109045085086 -0.00390401118505 
1.48487955751 0.208172952393 0.138781968262 -0.00453693627399 
1.49571793683 0.231957989371 0.154638659581 -0.00480104181868 
1.49526811319 0.22912784206 0.152751894706 -0.00461371549081 
1.51207049648 0.263098482748 0.175398988499 -0.00505687946493 
1.49761786234 0.230074318245 0.15338287883 -0.00463140967685 
1.49930731626 0.235973065702 0.157315377135 -0.00471539094613 
1.49208771162 0.22009925523 0.14673283682 -0.00446850397589 
1.46040637757 0.135077327578 0.0900515517185 -0.00360908913147 
1.44438675931 0.10035044372 0.0669002958132 -0.00262105544663 
1.45163221265 0.135422331682 0.0902815544547 -0.00270027159467 
1.46060925543 0.178480707152 0.118987138101 -0.0027518896801 
1.47196455549 0.228106225519 0.152070817013 -0.00279635194196 
1.44306910751 0.182020393565 0.121346929043 -0.00171075416241 
1.45725980788 0.24574860616 0.163832404107 -0.00233470583181 
1.4178833819 0.209407094764 0.139604729843 -0.00187100300594 
1.36360836785 0.140085092296 0.0933900615309 0.000104131308998 
1.28980076822 0.0113020012175 0.0075346674783 0.00219376876996 
1.28228140066 0.154897297853 0.103264865235 0.00143838318333 
1.25303887382 0.303455123691 0.202303415794 0.000886787670948 
1.16189860485 0.372809163353 0.248539442236 0.00270324357839 
1.1673296819 0.554507136992 0.369671424661 0.0027538181481 
1.18140940912 0.688202450153 0.458801633435 0.00474307376851 
1.20989237804 0.81074600532 0.54049733688 0.00982849803148 
1.23241349135 0.895482130238 0.596988086825 0.0161313597273 
1.26989896966 0.954265024753 0.636176683169 0.0229263997761 
1.28918545215 0.995520910532 0.663680607021 0.029875733343 
1.2931584606 1.02427085708 0.682847238052 0.0358441863067 
1.30069833346 1.04293380632 0.69528920421 0.0403885195196 
1.30431119966 1.05617664697 0.704117764645 0.0438526837016 
1.29561548921 1.06792115796 0.711947438639 0.0468914445882 
1.30537973205 1.07247849208 0.714985661388 0.0486960115898 
1.29966639839 1.07870839506 0.719138930039 0.0502515579828 
1.29529355378 1.08336457246 0.722243048305 0.0518835508977 
1.28989747762 1.08704546799 0.724696978661 0.0534244342967 
1.29914636413 1.08678037332 0.724520248882 0.0531842782674 
1.29840569352 1.08752367109 0.725015780726 0.0533441174613 
1.29809882541 1.0878775518 0.7252517012 0.0532516477574 
1.29736532214 1.08855433228 0.725702888188 0.0531308271987 
1.31199454984 1.08511447915 0.723409652769 0.0521440369519 
1.30465322455 1.08598299926 0.723988666175 0.0520151909193 
1.31087454095 1.08425112043 0.722834080289 0.0518228514534 
1.30350409839 1.08591474329 0.723943162191 0.0518142465283 
1.31670430294 1.08227087192 0.721513914614 0.0510196162229 
1.31727908485 1.08149692517 0.720997950116 0.0507337864046 
1.3095704109 1.08267161267 0.721781075116 0.0508365952108 
1.31043733637 1.08183550433 0.721223669554 0.0505682288178 
1.30851584549 1.08140908052 0.720939387015 0.0503006685966 
1.299412138 1.08292777531 0.721951850205 0.050884073118 
1.30049775331 1.08214382042 0.721429213615 0.0506738835069 
1.29119780497 1.08339763899 0.722265092659 0.0509632461723 
1.29799130481 1.0815414876 0.721027658399 0.0502634278537 
1.30359516705 1.07978465971 0.719856439806 0.0496987756617 
1.31779472753 1.07624577071 0.717497180473 0.0488512957423 
1.32292133009 1.07493795454 0.716625303027 0.0486526446533 
1.31630138248 1.07618621232 0.717457474878 0.0487729295325 
1.31125294111 1.07730387163 0.718202581084 0.0492887672622 
1.32652887113 1.07342237284 0.715614915226 0.0483332421275 
1.31259224746 1.0762401674 0.717493444935 0.0492630542501 
1.30847812839 1.07635820262 0.717572135082 0.0490567106524 
1.29988294964 1.0774065736 0.718271049065 0.0492228108211 
1.29592584622 1.07723331463 0.71815554309 0.049001009737 
1.30239416218 1.07496292206 0.716641948039 0.0482398990279 
1.29260421084 1.07630203587 0.717534690578 0.0482808546315 
1.29149483686 1.07530620196 0.716870801308 0.0478514756227 
1.29887221337 1.07211336298 0.71474224199 0.0467056824331 
1.2999822873 1.06821303258 0.712142021717 0.045474766465 
1.30308247977 1.06068913668 0.707126091123 0.0436101099823 
1.30188091765 1.04924631695 0.699497544636 0.0401943496778 
1.28121002193 1.02283069668 0.681887131123 0.0331029183149 
1.23919895089 0.98211400891 0.654742672607 0.0252686844766 
1.17643818821 0.917482227324 0.611654818216 0.0166243713301 
1.04971807784 0.774104682807 0.516069788538 0.00824269185551 
0.830363311242 0.250778650409 0.16718576694 0.00841018932551 
0.973110370543 0.208264635516 0.138843090344 0.00802991165582 
1.05467294999 4.56356945985e-17 3.0423796399e-17 0.0123324644046 
1.16400234204 3.90437652833e-23 2.60291768555e-23 0.0102125363349 
1.24965201828 -6.10922912667e-22 -4.07281941778e-22 0.00980436766252 
1.31360507743 -4.60872216531e-22 -3.07248144354e-22 0.00955779925761 
1.36961664876 1.45091379439e-22 9.67275862927e-23 0.00669494192554 
1.41179749391 7.45223657335e-22 4.96815771557e-22 0.00432006047641 
1.41703869315 2.94420886061e-22 1.96280590707e-22 0.00658731228624 
1.43572829203 2.92970013811e-22 1.95313342541e-22 0.00503598901136 
1.44857391105 9.02808637262e-22 6.01872424842e-22 0.00384986361407 
1.4589949239 -3.29396455335e-23 -2.1959763689e-23 0.00193866699812 
1.46854804798 -1.11085737192e-21 -7.4057158128e-22 -0.000194105141289 
1.47810669661 3.97491245568e-23 2.64994163712e-23 -0.00199193158388 
1.47823032584 -5.73345834938e-22 -3.82230556625e-22 -0.00220594247762 
1.48577432791 1.51343304065e-21 1.00895536043e-21 -0.00373272001867 
1.48520571169 6.63224275064e-22 4.4214951671e-22 -0.00344133654825 
1.48820684119 -2.7033875241e-22 -1.8022583494e-22 -0.00432709433012 
1.49254652602 -7.08342570929e-22 -4.72228380619e-22 -0.00557792337147 
1.49630214373 -1.52129021251e-22 -1.01419347501e-22 -0.00642269400662 
1.49521223432 1.7420166311e-21 1.16134442073e-21 -0.00675824015908 
1.47824829025 4.87698984126e-22 3.25132656084e-22 -0.00279490843958 
1.47589185113 7.35028047957e-22 4.90018698638e-22 -0.00270019288541 
1.4722709485 7.93518768024e-22 5.29012512016e-22 -0.00278665931025 
1.4806323726 1.14876137293e-21 7.65840915288e-22 -0.00433721444033 
1.48249524249 1.38150526972e-22 9.21003513146e-23 -0.0048617209494 
1.47910865566 -1.81385744225e-21 -1.20923829484e-21 -0.00502424366607 
1.47548795632 -5.21594189015e-22 -3.47729459343e-22 -0.00426449680868 
1.46682291863 -6.10305767718e-22 -4.06870511812e-22 -0.00244648309335 
1.46584555295 1.773505063e-23 1.18233670866e-23 -0.00213365927632 
1.45898982367 9.55411887278e-23 6.36941258185e-23 -0.000159421479176 
1.46595681649 7.4586481799e-24 4.97243211994e-24 -0.00150402324324 
1.46525829691 2.52176892567e-23 1.68117928378e-23 -0.00121057672078 
1.45849841827 -2.83424565551e-22 -1.88949710367e-22 0.000668468017918 
1.45939141065 -6.61343823623e-22 -4.40895882415e-22 0.000714481406007 
1.45702768227 -6.35752868203e-22 -4.23835245469e-22 0.000539873315633 
1.46186930145 5.90641068396e-22 3.93760712264e-22 -8.90529097268e-05 
1.46631407729 -5.34221525119e-23 -3.56147683412e-23 -0.0011395901014 
1.46300312227 -1.37039700869e-22 -9.13598005795e-23 -0.000402460300505 
1.47651750518 -3.44101613063e-22 -2.29401075375e-22 -0.00266864587171 
1.47117032877 3.98703892786e-22 2.65802595191e-22 -0.00193119444991 
1.47015419104 -1.24331057612e-22 -8.28873717411e-23 -0.0021290463425 
1.46591668285 1.47011364509e-21 9.80075763395e-22 -0.00124207248444 
1.46596339361 3.19298646533e-22 2.12865764356e-22 -0.00146740151571 
1.4687819746 1.26936518748e-21 8.46243458322e-22 -0.0019011322879 
1.45834413651 7.70986427777e-22 5.13990951851e-22 0.000428394941419 
1.44987023203 4.00203582232e-22 2.66802388155e-22 0.000796676312034 
1.43556050939 -1.29541693632e-22 -8.63611290881e-23 0.00315618389496 
1.42218089471 2.20202548784e-22 1.46801699189e-22 0.00424654316639 
1.39628910089 8.53511241354e-22 5.69007494236e-22 0.00617172721464 
1.29738709348 -5.29717604302e-18 -3.53145069535e-18 0.0105528918018 
1.1790487243 -7.89502864799e-18 -5.26335243199e-18 0.0138477875228 
1.05670321106 9.13413898167e-18 6.08942598778e-18 0.0142756538164 
0.908843260952 0.0316205737648 0.0210803825099 0.0191247910537 
0.805742506335 0.412495177171 0.274996784781 0.0132900515741 
0.539521661251 0.105130586684 0.0700870577894 0.0363655967114 
0.389300957554 0.0915683506633 0.0610455671089 0.118678290812 
0.287730524043 0.186959740724 0.124639827149 0.117885268083 
0.209699277941 0.107081748671 0.0713878324475 -0.0431956411822 
0.158755565512 0.0948964048034 0.063264269869 -0.0226056683102 
0.121016483382 0.103146553522 0.0687643690145 -0.0156580924574 
0.0986756700725 0.0579037715431 0.038602514362 -0.00879715391591 
0.0812425555773 0.0451254250751 0.0300836167167 -0.00683475503995 
0.068616414903 0.0615483519199 0.0410322346133 -0.00649212908279 
0.0598112944994 0.094048916693 0.0626992777953 -0.00773093836121 
0.0566337667595 0.0597305370851 0.0398203580567 -0.00599171234598 
0.0521780494736 0.0754667941947 0.0503111961298 -0.00669521393878 
0.0513332093445 0.05093198942 0.0339546596133 -0.00579543454436 
0.0548450083848 9.64218739009e-18 6.42812492672e-18 -0.00361103384571 
0.0491068456092 0.0531392495053 0.0354261663369 -0.00454291835612 
0.0453400250662 0.103582217852 0.0690548119011 -0.0064214883331 
0.0434989241783 0.141284777538 0.0941898516918 -0.0079076376838 
0.0437770983654 0.126965418016 0.0846436120106 -0.00699010326315 
0.0421340796058 0.15278864733 0.10185909822 -0.00950052624264 
0.0439168582197 0.124437405678 0.0829582704522 -0.00929373590031 
0.0480179902024 0.0625085960168 0.0416723973445 -0.00627144777018 
0.0543316085136 0.000305733871038 0.000203822580692 -0.00449930149904 
0.0529905070403 0.00553746288208 0.00369164192139 -0.00366654676126 
0.0531822833049 0.00205479324614 0.0013698621641 -0.00356797619076 
0.0611376930009 4.94662949444e-20 3.29775299629e-20 -0.00228756747576 
0.0597444245956 2.28981307395e-21 1.5265420493e-21 -0.00225786937047 
0.0572790177309 1.03417858842e-21 6.89452392277e-22 -0.00230517124253 
0.0525799393919 0.033452646142 0.0223017640947 -0.00414269169839 
0.0527976698565 0.0288775456008 0.0192516970672 -0.00429291352519 
0.0535524774559 0.0197478551179 0.0131652367453 -0.00472330670353 
0.0576470551655 0.0178071357492 0.0118714238328 -0.00506941995672 
0.0588223445276 0.0880434679789 0.0586956453193 -0.00796604567037 
0.0668702231144 0.118804136161 0.0792027574409 -0.0101629937874 
0.0753653583448 0.159811539622 0.106541026415 -0.0149620494026 
0.0902965395362 0.244734686417 0.163156457611 -0.0249761033044 
0.113767417642 0.23980520594 0.159870137293 -0.0274880043073 
0.137848985976 0.37194814378 0.247965429187 0.127239344228 
0.15808605691 0.39431047421 0.262873649473 0.143148895021 
0.181085462667 0.39244687589 0.261631250594 0.143234406153 
0.205787888438 0.406731300778 0.271154200519 0.146216647463 
0.407980853141 0.783352773005 0.522235182003 0.00997557824589 
0.504684107535 0.828766289407 0.552510859605 0.00998476574675 
0.688118969447 0.936155174059 0.624103449372 0.0181267780371 
0.684590482861 0.946340545854 0.630893697236 0.0230637266714 
0.679913438346 0.960298334384 0.64019888959 0.0292628397743 
0.675410665415 0.974036347988 0.649357565326 0.0350096804713 
0.670536097506 0.988988323887 0.659325549258 0.0412515447144 
0.66593902718 1.00233969288 0.668226461917 0.0482276198874 
0.662054148115 1.01181957343 0.674546382284 0.0540764585593 
0.658165430954 1.02011094687 0.68007396458 0.0593735361897 
0.613362827874 1.03369076348 0.689127175656 0.0714536831116 
0.608776320143 1.05628535524 0.704190236826 0.0787669180139 
0.606623857175 1.06079567716 0.707197118106 0.0830357628029 
0.603172090563 1.07371432901 0.715809552675 0.0885606951554 
0.589492250963 1.07973522733 0.719823484884 0.103222214796 
0.586522632093 1.09229129011 0.728194193406 0.105474943041 
0.583808406511 1.0981072033 0.732071468864 0.107278919233 
0.58064755607 1.1022338521 0.734822568068 0.108966877486 
0.577456872118 1.11086927716 0.740579518107 0.111661612915 
0.543302796964 1.12365649716 0.749104331437 0.128435937841 
0.5402540599 1.14577576059 0.763850507063 0.131927031393 
0.495772788368 1.16639458856 0.777596392373 0.146647507048 
0.475153224686 1.18972178107 0.793147854049 0.129424377086 
0.446359698338 1.21731078064 0.81154052043 0.150136612112 
0.388534034021 1.25150049037 0.834333660249 0.14178979159 
0.387458740061 1.28599557343 0.857330382289 0.146163069939 
0.302644520728 1.31979987778 0.879866585188 0.125591616097 
0.276598683773 1.34706796013 0.898045306752 0.107520995503 
0.215895782169 1.37949087456 0.919660583042 0.0939556315617 
0.173906710825 1.40696443886 0.937976292571 0.0720160324608 
0.134112429256 1.43238737926 0.954924919507 0.0531392547921 
0.0939258462484 1.45772835253 0.971818901689 0.033216458944 
0.0657532925285 1.47527151255 0.983514341702 0.0178720450882 
0.0411236358293 1.49088231005 0.993921540032 0.00563109017921 
0.0424762145467 1.5015099631 1.00100664207 -0.00173374047769 
0.335634489645 1.50152137654 1.00101425103 0.0441661836007 
0.407003060529 1.50381358291 1.0025423886 0.0568799449344 
0.460154108258 1.50671228909 1.00447485939 0.0709111462806 
0.507339136213 1.51137940762 1.00758627175 0.0911203304544 
0.542193708633 1.5136370944 1.00909139627 0.106823542015 
0.567693474478 1.51425670042 1.00950446694 0.119165727548 
0.589704461025 1.51501500855 1.0100100057 0.133349980914 
0.606307788535 1.51460827872 1.00973885248 0.142979814126 
0.618464957707 1.51421398816 1.00947599211 0.15047333212 
0.627062696968 1.51367479527 1.00911653018 0.155662370634 
0.637540506005 1.51342835686 1.0089522379 0.164671780603 
0.650973473591 1.51285866021 1.00857244014 0.178660467666 
0.657937794915 1.51186042935 1.0079069529 0.185113603751 
0.655166094094 1.51154852379 1.00769901586 0.179529339402 
0.647844661787 1.51118502083 1.00745668055 0.168404596011 
0.658964067011 1.51094500375 1.00729666916 0.18528625789 
0.663821065064 1.51071977294 1.00714651529 0.193777768677 
0.674139063145 1.5093741649 1.00624944327 0.210891677084 
0.66701185746 1.50967739216 1.00645159477 0.20357497257 
0.651766472636 1.51035653796 1.00690435864 0.188946712993 
0.629771487389 1.51057081639 1.00704721093 0.166679165822 
0.62183354212 1.51052871035 1.00701914023 0.162499166583 
0.60554818959 1.50936540073 1.00624360048 0.149406528508 
0.585514289609 1.50946900624 1.00631267083 0.139187076543 
0.554941973718 1.5075059462 1.00500396413 0.122334449171 
0.447732407247 1.49667305611 0.997782037405 0.076029163647 
0.312778979186 1.48392948041 0.989286320274 0.0440203730928 
0.0773329809953 1.46636850059 0.977579000391 0.01364680634 
0.12258225596 1.43731834191 0.958212227941 0.034216874533 
0.166221843128 1.40903793042 0.939358620278 0.0533519999995 
0.210654367789 1.38037389017 0.920249260115 0.0750918070206 
0.257779921801 1.34903650784 0.899357671892 0.097654438254 
0.294462941104 1.32521154643 0.883474364286 0.120267504493 
0.31878950733 1.29558753242 0.863725021613 0.142677055864 
0.372549238331 1.26759369642 0.845062464283 0.162580555872 
0.411624761289 1.23595777629 0.823971850863 0.179062574724 
0.412485979391 1.21174839353 0.807832262353 0.175990213999 
0.502204654424 1.15903545754 0.772690305025 0.192715403921 
0.504636453252 1.11904067439 0.746027116261 0.184109166706 
0.582071586985 1.07596954338 0.717313028922 0.165744350085 
0.590152694655 1.01163325134 0.674422167558 0.147193182838 
0.671107153596 0.961150260283 0.640766840189 0.106903108252 
0.68668622557 0.90533721035 0.603558140233 0.0904181949267 
0.706358491272 0.861997645027 0.574665096684 0.0731395229039 
0.729315224602 0.820780002372 0.547186668248 0.0543382087544 
0.75589462946 0.783345196046 0.522230130697 0.0439929265529 
0.761743634717 0.775633254285 0.51708883619 0.0305808208992 
0.76514013961 0.771324388191 0.514216258794 0.0218148088618 
0.764706934061 0.772549080573 0.515032720382 0.014249169089 
0.743852751305 0.805117462159 0.536744974773 0.00997876288099 
0.730813952614 0.8284273679 0.552284911933 0.00613248470451 
0.721438654484 0.846430705158 0.564287136772 0.00248905228464 
0.707353129333 0.874335700224 0.582890466816 0.00169927445492 
0.696625589374 0.897360354694 0.598240236463 0.00129795820047 
0.692321025962 0.907144156258 0.604762770839 0.000342599478219 
0.68572183872 0.923074857328 0.615383238219 0.00127970774145 
0.68211962388 0.932164029417 0.621442686278 0.00131590687291 
0.6802870835 0.936729295485 0.62448619699 0.000905121659533 
0.676921240029 0.945900804472 0.630600536315 0.00171548240358 
0.678796572271 0.939886320793 0.626590880529 0.000566706318605 
0.677343323156 0.943461137308 0.628974091538 0.00149993113496 
0.677343323156 0.943461137308 0.628974091538 0.00149993113496 
0.676281715401 0.946186456928 0.630790971285 0.000305688212372 
0.674976040149 0.949732682193 0.633155121462 -0.000270618124804 
0.670721140904 0.962475060785 0.641650040524 0.00139571382173 
0.670721140904 0.962475060785 0.641650040524 0.00139571382173 
0.671473363123 0.960516637524 0.640344425016 -6.44252309717e-05 
0.673943947372 0.952838323332 0.635225548888 -0.00138856167147 
0.672879071039 0.955852557983 0.637235038655 -3.09709076286e-05 
0.675068720558 0.948768937319 0.632512624879 9.02377848353e-05 
0.677941245434 0.939417966198 0.626278644132 0.000299598473787 
0.680289433176 0.93152999436 0.62101999624 0.00132446582578 
0.685533120164 0.9154844594 0.610322972933 0.00169760453592 
0.689689276494 0.903113188154 0.60207545877 0.00404945090438 
0.695979382769 0.885454069157 0.590302712771 0.00648927684553 
0.707403762617 0.858938729898 0.572625819932 0.00936340342442 
0.719582663683 0.834572970331 0.556381980221 0.0121399847517 
0.727924671409 0.820922285502 0.547281523668 0.0196727973306 
0.748523025681 0.787980945073 0.525320630048 0.019929318617 
0.770196740003 0.755387052191 0.503591368127 0.0182038545746 
0.783391694204 0.737415143406 0.491610095604 0.026600635162 
0.805627380023 0.706905029148 0.471270019432 0.0218419128143 
0.817244696959 0.68964591471 0.45976394314 0.0327457958345 
0.817244696959 0.68964591471 0.45976394314 0.0327457958345 
0.825170677961 0.674619472872 0.449746315248 0.0412600390459 
0.825170677961 0.674619472872 0.449746315248 0.0412600390459 
0.832372162162 0.656582964862 0.437721976575 0.043786567593 
0.792204350719 0.688971101561 0.459314067707 0.0543212865806 
0.76747576551 0.718980584922 0.479320389948 0.0696430872385 
0.706630937764 0.835838746288 0.557225830859 0.0722767395081 
0.668330837931 0.932966142461 0.621977428307 0.105488327449 
0.642090802409 1.01615524896 0.677436832642 0.104162262079 
0.543787180402 1.11124174806 0.740827832037 0.128249543888 
0.451914105577 1.19867431415 0.799116209435 0.145881864764 
0.376178773238 1.26125310401 0.840835402675 0.142473608713 
0.273200974077 1.34019115736 0.893460771571 0.112573266556 
0.18911568502 1.39702856871 0.931352379141 0.0785689120957 
0.113111198239 1.44662137969 0.964414253125 0.0479245491486 
0.151677327003 1.48641169677 0.990941131178 0.0331649935906 
0.445676254725 1.50213766942 1.00142511295 0.0935330650418 
0.590945459789 1.50690133154 1.00460088769 0.161192197346 
0.746322649887 1.48867441914 0.992449612758 0.286244379531 
0.748587259509 1.50639568486 1.00426378991 0.261859076088 
0.761616534455 1.51574458255 1.01049638836 0.253515669684 
0.75883968791 1.52583815962 1.01722543975 0.228247835196 
0.765735580416 1.53129836246 1.02086557497 0.223994149229 
0.771862926947 1.53139806977 1.02093204651 0.219326465482 
0.76153671977 1.54102488088 1.02734992058 0.199439048253 
0.765318866121 1.54099435022 1.02732956681 0.197188139918 
0.767257057355 1.54133073516 1.02755382344 0.19607685141 
0.769298822227 1.54281555241 1.02854370161 0.194811256717 
0.770340858592 1.54437356065 1.02958237377 0.193661117699 
0.770477802281 1.54525784097 1.03017189398 0.193719825111 
0.76466690676 1.54928255854 1.03285503903 0.180763084045 
0.766309742608 1.54980384336 1.03320256224 0.179816330423 
0.766145440498 1.54835836103 1.03223890735 0.179663456363 
0.76632608362 1.54944855882 1.03296570588 0.179753875191 
0.766447776151 1.55004395825 1.03336263883 0.179785297538 
0.768816279772 1.54868709274 1.03245806183 0.178400607148 
0.768971176918 1.5496715172 1.0331143448 0.178482979548 
0.770568578451 1.55086125336 1.03390750224 0.177364185796 
0.770645327564 1.55137148757 1.03424765838 0.177392506307 
0.773175462195 1.55067068473 1.03378045649 0.175556414942 
0.774575816341 1.5498581105 1.03323874033 0.174552858651 
0.77710694968 1.5486574074 1.0324382716 0.17319025991 
0.777273697612 1.54965531463 1.03310354309 0.173266744685 
0.779794891288 1.55001200594 1.03334133729 0.171780963676 
0.779981395264 1.55133465766 1.0342231051 0.171883921894 
0.781427132443 1.55261987281 1.03507991521 0.170114793858 
0.781379808872 1.55203126944 1.03468751296 0.170020556937 
0.784565598146 1.55016348868 1.03344232578 0.167908988583 
0.784642502988 1.5505190493 1.0336793662 0.167918919041 
0.787704238009 1.55073530741 1.03382353828 0.166032137387 
0.790743785433 1.55174595219 1.03449730146 0.163959264454 
0.795307480752 1.55374888684 1.03583259122 0.16060764293 
0.796186292914 1.56261932014 1.04174621342 0.123823746343 
0.808824943081 1.57054721655 1.0470314777 0.0825699190982 
0.824309912061 1.58145459261 1.05430306174 -0.0136471855848 
0.980400726371 1.47760376254 0.985069175023 -0.523598775598 
0.997344784741 1.4913472215 0.994231481001 -0.523598775598 
1.0145861357 1.5043642906 1.00290952707 -0.523347907183 
1.01262676464 1.54165215179 1.02776810119 -0.457710968163 
1.02066203219 1.5629616331 1.04197442207 -0.416973765445 
1.03070487938 1.5760693179 1.0507128786 -0.390738528606 
1.04154185116 1.58398749602 1.05599166401 -0.373627011424 
1.04880696636 1.59041758723 1.06027839149 -0.36199841952 
1.05444004513 1.59489014324 1.06326009549 -0.353668597149 
1.0580169304 1.59751453111 1.06500968741 -0.349503128572 
1.05990548249 1.59878045435 1.06585363624 -0.347547304876 
1.05970372698 1.60035869628 1.06690579752 -0.346245633233 
1.05817061151 1.6002251469 1.0668167646 -0.348072513219 
1.0545599996 1.60213687798 1.06809125199 -0.348727783651 
1.05164863516 1.60112894088 1.06741929392 -0.351973807296 
1.0479179445 1.59876147196 1.0658409813 -0.357531041674 
1.04350041304 1.59595482448 1.06396988299 -0.364009017628 
1.03701310272 1.59206582879 1.0613772192 -0.373643176108 
1.02407195767 1.58579335171 1.0571955678 -0.391172859812 
1.00989088567 1.57724362841 1.05149575227 -0.414393781197 
0.998784001927 1.55699913585 1.0379994239 -0.456589866739 
0.999686380122 1.51823962005 1.0121597467 -0.523598775598 
0.981326210201 1.50003124042 1.00002082695 -0.523598775598 
0.961848681184 1.48105919771 0.987372798471 -0.523598775598 
0.940982558931 1.45701243846 0.971341625643 -0.523598775598 
0.918358504937 1.43303241934 0.955354946223 -0.523598775598 
0.898672219332 1.40828113555 0.938854090367 -0.523598775598 
0.798035406524 1.45542124498 0.970280829984 0.316421107416 
0.557997599772 1.47687616252 0.98458410835 0.131985285726 
0.341085677345 1.45965821075 0.973105473834 0.0662606134933 
0.152849994393 1.41797328495 0.945315523298 0.0488527945058 
0.223615209281 1.36990729859 0.913271532394 0.0715560316879 
0.296842024785 1.31824055061 0.878827033737 0.0941275142739 
0.386378784966 1.2494277031 0.832951802064 0.111996639241 
0.470803951176 1.17871388305 0.785809255365 0.123483197487 
0.562213989288 1.09114187594 0.727427917297 0.118505401308 
0.634252354169 1.00448444332 0.669656295549 0.115073768399 
0.688892851689 0.917961298929 0.611974199286 0.105138753504 
0.736944072656 0.813263683519 0.542175789012 0.0843600215814 
0.797893109892 0.710158719948 0.473439146632 0.0701079729389 
0.839228383924 0.643102408929 0.428734939286 0.0683087364774 
0.811271474228 0.388008806777 0.258672537852 0.066316415404 
0.857685442021 0.366644970919 0.244429980612 0.049281652074 
0.897411667724 0.342649648059 0.228433098706 0.0457853177429 
0.923865150941 0.317895688335 0.21193045889 0.0388198376023 
0.923865150941 0.317895688335 0.21193045889 0.0388198376023 
0.923865150941 0.317895688335 0.21193045889 0.0388198376023 
0.879281854727 0.110718739688 0.0738124931253 0.0586931180104 
0.879281854727 0.110718739688 0.0738124931253 0.0586931180104 
0.879281854727 0.110718739688 0.0738124931253 0.0586931180104 
0.849065125647 0.118163742732 0.0787758284879 0.061973310339 
0.849065125647 0.118163742732 0.0787758284879 0.061973310339 
0.822222404296 0.12863338725 0.0857555914998 0.0696144339958 
0.822222404296 0.12863338725 0.0857555914998 0.0696144339958 
0.822222404296 0.12863338725 0.0857555914998 0.0696144339958 
0.822222404296 0.12863338725 0.0857555914998 0.0696144339958 
0.822222404296 0.12863338725 0.0857555914998 0.0696144339958 
0.822222404296 0.12863338725 0.0857555914998 0.0696144339958 
0.822222404296 0.12863338725 0.0857555914998 0.0696144339958 
0.822222404296 0.12863338725 0.0857555914998 0.0696144339958 
0.822222404296 0.12863338725 0.0857555914998 0.0696144339958 
0.822222404296 0.12863338725 0.0857555914998 0.0696144339958 
0.822222404296 0.12863338725 0.0857555914998 0.0696144339958 
0.822222404296 0.12863338725 0.0857555914998 0.0696144339958 
0.856101572482 0.126670369257 0.0844469128378 0.0687960415215 
0.891044399136 0.11966470761 0.0797764717397 0.0615802349296 
0.937242006419 0.106034205891 0.0706894705938 0.0527281831218 
0.972476382848 0.090791271558 0.060527514372 0.0510487057401 
1.01433361786 0.0707485994814 0.0471657329876 0.0407943721649 
1.05246438682 0.0482919598548 0.0321946399032 0.0384468627335 
1.09548256661 2.08132509255e-18 1.3875500617e-18 0.0359270180807 
1.12805170001 -4.17917439175e-22 -2.78611626117e-22 0.0209460974312 
1.16468354037 -6.09046904747e-23 -4.06031269831e-23 0.0154694259394 
1.18464860395 -2.8720302918e-22 -1.9146868612e-22 0.0131327142756 
1.22025053922 5.78894410557e-22 3.85929607038e-22 0.006473159264 
1.23138509081 4.6986636118e-23 3.13244240787e-23 0.00173280746469 
1.22759251595 4.92871818105e-23 3.2858121207e-23 0.0067369250319 
1.2341472445 3.40867300763e-22 2.27244867176e-22 0.00307447242995 
1.2341472445 3.40867300763e-22 2.27244867176e-22 0.00307447242995 
1.24121128451 -2.82288678473e-22 -1.88192452315e-22 0.00369981043163 
1.25010583554 1.01419689198e-22 6.76131261321e-23 -0.000644570486376 
1.24806386085 -2.31365310587e-22 -1.54243540391e-22 0.00292707181286 
1.24806386085 -2.31365310587e-22 -1.54243540391e-22 0.00292707181286 
1.24091344069 1.16826380153e-22 7.78842534356e-23 0.00758966215413 
1.24316767525 -1.86231733103e-22 -1.24154488736e-22 0.00362561580027 
1.25024415361 1.10835752564e-22 7.38905017096e-23 0.00144394523162 
1.24494369937 -1.75262843814e-23 -1.16841895876e-23 0.00550090936988 
1.24494369937 -1.75262843814e-23 -1.16841895876e-23 0.00550090936988 
1.22892787363 3.4249069125e-22 2.283271275e-22 0.00693161921101 
1.21179582417 -1.3352524385e-22 -8.90168292331e-23 0.0102093883286 
1.19954575213 2.67502110231e-22 1.78334740154e-22 0.0102321277232 
1.19954575213 2.67502110231e-22 1.78334740154e-22 0.0102321277232 
1.20083751197 -3.52779875541e-22 -2.35186583694e-22 0.00507469485468 
1.18701474391 -6.28788168528e-24 -4.19192112352e-24 0.00824803865994 
1.17318115532 -4.66147808597e-22 -3.10765205731e-22 0.0040451525879 
1.13478033941 -3.53702290915e-22 -2.35801527277e-22 0.011677407706 
1.09469507433 1.08420217249e-19 7.22801448324e-20 0.00875800789414 
1.05043531488 0.00353173742077 0.00235449161385 0.011914308417 
0.989368172141 0.0127328012274 0.00848853415162 0.0133687872365 
0.941221729202 0.0214356174742 0.0142904116495 0.0129738565687 
0.885917938449 0.0333036808909 0.0222024539272 0.0136114197918 
0.830037488845 0.0468074967408 0.0312049978272 0.0140811443394 
0.825131084308 0.271288146433 0.180858764288 0.00787106331751 
0.773489434244 0.287348614826 0.191565743217 0.00640847528221 
0.723793505689 0.304040831219 0.20269388748 0.00378324059672 
0.686772390566 0.317844141845 0.211896094563 0.0036622864537 
0.8000990417 0.620076495119 0.413384330079 0.00245406953089 
0.785502534164 0.633164993997 0.422109995998 0.00307408240907 
0.776417998685 0.642446492207 0.428297661471 0.00338975796248 
0.785773687428 0.63446673581 0.422977823873 -0.000232656311023 
0.799582532255 0.622046938618 0.414697959079 -0.00333683135039 
0.798298036147 0.623204628412 0.415469752275 -0.0041875468825 
0.795606089384 0.62560770333 0.41707180222 -0.00383534242282 
0.788308296379 0.632302538309 0.421535025539 -0.00274727457353 
0.788308296379 0.632302538309 0.421535025539 -0.00274727457353 
0.785479420979 0.635133413681 0.423422275787 -0.00141200535308 
0.789796850124 0.631705729697 0.421137153131 -0.00244716578877 
0.791646573124 0.63028605212 0.420190701413 -0.00289057228682 
0.796198137861 0.626421919829 0.417614613219 -0.00342391212407 
0.805240412851 0.618374648187 0.412249765458 -0.00446672379923 
0.806914175119 0.616802066318 0.411201377545 -0.00396648357236 
0.806914175119 0.616802066318 0.411201377545 -0.00396648357236 
0.818228905457 0.606762686181 0.404508457454 -0.0053727788888 
0.820994157973 0.604177286506 0.402784857671 -0.00532218802464 
0.825385635197 0.600130282572 0.400086855048 -0.00580128697692 
0.825385635197 0.600130282572 0.400086855048 -0.00580128697692 
0.818423739188 0.605229873635 0.403486582423 -0.00406467480294 
0.813648558375 0.608629710959 0.405753140639 -0.00295584715384 
0.823136951376 0.600102851104 0.400068567403 -0.00376296428069 
0.818185324251 0.603353825909 0.40223588394 -0.00115487467365 
0.826919270883 0.595338660705 0.39689244047 -0.00173933388575 
0.834637619057 0.588432641561 0.392288427707 -0.00213925398298 
0.845439189172 0.579039266717 0.386026177811 -0.00184060565868 
0.859342985174 0.567166221037 0.378110814025 -0.00347303081559 
0.806006971744 0.438167206686 0.292111471124 -0.00454790635388 
0.815735791311 0.433306092254 0.288870728169 -0.000777350078416 
0.867073951149 0.408232585507 0.272155057004 -0.00223367724687 
0.85406679127 0.18040257293 0.120268381954 8.24684399322e-05 
0.921118847315 0.162893713723 0.108595809148 0.00342602133193 
0.966913547461 1.55899801853e-17 1.03933201235e-17 0.00458100961912 
1.05543345909 3.9038122248e-22 2.6025414832e-22 0.00696799579456 
1.12001012278 -3.90237883963e-22 -2.60158589309e-22 0.0117682283888 
1.18615704616 -9.74115909647e-23 -6.49410606431e-23 0.00878688632149 
1.23009382654 1.02393393778e-22 6.82622625187e-23 0.00823886735903 
1.25061696635 3.72682561526e-22 2.48455041017e-22 0.0116492608312 
1.2686751215 4.4511001786e-22 2.96740011907e-22 0.0137961448313 
1.28869191011 -6.89424669564e-22 -4.59616446376e-22 0.0109272163817 
1.29794327967 4.4505102322e-22 2.96700682147e-22 0.00898022482714 
1.29790043325 3.27500899055e-22 2.18333932703e-22 0.0110688689971 
1.30283383936 2.33097905071e-22 1.5539860338e-22 0.0096247368185 
1.31076660401 1.07454845636e-21 7.16365637576e-22 0.00754666457777 
1.31076660401 1.07454845636e-21 7.16365637576e-22 0.00754666457777 
1.31008763218 7.6063309865e-22 5.07088732433e-22 0.00553194695225 
1.30282032109 -1.18039993219e-22 -7.86933288126e-23 0.00656121925049 
1.29910015778 -4.86494645578e-22 -3.24329763719e-22 0.00617017521062 
1.29856735717 2.4969626768e-22 1.66464178453e-22 0.00510575097686 
1.28571123308 9.39770702733e-22 6.26513801822e-22 0.00692835556694 
1.28434906812 4.23296386813e-22 2.82197591208e-22 0.00596168888743 
1.27836913588 4.80062922659e-22 3.20041948439e-22 0.00657065910221 
1.26558469688 1.1117719095e-21 7.41181272997e-22 0.00860754921338 
1.25446982623 -4.22937842319e-22 -2.81958561546e-22 0.0108280557087 
1.24489735136 5.76307667538e-22 3.84205111692e-22 0.0116174067235 
1.23226539131 3.14904059564e-22 2.09936039709e-22 0.0133868398864 
1.22240227336 2.5947824367e-22 1.7298549578e-22 0.0118429871635 
1.21083700567 2.01266243591e-22 1.34177495727e-22 0.0113992388839 
1.19508398007 4.24735173217e-23 2.83156782145e-23 0.00910998192553 
1.1560706923 1.99470706407e-19 1.32980470938e-19 0.0130990243295 
1.1344858775 1.67983903087e-20 1.11989268725e-20 0.00795623565377 
1.06386798178 -3.95704347756e-18 -2.63802898504e-18 0.00874504936256 
0.987331331633 0.0146707723952 0.00978051493015 0.0130277959218 
0.9034392332 0.0324046473625 0.0216030982417 0.0153774361745 
0.798956009064 0.0564370672381 0.0376247114921 0.0195989647169 
0.804804128746 0.436477232813 0.290984821876 0.0119959739075 
0.720081525834 0.478134401084 0.318756267389 0.0110320292766 
0.659960408459 0.605841416052 0.403894277368 0.0117122003372 
0.496788164465 0.573481830314 0.382321220209 0.0186508244878 
0.365294424913 0.493339708634 0.32889313909 0.0302524755687 
0.270683933347 0.44767254374 0.298448362493 0.0511518878084 
0.209189014399 0.440376158699 0.2935841058 0.0760797998881 
0.16373095469 0.400054167045 0.26670277803 0.134286669861 
0.131505932374 0.426294443971 0.284196295981 0.144507371798 
0.109805212002 0.448286973369 0.298857982246 0.117100754712 
0.0976381338831 0.419464399826 0.279642933218 0.100122149496 
0.0854834833475 0.457483092614 0.304988728409 0.103584176056 
0.0784752365557 0.458681015829 0.305787343886 0.103737380107 
0.0742546974937 0.372924049549 0.248616033033 -0.157057774779 
0.0731666971081 0.383204014254 0.255469342836 -0.170852989235 
0.073430640299 0.395481206213 0.263654137475 -0.219151688624 
0.0703925641299 0.330002386671 0.220001591114 -0.0572232870853 
0.0774480023667 0.38445025653 0.25630017102 -0.147909032787 
0.0831558698997 0.385261238159 0.256840825439 -0.179887648114 
0.0845274956168 0.347631423824 0.231754282549 -0.0607091898627 
0.0937189353733 0.369820367566 0.24654691171 -0.0625238012011 
0.104768600259 0.3738989492 0.249265966134 -0.0642880906667 
0.116985316084 0.364348152131 0.242898768087 -0.0625098000231 
0.134276313773 0.45871832846 0.305812218974 0.00944302916331 
0.163343259754 0.499960328883 0.333306885922 0.00304612925028 
0.213262895357 0.584266639683 0.389511093122 0.00244695974723 
0.262381735365 0.639406879536 0.426271253024 0.00143705618582 
0.320488051479 0.717336050645 0.478224033763 0.00351794712068 
0.37985667015 0.770134224533 0.513422816355 0.00438823703531 
0.409158197964 0.768898738869 0.512599159246 0.00307690013615 
0.482052977817 0.839019334595 0.559346223063 0.00607955506269 
0.485846892564 0.829940937403 0.553293958269 0.00556167491523 
0.482920279827 0.812187895256 0.541458596837 0.00586670955141 
0.495232876903 0.820836388724 0.54722425915 0.00994010565887 
0.47897272918 0.81755269872 0.54503513248 0.0204536944963 
0.476606275033 0.832916899557 0.555277933038 0.0354385413258 
0.497395532242 0.881200598828 0.587467065886 0.0517363629256 
0.429632616078 0.851953483742 0.567968989161 0.0715776116816 
0.413765671262 0.874063951598 0.582709301065 0.0889186805303 
0.361623347957 0.842985050789 0.561990033859 0.109242092037 
0.355336916409 0.867062702409 0.578041801606 0.119595882912 
0.33068699749 0.852380214613 0.568253476408 0.133918374316 
0.309491820655 0.830492020778 0.553661347185 0.1477897217 
0.312630911473 0.852988645774 0.568659097182 0.15023285046 
0.317860400617 0.870391740255 0.58026116017 0.151946146799 
0.322380517077 0.880508668973 0.587005779315 0.152949545246 
0.308761193225 0.855129596841 0.570086397894 0.160814905282 
0.303791528298 0.842002222991 0.561334815327 0.166042407556 
0.303037937159 0.841461686926 0.56097445795 0.167551152696 
0.306692855059 0.843630290654 0.56242019377 0.167951443719 
0.313845294351 0.855402004859 0.570268003239 0.165508255861 
0.323300864094 0.869579065965 0.57971937731 0.162282449881 
0.3236598748 0.865988425079 0.577325616719 0.162853607525 
0.325307801536 0.861549763986 0.574366509324 0.16325586281 
0.318580146931 0.836181934299 0.557454622866 0.168917898423 
0.311106340637 0.807847659799 0.538565106533 0.176554312187 
0.313972729554 0.801421997894 0.534281331929 0.177813743655 
0.321391137428 0.805538146672 0.537025431115 0.175338218326 
0.337307137596 0.830759113772 0.553839409181 0.166968550754 
0.333160774132 0.818657680223 0.545771786815 0.169204164111 
0.338642839918 0.830312336218 0.553541557479 0.165330535519 
0.339084333986 0.839360062177 0.559573374785 0.162342469301 
0.324224454905 0.819286632676 0.546191088451 0.166207311449 
0.325444966721 0.846670842516 0.564447228344 0.154611658089 
0.295885456367 0.830543135977 0.553695423985 0.143901803924 
0.270808716227 0.813431790239 0.542287860159 0.125348179686 
0.244600266895 0.76494700433 0.509964669553 0.108759305539 
0.238166534644 0.763810928725 0.509207285817 0.0827932664988 
0.226346593512 0.744417852302 0.496278568201 0.0649800774351 
0.214486948086 0.72399885081 0.48266590054 0.0507706459177 
0.196815259965 0.673605325529 0.449070217019 0.0417282373848 
0.187802172371 0.645711400522 0.430474267015 0.0339620087413 
0.17050976522 0.557948533431 0.371965688954 0.0318106804506 
0.174944265237 0.613147257688 0.408764838459 0.0200739992343 
0.173097196905 0.601760580386 0.401173720257 0.0167296344451 
0.174175347343 0.620744708912 0.413829805941 0.013032479573 
0.166777987144 0.585714953572 0.390476635715 0.0117876475526 
0.165184546229 0.577528688259 0.385019125506 0.0110807806721 
0.161572107723 0.554607048683 0.369738032455 0.00883797066672 
0.167716667081 0.600741393246 0.400494262164 0.00775664145675 
0.162885918486 0.555965782951 0.3706438553 0.00614521794899 
0.161148069992 0.546502511201 0.364335007468 0.00320337556677 
0.167850136412 0.604858177227 0.403238784818 0.00319035401438 
0.165617189757 0.594794107035 0.39652940469 0.0037199115367 
0.160921329548 0.576447206124 0.384298137416 0.00215776922226 
0.160781173018 0.588695951088 0.392463967392 0.00221421987954 
0.167180617659 0.646189426037 0.430792950692 0.00565057675979 
0.174690323975 0.681510728471 0.454340485647 0.0065994486441 
0.166529175473 0.61533660142 0.410224400947 0.00735805937536 
0.165144847626 0.624539566274 0.41635971085 0.0166348982138 
0.164006880848 0.642553515034 0.428369010022 0.0310993221084 
0.161126654563 0.631244976685 0.420829984457 0.0547976777122 
0.177386988649 0.693930900742 0.462620600494 0.0668828953472 
0.184682915345 0.703750485454 0.469166990303 0.0862324516816 
0.200952053887 0.752531925639 0.501687950426 0.0993520735044 
0.214784912607 0.779209541828 0.519473027885 0.112808440964 
0.210392673033 0.754887261119 0.503258174079 0.136141834176 
0.216667284149 0.744923192267 0.496615461511 0.154587097739 
0.225478317198 0.743401270803 0.495600847202 0.166335685043 
0.232329771605 0.75066801673 0.500445344487 0.173363686363 
0.243900861073 0.753140817849 0.502093878566 0.178011501015 
0.260392206147 0.783537382013 0.522358254676 0.173384706934 
0.271746935354 0.779751936355 0.519834624237 0.177842775809 
0.291362487665 0.799479847303 0.532986564869 0.172745631088 
0.3071009093 0.808090305438 0.538726870292 0.171181311123 
0.31822380361 0.808158971337 0.538772647558 0.170679076819 
0.322930438605 0.801106961529 0.534071307686 0.172570300896 
0.340819309729 0.817378916071 0.54491927738 0.167170694934 
0.36702872489 0.851742653025 0.56782843535 0.158429921749 
0.337869421976 0.777620479827 0.518413653218 0.176755368423 
0.349228752457 0.791686438689 0.527790959126 0.172152858434 
0.357825939197 0.792484064787 0.528322709858 0.171155964842 
0.356128878783 0.781203253124 0.52080216875 0.173946236131 
0.369945364914 0.802874972578 0.535249981719 0.167984736436 
0.357996654487 0.771147756573 0.514098504382 0.176540350153 
0.364948973136 0.781738806056 0.521159204037 0.172726381834 
0.382028916302 0.807860985128 0.538573990085 0.165407235341 
0.367754555539 0.774344160899 0.5162294406 0.173899964184 
0.37982722606 0.801683234425 0.534455489617 0.167031024926 
0.393427185878 0.822926488903 0.548617659269 0.161556384442 
0.40053830231 0.833587299359 0.555724866239 0.158785990332 
0.403893292226 0.838136426004 0.558757617336 0.158390870253 
0.415830395048 0.855480975181 0.57032065012 0.153588028233 
0.39210087142 0.822017651027 0.548011767352 0.1601745216 
0.386060806239 0.819130220115 0.54608681341 0.162172236475 
0.379504275866 0.813776848961 0.542517899307 0.163446851035 
0.369136731194 0.821733134297 0.547822089531 0.161600542241 
0.328827095849 0.768457502735 0.512305001823 0.175651562072 
0.317659813791 0.788509458599 0.525672972399 0.169034790069 
0.286038068607 0.802182507256 0.534788338171 0.160358406538 
0.252981068781 0.790774677227 0.527183118151 0.151759273367 
0.214615539341 0.735986782394 0.490657854929 0.149636601195 
0.1890154667 0.695888763451 0.463925842301 0.137477108643 
0.182032805936 0.728254037908 0.485502691939 0.104593085645 
0.167387430937 0.707860915824 0.471907277216 0.0910457689038 
0.156191963851 0.684792566674 0.456528377782 0.0778752462852 
0.151576005434 0.682374480912 0.454916320608 0.0641204670607 
0.145506170349 0.682818715657 0.455212477104 0.0541110585011 
0.142944177987 0.696921146357 0.464614097571 0.0451185646378 
0.135785094072 0.667113754617 0.444742503078 0.0421430364905 
0.132852676754 0.664173287018 0.442782191345 0.0380540313096 
0.130303003591 0.664910628559 0.443273752373 0.0334565960782 
0.133665575284 0.690747585981 0.460498390654 0.0288760555878 
0.131755100504 0.684869705964 0.456579803976 0.0264747870662 
0.148140089948 0.710111527727 0.473407685151 0.0236572527309 
0.173649046016 0.736287886515 0.49085859101 0.0229582166178 
0.203957873665 0.740477230924 0.493651487282 0.0212337695097 
0.269985321872 0.794610529542 0.529740353028 0.0195192664329 
0.354193219911 0.851434954844 0.567623303229 0.0200258936934 
0.66826409333 0.963874038248 0.642582692165 0.0244683427926 
0.673447423015 0.946327004386 0.63088466959 0.0299865142467 
0.678570084072 0.93232088365 0.621547255766 0.0354323037823 
0.685314777247 0.914372058493 0.609581372329 0.0386203979131 
0.686177840281 0.915926969363 0.610617979576 0.0492808581019 
0.689371009586 0.912947639776 0.608631759851 0.0581097138671 
0.69427332184 0.906877278124 0.604584852083 0.0672844989323 
0.693076695305 0.91681519748 0.611210131653 0.0795456021681 
0.68967340778 0.932816814005 0.621877876003 0.0949656835983 
0.687249356182 0.9446875939 0.629791729267 0.108368634833 
0.685461853914 0.952748299444 0.635165532963 0.120840152876 
0.683357468411 0.960175885264 0.640117256843 0.130185835073 
0.673470927185 0.997650845994 0.665100563996 0.149107424911 
0.666400942496 1.01885294231 0.679235294872 0.161135660295 
0.630223827667 1.04227671094 0.694851140627 0.199443914054 
0.624166182621 1.07959003348 0.719726688986 0.212580044453 
0.585309192165 1.0974005977 0.731600398469 0.243893397279 
0.58308969402 1.11763879504 0.745092530028 0.249803738233 
0.553461654488 1.1330440372 0.755362691469 0.269519245558 
0.552548701164 1.14624678168 0.764164521118 0.273278101997 
0.551265386582 1.15784741365 0.771898275768 0.277544133499 
0.549685986089 1.16953033839 0.779686892259 0.282713417499 
0.52981208633 1.16914302569 0.779428683792 0.300125438382 
0.52981208633 1.16914302569 0.779428683792 0.300125438382 
0.529397056311 1.17311070782 0.782073805211 0.300549794863 
0.529397056311 1.17311070782 0.782073805211 0.300549794863 
0.528844468381 1.17598523118 0.783990154119 0.301222031309 
0.528284307927 1.184056666 0.789371110669 0.304168316541 
0.528284307927 1.184056666 0.789371110669 0.304168316541 
0.528284307927 1.184056666 0.789371110669 0.304168316541 
0.528284307927 1.184056666 0.789371110669 0.304168316541 
0.528284307927 1.184056666 0.789371110669 0.304168316541 
0.527330435188 1.18058700514 0.787058003425 0.304024904946 
0.526600990659 1.17591212434 0.783941416224 0.302966402297 
0.526058702159 1.16834632611 0.778897550739 0.300552854335 
0.525846292686 1.16383099223 0.775887328153 0.299303779567 
0.525853220104 1.14887496141 0.765916640938 0.294620979976 
0.527085043517 1.10924220516 0.739494803442 0.281355296323 
0.598191822299 1.05988690413 0.706591269423 0.230252795065 
0.662758762245 0.987102448563 0.658068299042 0.19283747088 
0.682760004403 0.877720057809 0.585146705206 0.147025857617 
0.766150493827 0.736789957208 0.491193304805 0.0958616236055 
0.818167904631 0.665399480593 0.443599653729 0.0675345173067 
0.827333125094 0.648386343488 0.432257562325 0.051094930098 
0.838408605615 0.62777513644 0.418516757627 0.0392883414483 
0.846577288591 0.609284230596 0.406189487064 0.0290966902151 
0.827457256614 0.615027295565 0.410018197043 0.0337545719813 
0.800781121792 0.632520592291 0.421680394861 0.0293491597371 
0.764694263727 0.671542559786 0.447695039857 0.0309469989838 
0.743876704918 0.700365018364 0.466910012243 0.0339349777766 
0.771570175029 0.773606187481 0.515737458321 0.029903623838 
0.760697492896 0.790538718774 0.527025812516 0.0304084743508 
0.750578431169 0.808277888904 0.538851925936 0.0269948787817 
0.742722034217 0.823684024596 0.549122683064 0.0253255180303 
0.743493406705 0.82343974754 0.548959831694 0.0204608927135 
0.745196841492 0.821285695532 0.547523797021 0.0169387701702 
0.743175937553 0.826125781537 0.550750521024 0.0161163492622 
0.739148628344 0.834713066789 0.556475377859 0.0168838743879 
0.735663497138 0.842609388384 0.561739592256 0.0160891217298 
0.733215142662 0.848569382777 0.565712921852 0.0160620205315 
0.738125008593 0.839430904127 0.559620602751 0.0115997870316 
0.744608807041 0.827402530141 0.551601686761 0.00885490794059 
0.741853204788 0.833068778208 0.555379185472 0.0118476125394 
0.741853204788 0.833068778208 0.555379185472 0.0118476125394 
0.735098638023 0.846716397936 0.564477598624 0.0154203871906 
0.737501115706 0.84258423578 0.561722823853 0.0124527299491 
0.737501115706 0.84258423578 0.561722823853 0.0124527299491 
0.737501115706 0.84258423578 0.561722823853 0.0124527299491 
0.740302590437 0.837670680864 0.558447120576 0.0121089322695 
0.742844334883 0.833312003595 0.55554133573 0.0113414969676 
0.739998392956 0.839269783823 0.559513189215 0.0143934401856 
0.746160516371 0.827742908583 0.551828605722 0.0109494910371 
0.748402570275 0.823815865559 0.549210577039 0.0155861723467 
0.758830560468 0.804803586869 0.536535724579 0.0162521432074 
0.770571519961 0.784423998834 0.522949332556 0.0191435295324 
0.78242076405 0.764633265872 0.509755510581 0.0219941778094 
0.795360580892 0.743479871806 0.495653247871 0.0234426335527 
0.801616887555 0.731698734807 0.487799156538 0.0300878877287 
0.81844736998 0.705066736856 0.470044491237 0.0260244439623 
0.839864917291 0.671914832801 0.447943221867 0.0340863430792 
0.846971259904 0.651795598352 0.434530398901 0.0431978345932 
0.805233760095 0.526813451639 0.351208967759 0.0489056182434 
0.824330289382 0.515011186618 0.343340791079 0.0578927057598 
0.824330289382 0.515011186618 0.343340791079 0.0578927057598 
0.827956224248 0.510791978008 0.340527985339 0.0732706682299 
0.827956224248 0.510791978008 0.340527985339 0.0732706682299 
0.808333710405 0.52143047607 0.34762031738 0.0989334018435 
0.763849335684 0.556790828726 0.371193885818 0.128269789561 
0.790228608683 0.748507018902 0.499004679268 0.127809830379 
0.771695351554 0.779981650598 0.519987767065 0.147450421617 
0.750880209747 0.826884889839 0.551256593226 0.168007716132 
0.734656819322 0.875190650969 0.583460433979 0.186540530926 
0.726590810073 0.903490710649 0.602327140433 0.193347639396 
0.717146046395 0.935039486444 0.623359657629 0.204116201581 
0.707109512631 0.968359506609 0.645573004406 0.217224983566 
0.69761822672 0.999145263523 0.666096842348 0.232174575056 
0.69761822672 0.999145263523 0.666096842348 0.232174575056 
0.689625605574 1.0157246992 0.677149799465 0.23910636818 
0.681709216069 1.02818578468 0.685457189786 0.245625871969 
0.681709216069 1.02818578468 0.685457189786 0.245625871969 
0.631802246563 1.03224221493 0.688161476623 0.249217837528 
0.631802246563 1.03224221493 0.688161476623 0.249217837528 
0.631802246563 1.03224221493 0.688161476623 0.249217837528 
0.630168172521 1.04699612238 0.697997414922 0.252770908292 
0.630168172521 1.04699612238 0.697997414922 0.252770908292 
0.630168172521 1.04699612238 0.697997414922 0.252770908292 
0.629380827984 1.03941246684 0.692941644558 0.245355003784 
0.629380827984 1.03941246684 0.692941644558 0.245355003784 
0.627703869839 1.04911684807 0.699411232046 0.245010977192 
0.627703869839 1.04911684807 0.699411232046 0.245010977192 
0.625658315185 1.05703566441 0.704690442939 0.245640582717 
0.623409260517 1.06278774161 0.70852516107 0.246982793727 
0.620970173648 1.06814077187 0.712093847913 0.248940374076 
0.620970173648 1.06814077187 0.712093847913 0.248940374076 
0.619608046948 1.0598896612 0.706593107469 0.24473247373 
0.619608046948 1.0598896612 0.706593107469 0.24473247373 
0.619608046948 1.0598896612 0.706593107469 0.24473247373 
0.617610409634 1.06673015531 0.711153436875 0.245077823123 
0.617610409634 1.06673015531 0.711153436875 0.245077823123 
0.615245025077 1.07660351495 0.717735676633 0.248683034331 
0.614143676344 1.06301714921 0.708678099475 0.242016446119 
0.614143676344 1.06301714921 0.708678099475 0.242016446119 
0.612205649308 1.07008245248 0.713388301654 0.240955529287 
0.612205649308 1.07008245248 0.713388301654 0.240955529287 
0.610018432444 1.07702281022 0.718015206813 0.241037940906 
0.610018432444 1.07702281022 0.718015206813 0.241037940906 
0.610018432444 1.07702281022 0.718015206813 0.241037940906 
0.607334707218 1.08936973017 0.726246486779 0.244205662065 
0.604849390462 1.08449122526 0.722994150176 0.241143953024 
0.604849390462 1.08449122526 0.722994150176 0.241143953024 
0.602639253619 1.07895849848 0.719305665654 0.23490769474 
0.602639253619 1.07895849848 0.719305665654 0.23490769474 
0.600324412314 1.08627605746 0.724184038304 0.233532217485 
0.597823747323 1.0920553225 0.728036881664 0.233377300086 
0.596181460275 1.08573321623 0.723822144156 0.229180815967 
0.59406108669 1.09191268919 0.727941792794 0.228622797005 
0.59406108669 1.09191268919 0.727941792794 0.228622797005 
0.59406108669 1.09191268919 0.727941792794 0.228622797005 
0.591799811117 1.09792369032 0.731949126877 0.229148160603 
0.590547358319 1.08925437746 0.726169584973 0.225198282468 
0.59067422666 1.0734349846 0.715623323067 0.21907931642 
0.594611660811 1.03426983117 0.689513220778 0.205302678466 
0.692165350647 0.942104756552 0.628069837701 0.149497443555 
0.754953077746 0.7988005689 0.5325337126 0.127585061822 
0.855885524177 0.600537905948 0.400358603965 0.0859824474218 
0.882157874294 0.114074361496 0.0760495743309 0.0747443467064 
0.968830756511 0.0909516875577 0.0606344583718 0.0530438351125 
1.03243941101 0.063580471971 0.042386981314 0.0338788200239 
1.06329880095 -2.17744532993e-17 -1.45163021995e-17 0.0343025913478 
1.06329880095 -2.17744532993e-17 -1.45163021995e-17 0.0343025913478 
1.10225828341 -2.9516504023e-22 -1.96776693486e-22 0.0232117797892 
1.10225828341 -2.9516504023e-22 -1.96776693486e-22 0.0232117797892 
1.12795406508 -1.07084699353e-22 -7.13897995688e-23 0.019134032523 
1.12795406508 -1.07084699353e-22 -7.13897995688e-23 0.019134032523 
1.12795406508 -1.07084699353e-22 -7.13897995688e-23 0.019134032523 
1.12795406508 -1.07084699353e-22 -7.13897995688e-23 0.019134032523 
1.12795406508 -1.07084699353e-22 -7.13897995688e-23 0.019134032523 
1.14440195515 1.78311813577e-22 1.18874542385e-22 0.0171551885851 
1.14440195515 1.78311813577e-22 1.18874542385e-22 0.0171551885851 
1.14440195515 1.78311813577e-22 1.18874542385e-22 0.0171551885851 
1.14440195515 1.78311813577e-22 1.18874542385e-22 0.0171551885851 
1.12634498766 -3.06415727238e-22 -2.04277151492e-22 0.0273876162269 
1.12634498766 -3.06415727238e-22 -2.04277151492e-22 0.0273876162269 
1.12634498766 -3.06415727238e-22 -2.04277151492e-22 0.0273876162269 
1.12634498766 -3.06415727238e-22 -2.04277151492e-22 0.0273876162269 
1.10959325725 5.31304881544e-22 3.54203254362e-22 0.0280088821482 
1.08318287183 2.14287877997e-22 1.42858585331e-22 0.0355297277828 
1.03888624545 7.37154050492e-24 4.91436033661e-24 0.0480524366223 
0.972305652532 0.00203616729356 0.00135744486237 0.0668741833931 
0.857217521716 0.0250680732985 0.0167120488656 0.10085933467 
0.816732221555 0.554905014636 0.369936676424 0.107365926645 
0.783738142271 0.767964977318 0.511976651545 0.128104224719 
0.719551354894 0.896779358005 0.597852905337 0.162070515945 
0.693965854774 0.982825194472 0.655216796314 0.198896611128 
0.627536404747 1.03357577254 0.689050515028 0.222327556734 
0.621410300464 1.08227889583 0.721519263889 0.238320699859 
0.562583327703 1.10862120034 0.739080800227 0.246905721017 
0.561690222973 1.12280149996 0.748534333308 0.248209441929 
0.559934648281 1.14370472089 0.762469813924 0.252465491884 
0.505032168459 1.16543198377 0.776954655844 0.242480915245 
0.504908698625 1.17296902762 0.781979351747 0.24311393181 
0.504239490943 1.18946306864 0.792975379096 0.246580517478 
0.503235143788 1.19453415877 0.796356105849 0.246405539557 
0.455609484452 1.21510352026 0.810069013509 0.245213913024 
0.455701329494 1.22124877733 0.814165851554 0.229194190023 
0.455272822323 1.22835669834 0.818904465559 0.230838585632 
0.454649570607 1.23469056225 0.823127041497 0.232402320363 
0.454649570607 1.23469056225 0.823127041497 0.232402320363 
0.454649570607 1.23469056225 0.823127041497 0.232402320363 
0.453878874768 1.24334560787 0.828897071916 0.234575373784 
0.452428637093 1.24538158681 0.830254391206 0.235269864752 
0.451431907284 1.24059200523 0.827061336823 0.233970619292 
0.450584308683 1.23778901255 0.825192675036 0.232676489946 
0.449887210111 1.23329227042 0.822194846949 0.231048912259 
0.449344266252 1.22877809162 0.819185394415 0.229945110378 
0.448976111493 1.22308045035 0.815386966901 0.228971543529 
0.448954028244 1.20830698354 0.805537989027 0.225973844984 
0.449632720049 1.19851943115 0.799012954099 0.224366959032 
0.45093942585 1.18671076204 0.791140508028 0.222355371648 
0.452974595952 1.17846615425 0.785644102835 0.221545669941 
0.510070620562 1.16186506288 0.774576708589 0.230835412274 
0.510288195168 1.1537375326 0.769158355069 0.229105515292 
0.511349069564 1.13793974967 0.758626499783 0.224383155566 
0.512465754415 1.14216502658 0.761443351054 0.225846689013 
0.514140851307 1.1293863472 0.752924231468 0.222701435127 
0.516928359976 1.11514153123 0.743427687486 0.219003673961 
0.5660158449 1.09702745329 0.73135163553 0.20556277258 
0.567224669553 1.08598904312 0.723992695415 0.204242358618 
0.569717485719 1.07162808641 0.714418724274 0.20132771112 
0.574079418256 1.06461347632 0.709742317544 0.203081462867 
0.578908426409 1.04776511012 0.698510073415 0.201048290558 
0.635252585692 1.0199684266 0.679978951067 0.211019819158 
0.641431531928 0.979540164991 0.65302677666 0.195585346114 
0.655778464799 0.930065363223 0.620043575482 0.176378985483 
0.728769805548 0.874159685403 0.582773123602 0.168613401786 
0.750184584679 0.817469217064 0.544979478043 0.139583843767 
0.802607565065 0.721076167278 0.480717444852 0.1264992743 
0.855747409776 0.620487103094 0.413658068729 0.108131404808 
0.826490517852 0.364169187308 0.242779458205 0.107241515656 
0.882326589514 0.336595581417 0.224397054278 0.073687834881 
0.925984948106 0.306908480122 0.204605653415 0.0616927185228 
0.899325435514 0.0753079505266 0.0502053003511 0.0744712515999 
0.899325435514 0.0753079505266 0.0502053003511 0.0744712515999 
0.899325435514 0.0753079505266 0.0502053003511 0.0744712515999 
0.874339703513 0.0781023360241 0.052068224016 0.0556959204863 
0.829901993969 0.0897713650358 0.0598475766905 0.0570751828047 
0.752312679728 0.113181385646 0.0754542570973 0.0675514861989 
0.803346415207 0.568932874066 0.379288582711 0.0353923914531 
0.789258630773 0.706254592701 0.470836395134 0.031936237126 
0.734180933906 0.775529372304 0.517019581536 0.0332900539509 
0.7387178627 0.852713019506 0.568475346338 0.0298953727629 
0.721279047688 0.889797289692 0.593198193128 0.0272139468489 
0.707963575914 0.922758004934 0.615172003289 0.0268890417717 
0.703456475321 0.936115332332 0.624076888221 0.0248281523049 
0.699940496978 0.947867823569 0.631911882379 0.0236103523892 
0.698064047878 0.955790377012 0.637193584675 0.0225102991024 
0.698225752254 0.956680186857 0.637786791238 0.0210548538481 
0.697385257317 0.960744503938 0.640496335958 0.0207946541153 
0.69832108123 0.959228012953 0.639485341969 0.0188995292017 
0.699608162635 0.95655009717 0.63770006478 0.0175399029099 
0.701249280108 0.952747550897 0.635165033931 0.0164011386377 
0.703015477126 0.948554036101 0.632369357401 0.0156928256024 
0.698882602517 0.962504126942 0.641669417961 0.021453001191 
0.974643832895 1.02601712229 0.684011414863 0.0417628269345 
0.935983386264 1.02642600056 0.684284000375 0.0482807740865 
0.896809942387 1.02570577248 0.683803848322 0.0575597045623 
0.887745816606 1.02046416286 0.680309441905 0.0655248909832 
0.839404108141 1.01492398592 0.676615990617 0.073398676727 
0.771722864728 1.00380951783 0.66920634522 0.0803373733398 
0.65847911267 0.982242172621 0.65482811508 0.0892980745214 
0.658114802386 0.984062665915 0.656041777277 0.0968033257208 
0.658645511682 0.982338425795 0.654892283863 0.102424596854 
0.657767020224 0.986383426152 0.657588950768 0.10922342407 
0.65878170592 0.982584908697 0.655056605798 0.113120682241 
0.662658752216 0.967335649826 0.644890433217 0.113105037993 
0.66367614437 0.964578932879 0.643052621919 0.115477787381 
0.665164160343 0.960443690792 0.640295793862 0.118257042072 
0.667008886877 0.955320725262 0.636880483508 0.12011748251 
0.667869057165 0.953687789445 0.63579185963 0.122833687199 
0.668161593867 0.953954798843 0.635969865896 0.12524689593 
0.671564142867 0.943906879318 0.629271252879 0.124695430995 
0.670566475938 0.948882762994 0.632588508663 0.128646905131 
0.675096495668 0.935917445029 0.623944963352 0.128393024145 
0.677875414378 0.930555133215 0.62037008881 0.130001150483 
0.680628971704 0.926455282097 0.617636854731 0.1322193801 
0.685627033504 0.916084547783 0.610723031855 0.134275153852 
0.686598167189 0.916646650155 0.61109776677 0.138242478677 
0.692359383544 0.907884478519 0.605256319013 0.143880103568 
0.701110818057 0.891511780043 0.594341186695 0.145933557022 
0.706241741351 0.882845981476 0.588563987651 0.147582003794 
0.708385439605 0.884235742915 0.589490495276 0.157328939816 
0.708327440479 0.891594775498 0.594396516998 0.168629848023 
0.7076322355 0.90119905988 0.600799373253 0.180629270634 
0.70702849992 0.910673716487 0.607115810991 0.192420249897 
0.706147392078 0.921286598568 0.614191065712 0.205374814704 
0.702918791801 0.941648233045 0.627765488696 0.224273016763 
0.699361416018 0.96356814358 0.642378762387 0.243955761327 
0.691202691053 0.979886906685 0.65325793779 0.280728746796 
0.688144957725 1.00283478478 0.66855652319 0.297353809569 
0.673714434433 1.02133438753 0.680889591687 0.345007439265 
0.660936511022 1.04966684511 0.699777896738 0.38982700901 
0.653367671488 1.07004034975 0.713360233164 0.427762764461 
0.650248269296 1.09720520803 0.73147013869 0.477184595915 
0.656572581343 1.12199023417 0.747993489444 0.523598775598 
0.664703475361 1.18013722651 0.786758151004 0.523598775598 
0.636248634467 1.22695044843 0.817966965623 0.523598775598 
0.604832240428 1.26913252837 0.846088352249 0.523598775598 
0.585198854663 1.30546919522 0.870312796816 0.523598775598 
0.569104774018 1.34057683852 0.893717892345 0.523598775598 
0.563533939 1.36554470165 0.910363134432 0.523598775598 
0.566621408988 1.38457437169 0.923049581127 0.523598775598 
0.569304660744 1.40092036867 0.933946912447 0.523598775598 
0.573589230588 1.41513974425 0.943426496166 0.523598775598 
0.564503209875 1.43273924192 0.955159494614 0.507847713046 
0.487870730266 1.4717381169 0.981158744598 0.442913952287 
0.304492004306 1.52980174911 1.01986783274 0.315708672268 
0.315119756553 1.53872321183 1.02581547455 0.297608459177 
0.326793910095 1.54812395187 1.03208263458 0.279228881698 
0.388751511733 1.54652066309 1.0310137754 0.285530352623 
0.449207506971 1.54904650023 1.03269766682 0.279203559092 
0.506215412408 1.54837556652 1.03225037768 0.271406231892 
0.559384016615 1.54663666844 1.03109111229 0.262432163804 
0.615699192564 1.5410500916 1.02736672773 0.254647400311 
0.64406687594 1.54313548478 1.02875698985 0.230317467857 
0.698963695412 1.53288318834 1.02192212556 0.239705851415 
0.726333870562 1.5338067302 1.02253782013 0.219255932755 
0.752276517648 1.53521160039 1.02347440026 0.203889468474 
0.773668592249 1.53723791877 1.02482527918 0.192864864334 
0.792439527384 1.54001327051 1.02667551367 0.182696431742 
0.809331178232 1.54288375044 1.02858916696 0.172156381419 
0.823680799196 1.54275217691 1.02850145127 0.163041742301 
0.832837514035 1.54650116083 1.03100077389 0.153947236751 
0.829721388044 1.55302291541 1.03534861027 0.123351058541 
0.836599265563 1.55635451992 1.03756967994 0.116917586404 
0.836979996924 1.55993266934 1.03995511289 0.0970620068651 
0.837054819667 1.56133600249 1.04089066833 0.0971142627648 
0.822882987399 1.56079486289 1.04052990859 0.101304512382 
0.81402702084 1.5524890344 1.0349926896 0.13865515644 
0.79869625505 1.53949857485 1.02633238323 0.182218970469 
0.762624034668 1.51791631392 1.01194420928 0.239845524958 
0.719618340332 1.49333709551 0.995558063672 0.276011158199 
0.685097329139 1.46991165023 0.979941100153 0.309033479212 
0.658128639858 1.44825527372 0.965503515812 0.336194025939 
0.639432385338 1.42319666892 0.948797779283 0.353059105864 
0.147588089734 1.46111615935 0.974077439564 0.172952561073 
0.221648217024 1.41305979879 0.942039865858 0.200136200739 
0.306842828348 1.34859843321 0.899065622138 0.222422099933 
0.389992096916 1.27763113136 0.851754087571 0.23667802869 
0.480189435484 1.18731587402 0.791543916012 0.219790400479 
0.56263731736 1.09916494575 0.732776630499 0.190004970774 
0.640113208046 1.00992951648 0.673286344317 0.151602124779 
0.705835354359 0.919601044136 0.613067362758 0.114767063204 
0.734903237813 0.838843617164 0.559229078109 0.0885301951073 
0.769826006395 0.77175770362 0.514505135746 0.0676242816765 
0.808845288447 0.707834780684 0.471889853789 0.0496063731877 
0.835869568656 0.665932274621 0.443954849747 0.0383251731423 
0.803708330159 0.534081317171 0.356054211447 0.0291575451128 
0.839942147835 0.508094537473 0.338729691649 0.0195790282045 
0.860136135089 0.491055259665 0.32737017311 0.014724114539 
0.877435803016 0.475930963315 0.317287308877 0.00987652317562 
0.819751816519 0.298050531172 0.198700354115 0.00694831768371 
0.827798833541 0.29534472824 0.196896485493 0.00299855885955 
0.831625010543 0.293948713528 0.195965809019 0.0032933331515 
0.828997576198 0.294617979815 0.196411986543 0.00418833204203 
0.824634415803 0.29589537005 0.197263580033 0.00581624642353 
0.835560132472 0.29219495476 0.194796636507 0.00738031514966 
0.835560132472 0.29219495476 0.194796636507 0.00738031514966 
0.813346447549 0.299118867672 0.199412578448 0.0149763306607 
0.820662429885 0.296975861578 0.197983907719 0.0180854912643 
0.768329496039 0.315160660163 0.210107106775 0.0520581557899 
0.793172362253 0.701120950513 0.467413967008 0.0659958575622 
0.718975240543 0.816972139746 0.544648093164 0.0992102906168 
0.669428589683 0.936976287505 0.624650858337 0.166696675521 
0.651599226062 1.02235874207 0.681572494711 0.204135261931 
0.621727791517 1.06304589236 0.708697261574 0.255479423581 
0.618070462869 1.0959714333 0.730647622202 0.269366186401 
0.588773271309 1.11193157503 0.741287716685 0.302412655325 
0.587491190194 1.12998599355 0.753323995698 0.308219875055 
0.585977835195 1.14503829548 0.763358863651 0.313130358788 
0.584327387964 1.15881095437 0.772540636248 0.317629455139 
0.582523145983 1.16868997675 0.779126651167 0.320873875665 
0.503016556018 1.19170604622 0.79447069748 0.306225060493 
0.50315120784 1.20147621473 0.800984143153 0.309284339524 
0.503168084203 1.21562081923 0.810413879489 0.314324545021 
0.503168084203 1.21562081923 0.810413879489 0.314324545021 
0.502887676339 1.2250080027 0.816672001799 0.317746856438 
0.502398669572 1.23212508952 0.821416726343 0.320903107876 
0.491208077806 1.23521257492 0.823475049944 0.337953100539 
0.491357742092 1.24229871039 0.828199140257 0.3403149745 
0.491561134046 1.2521876683 0.834791778866 0.343998315025 
0.491252381052 1.25424236883 0.836161579221 0.345228336338 
0.491252381052 1.25424236883 0.836161579221 0.345228336338 
0.491305770149 1.26216355171 0.841442367806 0.348429371266 
0.491305770149 1.26216355171 0.841442367806 0.348429371266 
0.491113434442 1.26648680788 0.844324538586 0.350536861347 
0.490426068565 1.26783935304 0.845226235362 0.352285728229 
0.490426068565 1.26783935304 0.845226235362 0.352285728229 
0.489862180074 1.26633954441 0.844226362937 0.352419028887 
0.48957129973 1.26814545332 0.845430302214 0.353582298586 
0.483885212695 1.27000455857 0.846669705714 0.367533832954 
0.483713023483 1.26579019254 0.843860128361 0.365911093245 
0.483713023483 1.26579019254 0.843860128361 0.365911093245 
0.483713023483 1.26579019254 0.843860128361 0.365911093245 
0.483713023483 1.26579019254 0.843860128361 0.365911093245 
0.483529865077 1.26102917666 0.840686117772 0.364057724754 
0.483944785908 1.26489199498 0.843261329984 0.36502524596 
0.483933505235 1.26277247207 0.841848314714 0.364020396931 
0.484428772406 1.26851031431 0.845673542874 0.365756089686 
0.484613837394 1.27077409868 0.847182732455 0.366766533106 
0.484557344954 1.26933387251 0.846222581675 0.366390910508 
0.484525787278 1.26779735974 0.845198239825 0.365803031322 
0.484525787278 1.26779735974 0.845198239825 0.365803031322 
0.484525787278 1.26779735974 0.845198239825 0.365803031322 
0.484445405151 1.26529362597 0.843529083978 0.364788988716 
0.484357922815 1.26263800452 0.841758669683 0.363762473208 
0.484176393995 1.25816227966 0.838774853107 0.362010858092 
0.484174346757 1.25491799603 0.836611997356 0.360041283514 
0.488394223377 1.25687099861 0.837913999072 0.33286809678 
0.415990784132 1.26995783048 0.846638553652 0.274961507314 
0.420712053993 1.26688436342 0.84458957561 0.231218649394 
0.368190298938 1.2744244577 0.849616305134 0.163475069951 
0.366879736579 1.2889599877 0.85930665847 0.126348187691 
0.325059348308 1.29482313521 0.863215423476 0.087007659224 
0.324453757932 1.30540850064 0.870272333758 0.0661091714764 
0.321785959856 1.3148826054 0.876588403601 0.0521960115856 
0.274260590115 1.32694195948 0.88462797299 0.0405933360229 
0.273831820892 1.33833356516 0.892222376772 0.0325618274341 
0.238475424821 1.35158582121 0.901057214137 0.024744014635 
0.23866520668 1.35619669695 0.904131131302 0.02026332867 
0.238513595483 1.36586198028 0.910574653518 0.0182309348612 
0.233336190399 1.37015202668 0.913434684454 0.0155810235501 
0.356207291175 1.38009185349 0.920061235663 0.029740438779 
0.383962566653 1.39379455413 0.929196369422 0.0382388026709 
0.38434671066 1.39640355433 0.930935702884 0.038854224395 
0.37893221941 1.39918110027 0.93278740018 0.0394273933647 
0.370818516898 1.40380259937 0.93586839958 0.0412967024856 
0.341732998541 1.40686937796 0.937912918639 0.0399274494585 
0.246860259971 1.40802234846 0.93868156564 0.0307565194549 
0.167898691765 1.40416278142 0.936108520948 0.0316852150652 
0.167161023758 1.39601381654 0.930675877696 0.0489969934293 
0.220029824459 1.37404889801 0.916032598673 0.0792112137177 
0.222921869888 1.35722281704 0.90481521136 0.106463708574 
0.300028904536 1.32816851561 0.885445677073 0.151414761494 
0.354585979922 1.29319730274 0.862131535157 0.189699953685 
0.369087916018 1.26269011542 0.841793410281 0.222005417782 
0.445412480984 1.22509278066 0.816728520443 0.250797363285 
0.445629383526 1.20008030952 0.800053539677 0.244980945365 
0.489047245257 1.18080457478 0.787203049853 0.236754290266 
0.489499656823 1.16695494836 0.777969965574 0.233904862242 
0.490598827425 1.15854876145 0.772365840966 0.231369402695 
0.492381043929 1.15531970756 0.770213138376 0.228480894794 
0.493232920515 1.16334645873 0.77556430582 0.22938709006 
0.493232920515 1.16334645873 0.77556430582 0.22938709006 
0.49391929474 1.16777542979 0.778516953194 0.228235314193 
0.49465975129 1.16459045491 0.776393636608 0.22415635999 
0.494960672739 1.17010570589 0.78007047059 0.223681183885 
0.494930077226 1.17545982249 0.783639881663 0.223869242839 
0.49440983298 1.1872499278 0.791499951868 0.226653564747 
0.493604005404 1.19301364808 0.795342432051 0.228603480852 
0.493604005404 1.19301364808 0.795342432051 0.228603480852 
0.492605661597 1.19768813611 0.798458757409 0.230376384301 
0.492605661597 1.19768813611 0.798458757409 0.230376384301 
0.491402894241 1.205747967 0.803831977998 0.233820259808 
0.476997697284 1.20385368433 0.802569122888 0.251447789549 
0.476997697284 1.20385368433 0.802569122888 0.251447789549 
0.47686996275 1.19225015452 0.794833436346 0.247449188724 
0.485377631595 1.1815276201 0.787685080069 0.223690979688 
0.501283658856 1.15326443163 0.768842954421 0.194448113463 
0.533840440791 1.1030503981 0.735366932069 0.14802653219 
0.584793052938 1.05460692515 0.703071283431 0.115307638061 
0.635361701139 1.00524202452 0.670161349677 0.0921270744588 
0.646375816538 0.95742747961 0.638284986406 0.0756009980261 
0.656991517039 0.928115051768 0.618743367846 0.0583878855147 
0.658920162079 0.930919603215 0.62061306881 0.0471926049324 
0.660078941736 0.931598341346 0.621065560897 0.0363340124647 
0.660283884086 0.934678439778 0.623118959852 0.0271545868534 
0.654650844641 0.951485861701 0.634323907801 0.0225265926318 
0.650917584665 0.962013170563 0.641342113709 0.016729807582 
0.651552380253 0.959044411893 0.639362941262 0.0112033755177 
0.648833969638 0.966219636847 0.644146424565 0.00841655154603 
0.6457469349 0.974935333901 0.649956889267 0.00651097747247 
0.646123134385 0.972415708795 0.648277139196 0.002990213339 
0.644962240708 0.974535669372 0.649690446248 0.00153781184749 
0.643059774758 0.979344351541 0.65289623436 0.00112842905151 
0.641091072454 0.984768971127 0.656512647418 0.000933789477792 
0.639018060588 0.991032358989 0.660688239326 0.00113948161001 
0.639732657141 0.987666397202 0.658444264801 -4.34516446588e-05 
0.639732657141 0.987666397202 0.658444264801 -4.34516446588e-05 
0.643599898567 0.972604327838 0.648402885225 -0.00252727880854 
0.644398607054 0.967536182397 0.645024121598 -0.00314890673386 
0.640853020085 0.976380386551 0.6509202577 -0.00169872344265 
0.640853020085 0.976380386551 0.6509202577 -0.00169872344265 
0.642233102055 0.969393280231 0.646262186821 -0.00308307817695 
0.644691656279 0.95832426999 0.63888284666 -0.0048518941783 
0.644691656279 0.95832426999 0.63888284666 -0.0048518941783 
0.642449953359 0.96093495409 0.640623302727 -0.00385050207529 
0.642001564399 0.957590975457 0.638393983638 -0.00429357453932 
0.638259255389 0.964939899732 0.643293266488 -0.00209422953543 
0.637535798516 0.961874073575 0.641249382383 -0.00185468842712 
0.637535798516 0.961874073575 0.641249382383 -0.00185468842712 
0.639977446883 0.949992304008 0.633328202672 -0.000854914429096 
0.181899784501 0.36187564879 0.241250432527 -0.0163255036526 
0.236407532339 0.297931791239 0.198621194159 0.000252095440291 
0.350317457263 0.412447184477 0.274964789651 0.0092312578221 
0.543670563369 0.575589070722 0.383726047148 0.0100193119114 
0.793241207801 0.679765397325 0.45317693155 0.0132296236337 
0.805928872278 0.405806700484 0.270537800322 0.0226300942249 
0.877901352932 0.109443225916 0.0729621506108 0.0414227902293 
1.03151514033 0.0727173170498 0.0484782113665 0.036554209628 
1.1440867701 -7.97184611296e-18 -5.31456407531e-18 0.03568049255 
1.25633614905 3.54597895953e-22 2.36398597302e-22 0.0382374921811 
1.35149046578 4.21405203804e-22 2.80936802536e-22 0.0327211851482 
1.41486988278 1.01036813004e-22 6.73578753361e-23 0.0317890201004 
1.45416829975 1.26014890276e-22 8.40099268504e-23 0.0323211001682 
1.47703426777 -8.85182243733e-23 -5.90121495822e-23 0.0333924199313 
1.49516200366 1.72438685563e-23 1.14959123709e-23 0.0330937313861 
1.50719337256 -4.89055766275e-22 -3.26037177517e-22 0.0335736369803 
1.51727397267 5.11814136369e-22 3.41209424246e-22 0.0324636959994 
1.5299993068 5.72534079126e-22 3.81689386084e-22 0.0296422284033 
1.53575785201 7.83609287617e-22 5.22406191745e-22 0.0286778650997 
1.53739383965 -7.16714741754e-22 -4.77809827836e-22 0.0278088790037 
1.53739383965 -7.16714741754e-22 -4.77809827836e-22 0.0278088790037 
1.53579152661 -6.82799941859e-22 -4.55199961239e-22 0.0288407683943 
1.52868548431 9.99271602479e-22 6.66181068319e-22 0.0294950022101 
1.52868548431 9.99271602479e-22 6.66181068319e-22 0.0294950022101 
1.5345720269 1.18502524456e-21 7.90016829705e-22 0.0266805560313 
1.52787501294 6.2392794532e-22 4.15951963547e-22 0.0277749316443 
1.53271562544 -1.79197926123e-25 -1.19465284082e-25 0.0266079730396 
1.53337674626 9.8028836845e-22 6.53525578966e-22 0.0255559448881 
1.53064612175 -3.74425880305e-22 -2.49617253537e-22 0.0263200112515 
1.51559089912 4.91816645661e-23 3.27877763774e-23 0.0287012676218 
1.51559089912 4.91816645661e-23 3.27877763774e-23 0.0287012676218 
1.51266095817 8.3280425942e-22 5.55202839613e-22 0.0284058326136 
1.50975284037 -1.79663803242e-22 -1.19775868828e-22 0.0303267282322 
1.50972751305 1.63703146227e-21 1.09135430818e-21 0.0286295328792 
1.50376897399 -7.51093428779e-22 -5.0072895252e-22 0.0298597647135 
1.50376897399 -7.51093428779e-22 -5.0072895252e-22 0.0298597647135 
1.5081806031 -1.68857012254e-22 -1.12571341502e-22 0.0273074490597 
1.50194897949 7.59873884262e-22 5.06582589508e-22 0.0278087985613 
1.49603986146 1.27593076517e-21 8.50620510116e-22 0.0263948807294 
1.48052892908 2.11462443865e-23 1.40974962577e-23 0.0302078416755 
1.47242289043 8.28603203048e-22 5.52402135365e-22 0.0309547502192 
1.47216408643 1.78180744787e-22 1.18787163191e-22 0.027267889267 
1.44667566418 2.49032176017e-22 1.66021450678e-22 0.0304838932695 
1.40856102257 2.0617755779e-22 1.37451705194e-22 0.0310967137956 
1.35519388478 -4.47760152063e-22 -2.98506768042e-22 0.0312710954923 
1.27438939043 1.80716760074e-23 1.20477840049e-23 0.034041173464 
1.11335558503 -1.32202017119e-17 -8.81346780793e-18 0.0373843097241 
0.915440595668 0.0357847518015 0.023856501201 0.0537140792404 
0.804423908806 0.465398452054 0.310265634703 0.0346302611521 
0.786162279387 0.719353503437 0.479569002291 0.0234799094142 
0.712214965661 0.812835716004 0.541890477336 0.0208856782181 
0.351586234535 0.581331646827 0.387554431218 0.0324143196347 
0.25523373593 0.574025359423 0.382683572949 0.0400195716182 
0.192170696684 0.546660313779 0.364440209186 0.0512590049826 
0.157653666199 0.574042368546 0.382694912364 0.0531509225972 
0.13251832746 0.5588441087 0.372562739133 0.0628333201792 
0.115718061025 0.520220283483 0.346813522322 0.0853666961057 
0.105680329392 0.468044103245 0.312029402164 0.132040392919 
0.103987228155 0.470150442791 0.313433628527 0.133093168981 
0.106310867391 0.462557318 0.308371545334 0.128912922759 
0.103605771258 0.477959303993 0.318639535995 0.13709490642 
0.110328455755 0.460659263433 0.307106175622 0.127224872619 
0.110034905157 0.479662561 0.319775040666 0.138002991745 
0.112927040052 0.478286923394 0.318857948929 0.1370843332 
0.1191661083 0.4651997516 0.310133167733 0.129034443945 
0.122215014227 0.468311220932 0.312207480621 0.131032987801 
0.125834570336 0.465434515035 0.31028967669 0.129007709375 
0.133214877186 0.437479412713 0.291652941808 0.111388799049 
0.141195464925 0.403335494261 0.268890329507 0.0938574500253 
0.140249332099 0.238169669363 0.158779779575 -0.118699543063 
0.142751545143 0.212806414232 0.141870942821 -0.0970429322963 
0.147603072331 0.256554756541 0.171036504361 -0.165334506395 
0.15434929389 0.267573343439 0.178382228959 -0.225033277765 
0.161586411633 0.271705327696 0.181136885131 -0.284065079708 
0.164245360335 0.266790630557 0.177860420371 -0.276153059473 
0.167347815847 0.258868897555 0.172579265037 -0.255599652893 
0.168959531842 0.252974343561 0.168649562374 -0.231266749176 
0.17686369297 0.249290001404 0.166193334269 -0.268291057885 
0.17985864999 0.22908202226 0.152721348173 -0.206591366784 
0.194954557351 0.224740375751 0.149826917167 -0.267276709453 
0.214524497663 0.205518990734 0.137012660489 -0.291629473033 
0.242168469755 0.181910248452 0.121273498968 -0.344259710819 
0.304840485067 0.111405995467 0.0742706636446 -0.398107074784 
0.405372788125 2.17592202723e-17 1.45061468482e-17 -0.523598775598 
0.414903787459 -2.15076630231e-22 -1.43384420154e-22 -0.257066489441 
0.796343785134 0.658192757723 0.438795171816 0.0142050154525 
0.805957434721 0.406830934463 0.271220622976 0.0193565913072 
0.874778228664 0.117248474212 0.078165649475 0.0296791074826 
1.03014189092 0.0795341486036 0.0530227657358 0.0216776542382 
1.13688703962 3.66311219927e-18 2.44207479951e-18 0.0220692855205 
1.22295313526 4.44345530339e-22 2.96230353559e-22 0.0246782651719 
1.30346821619 1.24536515363e-22 8.30243435753e-23 0.0206694223889 
1.36116397475 1.89977926955e-22 1.26651951304e-22 0.0234228864521 
1.41589953033 -5.39454939837e-22 -3.59636626558e-22 0.0199822856128 
1.44266626327 4.902758793e-22 3.268505862e-22 0.0211782467206 
1.48269990143 -5.70117305837e-22 -3.80078203891e-22 0.0158802665107 
1.49075256049 1.17368365372e-21 7.8245576915e-22 0.0169434831795 
1.50665659275 1.78955014553e-21 1.19303343035e-21 0.0148867882341 
1.51460395731 7.44975301153e-22 4.96650200768e-22 0.0138897806486 
1.51964696645 1.20936263675e-22 8.06241757836e-23 0.0134741144823 
1.51758965648 2.09119662086e-22 1.39413108057e-22 0.0141220884674 
1.51270746373 -3.21168703933e-22 -2.14112469289e-22 0.0145673806326 
1.52239649037 6.71681098985e-22 4.47787399323e-22 0.0122619564835 
1.51673704547 1.57387754931e-21 1.04925169954e-21 0.013151650285 
1.51744797051 -4.47104726253e-22 -2.98069817502e-22 0.0123470040791 
1.51745197805 7.50730603872e-22 5.00487069248e-22 0.0128719241666 
1.5204688117 6.81978503628e-23 4.54652335752e-23 0.011741313063 
1.51437575671 -2.62078939626e-22 -1.74719293084e-22 0.0129301064592 
1.52308741302 -2.13728093553e-22 -1.42485395702e-22 0.0110233298399 
1.52041073971 3.73705070924e-22 2.4913671395e-22 0.0105866961799 
1.50699710442 1.52286607416e-21 1.01524404944e-21 0.0135002655456 
1.49744386636 -9.9564844919e-23 -6.63765632793e-23 0.0156373920539 
1.49274141298 9.14429634402e-22 6.09619756268e-22 0.0165543191469 
1.4875112459 9.83122664577e-23 6.55415109718e-23 0.0177159256302 
1.49331227806 1.95027928552e-22 1.30018619035e-22 0.0166596158201 
1.50593719229 1.2014994339e-21 8.00999622601e-22 0.0132279978695 
1.50010950496 -4.67116787919e-22 -3.11411191946e-22 0.0140623550087 
1.4865261363 1.18395915648e-21 7.8930610432e-22 0.0171089975719 
1.49205060305 1.6401453209e-21 1.09343021394e-21 0.0152869730987 
1.49205060305 1.6401453209e-21 1.09343021394e-21 0.0152869730987 
1.4966737059 1.03974008856e-21 6.93160059039e-22 0.0138152325841 
1.49023841632 -1.89729771714e-22 -1.26486514476e-22 0.0152770180238 
1.49023841632 -1.89729771714e-22 -1.26486514476e-22 0.0152770180238 
1.49888881088 8.92634593582e-22 5.95089729054e-22 0.0128459677551 
1.49255429382 2.46749609611e-22 1.6449973974e-22 0.0138609223797 
1.49255429382 2.46749609611e-22 1.6449973974e-22 0.0138609223797 
1.4911759426 9.69841088371e-22 6.46560725581e-22 0.0133589952684 
1.4911759426 9.69841088371e-22 6.46560725581e-22 0.0133589952684 
1.48335499168 1.60046221369e-21 1.06697480913e-21 0.0145576081121 
1.47042809443 -4.21659667289e-22 -2.81106444859e-22 0.0174053697548 
1.45367354335 -2.85314284594e-22 -1.90209523063e-22 0.0206932447899 
1.44090003654 2.37142376051e-22 1.58094917367e-22 0.021956569357 
1.43509551182 2.53840842882e-22 1.69227228588e-22 0.0207429860052 
1.42073572654 -6.66522394314e-22 -4.44348262876e-22 0.020990718523 
1.41051984253 8.66296300388e-22 5.77530866925e-22 0.0178060153499 
1.38929997303 -3.01861312143e-22 -2.01240874762e-22 0.0157489383074 
1.34907613634 1.25705400223e-22 8.38036001487e-23 0.0154281447844 
1.30471050361 4.39943929516e-19 2.93295953011e-19 0.0140721528961 
1.25466364441 1.32952704139e-18 8.86351360924e-19 0.0140793618216 
1.19695842159 1.38665934729e-18 9.24439564863e-19 0.0155675331484 
1.16993751834 8.49728843664e-23 5.66485895776e-23 0.0114698694958 
1.13907940834 7.0791294322e-19 4.71941962146e-19 0.0147874096099 
1.13521444417 1.60564103306e-22 1.07042735537e-22 0.00779782911168 
1.12804041121 7.77119151638e-22 5.18079434425e-22 0.00476738916179 
1.11208718784 -3.61798645032e-23 -2.41199096688e-23 0.0093805480604 
1.09906445277 2.023714752e-22 1.349143168e-22 0.00822352733757 
1.09528254906 -4.94421741443e-22 -3.29614494295e-22 0.00932611185908 
1.09528254906 -4.94421741443e-22 -3.29614494295e-22 0.00932611185908 
1.09528254906 -4.94421741443e-22 -3.29614494295e-22 0.00932611185908 
1.1006587013 4.96706893726e-22 3.31137929151e-22 0.00761370388035 
1.0949066386 1.98093984025e-22 1.32062656016e-22 0.0113066775102 
1.0949066386 1.98093984025e-22 1.32062656016e-22 0.0113066775102 
1.09795585246 -2.13014015985e-22 -1.4200934399e-22 0.00921738473454 
1.08956744181 -2.3286548411e-22 -1.55243656073e-22 0.0119395308533 
1.09621102512 -7.34774585321e-23 -4.89849723547e-23 0.0072044498802 
1.07635689386 8.990892215e-19 5.99392814333e-19 0.0114871997045 
1.06219755787 8.81950421009e-05 5.87966947339e-05 0.0072907037634 
1.02721183981 0.00490993715776 0.0032732914385 0.010279939718 
0.974800235035 0.0143140500624 0.00954270004159 0.0111256497699 
0.915527300703 0.0265321980852 0.0176881320568 0.0117048716621 
0.853402951928 0.0406527150659 0.0271018100439 0.0116733290354 
0.793232815099 0.0550799855173 0.0367199903449 0.00905260093043 
0.811665514598 0.352576886257 0.235051257505 0.00166123782034 
0.768812872736 0.368843487551 0.245895658368 -8.840129667e-06 
0.73939619171 0.380457643721 0.253638429147 -0.00132501878732 
0.803040080831 0.55229061065 0.368193740433 -0.000182936275381 
0.776510281999 0.570952784419 0.380635189613 0.00276741914426 
0.767064894719 0.578801899623 0.385867933082 0.00399548435229 
0.76632374642 0.580114332763 0.386742888509 0.00457477031427 
0.766816499299 0.580182736851 0.386788491234 0.00348186488689 
0.778828557833 0.571882212186 0.381254808124 0.00178441100896 
0.786015603147 0.566911861411 0.37794124094 0.00175803480296 
0.783127577281 0.569414533651 0.379609689101 0.00250175411108 
0.785509863882 0.568002271497 0.378668180998 0.00296083810071 
0.78940652606 0.5655170099 0.377011339933 0.00244452427024 
0.786943733568 0.567529416075 0.37835294405 0.00192602757443 
0.765515157012 0.583367217733 0.388911478489 0.00302025174383 
0.611647742474 0.458775450215 0.305850300143 0.00451969671932 
0.447804053748 0.186160311002 0.124106874002 0.0205099472101 
0.349294553613 0.137347331216 0.0915648874772 0.111566278529 
0.26825541836 0.06712425759 0.04474950506 -0.0725097588968 
0.206769487124 0.0679274410953 0.0452849607302 -0.0457318592485 
0.161265311349 0.116572080464 0.0777147203091 -0.0448857679205 
0.132760274938 0.089639359369 0.0597595729127 -0.0351213008219 
0.111372670755 0.126136540655 0.0840910271032 -0.0366039916201 
0.101243006135 0.0811172153011 0.0540781435341 -0.0273495013676 
0.0961063916506 0.0622839121992 0.0415226081328 -0.0236061595516 
0.088727920246 0.12696075864 0.0846405057598 -0.0272833607993 
0.0903448049555 0.0565086948768 0.0376724632512 -0.0184527864468 
0.0910882341306 0.0382239155946 0.0254826103964 -0.0142161794635 
0.0969884819155 9.35821817522e-18 6.23881211681e-18 -0.0104827386412 
0.0939212626958 0.0564244628329 0.0376163085553 -0.0146843285 
0.0931953546738 0.0854152297121 0.0569434864747 -0.0150388044864 
0.0989911773769 0.0868689501729 0.0579126334486 -0.0128331103552 
0.102665624546 0.101440197262 0.0676267981744 -0.0124526445862 
0.102493798657 0.183381630475 0.122254420317 -0.0178418183557 
0.111154517185 0.0821147919459 0.0547431946306 -0.0103653682939 
0.114791008677 0.135003546851 0.0900023645671 -0.0131330256366 
0.120299013279 0.223533949036 0.14902263269 -0.0213292230336 
0.129359950286 0.237973037912 0.158648691942 -0.0242064616142 
0.138929391946 0.241347881215 0.160898587477 -0.0242666313629 
0.158235174491 0.274179651527 0.182786434351 -0.0580982738387 
0.178058714876 0.30562488249 0.20374992166 -0.0604956786065 
