0.0 0.0 0.0 0.0 
-1.01400719637e-19 0.527246189788 0.351497459858 -0.523598775598 
1.02896295977e-20 0.524490500587 0.349660333725 -0.523598775598 
-1.94592014426e-21 0.521795159845 0.347863439897 -0.514681671513 
-1.94592014426e-21 0.521795159845 0.347863439897 -0.514681671513 
-1.11396064461e-21 0.518774974476 0.345849982984 -0.513085865896 
-1.88377077926e-20 0.522083798303 0.348055865536 -0.523598775598 
-1.88377077926e-20 0.522083798303 0.348055865536 -0.523598775598 
-1.17650401221e-20 0.524076633363 0.349384422242 -0.523598775598 
-1.17650401221e-20 0.524076633363 0.349384422242 -0.523598775598 
8.42162272207e-21 0.528246334033 0.352164222689 -0.523598775598 
8.42162272207e-21 0.528246334033 0.352164222689 -0.523598775598 
8.55664445528e-21 0.525098167253 0.350065444835 -0.523598775598 
8.55664445528e-21 0.525098167253 0.350065444835 -0.523598775598 
4.24786787336e-21 0.522407613694 0.348271742463 -0.523598775598 
-1.45056560545e-21 0.514356123609 0.342904082406 -0.523598775598 
-1.37452922916e-20 0.501393150649 0.334262100433 -0.523598775598 
-1.14162382859e-21 0.496910889474 0.331273926316 -0.523598775598 
-2.88828953969e-21 0.486781310768 0.324520873845 -0.523598775598 
0.00825339769003 0.4674491728 0.311632781867 -0.523598775598 
0.0213005222567 0.446883957496 0.297922638331 -0.523598775598 
0.0198808110829 0.445576861064 0.29705124071 -0.523598775598 
0.030092241409 0.431128478404 0.287418985603 -0.523598775598 
0.0368387745818 0.421593361764 0.281062241176 -0.523598775598 
0.0368387745818 0.421593361764 0.281062241176 -0.523598775598 
0.0356256047525 0.419385815454 0.279590543636 -0.523598775598 
0.0344587671806 0.417432491198 0.278288327465 -0.523598775598 
0.0431229890714 0.407014921798 0.271343281199 -0.523598775598 
0.0431229890714 0.407014921798 0.271343281199 -0.523598775598 
0.0431229890714 0.407014921798 0.271343281199 -0.523598775598 
0.0499922122438 0.397649545963 0.265099697309 -0.523598775598 
0.0480054792654 0.3958097107 0.263873140466 -0.523598775598 
0.0461455389002 0.395632808875 0.263755205916 -0.523598775598 
0.0503684535626 0.39125136714 0.26083424476 -0.523598775598 
0.0498907362652 0.387312295413 0.258208196942 -0.523598775598 
0.0498907362652 0.387312295413 0.258208196942 -0.523598775598 
0.0498907362652 0.387312295413 0.258208196942 -0.523598775598 
0.0560601669347 0.38155448422 0.254369656147 -0.523598775598 
0.0560601669347 0.38155448422 0.254369656147 -0.523598775598 
0.0540850488776 0.378465154669 0.252310103113 -0.523598775598 
0.0436507852437 0.374758777258 0.249839184839 -0.523598775598 
0.0254918053172 0.387922717432 0.258615144955 -0.523598775598 
0.020370610731 0.386060133234 0.257373422156 -0.523598775598 
0.0186508698304 0.384143703097 0.256095802064 -0.523598775598 
0.0161639293164 0.383147378046 0.255431585364 -0.523598775598 
0.00704083585568 0.39202153704 0.26134769136 -0.523598775598 
0.00704083585568 0.39202153704 0.26134769136 -0.523598775598 
0.00401483932098 0.392158011742 0.261438674495 -0.523598775598 
0.00401483932098 0.392158011742 0.261438674495 -0.523598775598 
0.00401483932098 0.392158011742 0.261438674495 -0.523598775598 
-1.6681281631e-18 0.40153191602 0.267687944013 -0.523598775598 
-1.6681281631e-18 0.40153191602 0.267687944013 -0.523598775598 
-1.6681281631e-18 0.40153191602 0.267687944013 -0.523598775598 
-1.6681281631e-18 0.40153191602 0.267687944013 -0.523598775598 
-1.6681281631e-18 0.40153191602 0.267687944013 -0.523598775598 
-1.6681281631e-18 0.40153191602 0.267687944013 -0.523598775598 
-1.6681281631e-18 0.40153191602 0.267687944013 -0.523598775598 
-1.6681281631e-18 0.40153191602 0.267687944013 -0.523598775598 
-1.6681281631e-18 0.40153191602 0.267687944013 -0.523598775598 
-1.6681281631e-18 0.40153191602 0.267687944013 -0.523598775598 
-1.6681281631e-18 0.40153191602 0.267687944013 -0.523598775598 
-1.6681281631e-18 0.40153191602 0.267687944013 -0.523598775598 
-1.6681281631e-18 0.40153191602 0.267687944013 -0.523598775598 
-1.6681281631e-18 0.40153191602 0.267687944013 -0.523598775598 
0.00416447759128 0.389154219686 0.259436146457 -0.523598775598 
0.0146654342696 0.372621824829 0.248414549886 -0.523598775598 
0.0346420100827 0.341492434313 0.227661622875 -0.523598775598 
0.0667614934239 0.289220271242 0.192813514161 -0.523598775598 
0.101285942108 0.232033167476 0.154688778317 -0.523598775598 
0.143594184024 0.166737302783 0.111158201856 -0.523598775598 
0.201499298136 0.0830765641932 0.0553843761288 -0.523598775598 
0.249466332634 0.0132441044416 0.00882940296104 -0.523598775598 
0.272551816392 -6.45977421327e-18 -4.30651614218e-18 -0.523598775598 
0.293726753792 -3.0095751035e-22 -2.00638340233e-22 -0.523598775598 
0.326124252245 4.78124017318e-21 3.18749344878e-21 -0.523598775598 
0.597557633102 1.54965712552e-05 1.03310475035e-05 0.523598775598 
0.840646116166 0.549994887017 0.366663258011 0.114452662526 
0.871052606098 0.23572399288 0.157149328587 0.134214539195 
0.962035557878 8.56343551286e-18 5.70895700857e-18 0.137185640433 
1.07076845868 2.32992368372e-22 1.55328245581e-22 0.10306205304 
1.16741351875 5.91264034799e-22 3.94176023199e-22 0.0798212887924 
1.25202555881 1.00020436996e-21 6.66802913309e-22 0.0592379193276 
1.30564478259 -2.97022996705e-22 -1.98015331137e-22 0.047582879558 
1.34542337411 1.28516661646e-21 8.56777744306e-22 0.0439390355733 
1.37968539319 -6.86723500369e-22 -4.57815666913e-22 0.0362560633675 
1.40552107846 -4.2114483446e-22 -2.80763222973e-22 0.0307442696743 
1.42434766876 7.31116434028e-22 4.87410956019e-22 0.0255622814038 
1.42789611661 1.25717056811e-21 8.38113712074e-22 0.02912752303 
1.43569927791 1.4301666718e-21 9.53444447864e-22 0.0264878670201 
1.44285363486 1.45133393745e-21 9.67555958297e-22 0.0216388629202 
1.44521098287 -1.48846412759e-22 -9.92309418393e-23 0.0190996246575 
1.44757889348 1.90547689267e-22 1.27031792844e-22 0.0173213027172 
1.43591332977 -1.30198720747e-21 -8.67991471645e-22 0.0167940260286 
1.43636634407 1.58652743531e-21 1.05768495688e-21 0.0138542557233 
1.43291340841 1.52654780399e-22 1.01769853599e-22 0.0161831571614 
1.43021090703 8.37072159073e-22 5.58048106049e-22 0.0162868367695 
1.43120946665 1.68045085714e-22 1.12030057143e-22 0.0134445259855 
1.43617030546 -7.98646809906e-22 -5.32431206604e-22 0.0129218113526 
1.43133170671 1.00202185879e-21 6.68014572527e-22 0.015107104969 
1.43686324792 -3.48475206835e-22 -2.32316804557e-22 0.0118101487924 
1.43543875155 -7.98633508034e-22 -5.32422338689e-22 0.0115825401133 
1.43674219904 -9.51917312992e-22 -6.34611541995e-22 0.012895020381 
1.43156075537 3.13102102885e-23 2.08734735257e-23 0.0133252857199 
1.43755613873 -4.28081922838e-22 -2.85387948558e-22 0.00927695452121 
1.43750627455 4.49104326112e-22 2.99402884075e-22 0.00870739517689 
1.43214797076 3.79465399787e-22 2.52976933191e-22 0.00807131171145 
1.42743039734 7.39186356229e-22 4.92790904153e-22 0.00976215180023 
1.41953273253 6.46556376933e-22 4.31037584622e-22 0.0102079395923 
1.40497463319 -6.03930110174e-22 -4.02620073449e-22 0.0132942611443 
1.38508035553 7.16172309695e-22 4.77448206463e-22 0.018590705788 
1.3605491851 2.43853572907e-22 1.62569048605e-22 0.0192720898494 
1.31292461968 -1.70023636428e-20 -1.13349090952e-20 0.0271459192526 
1.26551811915 7.45480421118e-20 4.96986947412e-20 0.0291738041201 
1.1935923027 2.18231609863e-18 1.45487739908e-18 0.0370909855342 
1.11044058195 3.71471135888e-18 2.47647423925e-18 0.042887117595 
1.0015381696 0.0212542145703 0.0141694763802 0.0544132420687 
0.825278330898 0.0681069788246 0.0454046525498 0.0727758822409 
0.810159180248 0.578350411136 0.385566940757 0.040178185544 
0.575082615265 0.554335408289 0.369556938859 0.0403682232285 
0.368642176369 0.507648819754 0.338432546503 0.0545460549542 
0.240789813214 0.505806879685 0.337204586456 0.0703611120591 
0.151237592621 0.455968383584 0.303978922389 0.123718867891 
0.110709062759 0.451538306882 0.301025537921 0.115662426606 
0.0855463001382 0.438281521122 0.292187680748 0.09795183451 
0.0694363476483 0.448555656456 0.299037104304 0.043549988258 
0.0575934011322 0.359798150662 0.239865433775 -0.123862741865 
0.0605079084495 0.342350013831 0.228233342554 -0.122442800943 
0.065041540384 0.326715406882 0.217810271254 -0.119518856153 
0.0699047838817 0.325751020493 0.217167346995 -0.118940081095 
0.0731796720557 0.325021409303 0.216680939536 -0.119136279357 
0.0786046185374 0.32199485926 0.214663239507 -0.153996999542 
0.0891600885649 0.334862957222 0.223241971482 -0.208335579832 
0.0962765453339 0.326539229265 0.21769281951 -0.206562082363 
0.100244095631 0.326087872366 0.217391914911 -0.205625392015 
0.0959118243854 0.334574882995 0.223049921997 -0.20936775895 
0.107844571964 0.329020129599 0.219346753066 -0.284139326584 
0.113086548784 0.322207894215 0.21480526281 -0.281974631887 
0.113086548784 0.322207894215 0.21480526281 -0.281974631887 
0.123962271851 0.306307423345 0.204204948897 -0.276306944882 
0.121726835577 0.312416458828 0.208277639219 -0.277073089229 
0.121726835577 0.312416458828 0.208277639219 -0.277073089229 
0.123666156984 0.30788862848 0.205259085654 -0.278271354154 
0.130072343816 0.297480489325 0.198320326217 -0.277008670593 
0.134799887782 0.291281804838 0.194187869892 -0.275148309466 
0.135896184167 0.291046795185 0.19403119679 -0.275170383259 
0.145535670136 0.276114515007 0.184076343338 -0.27402431962 
0.155550276661 0.267739386839 0.17849292456 -0.274478729694 
0.177008697591 0.238186332847 0.158790888565 -0.269006537846 
0.244975261566 0.175973155924 0.117315437282 -0.422543106443 
0.289454371209 0.11123182124 0.0741545474936 -0.392564731611 
0.34329877065 0.0300150511061 0.0200100340707 -0.35926360849 
0.454039613735 0.0278224919787 0.0185483279858 0.311737544546 
0.542889113595 1.19299992173e-19 7.95333281154e-20 0.218147802614 
0.759568080517 0.360395104499 0.240263403 0.0390969604981 
0.838328704336 0.132157900015 0.0881052666765 0.0538292979084 
0.961244809803 0.0979628852482 0.0653085901654 0.0432764801434 
1.04712901655 5.97769348819e-17 3.98512899213e-17 0.0432457204831 
1.15429999959 1.95459360601e-23 1.303062404e-23 0.0260799361211 
1.22947969498 -4.76969825018e-23 -3.17979883345e-23 0.0198888181846 
1.28667666599 6.45203318095e-22 4.30135545396e-22 0.0146276016913 
1.3371182246 1.42257985324e-06 9.48386568829e-07 0.00868014224648 
1.40120041921 0.121684709903 0.0811231399355 0.00540300445364 
1.439005131 0.171807214177 0.114538142785 0.00243770187379 
1.44935431006 0.169651610312 0.113101073541 0.00350994727541 
1.48265807297 0.227720589193 0.151813726129 0.0022954837879 
1.5101382286 0.268669171905 0.17911278127 -0.00119470265945 
1.50188823703 0.248550365283 0.165700243522 -0.0019770921325 
1.47547480727 0.175975507765 0.117317005177 -0.00218229890169 
1.48216893312 0.202980986521 0.135320657681 -0.00180635249243 
1.47088376926 0.179360504695 0.119573669797 -0.0034687026402 
1.45812043028 0.149155912753 0.0994372751686 -0.00645178543739 
1.46022563426 0.148685032811 0.0991233552072 -0.00500907799559 
1.46767913993 0.16820068306 0.112133788707 -0.0041020216015 
1.4734978994 0.182979227788 0.121986151859 -0.00403541907911 
1.47835112128 0.196026901914 0.130684601276 -0.0042467812373 
1.48819908412 0.220006658237 0.146671105491 -0.00313949278263 
1.47894849079 0.198263488712 0.132175659141 -0.00588191314473 
1.4606703537 0.16165967094 0.10777311396 -0.00606675710785 
1.46969864746 0.186617713352 0.124411808901 -0.00628367042878 
1.49535265882 0.241056753781 0.160704502521 -0.00471124529691 
1.48636537736 0.226905563916 0.151270375944 -0.00552642856469 
1.49410905975 0.249430709685 0.16628713979 -0.00488224448074 
1.47733887299 0.206871154366 0.137914102911 -0.00446256653016 
1.45579752217 0.14779806537 0.09853204358 -0.00463052419018 
1.4679563436 0.171685273477 0.114456848984 -0.00386037909725 
1.47393209274 0.190676095168 0.127117396778 -0.00363072770384 
1.47016396935 0.179215913914 0.119477275943 -0.00289485503591 
1.48974167431 0.222747899125 0.148498599417 -0.00494311836939 
1.47768680484 0.19565681033 0.130437873553 -0.00451425425972 
1.47796942844 0.195237192059 0.130158128039 -0.00413997332337 
1.46719455102 0.171434306499 0.114289537666 -0.0027963675552 
1.44849945819 0.117437591269 0.078291727513 -0.00435347208049 
1.43759888615 0.0951248269925 0.0634165513283 -0.00462172981868 
1.44160448494 0.115547094441 0.077031396294 -0.00402222902073 
1.44857621722 0.150148818903 0.100099212602 -0.00394095345597 
1.45226874585 0.189259627958 0.126173085306 -0.00248179292101 
1.42286233071 0.145938867954 0.0972925786362 0.000524852020854 
1.42615354549 0.177240429149 0.1181602861 0.00247953261628 
1.38672611885 0.142205518147 0.0948036787647 0.0049025544519 
1.34749449548 0.116959233408 0.0779728222719 0.00509491535221 
1.29176551666 0.0554655767964 0.0369770511976 0.00610262894085 
1.28078518946 0.157753455894 0.105168970596 0.00579019848824 
1.24424047089 0.276920684325 0.18461378955 0.00671231797304 
1.14846497147 0.312947228174 0.20863148545 0.00747566384179 
1.14050569032 0.503611626829 0.335741084553 0.0118297241233 
1.16547521241 0.653160022007 0.435440014672 0.0120558298457 
1.19955487708 0.786118072127 0.524078714752 0.0211476076837 
1.2414047301 0.875391486029 0.58359432402 0.0300835334946 
1.28600072608 0.935298721697 0.623532481131 0.0424223485564 
1.31156702366 0.976726073928 0.651150715952 0.0547889994425 
1.32305400677 1.00440390666 0.669602604438 0.06421164474 
1.3335976679 1.02214304395 0.681428695967 0.0724303503491 
1.33264108297 1.03432340348 0.689548935652 0.0755768109357 
1.3315696724 1.04481070604 0.696540470696 0.0805534054542 
1.34346903181 1.05029807168 0.70019871445 0.0863760958364 
1.34300930956 1.05560146714 0.703734311427 0.0877040577444 
1.34282866286 1.05854293811 0.70569529207 0.0881764097754 
1.34104667288 1.06095930083 0.707306200552 0.0908010990378 
1.34109624449 1.06205403699 0.708036024661 0.0909046852085 
1.34128379863 1.0630721972 0.708714798133 0.0907704367609 
1.34259502757 1.0630160578 0.708677371864 0.088654751025 
1.34224975595 1.06381508196 0.709210054643 0.0906019685875 
1.35486190395 1.06138165347 0.707587768981 0.095500682159 
1.35463901116 1.06240653208 0.708271021389 0.0955904119604 
1.35473285921 1.0616718608 0.707781240531 0.0951013365074 
1.35449429152 1.06252884753 0.708352565022 0.0948495492791 
1.35465168389 1.06035534642 0.706903564278 0.0942374206037 
1.35465168389 1.06035534642 0.706903564278 0.0942374206037 
1.35332548754 1.06049492232 0.706996614883 0.0953684175108 
1.35317787177 1.05982129473 0.706547529817 0.0950029883511 
1.35306414828 1.05876127268 0.705840848452 0.0943346116017 
1.34100926731 1.05927155221 0.706181034804 0.0893273391288 
1.34100926731 1.05927155221 0.706181034804 0.0893273391288 
1.3391547369 1.0601470626 0.7067647084 0.0916871957359 
1.33975525134 1.05883260019 0.705888400126 0.0893839337799 
1.33994518616 1.058130414 0.705420276 0.0891408966389 
1.35451781893 1.05592590801 0.703950605341 0.0907056015218 
1.35566871307 1.05445288033 0.702968586888 0.0888280269135 
1.35545063174 1.05509520552 0.703396803681 0.0892434748826 
1.35499099386 1.05595052623 0.703967017488 0.0898861762178 
1.3553839347 1.05304546581 0.70203031054 0.0891261688522 
1.35519076051 1.05406865494 0.702712436628 0.0892296140326 
1.35487620483 1.05346545886 0.702310305906 0.0890519456105 
1.34222898768 1.0537680193 0.702512012864 0.084884866944 
1.34195299586 1.05416221344 0.702774808959 0.0852532140667 
1.34210254944 1.05283139204 0.701887594696 0.0849886817811 
1.34172220865 1.05398639397 0.702657595982 0.0854643901376 
1.33992813758 1.05413937787 0.702759585244 0.0874129966879 
1.34031135495 1.05129390404 0.700862602692 0.0851541432089 
1.34049876364 1.04780108175 0.698534054499 0.084188781599 
1.34120475858 1.04132744552 0.694218297016 0.0809564526432 
1.34168202421 1.03145726461 0.68763817641 0.0786332722742 
1.31258022897 1.00594489308 0.670629928722 0.0633854835427 
1.26681545041 0.965978293546 0.643985529031 0.0490014258398 
1.19349008995 0.902221998374 0.60148133225 0.0342551708209 
0.603856735381 0.0558363924109 0.0372242616073 0.0535024674758 
0.762980894017 0.0248557747975 0.0165705165317 0.0578171342211 
0.931829423952 0.0543915358044 0.0362610238696 0.0392322308341 
1.05238974902 2.4061729582e-17 1.60411530546e-17 0.0403619705527 
1.16502905616 4.77683075912e-22 3.18455383941e-22 0.0329295339145 
1.25679429821 -1.99485022916e-22 -1.32990015277e-22 0.0252575345938 
1.32104011911 7.22138085588e-22 4.81425390392e-22 0.0226021548014 
1.37099406975 -3.81491180068e-22 -2.54327453379e-22 0.0190222429255 
1.41239597975 -1.14440880468e-21 -7.62939203123e-22 0.0130882501229 
1.42704427 7.82030778032e-22 5.21353852021e-22 0.0101011265004 
1.44138985834 1.08409009918e-21 7.22726732788e-22 0.00917373941163 
1.4523190037 2.89739692782e-22 1.93159795188e-22 0.00616870009725 
1.46248032292 -1.929524529e-21 -1.286349686e-21 0.00304876659732 
1.46858852365 -1.41056006963e-22 -9.40373379753e-23 0.00176012648519 
1.47666130927 -5.45537446865e-22 -3.63691631243e-22 -0.000216072622189 
1.47584299018 1.36168467789e-21 9.07789785262e-22 0.000104630169357 
1.476086147 5.88526137025e-22 3.92350758017e-22 0.0019465054549 
1.47603164845 1.91996421561e-22 1.27997614374e-22 0.00289178338928 
1.47657110032 -7.78455024144e-22 -5.18970016096e-22 0.00411926756116 
1.4783328031 1.32888972826e-21 8.85926485506e-22 0.00326607752996 
1.48110238998 -3.57484461406e-22 -2.3832297427e-22 0.00169571159183 
1.48326631254 -1.74389332508e-23 -1.16259555005e-23 -0.00211318863118 
1.4724727595 -1.49819930896e-21 -9.98799539305e-22 0.00135424737161 
1.47055392902 2.20855296017e-21 1.47236864011e-21 0.00149381945316 
1.46949193829 9.90514949972e-22 6.60343299981e-22 -0.000564640278285 
1.47356708718 4.23338373989e-22 2.82225582659e-22 -0.000314625519063 
1.4737822698 2.48958144654e-23 1.65972096436e-23 -0.00149312841321 
1.46590085853 3.95896923164e-22 2.63931282109e-22 0.00144245879502 
1.46405067151 4.33088503903e-24 2.88725669269e-24 -4.11309648212e-07 
1.45938030122 -5.43560214378e-22 -3.62373476252e-22 0.000984197761581 
1.45257216355 1.01526593624e-21 6.76843957496e-22 0.00650892332756 
1.44832917698 2.19375639906e-22 1.46250426604e-22 0.0088528637602 
1.45356877963 -2.37531665164e-22 -1.58354443443e-22 0.00799254802457 
1.45227112287 1.34662202241e-21 8.97748014937e-22 0.00866667467041 
1.4489854928 -1.6613767558e-21 -1.10758450386e-21 0.00884046724236 
1.44849058792 1.03804952326e-21 6.92033015508e-22 0.011365027089 
1.4458955058 5.66500658008e-22 3.77667105339e-22 0.0115691426115 
1.45041310488 -7.6251924943e-22 -5.08346166287e-22 0.0100460094234 
1.45293338432 4.05442040214e-23 2.70294693476e-23 0.0095252839611 
1.45293338432 4.05442040214e-23 2.70294693476e-23 0.0095252839611 
1.45931086477 2.94321689177e-22 1.96214459451e-22 0.00974356813588 
1.45153226308 3.90584141111e-22 2.60389427407e-22 0.0125231417231 
1.45039734789 -2.68611095997e-22 -1.79074063998e-22 0.0116091580928 
1.44721299108 1.10488445566e-21 7.36589637107e-22 0.0131165211754 
1.44843877424 -2.45236239564e-22 -1.63490826376e-22 0.0118767705665 
1.45420634424 1.01028947289e-22 6.73526315257e-23 0.00938292977821 
1.44712798356 -7.06397543123e-23 -4.70931695416e-23 0.0117372232155 
1.43993957223 6.26102321096e-22 4.17401547397e-22 0.013499690886 
1.42347701369 6.86312927942e-22 4.57541951961e-22 0.0180358360745 
1.41143238335 1.24037613441e-22 8.26917422941e-23 0.0199875353157 
1.38639424809 -1.81348377387e-22 -1.20898918258e-22 0.0252849313584 
1.29229194453 -7.60975864306e-18 -5.07317242871e-18 0.0316597013743 
1.17268590436 2.78869081163e-17 1.85912720776e-17 0.0403709627997 
1.05098772251 0.0251794546618 0.0167863031079 0.0458652707479 
0.902242194845 0.0624959314868 0.0416639543245 0.0580290333269 
0.797889026217 0.398439835878 0.265626557252 0.0375345879027 
0.548723288783 0.215683412274 0.143788941516 0.0664817114762 
0.401500434358 0.251274927879 0.167516618586 0.0797392437309 
0.294201188672 0.271516484692 0.181010989794 0.0805529124915 
0.216886051225 0.161127600929 0.10741840062 -0.178384982941 
0.159406924522 0.169797842331 0.113198561554 -0.0928286064218 
0.118614238327 0.14329059217 0.0955270614468 -0.0476107288382 
0.0949061380469 0.123562608636 0.0823750724243 -0.0330432464496 
0.0765822882204 0.0889828902543 0.0593219268362 -0.0213739858704 
0.0657808171213 0.0901717484956 0.0601144989971 -0.021146402813 
0.0579391882438 0.100464858463 0.0669765723085 -0.0186692088598 
0.0528766414933 0.101064081123 0.067376054082 -0.0187533289928 
0.0504528664372 0.100292300491 0.0668615336604 -0.0169398271543 
0.0468491668155 0.100689517606 0.0671263450706 -0.0169040739575 
0.0490365368521 0.0566136722103 0.0377424481402 -0.0121467641092 
0.0456162345187 0.0976864718146 0.0651243145431 -0.0152286953934 
0.0437787609708 0.134541735737 0.0896944904914 -0.0195953700564 
0.0434597732565 0.141855329355 0.0945702195697 -0.0194862894916 
0.0426263116796 0.129466656366 0.0863111042442 -0.0162065830456 
0.0412883963313 0.153211104329 0.10214073622 -0.0177275682569 
0.0421781231451 0.143272583529 0.0955150556859 -0.0180856851293 
0.0449365111428 0.0976722054281 0.0651148036187 -0.0146068138361 
0.0498526015274 0.063516326453 0.0423442176353 -0.0135695553347 
0.0494474354406 0.0431223719608 0.0287482479739 -0.0101013192533 
0.0512500291672 0.0245724163804 0.0163816109203 -0.0093071040009 
0.0540190896866 0.0240013806507 0.0160009204338 -0.00924635773165 
0.0536153175709 0.00254796391053 0.00169864260702 -0.00824589421043 
0.0533116709191 0.00687247408892 0.00458164939261 -0.00753492764483 
0.0497527331396 0.0524252989284 0.0349501992856 -0.0105807965257 
0.0487321265291 0.0527177452176 0.0351451634784 -0.010400072183 
0.0501514288088 0.0462433819284 0.0308289212856 -0.00877615772734 
0.0526990170895 0.0460595268344 0.0307063512229 -0.0105481404252 
0.054977507034 0.105399201108 0.0702661340717 -0.0153533439689 
0.0613794062904 0.140299444397 0.0935329629315 -0.0197186598318 
0.0703276308266 0.189035658455 0.126023772304 -0.0324569788147 
0.088857416062 0.286114448352 0.190742965568 -0.0847769554508 
0.117227634635 0.318314364677 0.212209576451 -0.168202754389 
0.159736863249 0.298335091523 0.198890061016 -0.341247483532 
0.218265252609 0.240135299647 0.160090199764 -0.501407109181 
0.231718783631 0.216033730146 0.144022486764 -0.523598775598 
0.240192268992 0.197942033527 0.131961355685 -0.523598775598 
0.250099979069 0.176750128059 0.117833418706 -0.523598775598 
0.25832786746 0.156064851542 0.104043234361 -0.523598775598 
0.24204260389 0.163369784437 0.108913189625 -0.523598775598 
0.222512257541 0.170343511465 0.113562340977 -0.523598775598 
0.199054018083 0.182868337814 0.121912225209 -0.523598775598 
0.176479834918 0.195298648516 0.130199099011 -0.523598775598 
0.15146482561 0.213698148479 0.14246543232 -0.523598775598 
0.133332209303 0.211627807896 0.141085205264 -0.523598775598 
0.105736220919 0.24015724548 0.16010483032 -0.523598775598 
0.0910062601769 0.239013387733 0.159342258489 -0.523598775598 
0.0550904222367 0.278558333385 0.18570555559 -0.523598775598 
0.0256068341186 0.303421339079 0.202280892719 -0.523598775598 
0.0150354631191 0.304744336144 0.203162890762 -0.523598775598 
-1.73472347598e-18 0.312114286284 0.208076190856 -0.523598775598 
7.95723955485e-22 0.335414490677 0.223609660452 -0.523598775598 
7.95723955485e-22 0.335414490677 0.223609660452 -0.523598775598 
7.95723955485e-22 0.335414490677 0.223609660452 -0.523598775598 
7.95723955485e-22 0.335414490677 0.223609660452 -0.523598775598 
7.95723955485e-22 0.335414490677 0.223609660452 -0.523598775598 
2.56102839281e-21 0.372000401267 0.248000267511 -0.523598775598 
2.56102839281e-21 0.372000401267 0.248000267511 -0.523598775598 
6.31474258495e-22 0.432574206216 0.288382804144 -0.523598775598 
4.54038025281e-21 0.479516613859 0.319677742573 -0.523598775598 
-3.20385554612e-22 0.564287924268 0.376191949512 -0.523598775598 
0.444099255901 1.22334024043 0.815560160289 0.218088642024 
0.39611408076 1.25896484067 0.839309893779 0.210065663337 
0.344247110117 1.29360519696 0.862403464639 0.20011399792 
0.29377439331 1.32166464627 0.881109764182 0.181324520655 
0.223797564042 1.35586968115 0.903913120769 0.156902673009 
0.152950186922 1.38541155734 0.923607704894 0.130174173601 
0.0736688666573 1.41168950052 0.941126333677 0.100041711013 
5.91979107116e-19 1.43700615362 0.958004102411 0.0702815135349 
-1.40862162364e-21 1.45475928118 0.969839520784 0.0545874503559 
5.83844808962e-22 1.46996136495 0.979974243302 0.03959805977 
3.64020851511e-21 1.47986398964 0.986575993094 0.0281590499199 
2.05300003283e-21 1.48810957942 0.992073052943 0.0183315940381 
2.60848569932e-21 1.49560415028 0.997069433519 0.00922371425932 
2.46116995073e-21 1.50220041375 1.0014669425 0.00142220035984 
-2.05469891302e-21 1.51095881065 1.00730587377 -0.00442049923374 
1.60760090915e-21 1.51726993402 1.01151328935 -0.00895840369384 
5.09298550354e-21 1.52029047292 1.01352698195 -0.0131914022038 
-9.82707763298e-22 1.52419748454 1.01613165636 -0.0133195657304 
-1.72026404582e-21 1.52535554654 1.01690369769 -0.0181993799994 
-2.11124692216e-22 1.52737737945 1.0182515863 -0.0183051087496 
-6.52528921308e-22 1.52821274994 1.01880849996 -0.0184160161705 
3.51513277261e-22 1.52960459946 1.01973639964 -0.0185450927279 
-2.24262844714e-21 1.53216898199 1.02144598799 -0.0186157792213 
-2.24262844714e-21 1.53216898199 1.02144598799 -0.0186157792213 
9.53597440467e-22 1.53156231965 1.02104154643 -0.0187481022582 
-1.46604473864e-22 1.53011899833 1.02007933222 -0.0189193072336 
-2.34440695471e-22 1.53252538309 1.02168358872 -0.0190056213281 
9.20200009786e-22 1.53411827752 1.02274551835 -0.0190052236182 
-5.65519750173e-22 1.53585640216 1.0239042681 -0.0189095447317 
8.33242629902e-22 1.53419201246 1.02279467497 -0.0187774393491 
1.41080225722e-21 1.53155958611 1.02103972407 -0.0146823616854 
-9.59690575885e-22 1.52789821336 1.01859880891 -0.0145505218003 
-9.48937158827e-22 1.52579323642 1.01719549095 -0.0143585841133 
-9.1532176885e-22 1.52236230529 1.01490820352 -0.0101627395704 
1.96167716857e-21 1.51890769753 1.01260513169 -0.00714176365702 
4.70655318257e-22 1.51301962047 1.00867974698 -0.00230515597666 
1.62344341056e-21 1.49084107992 0.993894053282 0.0126128002647 
8.95831488403e-22 1.4678111952 0.978540796798 0.0265029004974 
-2.02865587987e-21 1.44435016664 0.962900111091 0.042857083383 
1.95078676972e-07 1.41490904302 0.943272695349 0.0662755121359 
0.113684832575 1.38686677819 0.924577852126 0.100621119539 
0.20403699786 1.35704521063 0.90469680709 0.13506842446 
0.280768480868 1.32473549283 0.883156995223 0.165332613055 
0.338421543502 1.29761362803 0.865075752021 0.193310569367 
0.393109300338 1.26608773796 0.844058491973 0.215605934252 
0.440566337364 1.23628093628 0.824187290853 0.23764910427 
0.485394631874 1.20439590765 0.802930605097 0.256269621697 
0.490526626957 1.17520598214 0.783470654763 0.267750515282 
0.573908795259 1.1262285421 0.750819028064 0.274848981899 
0.58863464638 1.08275638827 0.72183759218 0.27449763306 
0.634308904889 1.04350970329 0.695673135527 0.245627220277 
0.685204732748 0.990168376224 0.660112250816 0.227333476119 
0.691603137717 0.93579009712 0.623860064747 0.196597086771 
0.747621956187 0.897082106218 0.598054737479 0.174187614723 
0.756153407408 0.859152319568 0.572768213045 0.143028822552 
0.771471257776 0.82188710124 0.54792473416 0.124814042113 
0.784409781486 0.794727121707 0.529818081138 0.101052625982 
0.789211796507 0.783141682054 0.522094454703 0.0774362829117 
0.790880826884 0.778929144868 0.519286096579 0.0632546333338 
0.78537691234 0.786388756583 0.524259171055 0.0485424447704 
0.77041308742 0.80908689392 0.539391262613 0.0354899245669 
0.680883230475 0.794550920018 0.529700613345 0.0269527709863 
0.571134804852 0.751874702094 0.501249801396 0.0198028419094 
0.436864005293 0.670970842283 0.447313894855 0.0136196912599 
0.354742502948 0.621472746522 0.414315164348 0.0109689636838 
0.299459916201 0.581646593414 0.38776439561 0.0110976307027 
0.255874380979 0.548838852743 0.365892568496 0.0108343767084 
0.221320369909 0.511693923637 0.341129282425 0.010464448867 
0.197626785733 0.472329114779 0.314886076519 0.0108282436114 
0.182829346659 0.476285608928 0.317523739285 0.0102161834043 
0.171715750991 0.425096427419 0.283397618279 0.0137937905101 
0.165715007844 0.426209827372 0.284139884914 0.0137244662355 
0.157693544209 0.402868696415 0.268579130943 0.00310653050335 
0.144048485203 0.370851038507 0.247234025672 -0.0112996079341 
0.149903377158 0.319738957407 0.213159304938 -0.231457896754 
0.138348991336 0.334828378627 0.223218919085 -0.236099449759 
0.137553735501 0.33826494213 0.22550996142 -0.236022966111 
0.127625350414 0.341505053005 0.227670035337 -0.164943151648 
0.133212765613 0.329724179076 0.219816119384 -0.1624168814 
0.133775795835 0.333830158804 0.222553439202 -0.162409010645 
0.153995023414 0.313182011719 0.208788007812 -0.227866327451 
0.181450170628 0.281247104551 0.187498069701 -0.29840943993 
0.219270164748 0.238605719821 0.159070479881 -0.417461221425 
0.274516751253 0.175089432183 0.116726288122 -0.523598775598 
0.289361856766 0.145136770718 0.0967578471452 -0.523598775598 
0.314314547911 0.100479894404 0.0669865962691 -0.523598775598 
0.351215807839 0.0396581824379 0.0264387882919 -0.523598775598 
0.3750566952 3.95887444317e-18 2.63924962878e-18 -0.523598775598 
0.3750566952 3.95887444317e-18 2.63924962878e-18 -0.523598775598 
0.389362594873 -1.49333419685e-21 -9.95556131236e-22 -0.376983927726 
0.520271339476 7.19389480755e-22 4.7959298717e-22 0.523598775598 
0.545482888016 1.44753002174e-21 9.65020014493e-22 0.51787684682 
0.573818206998 -3.61444175508e-23 -2.40962783672e-23 0.44159125323 
0.597056540128 5.51308469329e-22 3.67538979552e-22 0.437289499205 
0.616568728058 3.75345029196e-23 2.50230019464e-23 0.398880692096 
0.628175942162 0.00450519808161 0.00300346538774 0.400588962085 
0.636146077471 0.0119380322192 0.00795868814616 0.403516303895 
0.640136417589 0.0305343018511 0.0203562012341 0.41370175804 
0.603309895909 0.0815144974517 0.0543429983011 0.459813571086 
0.560015605253 0.127968376889 0.085312251259 0.513487505174 
0.476638828062 0.292041692908 0.194694461939 0.523598775598 
0.380611463353 0.531851986657 0.354567991105 0.52359871406 
0.677980378491 1.0000879892 0.66672532613 0.196085683885 
0.598997720573 1.08999336351 0.726662242341 0.218289483985 
0.515269471176 1.17386565995 0.782577106635 0.226903507833 
0.427594651812 1.24061555818 0.827077038784 0.217233362714 
0.294863475161 1.32052448944 0.880349659625 0.180377996401 
0.150529405835 1.38149591271 0.920997275137 0.130044382767 
6.63584175432e-18 1.43022041379 0.953480275859 0.079456572883 
1.96346623214e-21 1.47073788114 0.980491920757 0.04747141093 
5.64493046842e-21 1.50203289825 1.0013552655 0.0213490322497 
1.24648767039e-21 1.52466651521 1.01644434347 0.00386879316782 
1.91723624264e-22 1.54080530802 1.02720353868 -0.0131161327625 
7.00689216136e-22 1.55383238813 1.03588825876 -0.0233137273307 
8.68835030498e-22 1.56269468312 1.04179645541 -0.0321830273581 
-5.49132151407e-22 1.56851782834 1.04567855223 -0.0375430196713 
-1.2313411037e-22 1.57345501694 1.0489700113 -0.0378815081989 
5.66629261159e-22 1.57364473565 1.04909649043 -0.0445010305659 
-3.81319688305e-22 1.57875716026 1.05250477351 -0.0446557802097 
1.90804907967e-22 1.57916733419 1.05277822279 -0.0448602619427 
2.25132878891e-22 1.58005037155 1.05336691436 -0.0451379920514 
-1.22903332772e-22 1.58135996995 1.05423997997 -0.0454055218485 
-6.58278442474e-23 1.58223361942 1.05482241295 -0.0456846550386 
2.97115189303e-23 1.58297541675 1.0553169445 -0.0460154381117 
-1.8626848098e-23 1.58404748806 1.05603165871 -0.0463233146217 
2.16080123019e-06 1.58478005804 1.05652003869 -0.0466429460244 
7.70723444128e-23 1.58319481559 1.05546321039 -0.0469187295753 
2.66220433474e-06 1.58451649265 1.05634432843 -0.0472186208769 
1.01809689093e-05 1.5853592291 1.05690615273 -0.0474705737522 
2.70577801973e-23 1.58394362667 1.05596241778 -0.047686436426 
1.78647988765e-05 1.5850376423 1.05669176153 -0.0479642270123 
8.04115800654e-05 1.58557967633 1.05705311755 -0.0483584322312 
0.000142517433898 1.58620760175 1.0574717345 -0.0486486209934 
0.000182145891669 1.58515943829 1.05677295886 -0.0488987115014 
0.000211293922366 1.58429695795 1.05619797196 -0.0492084486179 
0.000616601003686 1.58360754363 1.05573836242 -0.0539342841674 
0.000632452414798 1.5846832904 1.05645552694 -0.0539658595767 
0.000632452414798 1.5846832904 1.05645552694 -0.0539658595767 
0.000727658699235 1.58670476287 1.05780317524 -0.054086575821 
0.000856128509967 1.58722545109 1.05815030073 -0.0542114035054 
0.000856128509967 1.58722545109 1.05815030073 -0.0542114035054 
0.000937997664314 1.5858215764 1.05721438427 -0.0543170195757 
0.000937997664314 1.5858215764 1.05721438427 -0.0543170195757 
0.00112055786059 1.58635668578 1.05757112385 -0.05463718039 
0.00131408437919 1.58736166941 1.05824111294 -0.0549020197143 
0.739102699894 1.54139125064 1.02759416709 0.14344300704 
0.750437211092 1.54622260639 1.03081507093 0.135028844674 
0.768573620093 1.55241261989 1.03494174659 0.122274656985 
0.791207905843 1.56167968588 1.04111979059 0.108023357814 
0.823135388359 1.57247425391 1.04831616927 0.086913924716 
0.855520074834 1.58296825709 1.05531217139 0.0646366422655 
0.878792155014 1.59402249827 1.06268166551 0.0164382832306 
0.907306262358 1.60268748426 1.06845832284 -0.0244885674403 
0.932189788567 1.60714962161 1.07143308108 -0.0563202798827 
0.951102943584 1.60992615281 1.07328410188 -0.0795974701745 
0.966851549006 1.61125796126 1.07417197417 -0.0991113990418 
0.979153812108 1.61312922503 1.07541948335 -0.103847722532 
0.985460171589 1.61389178399 1.07592785599 -0.121703489387 
0.991681900427 1.61484534866 1.07656356578 -0.124830700345 
0.992804850716 1.61489218441 1.07659478961 -0.137328758621 
0.993006977959 1.61608524921 1.07739016614 -0.137497382488 
0.993008489531 1.61645289737 1.07763526491 -0.137609563107 
0.987940875394 1.61799920044 1.07866613363 -0.139295078739 
0.984355821958 1.61785550393 1.07857033595 -0.139772426316 
0.978852129614 1.61756259124 1.07837506083 -0.139942297322 
0.971933777658 1.6171993172 1.07813287813 -0.138959715497 
0.961875802725 1.6170394506 1.0780263004 -0.137197524556 
0.941114803332 1.61759268314 1.0783951221 -0.132015851991 
0.919649289036 1.6188769357 1.07925129046 -0.10332042521 
0.891766259802 1.61622820029 1.07748546686 -0.0722602602083 
0.85911800259 1.60856936519 1.07237957679 -0.0288792148183 
0.821391356244 1.59607850282 1.06405233521 0.0271240992911 
0.784463363144 1.58075925697 1.05383950465 0.073006734875 
0.743429995668 1.56124966361 1.04083310908 0.104620613343 
0.70759803951 1.53859222955 1.02572815304 0.136139090803 
0.659100375921 1.51817457931 1.01211638621 0.144136164716 
0.580149711664 1.49486372914 0.996575819429 0.135191095723 
3.71136706692e-15 1.49418885502 0.996125903347 0.00358856290026 
2.67568484967e-21 1.45907614538 0.972717430256 0.0239651343848 
-7.66303857593e-22 1.41241703087 0.941611353911 0.0525648666771 
0.139931301139 1.36519201502 0.910128010014 0.0953126206157 
0.28792253877 1.31068059834 0.873787065559 0.135399599652 
0.416793153713 1.23899410157 0.825996067713 0.164347785491 
0.518005367801 1.16330242083 0.775534947218 0.178918937422 
0.609967394896 1.07810298712 0.718735324748 0.176001162928 
0.684144037788 0.993248524956 0.662165683304 0.166864749164 
0.741068536126 0.915541291327 0.610360860885 0.154940940953 
0.769911429043 0.827297029841 0.551531353227 0.142870465775 
0.817739513468 0.729134443904 0.486089629269 0.129914531511 
0.85627193876 0.667262330252 0.444841553501 0.12188374884 
0.893773707167 0.608039025721 0.405359350481 0.113166398339 
0.861117822287 0.455558904985 0.303705936656 0.115906453125 
0.89282294407 0.431597961976 0.28773197465 0.105462700526 
0.913303497155 0.409116713103 0.272744475402 0.104084086111 
0.873975496965 0.254203503724 0.169469002482 0.118861463544 
0.873975496965 0.254203503724 0.169469002482 0.118861463544 
0.873975496965 0.254203503724 0.169469002482 0.118861463544 
0.873975496965 0.254203503724 0.169469002482 0.118861463544 
0.861510287722 0.256943146999 0.171295431333 0.113137150153 
0.847811222391 0.263001897947 0.175334598631 0.118104768801 
0.8343472584 0.269951053187 0.179967368792 0.119047858869 
0.8343472584 0.269951053187 0.179967368792 0.119047858869 
0.818060009922 0.280494078151 0.186996052101 0.126331408873 
0.818060009922 0.280494078151 0.186996052101 0.126331408873 
0.818060009922 0.280494078151 0.186996052101 0.126331408873 
0.81033744099 0.286602259819 0.191068173213 0.117360657954 
0.81033744099 0.286602259819 0.191068173213 0.117360657954 
0.808185170913 0.295579204287 0.197052802858 0.126940519778 
0.808185170913 0.295579204287 0.197052802858 0.126940519778 
0.808185170913 0.295579204287 0.197052802858 0.126940519778 
0.822950474949 0.297898673258 0.198599115505 0.122166170414 
0.822950474949 0.297898673258 0.198599115505 0.122166170414 
0.846037042078 0.293081777959 0.195387851973 0.11797564706 
0.862787753885 0.289909135 0.193272756666 0.125421190492 
0.894000298395 0.276352576223 0.184235050815 0.113973119535 
0.9364985031 0.255983916612 0.170655944408 0.106202983956 
0.935989042078 0.0351798073336 0.0234532048891 0.134601873435 
0.97595485707 0.0227286375553 0.0151524250368 0.120958804348 
1.01410057327 0.00781692360506 0.00521128240337 0.109609889673 
1.06221121635 4.30633834138e-19 2.87089222759e-19 0.0880939100473 
1.10066092171 3.34374440394e-22 2.22916293596e-22 0.0719337836097 
1.13999065616 -1.29929554355e-22 -8.66197029031e-23 0.0628110807584 
1.15559348803 1.21568405026e-21 8.10456033508e-22 0.0532657646925 
1.19330402232 8.44639277282e-22 5.63092851521e-22 0.0429952111604 
1.20045086697 -4.71092480933e-22 -3.14061653955e-22 0.0379238605635 
1.20287125653 -2.68225359433e-22 -1.78816906288e-22 0.0348635564437 
1.2120301212 3.99875200958e-22 2.66583467305e-22 0.0320011431374 
1.21268120313 3.95842680052e-22 2.63895120035e-22 0.0349510248726 
1.21268120313 3.95842680052e-22 2.63895120035e-22 0.0349510248726 
1.22167625152 3.33596041968e-22 2.22397361312e-22 0.0304920455086 
1.22091087622 1.70667638572e-22 1.13778425715e-22 0.033553741798 
1.22091087622 1.70667638572e-22 1.13778425715e-22 0.033553741798 
1.21724843687 1.06146299373e-22 7.07641995817e-23 0.0359016557957 
1.21894069942 -5.09585633326e-22 -3.3972375555e-22 0.0327473638557 
1.21894069942 -5.09585633326e-22 -3.3972375555e-22 0.0327473638557 
1.21865807323 5.77329470503e-22 3.84886313669e-22 0.0369241247988 
1.21865807323 5.77329470503e-22 3.84886313669e-22 0.0369241247988 
1.21165053445 7.3159745912e-22 4.87731639414e-22 0.0332042358096 
1.19940686964 6.72824140645e-23 4.48549427097e-23 0.0368551406475 
1.1908260129 8.69922943951e-23 5.79948629301e-23 0.0327245619896 
1.18680306888 6.24555981811e-22 4.16370654541e-22 0.0291900264948 
1.18215451294 -3.40503380386e-22 -2.2700225359e-22 0.0306686760166 
1.16683496631 2.23261552044e-22 1.48841034696e-22 0.0288728918483 
1.14671143123 -2.45335572475e-22 -1.63557048317e-22 0.0330664820888 
1.11500230296 5.32651801321e-20 3.55101200881e-20 0.0336843461168 
1.0755664437 -2.67255017782e-19 -1.78170011855e-19 0.0408707909001 
1.02412323982 0.00551114374454 0.00367409582969 0.051886862551 
0.966205987193 0.0177223540993 0.0118149027328 0.0603796589528 
0.91151455551 0.031583481359 0.0210556542394 0.0696220038513 
0.856353862902 0.046537071178 0.0310247141187 0.0731974796586 
0.80008822997 0.0637647189898 0.0425098126598 0.0798507779872 
0.868681498232 0.459172503232 0.306115002155 0.0406282525032 
0.829051198462 0.482435189326 0.321623459551 0.0373132888381 
0.793592215182 0.506787754062 0.337858502708 0.0333170012441 
0.82417053202 0.604582029168 0.403054686112 0.0272373722805 
0.803573839347 0.623354230867 0.415569487244 0.0258012456273 
0.79040817367 0.636476026215 0.42431735081 0.0253213295735 
0.782753586471 0.644744202984 0.429829468656 0.025697805316 
0.788221437788 0.639673985488 0.426449323659 0.0229467992239 
0.794843179665 0.63410993093 0.422739953953 0.0223079862749 
0.798108618139 0.631078248993 0.420718832662 0.0193526311664 
0.797135651426 0.632059853199 0.421373235466 0.0192646725476 
0.791565552226 0.637534894027 0.425023262685 0.01891344796 
0.793391302044 0.635275816992 0.423517211328 0.0167210523559 
0.793002498976 0.635485216328 0.423656810885 0.0179147281429 
0.792000225229 0.636593161179 0.424395440786 0.0189197569368 
0.792241499416 0.636417584067 0.424278389378 0.0167996021296 
0.796925583968 0.631839420863 0.421226280575 0.0164672561042 
0.804027732002 0.62484142968 0.41656095312 0.0153227594843 
0.8063915974 0.622471391975 0.414980927983 0.0163828266134 
0.806012183963 0.62276862686 0.415179084574 0.0169256071635 
0.812620715225 0.61668080909 0.411120539394 0.0165453223185 
0.815139775713 0.614639652959 0.40975976864 0.0175041085652 
0.818081215711 0.612228794985 0.40815252999 0.0172691827089 
0.820448126179 0.61014813495 0.4067654233 0.0165772817742 
0.81971127951 0.610687033338 0.407124688892 0.0181114189827 
0.813301549195 0.616573316888 0.411048877925 0.019719363208 
0.82253031409 0.607712555726 0.405141703817 0.0183799388238 
0.819864127139 0.609598220795 0.406398813864 0.0185802356422 
0.825945560142 0.603689428151 0.402459618767 0.0188766741383 
0.832718902098 0.597135912044 0.398090608029 0.01854554076 
0.841490690714 0.58894241345 0.392628275633 0.018777017619 
0.852247450507 0.579508227556 0.386338818371 0.0176310533218 
0.8691464946 0.564644044894 0.376429363263 0.0156201270076 
0.880168237665 0.554026924624 0.369351283083 0.018345058559 
0.914251444323 0.526175200237 0.350783466825 0.0192827945109 
0.892549030621 0.35886625451 0.239244169673 0.0208695553445 
0.957250270678 0.329181508451 0.219454338967 0.0228576991281 
0.962412581205 0.0781336033736 0.0520890689157 0.0336156325676 
1.04554671217 0.0562567336988 0.0375044891325 0.037399924726 
1.10066520924 -1.43313331757e-17 -9.5542221171e-18 0.0427792727738 
1.16190380103 8.39417306342e-23 5.59611537562e-23 0.0407044945117 
1.21239746169 -3.44280041633e-22 -2.29520027756e-22 0.0364363776488 
1.24564423465 -1.48456149955e-22 -9.89707666365e-23 0.0309185165053 
1.26718885804 1.54565066862e-22 1.03043377908e-22 0.0304229172551 
1.28414059512 3.70155614408e-23 2.46770409605e-23 0.0292120857133 
1.29295720279 1.13254555169e-21 7.55030367792e-22 0.028800253261 
1.29295720279 1.13254555169e-21 7.55030367792e-22 0.028800253261 
1.29929571516 -3.26757389148e-22 -2.17838259432e-22 0.0263674878804 
1.30010625629 8.54338001313e-22 5.69558667542e-22 0.0253169881403 
1.30010625629 8.54338001313e-22 5.69558667542e-22 0.0253169881403 
1.29953973187 9.0509328252e-22 6.0339552168e-22 0.0230125577887 
1.2929390983 -5.54667947886e-22 -3.69778631924e-22 0.0217661953773 
1.29096998756 7.56424709663e-23 5.04283139776e-23 0.0204523108697 
1.28283817728 1.04778851692e-21 6.98525677946e-22 0.0226685001444 
1.27533682257 8.38926213003e-23 5.59284142002e-23 0.0235826551383 
1.27139417944 -4.25628058192e-24 -2.83752038795e-24 0.0222393114166 
1.26765172011 5.47288940167e-23 3.64859293445e-23 0.0227511652438 
1.25918165115 1.14851323522e-22 7.65675490148e-23 0.0228332865337 
1.24862860167 8.71123390433e-22 5.80748926956e-22 0.0230057544856 
1.24069900751 1.15079432086e-22 7.67196213909e-23 0.0239981628192 
1.22589664754 -2.45089220641e-23 -1.63392813761e-23 0.0282039757421 
1.22080250378 -1.25633185044e-22 -8.37554566962e-23 0.0266661226932 
1.20643588443 6.20302548156e-22 4.13535032104e-22 0.0270774555585 
1.18452143476 5.81811333323e-19 3.87874222215e-19 0.0283615616219 
1.14956534456 4.21175280696e-18 2.80783520464e-18 0.0313562333673 
1.11958449947 -1.2682407513e-18 -8.45493834203e-19 0.0320973405388 
1.04945981219 0.0139873715439 0.00932491436262 0.0390958143793 
0.973405499006 0.0309945686854 0.0206630457902 0.0509188294695 
0.889719647108 0.0527119207013 0.0351412804675 0.0632902089257 
0.786823504288 0.0803338759549 0.0535559173033 0.0704271898898 
0.818000412019 0.463472753506 0.30898183567 0.0361347545338 
0.73372722569 0.512859465413 0.341906310276 0.035416655249 
0.634783645799 0.574371612901 0.382914408601 0.0333899685961 
0.447201504369 0.453484383578 0.302322922385 0.0538358045825 
0.341825001305 0.418195985336 0.278797323557 0.0770529400391 
0.259486459744 0.393104324179 0.262069549453 0.11568849401 
0.2045835857 0.425171497605 0.28344766507 0.133904535886 
0.168839919964 0.443641984448 0.295761322966 0.141595208082 
0.138022057151 0.459207159615 0.30613810641 0.145401389299 
0.113536839155 0.463412701499 0.308941800999 0.145277544342 
0.101431249952 0.481311468447 0.320874312298 0.101114299883 
0.0889027986443 0.495850178549 0.330566785699 0.106123099215 
0.0832782310919 0.474883316506 0.31658887767 0.0939154816611 
0.0811224228591 0.475333456274 0.316888970849 0.0936408060054 
0.0782985266456 0.475973827084 0.317315884723 0.0933967559726 
0.0730565663532 0.47697883168 0.317985887787 0.0930672295711 
0.0785980171332 0.361273486141 0.240848990761 -0.187009550638 
0.0866240092863 0.368196463285 0.245464308857 -0.245322332643 
0.0884954084542 0.367771965534 0.245181310356 -0.245168740638 
0.100489593456 0.353693456581 0.23579563772 -0.239875432065 
0.104010487577 0.353426140349 0.235617426899 -0.239368772927 
0.1141702556 0.342546610707 0.228364407138 -0.23763789222 
0.125116926388 0.332842114304 0.22189474287 -0.236090203567 
0.16113602684 0.303925775031 0.202617183354 -0.393291745761 
0.196890607243 0.266737371001 0.177824914 -0.47323552036 
0.223675192972 0.23231676305 0.154877842033 -0.523598775598 
0.231755778978 0.215956385304 0.143970923536 -0.523598775598 
0.239135012866 0.201585789593 0.134390526395 -0.523598775598 
0.243372696383 0.189749305937 0.126499537291 -0.523598775598 
0.256818828151 0.171699566816 0.114466377878 -0.523598775598 
0.25357482098 0.170717108994 0.113811405996 -0.523598775598 
0.259820099614 0.161371262851 0.107580841901 -0.523598775598 
0.266207762173 0.15349865099 0.102332433993 -0.523598775598 
0.261404752338 0.148991776469 0.0993278509794 -0.523598775598 
0.244216573266 0.139078695181 0.0927191301208 -0.523598775598 
0.223545352015 0.128852009248 0.085901339499 -0.523598775598 
0.181170299558 0.144582078641 0.0963880524272 -0.523598775598 
0.133250119842 0.168025958532 0.112017305688 -0.523598775598 
0.10762193469 0.170600425823 0.113733617215 -0.523598775598 
0.0969048342263 0.164756646191 0.109837764127 -0.523598775598 
0.0764404434238 0.172798061244 0.115198707496 -0.523598775598 
0.0698695116195 0.169789546111 0.113193030741 -0.523598775598 
0.0644359932308 0.165524819124 0.110349879416 -0.523598775598 
0.0558875374201 0.163102021892 0.108734681261 -0.523598775598 
0.0395371468599 0.177412375464 0.118274916976 -0.523598775598 
0.0341555596889 0.175719878354 0.11714658557 -0.523598775598 
0.0341555596889 0.175719878354 0.11714658557 -0.523598775598 
0.0403066519123 0.161250858749 0.1075005725 -0.523598775598 
0.0403066519123 0.161250858749 0.1075005725 -0.523598775598 
0.0403066519123 0.161250858749 0.1075005725 -0.523598775598 
0.0403066519123 0.161250858749 0.1075005725 -0.523598775598 
0.0355225011277 0.160044632579 0.106696421719 -0.523598775598 
0.0355225011277 0.160044632579 0.106696421719 -0.523598775598 
0.0355225011277 0.160044632579 0.106696421719 -0.523598775598 
0.0472166108723 0.144346246358 0.0962308309054 -0.523598775598 
0.0598257514944 0.131243648646 0.0874957657641 -0.523598775598 
0.0598257514944 0.131243648646 0.0874957657641 -0.523598775598 
0.0596494220552 0.122613319197 0.0817422127977 -0.523598775598 
0.0596494220552 0.122613319197 0.0817422127977 -0.523598775598 
0.0596494220552 0.122613319197 0.0817422127977 -0.523598775598 
0.0596494220552 0.122613319197 0.0817422127977 -0.523598775598 
0.0596494220552 0.122613319197 0.0817422127977 -0.523598775598 
0.0638078812907 0.126317826589 0.084211884393 -0.523598775598 
0.0629792986563 0.145268633194 0.0968457554625 -0.523598775598 
0.080143637838 0.159267225758 0.106178150506 -0.523598775598 
0.0921368459411 0.19142609748 0.12761739832 -0.523598775598 
0.118580398137 0.20651353999 0.137675693326 -0.523598775598 
0.130916845857 0.232225776723 0.154817184482 -0.523598775598 
0.149161139075 0.242266850489 0.16151123366 -0.523598775598 
0.161743871279 0.25039553042 0.166930353613 -0.523598775598 
0.169974423486 0.260189362103 0.173459574735 -0.523598775598 
0.1770016468 0.26365298394 0.17576865596 -0.523598775598 
0.187729198276 0.259892035294 0.173261356862 -0.523598775598 
0.181616816397 0.273690913308 0.182460608872 -0.523598775598 
0.184681446044 0.27478973703 0.18319315802 -0.523598775598 
0.184681446044 0.27478973703 0.18319315802 -0.523598775598 
0.189380427518 0.273748024297 0.182498682864 -0.523598775598 
0.189380427518 0.273748024297 0.182498682864 -0.523598775598 
0.191321025726 0.274400889975 0.18293392665 -0.523230595929 
0.185896185189 0.280563477429 0.187042318286 -0.523598775598 
0.190386768691 0.277118477847 0.184745651898 -0.52180165406 
0.191685345742 0.277401373924 0.184934249283 -0.521527819971 
0.189736023868 0.284388722248 0.189592481498 -0.523598775598 
0.193129109897 0.280755705047 0.187170470032 -0.521098492965 
0.193464787699 0.281267504795 0.187511669863 -0.521004274986 
0.190506835449 0.284620260868 0.189746840579 -0.523300487048 
0.181131976397 0.295356614469 0.196904409646 -0.523598775598 
0.177375477836 0.299260226729 0.199506817819 -0.523598775598 
0.18742771488 0.285263027646 0.190175351764 -0.515758913774 
0.184893044634 0.283703554837 0.189135703224 -0.523598775598 
0.174319977331 0.282160776544 0.188107184363 -0.523598775598 
0.166337217107 0.269812299478 0.179874866318 -0.523598775598 
0.142032900304 0.269641407529 0.179760938353 -0.523598775598 
0.126118270896 0.260125904674 0.173417269783 -0.523598775598 
0.107779235394 0.250165262232 0.166776841488 -0.523598775598 
0.0925313687926 0.240793092553 0.160528728369 -0.523598775598 
0.0912653190799 0.218797222166 0.145864814777 -0.523598775598 
0.0785774379423 0.209646263726 0.139764175818 -0.523598775598 
0.0795021563858 0.188249910753 0.125499940502 -0.523598775598 
0.0732888357382 0.182191784606 0.121461189738 -0.523598775598 
0.075877345913 0.164474748398 0.109649832266 -0.523598775598 
0.0700555953102 0.160199991481 0.10679999432 -0.523598775598 
0.0655472351753 0.153757345707 0.102504897138 -0.523598775598 
0.0688468983017 0.138057159832 0.0920381065544 -0.523598775598 
0.0663384866814 0.133422204531 0.0889481363542 -0.523598775598 
0.0776307171929 0.117669875005 0.0784465833367 -0.523598775598 
0.0859807511739 0.100171242329 0.0667808282193 -0.523598775598 
0.0808744962574 0.0988369689922 0.0658913126614 -0.523598775598 
0.0752554628436 0.0990540029538 0.0660360019692 -0.523598775598 
0.0922436139001 0.0813559571962 0.0542373047975 -0.523598775598 
0.0922436139001 0.0813559571962 0.0542373047975 -0.523598775598 
0.0922436139001 0.0813559571962 0.0542373047975 -0.523598775598 
0.0922436139001 0.0813559571962 0.0542373047975 -0.523598775598 
0.090773911081 0.0729054242306 0.0486036161537 -0.523598775598 
0.10954398739 0.0548117349932 0.0365411566621 -0.523598775598 
0.10954398739 0.0548117349932 0.0365411566621 -0.523598775598 
0.10954398739 0.0548117349932 0.0365411566621 -0.523598775598 
0.10954398739 0.0548117349932 0.0365411566621 -0.523598775598 
0.10954398739 0.0548117349932 0.0365411566621 -0.523598775598 
0.104273797448 0.0557276769425 0.0371517846283 -0.523598775598 
0.0964114305946 0.0637415338348 0.0424943558899 -0.523598775598 
0.0964114305946 0.0637415338348 0.0424943558899 -0.523598775598 
0.0964114305946 0.0637415338348 0.0424943558899 -0.523598775598 
0.10064852677 0.064935993514 0.0432906623427 -0.523598775598 
0.10064852677 0.064935993514 0.0432906623427 -0.523598775598 
0.10064852677 0.064935993514 0.0432906623427 -0.523598775598 
0.0902914096357 0.0870755342691 0.0580503561794 -0.523598775598 
0.0980234822252 0.0900703640869 0.0600469093912 -0.523598775598 
0.09102588488 0.110569978562 0.0737133190416 -0.523598775598 
0.0793489519857 0.147957064599 0.0986380430662 -0.523598775598 
0.0789121280735 0.182064362647 0.121376241765 -0.523598775598 
0.099959674668 0.195073387309 0.130048924873 -0.523598775598 
0.107627820428 0.226972910761 0.151315273841 -0.523598775598 
0.108343018806 0.259139888166 0.172759925444 -0.523598775598 
0.116169333962 0.277525995986 0.185017330657 -0.523598775598 
0.128323211095 0.285432587759 0.190288391839 -0.523598775598 
0.130856648716 0.300585876784 0.200390584523 -0.523598775598 
0.13136801189 0.310603382782 0.207068921854 -0.523598775598 
0.128385114243 0.323252931732 0.215501954488 -0.523598775598 
0.131583237427 0.324941255633 0.216627503756 -0.523598775598 
0.133381686609 0.32661407567 0.217742717113 -0.523598775598 
0.13364110219 0.330018530317 0.220012353545 -0.523598775598 
0.123850381425 0.342799133033 0.228532755355 -0.523598775598 
0.125143832087 0.342568305419 0.22837887028 -0.523598775598 
0.133961034026 0.331133758483 0.220755838989 -0.523598775598 
0.130913794731 0.328642099332 0.219094732888 -0.523598775598 
0.143130294975 0.303610790027 0.202407193351 -0.523598775598 
0.152732578945 0.278573345341 0.185715563561 -0.523598775598 
0.15671729739 0.258852011949 0.172568007966 -0.523598775598 
0.181823938226 0.20794131097 0.138627540646 -0.523598775598 
0.200551702379 0.161859168323 0.107906112215 -0.523598775598 
0.214027212662 0.122238508671 0.0814923391138 -0.523598775598 
0.229305893802 0.07807759595 0.0520517306333 -0.523598775598 
0.220143459095 0.0641456515417 0.0427637676945 -0.523598775598 
0.227078336205 0.0296526686605 0.0197684457737 -0.523598775598 
0.216392641685 0.0149504625603 0.00996697504021 -0.523598775598 
0.202149175444 0.00274993788984 0.00183329192656 -0.523598775598 
0.181724856846 1.08756155156e-19 7.25041034371e-20 -0.523598775598 
0.166063308665 4.47703314644e-23 2.98468876429e-23 -0.523598775598 
0.148766974486 7.72581237128e-08 5.15054158085e-08 -0.523598775598 
0.148766974486 7.72581237128e-08 5.15054158085e-08 -0.523598775598 
0.0753233510359 0.0760650552924 0.0507100368616 -0.523598775598 
0.0366094562325 0.107188552498 0.0714590349985 -0.523598775598 
6.93889390391e-18 0.169219221718 0.112812814479 -0.523598775598 
-1.80699486934e-21 0.225272481984 0.150181654656 -0.523598775598 
-1.80699486934e-21 0.225272481984 0.150181654656 -0.523598775598 
3.35865520155e-21 0.286806346678 0.191204231119 -0.523598775598 
3.35865520155e-21 0.286806346678 0.191204231119 -0.523598775598 
-4.61453184442e-21 0.335111566385 0.223407710923 -0.523598775598 
-4.61453184442e-21 0.335111566385 0.223407710923 -0.523598775598 
-4.61453184442e-21 0.335111566385 0.223407710923 -0.523598775598 
-4.61453184442e-21 0.335111566385 0.223407710923 -0.523598775598 
-8.57159990511e-22 0.382586443682 0.255057629121 -0.523598775598 
-8.57159990511e-22 0.382586443682 0.255057629121 -0.523598775598 
-8.57159990511e-22 0.382586443682 0.255057629121 -0.523598775598 
-8.57159990511e-22 0.382586443682 0.255057629121 -0.523598775598 
-8.57159990511e-22 0.382586443682 0.255057629121 -0.523598775598 
-8.57159990511e-22 0.382586443682 0.255057629121 -0.523598775598 
-8.57159990511e-22 0.382586443682 0.255057629121 -0.523598775598 
-8.57159990511e-22 0.382586443682 0.255057629121 -0.523598775598 
-8.57159990511e-22 0.382586443682 0.255057629121 -0.523598775598 
-8.57159990511e-22 0.382586443682 0.255057629121 -0.523598775598 
-8.57159990511e-22 0.382586443682 0.255057629121 -0.523598775598 
-8.57159990511e-22 0.382586443682 0.255057629121 -0.523598775598 
-8.57159990511e-22 0.382586443682 0.255057629121 -0.523598775598 
-1.39426935877e-21 0.330041017658 0.220027345105 -0.523598775598 
-4.02278772588e-21 0.267987437347 0.178658291565 -0.523598775598 
5.16500115978e-22 0.188276073408 0.125517382272 -0.523598775598 
0.0769699817863 0.049353585232 0.0329023901547 -0.523598775598 
0.174199989348 6.33740945969e-18 4.2249396398e-18 -0.523598775598 
0.268743502639 3.29708012519e-21 2.19805341679e-21 -0.523598775598 
0.337584633583 3.29708012519e-21 2.19805341679e-21 -0.523598775598 
0.847084287617 0.654391148416 0.436260765611 0.152069340409 
0.850258102934 0.647563880809 0.431709253872 0.136926399973 
0.85444275871 0.639088329774 0.426058886516 0.119539546499 
0.846716875405 0.644980105968 0.429986737312 0.112100279388 
0.825594977281 0.669160846877 0.446107231251 0.108928776962 
0.804382299302 0.698534730948 0.465689820632 0.105646149601 
0.789217941325 0.7222692003 0.4815128002 0.103143495543 
0.772822348074 0.749779392112 0.499852928075 0.0966954592564 
0.763122170222 0.773925345911 0.515950230608 0.093094891206 
0.755740802829 0.794234475237 0.529489650158 0.0883807216116 
0.748862660537 0.810689279809 0.540459519873 0.0853844014272 
0.747520643173 0.818073073378 0.545382048918 0.0782478268125 
0.747906850742 0.81868159309 0.545787728727 0.0733877161978 
0.747678190638 0.819885452379 0.546590301586 0.0681143280524 
0.744120392334 0.828656782661 0.552437855107 0.0679242496065 
0.741953243572 0.833770530175 0.555847020117 0.0698118623664 
0.741405444494 0.834557570478 0.556371713652 0.0650176561673 
0.743569188549 0.829383388513 0.552922259009 0.0593853067868 
0.747881724409 0.82001704898 0.546678032653 0.0579740648556 
0.745940025431 0.823896701316 0.549264467544 0.0611812696344 
0.743966603273 0.828223360115 0.552148906743 0.0630498958128 
0.739901574259 0.836501317628 0.557667545085 0.0631815780094 
0.740916726004 0.834156514638 0.556104343092 0.0624395042579 
0.739385365365 0.837955976108 0.558637317406 0.0665263976028 
0.739972917363 0.836931516942 0.557954344628 0.0647674756849 
0.739972917363 0.836931516942 0.557954344628 0.0647674756849 
0.742438710314 0.832362761671 0.554908507781 0.0644953800318 
0.742438710314 0.832362761671 0.554908507781 0.0644953800318 
0.747689326151 0.822870465962 0.548580310641 0.065600554092 
0.749768424845 0.819824318296 0.546549545531 0.0702470702915 
0.760492047697 0.800672437861 0.53378162524 0.0730568242298 
0.770019293199 0.785271257753 0.523514171835 0.0768684010294 
0.782336381136 0.765839921419 0.510559947613 0.0805794781095 
0.79731487904 0.743448065801 0.495632043868 0.0829731905296 
0.809993412165 0.723638076275 0.482425384183 0.0847387756157 
0.824493446169 0.702383900797 0.468255933865 0.0874755181033 
0.844294732121 0.674579795054 0.449719863369 0.0976234624038 
0.858969752135 0.651538693967 0.434359129312 0.104801065862 
0.875168246242 0.626250063019 0.417500042013 0.115756453278 
0.88455009662 0.600167556238 0.400111704159 0.129873531022 
0.883202385296 0.599334077693 0.399556051795 0.144080200181 
0.881184447133 0.600564596108 0.400376397406 0.160878151851 
0.875076565981 0.609294923512 0.406196615675 0.185421477198 
0.865478842423 0.62539393485 0.4169292899 0.209713462007 
0.835522646964 0.680623424023 0.453748949349 0.22249602002 
0.819341581857 0.747329353732 0.498219569154 0.246186658927 
0.814527727775 0.778298914431 0.518865942954 0.277311000054 
0.806356899428 0.83016948597 0.55344632398 0.283697094616 
0.801676394025 0.860941773328 0.573961182219 0.308685701496 
0.797905097704 0.884313712791 0.589542475194 0.321416654975 
0.79385223201 0.90842743492 0.605618289947 0.333331243918 
0.772845783181 0.943240358978 0.628826905985 0.328242660557 
0.769682953064 0.964440091665 0.64296006111 0.344042510266 
0.766475682489 0.969277362839 0.646184908559 0.346958362507 
0.763768336618 0.978503241958 0.652335494639 0.352276879208 
0.761010511125 0.987075940996 0.658050627331 0.356932286514 
0.757839100047 0.99304284938 0.662028566253 0.358739469726 
0.717568810739 1.0037197279 0.669146485263 0.345491033257 
0.717568810739 1.0037197279 0.669146485263 0.345491033257 
0.7169308692 1.00927932233 0.672852881556 0.349128224004 
0.71607870371 1.01344228959 0.675628193059 0.351938449816 
0.71607870371 1.01344228959 0.675628193059 0.351938449816 
0.71607870371 1.01344228959 0.675628193059 0.351938449816 
0.71519582305 1.01009105101 0.673394034004 0.34707963862 
0.71396194975 1.01537348759 0.676915658391 0.345401964143 
0.71396194975 1.01537348759 0.676915658391 0.345401964143 
0.712985403533 1.01955442716 0.679702951442 0.346319792626 
0.712985403533 1.01955442716 0.679702951442 0.346319792626 
0.711740320184 1.02326371965 0.682175813098 0.347119331141 
0.711740320184 1.02326371965 0.682175813098 0.347119331141 
0.710423796301 1.02710990736 0.684739938239 0.348025722447 
0.709221353125 1.02360783046 0.682405220304 0.344626846758 
0.708199619065 1.02953851022 0.686359006811 0.346524217174 
0.707100133732 1.02623368694 0.684155791291 0.343572154982 
0.706079641206 1.03162433821 0.687749558807 0.345627216498 
0.706079641206 1.03162433821 0.687749558807 0.345627216498 
0.704951166838 1.03779518638 0.691863457588 0.348028039206 
0.703875520769 1.03246466032 0.688309773545 0.343485711566 
0.702582761233 1.02953438827 0.686356258849 0.337911914304 
0.701508990874 1.03564024369 0.690426829129 0.338394310857 
0.701508990874 1.03564024369 0.690426829129 0.338394310857 
0.700350526095 1.04142502215 0.694283348103 0.339573022637 
0.700350526095 1.04142502215 0.694283348103 0.339573022637 
0.688746846693 1.04696323412 0.697975489416 0.325187056383 
0.68726839938 1.04999464687 0.699996431247 0.327394429104 
0.68726839938 1.04999464687 0.699996431247 0.327394429104 
0.68726839938 1.04999464687 0.699996431247 0.327394429104 
0.685937403625 1.04784074189 0.698560494593 0.325179201273 
0.684822220671 1.05126525137 0.700843500915 0.325606640695 
0.683713418032 1.05452379029 0.703015860197 0.326228590806 
0.682656544143 1.05872908168 0.705819387786 0.327571776017 
0.681527337478 1.05647226707 0.704314844711 0.325994219756 
0.68051992899 1.0601687459 0.706779163932 0.327082164908 
0.679447216457 1.05673826538 0.704492176922 0.324172678561 
0.678348436915 1.0599116464 0.706607764268 0.324571835915 
0.678348436915 1.0599116464 0.706607764268 0.324571835915 
0.677331476456 1.05189331245 0.701262208302 0.320079415962 
0.676725561284 1.03893459653 0.692623064355 0.313953994785 
0.677316888411 1.00525971627 0.670173144179 0.298885295323 
0.756254960808 0.918263766319 0.612175844213 0.274473527112 
0.795569721843 0.786415283552 0.524276855702 0.236964549534 
0.874130986514 0.631150370676 0.420766913784 0.196699540278 
0.898680441459 0.355145250352 0.236763500235 0.184001727521 
0.948799370783 0.0934737560103 0.0623158373402 0.173070002348 
1.01771444981 0.0542360984162 0.0361573989441 0.138803059924 
1.04825606161 1.34069534249e-18 8.9379689499e-19 0.120096756534 
1.06574166567 2.88003236546e-23 1.92002157697e-23 0.111253632366 
1.08704486698 -2.00947579287e-22 -1.33965052858e-22 0.0960296357453 
1.08704486698 -2.00947579287e-22 -1.33965052858e-22 0.0960296357453 
1.11361510247 5.319856323e-22 3.546570882e-22 0.0867867637301 
1.11361510247 5.319856323e-22 3.546570882e-22 0.0867867637301 
1.11361510247 5.319856323e-22 3.546570882e-22 0.0867867637301 
1.11361510247 5.319856323e-22 3.546570882e-22 0.0867867637301 
1.12490878168 5.41079163647e-23 3.60719442431e-23 0.085559187152 
1.12490878168 5.41079163647e-23 3.60719442431e-23 0.085559187152 
1.12490878168 5.41079163647e-23 3.60719442431e-23 0.085559187152 
1.12490878168 5.41079163647e-23 3.60719442431e-23 0.085559187152 
1.12490878168 5.41079163647e-23 3.60719442431e-23 0.085559187152 
1.11341006201 -2.6042681025e-22 -1.736178735e-22 0.0980471493026 
1.11341006201 -2.6042681025e-22 -1.736178735e-22 0.0980471493026 
1.11341006201 -2.6042681025e-22 -1.736178735e-22 0.0980471493026 
1.09942530406 2.07498494863e-22 1.38332329909e-22 0.104473367176 
1.09942530406 2.07498494863e-22 1.38332329909e-22 0.104473367176 
1.06842961385 -1.4012395584e-22 -9.34159705599e-23 0.130318711759 
1.02231539988 0.00379874449451 0.00253249632967 0.154705266624 
0.961788130611 0.0209649058302 0.0139766038868 0.192437794252 
0.897713142571 0.351412912024 0.234275274683 0.191061506101 
0.869167598498 0.623458110211 0.415638740141 0.20625560689 
0.796986610501 0.749380700461 0.49958713364 0.237187062701 
0.764633478275 0.878322952525 0.585548635017 0.266753089318 
0.74705780833 0.959034974764 0.639356649842 0.290747657331 
0.690347224519 1.01221935217 0.674812901448 0.304787084894 
0.688397414051 1.05129203275 0.700861355168 0.322607373257 
0.630430869032 1.08898628059 0.725990853725 0.314668651299 
0.630477478127 1.10540494092 0.73693662728 0.319884708926 
0.624665112755 1.12796744013 0.751978293423 0.313510202597 
0.624027709385 1.14326914958 0.762179433056 0.319752873225 
0.566610874166 1.15811394519 0.772075963462 0.306019221813 
0.566832061618 1.17162195068 0.781081300456 0.310551264531 
0.566857238124 1.18027213115 0.786848087436 0.312668926237 
0.566861479708 1.19286701503 0.795244676689 0.316022838511 
0.516472985139 1.2043591838 0.802906122535 0.300592818885 
0.516626966169 1.20922187842 0.806147918945 0.301664851348 
0.516677845373 1.21399028678 0.809326857852 0.302581313228 
0.516557565076 1.21596909893 0.81064606595 0.302629933052 
0.514982893182 1.21715596279 0.811437308525 0.294672850061 
0.514771092832 1.22236111741 0.814907411608 0.2962820185 
0.514416830277 1.22433381685 0.816222544566 0.296570447899 
0.513915705507 1.22312013755 0.815413425031 0.295919041547 
0.513463522057 1.22176670673 0.814511137818 0.294831523651 
0.512938732985 1.2169359061 0.811290604066 0.293143279164 
0.512447399346 1.21208623067 0.808057487114 0.292095566847 
0.510919412233 1.20388430942 0.80258953961 0.297557923331 
0.510677593637 1.19203357991 0.794689053275 0.294454456591 
0.517762364858 1.1769858037 0.784657202467 0.304584812116 
0.518373319548 1.16679914977 0.777866099845 0.301426060112 
0.575369881274 1.15114142106 0.767427614041 0.315066036197 
0.575214837918 1.14242155833 0.761614372218 0.312515710192 
0.575338550482 1.13414570573 0.756097137152 0.310277321405 
0.575788361592 1.12197860971 0.74798573981 0.305925710183 
0.575788361592 1.12197860971 0.74798573981 0.305925710183 
0.576670503047 1.10956759006 0.739711726705 0.302102074636 
0.629722571438 1.09097379025 0.727315860167 0.312386522308 
0.629877217605 1.07679503549 0.717863356991 0.30649633548 
0.630563594069 1.06644867213 0.710965781421 0.302674183594 
0.631789780064 1.05367928382 0.702452855881 0.297376697369 
0.633583280424 1.0449039049 0.696602603264 0.295637986529 
0.654304856115 1.02216967563 0.681446450422 0.310326298051 
0.701631669476 0.999950252205 0.66663350147 0.3017365795 
0.703443250173 0.970200958835 0.646800639223 0.28761372636 
0.729222387584 0.918821739502 0.612547826334 0.286140067037 
0.765300596161 0.868831186473 0.579220790982 0.273828201071 
0.794571208027 0.814589687848 0.543059791899 0.258298816744 
0.831461730507 0.740156485646 0.493437657097 0.234252987303 
0.873107279064 0.665260717112 0.443507144742 0.211729718359 
0.911566573201 0.592398986411 0.394932657607 0.191418778268 
0.895481020365 0.438290395931 0.292193597287 0.185622778952 
0.935037125443 0.400021555997 0.266681037331 0.162687113578 
0.904203238706 0.229101705053 0.152734470036 0.166926638054 
0.908533778856 0.222179794125 0.14811986275 0.147021437532 
0.907518226094 0.219238845959 0.146159230639 0.139484293138 
0.882975250885 0.224210955913 0.149473970609 0.136413807414 
0.845754541186 0.23619606253 0.157464041687 0.140170208179 
0.779148870073 0.263068527314 0.175379018209 0.157135807536 
0.837174213572 0.608495777568 0.405663851712 0.096944131457 
0.7663133016 0.68073907546 0.453826050307 0.0892394792558 
0.76229642726 0.778856388691 0.519237592461 0.0803742449328 
0.729492923764 0.833325581032 0.555550387355 0.0707700266378 
0.608749061071 0.827625047039 0.55175003136 0.0664467843702 
0.507049439748 0.811805716258 0.541203810839 0.0641592793706 
0.435690248285 0.78989264323 0.526595095487 0.0646224384997 
0.387365045076 0.770624400323 0.513749600215 0.064315600849 
0.354755012658 0.761698812608 0.507799208406 0.0651315686015 
0.333469663157 0.743899056458 0.495932704305 0.0655554334075 
0.324342932536 0.752115216346 0.501410144231 0.0657483923629 
0.309824784005 0.737063637403 0.491375758269 0.0652036965738 
0.309528317626 0.735895985626 0.490597323751 0.0631359774705 
0.311215572226 0.732269570324 0.488179713549 0.0605432879555 
0.312429616741 0.729946988953 0.486631325969 0.0599603571381 
0.31328365584 0.752825846439 0.501883897626 0.0686315008185 
0.334409949369 0.787867325983 0.525244883988 0.0794074835049 
0.360224017913 0.822057382893 0.548038255262 0.0931174034725 
0.390724117497 0.851054606308 0.567369737538 0.111282426739 
0.398702201941 0.851169226548 0.567446151032 0.132028830726 
0.451463485273 0.88158644249 0.587724294993 0.14012868462 
0.457689737812 0.881767928594 0.58784528573 0.158466014863 
0.501882559473 0.904340433966 0.602893622644 0.16562053464 
0.505585832528 0.902543967447 0.601695978298 0.177597275886 
0.509885917632 0.900374009031 0.600249339354 0.1859981433 
0.513663782575 0.901215996521 0.600810664347 0.193417739265 
0.518692573308 0.896101473839 0.597400982559 0.198525400485 
0.528571494975 0.884349258114 0.589566172076 0.203914562409 
0.535850015458 0.878621123839 0.585747415893 0.206057184465 
0.543427922736 0.872395189708 0.581596793138 0.208802495478 
0.5848501297 0.882185386059 0.588123590706 0.204079009862 
0.588134495951 0.875827121395 0.583884747596 0.207402602961 
0.589405102539 0.875192581229 0.583461720819 0.210574568118 
0.592426029651 0.871383035847 0.580922023898 0.211874056277 
0.593236599527 0.87325150919 0.582167672793 0.21598432772 
0.600800828435 0.863277074472 0.575518049648 0.217858274358 
0.608062753629 0.855534090349 0.570356060233 0.219048628781 
0.649896659983 0.867450993886 0.57830066259 0.216520805808 
0.654363013528 0.859412845763 0.572941897175 0.220073346605 
0.659847146646 0.854238691672 0.569492461115 0.226767831026 
0.668829345063 0.842503182898 0.561668788599 0.231769307042 
0.681446607901 0.831265608856 0.554177072571 0.239293916368 
0.695986199049 0.827675966213 0.551783977475 0.246860345668 
0.697563094703 0.83645918607 0.55763945738 0.25879767669 
0.742848603286 0.855420546393 0.570280364262 0.267903058686 
0.742414866508 0.864369522339 0.576246348226 0.280909015545 
0.742222048064 0.874535220662 0.583023480441 0.295876944207 
0.742166102501 0.886764199443 0.591176132962 0.312949182913 
0.741669149957 0.90384424358 0.602562829053 0.333583539406 
0.740552518714 0.917321873095 0.611547915397 0.365532519113 
0.740140517686 0.940313535295 0.626875690196 0.387496769718 
0.736186023482 0.950574102209 0.633716068139 0.420366072176 
0.731875433012 0.97688717648 0.651258117653 0.455420492319 
0.72757432969 1.0049122091 0.669941472734 0.490275693972 
0.729772393963 1.03287260434 0.688581736228 0.509542466892 
0.675072346754 1.08072162748 0.720481084985 0.523598775598 
0.61831325658 1.13355935513 0.75570623675 0.523598775598 
0.53137043321 1.20345112623 0.802300750821 0.523598775598 
0.453833287083 1.25959442735 0.839729618232 0.523598775598 
0.330553553472 1.32425996672 0.882839977812 0.497348736954 
0.172992134355 1.39200213845 0.92800142563 0.446931384493 
0.0383207435017 1.44519760646 0.963465070976 0.399392500245 
-1.40793835575e-17 1.47741521591 0.984943477273 0.366103204619 
4.95525800731e-20 1.49960882421 0.999739216139 0.339970442002 
-2.03153748051e-22 1.51842180849 1.01228120566 0.316211427276 
1.28452471276e-21 1.53461306162 1.02307537441 0.295330338869 
-5.63891457219e-21 1.5472826055 1.031521737 0.272713949938 
3.76416608138e-22 1.55787293206 1.03858195471 0.252681969173 
1.54603564763e-21 1.56667448124 1.04444965416 0.234047596949 
6.51831115945e-22 1.57568057623 1.05045371749 0.21183007275 
1.77843745841e-21 1.58491989126 1.05661326084 0.191226242888 
9.92016286616e-24 1.59206551593 1.06137701062 0.169443323825 
-1.12041739645e-21 1.60159707617 1.06773138411 0.140578678398 
-3.26403781564e-21 1.6077604877 1.07184032513 0.11444994107 
1.6710815306e-22 1.61144581937 1.07429721292 0.0919419564418 
-4.6096615229e-23 1.61115947782 1.07410631854 0.0721323637605 
5.03461324627e-22 1.61205162361 1.07470108241 0.0563109533348 
-2.51444805121e-22 1.61004613408 1.07336408939 0.0426239229376 
9.25839141384e-22 1.60980051896 1.07320034598 0.0285080475471 
1.37794453375e-22 1.61148062662 1.07432041775 0.0171603767615 
2.46723456056e-22 1.61405329181 1.07603552787 0.00837231950671 
2.31779246571e-23 1.61659048577 1.07772699051 6.11794417051e-05 
0.00290251904867 1.61866262978 1.07910841985 -0.00764756767016 
0.69911254625 1.57728309389 1.05152206259 0.0472482406643 
0.71020226044 1.58003984049 1.05335989366 0.0358434699925 
0.721369659836 1.58153050965 1.0543536731 0.026773576346 
0.730395801424 1.58355585315 1.0557039021 0.0186393138624 
0.730746136147 1.58581254089 1.05720836059 0.0185417757292 
0.730934806298 1.58648856344 1.0576590423 0.0183883140048 
0.730487035274 1.58417650441 1.05611766961 0.0184254718873 
0.704483144216 1.58058035679 1.05372023786 0.0412115320822 
0.672808709745 1.57350777206 1.04900518137 0.0713526941474 
0.585974252683 1.56323463269 1.04215642179 0.10541971283 
0.4630672405 1.55194698814 1.03463132543 0.123541040684 
1.56993606893e-15 1.55853139213 1.03902092809 0.0772067496311 
-2.39157499927e-22 1.53983712176 1.02655808117 0.106118208506 
3.67090850156e-21 1.51650322859 1.01100215239 0.132605184734 
-1.84060007291e-21 1.48519228047 0.990128186978 0.157791835736 
-9.75365233808e-22 1.44073963823 0.960493092152 0.179483124279 
0.0539359560638 1.38029610627 0.920197404182 0.209614526987 
0.294368119324 1.30107793243 0.867385288285 0.250388413267 
0.487610735641 1.19987836053 0.799918907018 0.272039438691 
0.59737477807 1.11027563277 0.740183755183 0.259410962474 
0.673513328714 1.03058975578 0.687059837185 0.227198953106 
0.732434591236 0.959358384355 0.639572256237 0.186257719366 
0.74865986309 0.895053283288 0.596702188858 0.15254238404 
0.772030268532 0.835777311677 0.557184874451 0.122836701791 
0.799658946284 0.782935443812 0.521956962542 0.0974559920657 
0.823961553039 0.745146432876 0.496764288584 0.0777233397646 
0.848141665394 0.711758025981 0.474505350654 0.062531364511 
0.869960127981 0.684847931037 0.456565287358 0.0505716256482 
0.887773409876 0.663858419469 0.442572279646 0.039725735226 
0.899426358229 0.652115895879 0.434743930586 0.0353386671421 
0.907383868513 0.645871724407 0.430581149605 0.0313867753417 
0.917313317641 0.637217468007 0.424811645338 0.0272597443863 
0.923228274328 0.632848207193 0.421898804795 0.0229997244767 
0.920672096097 0.637655630874 0.425103753916 0.024034066186 
0.921609259879 0.63702425277 0.42468283518 0.0211829596315 
0.932517983376 0.624907089125 0.416604726083 0.0242948185613 
0.932223832654 0.62475163872 0.41650109248 0.0264441789005 
0.916761305154 0.638645425995 0.42576361733 0.0333731388639 
0.915878459081 0.638973137192 0.425982091461 0.0436929034604 
0.875081070115 0.679769933191 0.453179955461 0.0803403108398 
0.807353736643 0.781997288229 0.521331525486 0.134929463074 
0.773845761618 0.880872531667 0.587248354445 0.189046896415 
0.755860267746 0.961182484884 0.640788323256 0.257374462084 
0.691425013703 1.01821468536 0.678809790243 0.305527194517 
0.683765944538 1.05219370834 0.701462472227 0.344440592682 
0.675401085615 1.0735609984 0.715707332265 0.368723974206 
0.675105569588 1.09047593998 0.726983959986 0.377236360805 
0.674669007646 1.1056844321 0.737122954736 0.385077406211 
0.674068175077 1.11751187674 0.745007917828 0.390867046963 
0.594611867235 1.14087919026 0.760586126843 0.379835570711 
0.595057030552 1.14997101892 0.766647345947 0.38335873767 
0.595580011359 1.16222851827 0.774819012179 0.388064905387 
0.595730500805 1.16993651346 0.779957675643 0.390673086514 
0.595843005547 1.17841783765 0.785611891767 0.393662406883 
0.539341569878 1.19336456087 0.795576373914 0.375680117466 
0.539728509999 1.20037233091 0.800248220607 0.378697796886 
0.539986848397 1.20622805615 0.804152037437 0.381174880384 
0.540254625481 1.21279555914 0.808530372762 0.383865280319 
0.540452146909 1.21913931833 0.812759545554 0.386646735907 
0.537098732587 1.22646561059 0.817643740392 0.395762212852 
0.537190909282 1.22906603235 0.819377354901 0.396300411048 
0.537156076509 1.23029334897 0.820195565979 0.396272070408 
0.537581013955 1.23756591526 0.825043943507 0.398710403385 
0.537520808552 1.23884045016 0.825893633442 0.398659974868 
0.537672537583 1.24199875434 0.827999169563 0.399106513662 
0.535945767401 1.24565465948 0.830436439651 0.391234745603 
0.53565672186 1.24693159691 0.831287731274 0.391743500188 
0.53565672186 1.24693159691 0.831287731274 0.391743500188 
0.53565672186 1.24693159691 0.831287731274 0.391743500188 
0.535458978105 1.24933567874 0.832890452495 0.393073071212 
0.534866461223 1.24680742381 0.831204949207 0.39251340955 
0.534866461223 1.24680742381 0.831204949207 0.39251340955 
0.534866461223 1.24680742381 0.831204949207 0.39251340955 
0.534346650111 1.24463563412 0.829757089413 0.392144048463 
0.533891790361 1.24213443971 0.828089626476 0.391440165987 
0.53383830738 1.24398469563 0.829323130417 0.392199980845 
0.53383830738 1.24398469563 0.829323130417 0.392199980845 
0.533776474835 1.24528358214 0.830189054761 0.392510503132 
0.533776474835 1.24528358214 0.830189054761 0.392510503132 
0.533776474835 1.24528358214 0.830189054761 0.392510503132 
0.533776474835 1.24528358214 0.830189054761 0.392510503132 
0.533529736712 1.24442571319 0.829617142125 0.391775792358 
0.533457197083 1.24571785945 0.830478572966 0.392023189147 
0.533165095313 1.24453996049 0.829693306993 0.391501171374 
0.532747171354 1.24192551473 0.827950343151 0.390601586059 
0.532264086424 1.23792579527 0.825283863516 0.389173578928 
0.532188878044 1.23751400033 0.825009333553 0.380141954783 
0.531871146317 1.23628260205 0.824188401369 0.365959871927 
0.466053268578 1.24918599 0.832790660002 0.325113536212 
0.470195388673 1.24949912176 0.832999414504 0.28912523566 
0.403403210875 1.26022677204 0.840151181359 0.228771449184 
0.355047788912 1.27688742115 0.85125828077 0.17931937097 
0.313462784922 1.28785906696 0.858572711306 0.135004118533 
0.264452393384 1.29973730717 0.866491538115 0.0996499485706 
0.216042084183 1.30756260985 0.871708406564 0.0725315230285 
0.158290547199 1.31603203191 0.877354687941 0.0496741652039 
0.090224142842 1.32547470535 0.883649803566 0.0295278360088 
0.0256153422844 1.33474030831 0.889826872209 0.0130578738827 
5.80359680916e-18 1.33985971762 0.893239811747 0.00335572965839 
-2.07344101824e-21 1.35042203242 0.900281354945 -0.000358587658283 
9.57209383404e-22 1.3562064304 0.904137620268 -0.00433431988049 
1.91585230907e-21 1.366825925 0.911217283335 -0.00607032036327 
2.28465104482e-21 1.38072747484 0.920484983224 -0.00412319515776 
7.27081386482e-22 1.38452301993 0.923015346623 -0.00401548438647 
2.19614299825e-21 1.38791736922 0.925278246146 -0.00387081133447 
-3.63380001696e-21 1.39340393498 0.928935956655 0.00155045352432 
2.04167614141e-21 1.39569283623 0.93046189082 0.00524393826765 
-4.37786023898e-22 1.39675625817 0.931170838782 0.0133943485926 
2.25202262257e-22 1.39507393787 0.93004929191 0.0325419055237 
7.35136350414e-07 1.38511403571 0.92340935714 0.0623823006679 
0.133122990714 1.36577850059 0.910519000396 0.110500665648 
0.222073727738 1.34579986519 0.897199910123 0.158608965282 
0.312979387688 1.31190771554 0.874605143694 0.211174753384 
0.393605779099 1.27512212744 0.850081418293 0.258000758649 
0.46170424148 1.23708999778 0.824726665186 0.295957306502 
0.517185027546 1.19771900033 0.798479333555 0.319291613206 
0.519966346114 1.17099227022 0.780661513477 0.326240734057 
0.520152953726 1.15255324816 0.768368832103 0.320193222662 
0.580197599634 1.13426109359 0.756174062395 0.328028475312 
0.580082226624 1.12807939557 0.752052930383 0.324892842279 
0.581119154579 1.12988407515 0.753256050103 0.3158799737 
0.581042419696 1.13320533735 0.755470224898 0.31677448858 
0.580842189333 1.13515655339 0.756771035594 0.316582104825 
0.580842189333 1.13515655339 0.756771035594 0.316582104825 
0.579136635276 1.14011386479 0.76007590986 0.308197728367 
0.578768958772 1.14323619374 0.762157462492 0.309566295359 
0.57833137618 1.1470974469 0.764731631265 0.311615270689 
0.577837105266 1.15365291592 0.769101943945 0.314722692528 
0.577181843847 1.15805529367 0.772036862447 0.317163036879 
0.576203802419 1.1602227386 0.773481825732 0.31929763938 
0.568975045988 1.1610273244 0.774018216265 0.328082262495 
0.56863625757 1.16303831249 0.775358874991 0.328571522274 
0.568341896842 1.16786246811 0.778574978739 0.330255017992 
0.568341896842 1.16786246811 0.778574978739 0.330255017992 
0.568341896842 1.16786246811 0.778574978739 0.330255017992 
0.567599906084 1.15864390121 0.772429267471 0.326042166269 
0.567036719274 1.14638005901 0.764253372671 0.319925134509 
0.570468177545 1.12409200522 0.749394670146 0.290961710527 
0.580444871036 1.08073989435 0.720493262897 0.251254597284 
0.641699529593 1.03774709965 0.691831399768 0.222803631985 
0.650175227061 0.995955777193 0.663970518129 0.186350608364 
0.692332882628 0.958677394076 0.639118262718 0.152613054881 
0.696802243699 0.934632792917 0.623088528611 0.123061008833 
0.695827509027 0.930282336397 0.620188224264 0.0992875979069 
0.645509738807 0.916334568148 0.610889712099 0.07798402197 
0.560717764589 0.886591586873 0.591061057915 0.0612863687691 
0.427916707293 0.832893144622 0.555262096415 0.0513578150942 
0.315804706759 0.773638146967 0.515758764645 0.0472129765305 
0.238667794499 0.691396931899 0.460931287933 0.0440325984 
0.191097281169 0.632661195536 0.421774130358 0.0416372367535 
0.157553288533 0.602747150209 0.401831433473 0.0398864732156 
0.135574244066 0.555082334281 0.370054889521 0.038614295829 
0.120146973642 0.524390133535 0.349593422357 0.0364606844491 
0.110057941352 0.521596919473 0.347731279649 0.0318688152933 
0.10330394955 0.513714328232 0.342476218821 0.0249533696951 
0.0962466736482 0.499999502686 0.333333001791 0.0135106446 
0.0955168945618 0.499996361523 0.333330907682 0.0133674291368 
0.0952556305032 0.470326657514 0.31355110501 -0.00170169260978 
0.117592801118 0.367029877021 0.244686584681 -0.242514272453 
0.119651696277 0.362643672981 0.241762448654 -0.240653104975 
0.114959922264 0.36864264484 0.245761763227 -0.242576376683 
0.114605203727 0.368626186745 0.245750791163 -0.242707357266 
0.112164901177 0.371425818549 0.247617212366 -0.201708126191 
0.121152463215 0.356461298371 0.237640865581 -0.195686392956 
0.11876722737 0.35693211771 0.23795474514 -0.195883732755 
0.121035818977 0.356786781443 0.237857854295 -0.195347494268 
0.121035818977 0.356786781443 0.237857854295 -0.195347494268 
0.116024486146 0.364385671269 0.242923780846 -0.197703582194 
0.120191761115 0.353917316234 0.23594487749 -0.196345063165 
0.125792792481 0.34498397174 0.229989314493 -0.196198830321 
0.165591119738 0.301189240516 0.200792827011 -0.310029356594 
0.194788461111 0.255279074012 0.170186049341 -0.293217149288 
0.267791146984 0.167001399418 0.111334266279 -0.392696676814 
0.381623795625 0.0247429300651 0.0164952867101 -0.523598775598 
0.388501431843 -3.81347526059e-18 -2.54231684039e-18 -0.254419518102 
0.538514987175 3.49483808804e-23 2.32989205869e-23 0.263365032847 
0.821904607611 0.442405131026 0.294936754018 0.0548984063735 
0.880319122564 0.137792757863 0.0918618385755 0.0918415615797 
1.0111325697 2.39006738484e-17 1.59337825656e-17 0.0944392973606 
1.14323284865 -2.40305282705e-22 -1.60203521803e-22 0.0857411210219 
1.25677066989 5.57031439691e-22 3.71354293128e-22 0.0832096883012 
1.34927911112 -3.720129306e-22 -2.480086204e-22 0.0777747967219 
1.41321083262 4.40951846523e-22 2.93967897682e-22 0.0748311805683 
1.45780912066 -5.31347674812e-22 -3.54231783208e-22 0.0688941890435 
1.48722225359 1.02357013895e-21 6.82380092635e-22 0.0650649596415 
1.50885960517 -2.5532623451e-21 -1.70217489674e-21 0.0640795098283 
1.5238828017 9.80434325822e-22 6.53622883881e-22 0.0593588119958 
1.53296427777 3.24273634905e-22 2.1618242327e-22 0.0581029137083 
1.54066333539 -7.87207990156e-22 -5.2480532677e-22 0.0579688003144 
1.54759430992 1.48761580979e-21 9.91743873196e-22 0.0547962186915 
1.54688938779 1.78498620417e-21 1.18999080278e-21 0.0578564882829 
1.54688938779 1.78498620417e-21 1.18999080278e-21 0.0578564882829 
1.54356323695 1.52529342058e-21 1.01686228038e-21 0.056761362804 
1.53953386195 4.24637016472e-22 2.83091344315e-22 0.0573280037391 
1.53913349625 7.16114446229e-22 4.7740963082e-22 0.0583500598481 
1.53913349625 7.16114446229e-22 4.7740963082e-22 0.0583500598481 
1.53324446009 8.80414914843e-22 5.86943276562e-22 0.0596864148145 
1.53410519509 5.8975030095e-22 3.931668673e-22 0.0579012736774 
1.53410519509 5.8975030095e-22 3.931668673e-22 0.0579012736774 
1.53407322882 2.04168442009e-21 1.36112294672e-21 0.0553157215383 
1.52709849772 5.56853779015e-22 3.71235852677e-22 0.056316191169 
1.52253696729 9.67904402858e-22 6.45269601905e-22 0.0595607664961 
1.51796709195 1.15883532463e-21 7.72556883086e-22 0.0624690962969 
1.5145869943 -1.58976565308e-21 -1.05984376872e-21 0.0633410508303 
1.51113733163 5.70597916171e-22 3.80398610781e-22 0.0632233226921 
1.50485681851 -2.10090419616e-22 -1.40060279744e-22 0.0672911822617 
1.50485681851 -2.10090419616e-22 -1.40060279744e-22 0.0672911822617 
1.50549027619 -4.61242565094e-22 -3.07495043396e-22 0.0662892539206 
1.49917992946 3.70631680461e-22 2.47087786974e-22 0.0672795607718 
1.49212216571 -1.14291606035e-21 -7.61944040234e-22 0.070607595045 
1.48293969919 6.91832490291e-22 4.61221660194e-22 0.0707112008092 
1.47505561993 8.12087808392e-22 5.41391872261e-22 0.0694434808757 
1.46974570534 2.42029620548e-21 1.61353080365e-21 0.0660860577419 
1.44427247921 1.08353742554e-21 7.22358283696e-22 0.0697662256086 
1.40669099846 -7.14372131888e-22 -4.76248087925e-22 0.0695363588541 
1.35220551048 3.97868761036e-22 2.65245840691e-22 0.0707812455672 
1.27356589795 3.58581992636e-22 2.39054661757e-22 0.0712275895358 
1.11000703685 -1.10066160331e-17 -7.33774402204e-18 0.0858117744299 
0.912745834921 0.0427819036343 0.0285212690895 0.113508481147 
0.811148495864 0.449028545925 0.29935236395 0.0726541629453 
0.646405070701 0.541120244755 0.360746829837 0.0640218771636 
0.488517630701 0.584862488899 0.389908325933 0.0649425615428 
0.335974685737 0.534714741866 0.356476494577 0.0870254091858 
0.241939635499 0.525167494748 0.350111663166 0.1082906871 
0.181118053478 0.486228024003 0.324152016002 0.144866069184 
0.150450920388 0.492236502481 0.328157668321 0.1448991806 
0.135109358615 0.494147974291 0.32943198286 0.144720373029 
0.127750488321 0.481803808005 0.32120253867 0.139353606553 
0.124742162143 0.474667701261 0.316445134174 0.138158502608 
0.12270063285 0.487976522299 0.325317681533 0.14840596829 
0.12270063285 0.487976522299 0.325317681533 0.14840596829 
0.122155717017 0.501158393358 0.334105595572 0.158717974088 
0.130786967727 0.481283488534 0.320855659023 0.148703465704 
0.130337427355 0.489482383854 0.326321589236 0.156786722116 
0.131479313897 0.493948715936 0.329299143957 0.161339015088 
0.136936366384 0.492476743687 0.328317829125 0.161163170844 
0.139287504504 0.49662798744 0.33108532496 0.165604075661 
0.142392415554 0.496485382472 0.330990254981 0.166033509494 
0.149155089271 0.479783684597 0.319855789731 0.155280819564 
0.159680518042 0.455224240481 0.303482826987 0.140371234452 
0.167241543584 0.4395277856 0.293018523733 0.131520653281 
0.167241543584 0.4395277856 0.293018523733 0.131520653281 
0.167241543584 0.4395277856 0.293018523733 0.131520653281 
0.165811749575 0.446643219992 0.297762146661 0.136811002092 
0.164079311368 0.457958867204 0.30530591147 0.144118648415 
0.169450693846 0.456471004353 0.304314002902 0.143601168694 
0.175638800374 0.444477292999 0.296318195333 0.135618457365 
0.180338584191 0.433764302691 0.289176201794 0.129563569998 
0.182787212175 0.434026167433 0.289350778289 0.130359229643 
0.193766188957 0.431507156978 0.287671437986 0.13007996648 
0.200851753524 0.429411782611 0.286274521741 0.129644577479 
0.216170969991 0.425850878668 0.283900585778 0.129159416899 
0.235664660007 0.407382606643 0.271588404428 0.116797017491 
0.281122629678 0.333494381793 0.222329587862 0.131419705776 
0.350635895762 0.311879824052 0.207919882702 0.115310378103 
0.445442188792 0.293618469007 0.195745646005 0.104887355041 
0.60153749883 0.256605861096 0.171070574064 0.0838750208877 
0.756437749915 0.216438656167 0.144292437445 0.0729697825621 
0.900055520296 0.173726813348 0.115817875566 0.0646463951419 
1.01003245394 -2.9892568096e-19 -1.99283787307e-19 0.0742958890962 
1.13600336452 -1.76270020547e-22 -1.17513347032e-22 0.0668375704723 
1.22911288344 -1.88097402897e-24 -1.25398268598e-24 0.0591359238785 
1.31095845006 3.04118070732e-22 2.02745380488e-22 0.0527994011831 
1.37251702863 -1.53723739709e-21 -1.02482493139e-21 0.0462357968158 
1.42855611656 -9.59971315836e-22 -6.39980877224e-22 0.0371630575806 
1.45598402046 7.4371209706e-22 4.95808064706e-22 0.0363150020788 
1.48618235069 -7.47230160356e-22 -4.98153440237e-22 0.0326496972795 
1.49526524948 1.21432825093e-21 8.09552167286e-22 0.0347666877912 
1.51046315453 8.99277635918e-22 5.99518423945e-22 0.030592249982 
1.52019789883 8.87257666591e-22 5.9150511106e-22 0.0269179114759 
1.52209604194 -1.63619372846e-21 -1.09079581897e-21 0.0264847780771 
1.52245734129 1.73470611469e-22 1.15647074312e-22 0.0250984375182 
1.51784674046 -8.64834411157e-22 -5.76556274105e-22 0.0285139739914 
1.52205481756 2.40542573744e-21 1.60361715829e-21 0.0290767841827 
1.5182983733 8.80755097024e-22 5.87170064683e-22 0.0268161313732 
1.51837305811 7.6598370343e-22 5.10655802287e-22 0.0254828565729 
1.51885278444 -2.53516340278e-22 -1.69010893519e-22 0.0244631508228 
1.51861662203 1.15413813464e-21 7.69425423092e-22 0.026704714038 
1.5141207898 -7.91309525565e-22 -5.2753968371e-22 0.0272940503409 
1.5177977318 8.40277924078e-22 5.60185282718e-22 0.0258609527802 
1.51611249821 -8.15511294176e-22 -5.43674196117e-22 0.0244576047166 
1.51105021758 -5.27321930842e-22 -3.51547953895e-22 0.0244240423639 
1.50419732375 1.04101003173e-22 6.94006687823e-23 0.0272946114994 
1.50293006903 1.53497667647e-22 1.02331778431e-22 0.0276768352771 
1.49977611865 1.1403176329e-21 7.60211755267e-22 0.028587888513 
1.49984360837 2.14676733251e-22 1.43117822167e-22 0.0299103178087 
1.50875991803 1.41145437186e-21 9.40969581241e-22 0.0254949661368 
1.50385401241 -2.57763068341e-22 -1.7184204556e-22 0.0256205332637 
1.49563266697 1.09568337997e-21 7.30455586644e-22 0.026808535453 
1.49996696925 -6.05422612097e-22 -4.03615074731e-22 0.0239290692311 
1.49645669388 1.53737867392e-21 1.02491911595e-21 0.0292463348117 
1.49827828918 1.03156763756e-21 6.87711758373e-22 0.0297044049969 
1.49150546292 -3.60526178844e-22 -2.40350785896e-22 0.0327994098025 
1.48793218031 6.09970291506e-22 4.06646861004e-22 0.0363348614123 
1.49199629595 2.66716448031e-22 1.77810965354e-22 0.0334547828157 
1.48727869507 1.13765131551e-21 7.58434210338e-22 0.0352598206928 
1.48684899119 9.6261212363e-22 6.41741415753e-22 0.0344244678315 
1.48489639992 1.56463015078e-21 1.04308676719e-21 0.0347569335309 
1.48416114003 1.73622531038e-22 1.15748354026e-22 0.0371769768125 
1.4754988394 1.84273693507e-21 1.22849129005e-21 0.0381114309445 
1.46690864443 9.79674331813e-22 6.53116221209e-22 0.0415673233276 
1.45729034224 1.35259344958e-22 9.01728966384e-23 0.0401880178743 
1.44705783841 8.38926509899e-22 5.59284339933e-22 0.043203327592 
1.44201348097 -1.56923430088e-21 -1.04615620058e-21 0.0397047647058 
1.42226599205 -1.98692660716e-22 -1.32461773811e-22 0.0415278005637 
1.40853461291 -6.17165896674e-22 -4.11443931116e-22 0.0396548083569 
1.3806205791 -1.19286221508e-22 -7.95241476722e-23 0.0398717582064 
1.34185347014 -9.62453005165e-22 -6.41635336777e-22 0.0396116828218 
1.29807523983 4.52956776e-19 3.01971184e-19 0.0381150462687 
1.25162709646 -1.45629707655e-18 -9.70864717702e-19 0.0351315687721 
1.19877430242 3.08174179608e-19 2.05449453072e-19 0.0365111600273 
1.16462099216 -4.22342944676e-19 -2.81561963117e-19 0.0382440274763 
1.13785288825 0.0 0.0 0.0375987141604 
1.12343152806 -4.25140561445e-22 -2.83427040963e-22 0.0377075526623 
1.11283142676 1.23985524782e-23 8.26570165213e-24 0.0385051375103 
1.10168349536 -5.35526323364e-23 -3.57017548909e-23 0.0370410674165 
1.09015040435 1.70922944324e-22 1.13948629549e-22 0.039252041359 
1.08852533703 9.7245690408e-23 6.4830460272e-23 0.0368582986907 
1.08602058817 -8.7626279381e-23 -5.84175195873e-23 0.038929259961 
1.08943490409 5.58165387719e-22 3.72110258479e-22 0.0352233865464 
1.09111371554 7.24971526644e-22 4.83314351096e-22 0.0393689288624 
1.08653300356 1.09549676729e-22 7.30331178192e-23 0.043209431164 
1.08653300356 1.09549676729e-22 7.30331178192e-23 0.043209431164 
1.09210247315 2.1298167371e-22 1.41987782474e-22 0.0390317274628 
1.08996182773 2.67935974947e-22 1.78623983298e-22 0.0420514681298 
1.08996182773 2.67935974947e-22 1.78623983298e-22 0.0420514681298 
1.06862065174 -3.15390881088e-19 -2.10260587392e-19 0.0468302548144 
1.0529573038 5.66534221867e-19 3.77689481245e-19 0.04376190616 
1.01531956786 0.00434926382999 0.00289950921999 0.0461615297478 
0.960393239903 0.0161532279362 0.0107688186241 0.0558974693292 
0.900375519504 0.0310499689343 0.0206999792895 0.0599126636102 
0.836879802456 0.0482944299996 0.0321962866664 0.065300356885 
0.866354111942 0.374963757875 0.249975838583 0.0383187785221 
0.814171567063 0.399934961853 0.266623307902 0.0364461544354 
0.773254872018 0.420525321508 0.280350214339 0.0323759630534 
0.840356623147 0.584547130633 0.389698087088 0.0280325896355 
0.822021394978 0.601086575519 0.400724383679 0.0296157403716 
0.807123708638 0.614217918322 0.409478612215 0.0302587248832 
0.800369074337 0.620028113761 0.41335207584 0.0297366789609 
0.800369074337 0.620028113761 0.41335207584 0.0297366789609 
0.800369074337 0.620028113761 0.41335207584 0.0297366789609 
0.80759385284 0.612776907242 0.408517938161 0.0287462155695 
0.811094363252 0.609526505196 0.406351003464 0.0292046945882 
0.813359968449 0.60639033493 0.404260223287 0.0273271606077 
0.81557478136 0.60350555828 0.402337038853 0.0279503841662 
0.817606893298 0.600956357702 0.400637571801 0.0277409539606 
0.814256539348 0.603052512301 0.402035008201 0.0279220835793 
0.797464742044 0.616852973719 0.411235315813 0.0265397943541 
0.631705150213 0.501496194677 0.334330796451 0.0336222228461 
0.482992221811 0.384018462975 0.25601230865 0.0522063673405 
0.365114556384 0.28499952655 0.189999684367 0.0928696243824 
0.291231379524 0.29770086135 0.1984672409 0.0929295976214 
0.232448742936 0.306793140906 0.204528760604 0.093864600749 
0.171702144011 0.17579734145 0.117198227634 -0.147499400252 
0.137072846263 0.13113900199 0.0874260013264 -0.0770844995336 
0.114735786117 0.139512788566 0.0930085257104 -0.06740633463 
0.104626708764 0.13917734762 0.0927848984135 -0.0607890688763 
0.0967594564185 0.126121995446 0.0840813302972 -0.0536508951817 
0.0917151455413 0.160550948141 0.107033965427 -0.05672038656 
0.0897083630527 0.119210837487 0.0794738916582 -0.0418149562311 
0.090138712804 0.0836789724958 0.0557859816639 -0.032111146356 
0.0925345019092 0.0516477473314 0.0344318315543 -0.0266646779226 
0.0914522826255 0.0950252099576 0.0633501399717 -0.0310656900032 
0.0927070568357 0.114178711683 0.0761191411219 -0.030787333273 
0.0981309160726 0.123587677654 0.0823917851027 -0.0309726479332 
0.102206730892 0.123270932793 0.0821806218622 -0.0311250639563 
0.103007094713 0.191136686413 0.127424457609 -0.0442174304084 
0.110984900381 0.180174989923 0.120116659949 -0.0489747308253 
0.116358628916 0.229767718498 0.153178478998 -0.0575290249677 
0.125193023873 0.257147003379 0.171431335586 -0.0814634141156 
0.136888525674 0.27530740192 0.183538267947 -0.128721288716 
0.142898301104 0.274486177692 0.182990785128 -0.128365112592 
0.154597387909 0.27291317955 0.1819421197 -0.127804148609 
0.171594870907 0.270118747574 0.180079165049 -0.126763266201 
