0.0 0.0 0.0 0.0 
2.54473853961e-20 0.575815353483 0.383876902322 0.523598775598 
2.54473853961e-20 0.575815353483 0.383876902322 0.523598775598 
2.54473853961e-20 0.575815353483 0.383876902322 0.523598775598 
2.54473853961e-20 0.575815353483 0.383876902322 0.523598775598 
2.54473853961e-20 0.575815353483 0.383876902322 0.523598775598 
2.54473853961e-20 0.575815353483 0.383876902322 0.523598775598 
2.54473853961e-20 0.575815353483 0.383876902322 0.523598775598 
1.33169444701e-21 0.547630558311 0.365087038874 0.523598775598 
1.33169444701e-21 0.547630558311 0.365087038874 0.523598775598 
3.43771993141e-21 0.524331997173 0.349554664782 0.523598775598 
3.43771993141e-21 0.524331997173 0.349554664782 0.523598775598 
3.43771993141e-21 0.524331997173 0.349554664782 0.523598775598 
3.43771993141e-21 0.524331997173 0.349554664782 0.523598775598 
3.43771993141e-21 0.524331997173 0.349554664782 0.523598775598 
3.43771993141e-21 0.524331997173 0.349554664782 0.523598775598 
3.43771993141e-21 0.524331997173 0.349554664782 0.523598775598 
3.43771993141e-21 0.524331997173 0.349554664782 0.523598775598 
3.43771993141e-21 0.524331997173 0.349554664782 0.523598775598 
7.01010362049e-21 0.500482104995 0.333654736663 0.508802166796 
7.01010362049e-21 0.500482104995 0.333654736663 0.508802166796 
7.01010362049e-21 0.500482104995 0.333654736663 0.508802166796 
7.01010362049e-21 0.500482104995 0.333654736663 0.508802166796 
7.01010362049e-21 0.500482104995 0.333654736663 0.508802166796 
7.01010362049e-21 0.500482104995 0.333654736663 0.508802166796 
7.01010362049e-21 0.500482104995 0.333654736663 0.508802166796 
7.01010362049e-21 0.500482104995 0.333654736663 0.508802166796 
-4.66949652645e-21 0.502464736305 0.33497649087 0.405286853792 
-4.66949652645e-21 0.502464736305 0.33497649087 0.405286853792 
-4.66949652645e-21 0.502464736305 0.33497649087 0.405286853792 
-4.66949652645e-21 0.502464736305 0.33497649087 0.405286853792 
-4.66949652645e-21 0.502464736305 0.33497649087 0.405286853792 
-4.66949652645e-21 0.502464736305 0.33497649087 0.405286853792 
-4.66949652645e-21 0.502464736305 0.33497649087 0.405286853792 
2.89143072677e-21 0.447424282452 0.298282854968 0.209700575598 
2.89143072677e-21 0.447424282452 0.298282854968 0.209700575598 
2.89143072677e-21 0.447424282452 0.298282854968 0.209700575598 
2.89143072677e-21 0.447424282452 0.298282854968 0.209700575598 
2.89143072677e-21 0.447424282452 0.298282854968 0.209700575598 
-1.58104569409e-21 0.165217354615 0.110144903077 0.0678234580879 
-1.58104569409e-21 0.165217354615 0.110144903077 0.0678234580879 
5.62553719126e-22 0.0124709695596 0.00831397970638 0.0570004074496 
-3.62501455639e-21 0.0076207279448 0.00508048529653 0.0494668993604 
-3.62501455639e-21 0.0076207279448 0.00508048529653 0.0494668993604 
0.0185135447228 -2.75829349903e-18 -1.83886233269e-18 0.0423621450633 
0.0774485793198 -1.6020878434e-21 -1.06805856227e-21 0.0433993165677 
0.112454055601 0.0467644985169 0.0311763323446 0.0527011161514 
0.146358347209 0.125825279017 0.083883519345 0.0780057005383 
0.181109248902 0.186438374068 0.124292249378 0.146472269681 
0.191289205508 0.198784298977 0.132522865985 0.179386836385 
0.221704055291 0.166147327116 0.110764884744 0.194916654513 
0.253736256877 0.130749216998 0.0871661446652 0.208614159727 
0.266994740077 0.105589415031 0.070392943354 0.19253163378 
0.325221333692 0.0770012089188 0.0513341392792 0.316889987448 
0.406451274116 2.24772253153e-17 1.49848168768e-17 0.433802257153 
0.422770978424 4.12443338904e-22 2.74962225936e-22 0.408462537809 
0.43010354856 9.47016968514e-22 6.31344645676e-22 0.347708864476 
0.437044033215 2.51548400341e-21 1.6769893356e-21 0.376041257172 
0.446789110519 8.66402345224e-22 5.77601563483e-22 0.308704637558 
0.455190969645 1.31287248011e-21 8.75248320071e-22 0.306027931348 
0.527358061727 0.213841341408 0.142560894272 -0.0502529393074 
0.557137991397 0.282907277298 0.188604851532 -0.0380082213979 
0.585841228631 0.24530771418 0.16353847612 -0.0396385421123 
0.590109715217 0.117990850403 0.0786605669354 -0.0595571091205 
0.616121310773 0.105789985732 0.0705266571549 -0.0559151560283 
0.682011291779 0.28622954927 0.190819699513 -0.0245212652084 
0.73600908184 0.398210039617 0.265473359745 -0.0173359976835 
0.885015993519 0.58499042061 0.38999361374 -0.00818380661625 
0.942510366055 0.632623305632 0.421748870421 -0.00634776293489 
0.941076107731 0.63435841439 0.422905609593 -0.00325129134396 
0.942980882589 0.631902789261 0.421268526174 -0.0027393382296 
0.947774291837 0.625712300401 0.417141533601 -0.00343881249863 
0.951556541972 0.620850517146 0.413900344764 -0.00487133439642 
0.911934714098 0.669971906655 0.44664793777 0.00422284051549 
0.912633254559 0.669707293241 0.446471528827 0.00161630512549 
0.906619926311 0.680815623853 0.453877082569 0.00222428088299 
0.895143203326 0.701684073529 0.467789382352 0.004505289269 
0.879208728713 0.733692017681 0.489128011787 0.00840908925309 
0.874701414158 0.746459192515 0.497639461676 0.0102886881923 
0.85991330791 0.783807651479 0.522538434319 0.0124104834298 
0.839374084195 0.839313731574 0.559542487716 0.0176565213925 
0.8195466028 0.903193543647 0.602129029098 0.0256717519767 
0.810668333968 0.939824963595 0.62654997573 0.0337629838582 
0.805462561492 0.963155184348 0.642103456232 0.0364234732295 
0.7533182326 0.996099513663 0.664066342442 0.0355759334551 
0.752758131793 1.00016286485 0.666775243232 0.0354369732219 
0.750653085944 1.01441612923 0.676277419487 0.0370047128562 
0.705167189981 1.05033452258 0.700223015054 0.0416425787995 
0.578404571011 1.17615281159 0.784101874395 0.0608538208509 
0.577902882736 1.20850369364 0.805669129092 0.0645299535172 
0.520142917442 1.22869132642 0.819127550946 0.0623193498581 
0.520346844686 1.25143301488 0.834288676585 0.0641469968087 
0.476664970391 1.26813753139 0.845425020924 0.0641285699523 
0.477170636027 1.28914575168 0.859430501123 0.0653133634279 
0.430796223886 1.30488698779 0.869924658527 0.0576216007044 
0.431339353886 1.32068217637 0.880454784246 0.0584766620587 
0.377017631376 1.34884588638 0.899230590921 0.0516030311624 
0.377728914758 1.36472222212 0.909814814749 0.052267033645 
0.312012903444 1.40048960602 0.93365973735 0.0402529524333 
0.537649221888 1.40887793401 0.939251956006 0.0746237371924 
0.70424157382 1.42169952682 0.94779968455 0.132096679644 
0.806976009173 1.42347542259 0.948983615057 0.193887043025 
1.04319920153 1.35868203263 0.905788021753 0.426499121796 
1.00504512768 1.40438573276 0.936257155172 0.371208792787 
0.956884767626 1.4822307845 0.988153856334 0.252564397314 
0.943169936815 1.51489475723 1.00992983815 0.181172846026 
0.942563661951 1.54342135968 1.02894757312 0.0768590144155 
0.954739669543 1.55568035299 1.03712023533 -0.0624600557469 
1.06419652597 1.46077842832 0.973852285543 -0.523598775598 
1.08479601769 1.48045007617 0.986966717444 -0.523598775598 
1.12254011907 1.53070213396 1.0204680893 -0.523598775598 
1.13783565537 1.54802879497 1.03201919665 -0.523598775598 
1.15155320388 1.56189575289 1.04126383526 -0.506674234364 
1.15956250088 1.5771351088 1.05142340587 -0.481265292466 
1.18481472074 1.60323253332 1.06882168888 -0.4392195538 
1.19880436755 1.61314433972 1.07542955981 -0.424467598593 
1.21544111384 1.62308634081 1.08205756054 -0.410926513526 
1.22490191705 1.63178110358 1.08785406905 -0.402156178374 
1.2313632135 1.63466326256 1.08977550837 -0.398273465148 
1.23391470344 1.63659334049 1.091062227 -0.396792767132 
1.24568211969 1.64047664329 1.09365109553 -0.392535418875 
1.24752657089 1.64115423363 1.09410282242 -0.391785157884 
1.24714247292 1.64161177337 1.09440784892 -0.392080243946 
1.24598034101 1.64061012906 1.09374008604 -0.392986179432 
1.24258385688 1.63893739844 1.09262493229 -0.394700147013 
1.2424275848 1.63754104176 1.09169402784 -0.396049157905 
1.23979802488 1.6360367162 1.09069114413 -0.398024194505 
1.23736722193 1.63612116147 1.09074744098 -0.398832963734 
1.23404017764 1.63529524845 1.0901968323 -0.400563372835 
1.23029835322 1.63308080791 1.0887205386 -0.403243813727 
1.22642175112 1.63114752082 1.08743168055 -0.406371239728 
1.21714239086 1.62797815464 1.08531876976 -0.412250793747 
1.20449702264 1.6230090221 1.08200601473 -0.420840754934 
1.18109767939 1.60865469199 1.07243646132 -0.443838331447 
1.16202037957 1.59171841175 1.06114560783 -0.470160693737 
1.13854496379 1.55558615213 1.03705743475 -0.523598775598 
1.11384836824 1.53715952177 1.02477301451 -0.523598775598 
1.09232887557 1.51696290408 1.01130860272 -0.523598775598 
1.06553105145 1.48631642448 0.990877616321 -0.523598775598 
1.04608101874 1.4621590572 0.9747727048 -0.523598775598 
1.02962120672 1.43604675653 0.957364504354 -0.523598775598 
1.02113963921 1.42320408419 0.94880272279 -0.520890594198 
0.952683117026 1.47500583873 0.983337225819 0.269442381663 
0.947903668474 1.469682913 0.979788608669 0.272551671646 
0.99518223667 1.41710898376 0.944739322507 0.354660168111 
0.898030396841 1.40296184067 0.935307893777 0.258249655486 
0.824790770901 1.40838138445 0.938920922965 0.195999709542 
0.652172160273 1.3901492868 0.926766191202 0.0983976841696 
0.354555511193 1.36581465651 0.910543104342 0.0410189943073 
0.402555381443 1.32575634374 0.883837562491 0.0426508402883 
0.404363634302 1.30061535764 0.867076905092 0.0467054189679 
0.457976602903 1.28131038452 0.854206923015 0.0518214086044 
0.457474032723 1.26221193485 0.841474623235 0.050767776325 
0.457609807976 1.24974185048 0.833161233656 0.0499280710799 
0.504309846476 1.24164990466 0.827766603106 0.0528004275554 
0.504066813716 1.21921326089 0.812808840593 0.0507774736958 
0.554848681439 1.19663699461 0.797757996408 0.0477380692716 
0.55485697584 1.1905429854 0.7936953236 0.0478068733624 
0.598774932709 1.15626974173 0.770846494487 0.0444725780165 
0.599418907274 1.13288498336 0.755256655574 0.0424610273097 
0.659795879708 1.09726193746 0.731507958305 0.0402641215692 
0.66077398595 1.08169450045 0.721129666969 0.0388242405429 
0.663563762893 1.05382320889 0.702548805924 0.0352430329326 
0.737210822808 1.0126860398 0.675124026534 0.0279194921583 
0.740618523095 0.986941074268 0.657960716179 0.0264109129324 
0.806052763888 0.929389313004 0.619592875336 0.0202574712822 
0.813568762885 0.894793073127 0.596528715418 0.0149252368209 
0.833765019601 0.835068676036 0.55671245069 0.0112752258423 
0.855500570764 0.788233978956 0.525489319304 0.00497553647156 
0.868296362598 0.770243148815 0.513495432544 0.00351678670795 
0.873624399318 0.763389445155 0.50892629677 0.00050184305398 
0.876397749109 0.761183320986 0.507455547324 0.00429167324383 
0.893146586887 0.731664381513 0.487776254342 0.000905292089804 
0.89753958164 0.725948954082 0.483965969388 0.00238496314106 
0.903815181644 0.716627797224 0.477751864816 0.00151489156618 
0.910740158071 0.705932949392 0.470621966261 0.00171328459105 
0.929749492559 0.674870059902 0.449913373268 -0.00187731660952 
0.938302149711 0.661968610155 0.44131240677 0.00107090989581 
0.934270883607 0.667694478787 0.445129652525 0.00340870852532 
0.927614305481 0.677354901502 0.451569934335 0.00676714477554 
0.922483518743 0.684921531961 0.45661435464 0.00840177521864 
0.913104903608 0.699099563501 0.466066375668 0.0109113404993 
0.907742665333 0.707178865126 0.471452576751 0.0129809677645 
0.900294134355 0.718706545934 0.47913769729 0.0139422557609 
0.886180706639 0.742124028151 0.494749352101 0.0144234914496 
0.870457331573 0.768526784016 0.512351189344 0.0118327328279 
0.86392598804 0.779104071819 0.519402714546 0.0101472061803 
0.862045919936 0.779816102109 0.519877401406 0.0071502398497 
0.380866152984 0.13675454434 0.0911696962265 0.154497308193 
0.372560785239 0.147273405924 0.0981822706161 0.159946393476 
0.361921595288 0.146694605665 0.0977964037766 0.159232243289 
0.345852772965 0.132958108484 0.0886387389895 0.149824814419 
0.3435560889 0.068138736839 0.0454258245593 -0.279663295335 
0.329688441914 0.0981001275771 0.0654000850514 -0.366783597329 
0.279887022508 0.13557658702 0.0903843913467 -0.20478735595 
0.246209766053 0.157885437712 0.105256958475 -0.129061443107 
0.221970125932 0.0722483882363 0.0481655921575 -0.0316243010616 
0.216581734677 0.11843879475 0.0789591964997 -0.0407840828195 
0.196053125329 0.113280958509 0.0755206390062 -0.0289513619612 
0.173002639949 0.156127329447 0.104084886298 -0.0245341624081 
0.160319718311 0.105540074132 0.0703600494215 -0.0070879080623 
0.139678095528 0.145652939395 0.0971019595966 0.00328580134141 
0.120573044218 0.144321176852 0.0962141179011 0.0115372147934 
0.112846819964 0.159751743701 0.106501162467 0.0137772859716 
0.0902603345912 0.215929719133 0.143953146089 0.0205736918274 
0.0567800370334 0.218657284743 0.145771523162 0.0293391491529 
7.03964232898e-18 0.147788598248 0.0985257321652 0.0325711387139 
1.31566134139e-20 0.148501978325 0.0990013188831 0.038766709877 
-1.2648554e-20 0.213519794816 0.142346529877 0.0492949792188 
-1.2648554e-20 0.213519794816 0.142346529877 0.0492949792188 
-1.2648554e-20 0.213519794816 0.142346529877 0.0492949792188 
-1.2648554e-20 0.213519794816 0.142346529877 0.0492949792188 
-1.2648554e-20 0.213519794816 0.142346529877 0.0492949792188 
-1.2648554e-20 0.213519794816 0.142346529877 0.0492949792188 
-1.2648554e-20 0.213519794816 0.142346529877 0.0492949792188 
-1.2648554e-20 0.213519794816 0.142346529877 0.0492949792188 
-1.2648554e-20 0.213519794816 0.142346529877 0.0492949792188 
-1.2648554e-20 0.213519794816 0.142346529877 0.0492949792188 
-1.2648554e-20 0.213519794816 0.142346529877 0.0492949792188 
-1.2648554e-20 0.213519794816 0.142346529877 0.0492949792188 
-1.2648554e-20 0.213519794816 0.142346529877 0.0492949792188 
-1.2648554e-20 0.213519794816 0.142346529877 0.0492949792188 
-1.2648554e-20 0.213519794816 0.142346529877 0.0492949792188 
-1.2648554e-20 0.213519794816 0.142346529877 0.0492949792188 
-1.2648554e-20 0.213519794816 0.142346529877 0.0492949792188 
-1.2648554e-20 0.213519794816 0.142346529877 0.0492949792188 
-1.2648554e-20 0.213519794816 0.142346529877 0.0492949792188 
-1.2648554e-20 0.213519794816 0.142346529877 0.0492949792188 
-1.2648554e-20 0.213519794816 0.142346529877 0.0492949792188 
-1.2648554e-20 0.213519794816 0.142346529877 0.0492949792188 
-1.2648554e-20 0.213519794816 0.142346529877 0.0492949792188 
-1.2648554e-20 0.213519794816 0.142346529877 0.0492949792188 
-1.2648554e-20 0.213519794816 0.142346529877 0.0492949792188 
-1.2648554e-20 0.213519794816 0.142346529877 0.0492949792188 
-1.2648554e-20 0.213519794816 0.142346529877 0.0492949792188 
-1.2648554e-20 0.213519794816 0.142346529877 0.0492949792188 
-1.2648554e-20 0.213519794816 0.142346529877 0.0492949792188 
-1.2648554e-20 0.213519794816 0.142346529877 0.0492949792188 
-2.81711397401e-21 0.177521306324 0.118347537549 0.075477975064 
-2.81711397401e-21 0.177521306324 0.118347537549 0.075477975064 
-2.81711397401e-21 0.177521306324 0.118347537549 0.075477975064 
-2.81711397401e-21 0.177521306324 0.118347537549 0.075477975064 
-2.81711397401e-21 0.177521306324 0.118347537549 0.075477975064 
-2.81711397401e-21 0.177521306324 0.118347537549 0.075477975064 
-2.81711397401e-21 0.177521306324 0.118347537549 0.075477975064 
1.00492456533e-20 0.311217183308 0.207478122205 0.0844359366685 
1.00492456533e-20 0.311217183308 0.207478122205 0.0844359366685 
-5.19512272047e-22 0.35797050845 0.238647005633 0.106676184047 
7.25786733257e-21 0.26068810285 0.173792068566 0.0802160622355 
0.0109173220691 0.249217004864 0.166144669909 0.0807177847966 
0.0277986281612 0.31605465733 0.210703104887 0.112983715599 
0.047248528926 0.367761594904 0.245174396602 0.186234157595 
0.0657556623567 0.32679874808 0.217865832053 0.155093335162 
0.081778342191 0.304814550155 0.203209700103 0.157992542727 
0.0980455452148 0.285127418898 0.190084945932 0.158190363263 
0.110477959672 0.301687846842 0.201125231228 0.209926555025 
0.133530857957 0.275140705554 0.183427137036 0.21615527585 
0.15545594043 0.248710757893 0.165807171928 0.229883223977 
0.174416931632 0.23061539886 0.15374359924 0.254315274688 
0.196047837348 0.229488854326 0.15299256955 0.33951902169 
0.224157650782 0.201372018836 0.134248012557 0.379869346408 
0.237643277601 0.193049465454 0.128699643636 0.434239982579 
0.272718543944 0.151948660805 0.101299107204 0.465905909345 
0.298142008844 0.127293252933 0.0848621686218 0.520676735566 
0.315083265782 0.109185309773 0.0727902065155 0.523598775598 
0.348374434343 0.075955294899 0.050636863266 0.523598775598 
0.371562900332 0.0519702212939 0.0346468141959 0.523598775598 
0.417667284815 -1.54715159207e-18 -1.03143439471e-18 0.523598775598 
0.45178679655 -2.4478295108e-23 -1.63188634053e-23 0.447277748031 
0.479677293438 1.08541647791e-21 7.23610985272e-22 0.292646364277 
0.502255329602 6.63881207392e-23 4.42587471595e-23 0.295038746596 
0.515918434492 -2.12897915425e-23 -1.41931943617e-23 0.29640528919 
0.53293788244 6.16479886745e-23 4.10986591163e-23 0.293755693651 
0.53293788244 6.16479886745e-23 4.10986591163e-23 0.293755693651 
0.53293788244 6.16479886745e-23 4.10986591163e-23 0.293755693651 
0.518762340004 0.0321516520896 0.0214344347264 0.334305774913 
0.507622283301 8.60773428319e-18 5.73848952213e-18 0.516304709635 
0.507622283301 8.60773428319e-18 5.73848952213e-18 0.516304709635 
0.501535503862 5.14884920636e-22 3.43256613757e-22 0.523598775598 
0.501535503862 5.14884920636e-22 3.43256613757e-22 0.523598775598 
0.477312049672 0.00096255096268 0.000641700641787 0.523598775598 
0.477312049672 0.00096255096268 0.000641700641787 0.523598775598 
0.419073395679 0.124158626868 0.0827724179118 0.523598775598 
0.32948125702 0.316789656905 0.211193104603 0.523598775598 
0.28511386107 0.34175749164 0.22783832776 0.523598775598 
0.224682049307 0.601678773882 0.401119182588 0.523598775598 
0.682417674422 1.07532609045 0.716884060302 0.0620876982 
0.663722917749 1.11753169946 0.745021132973 0.0789341786709 
0.593926808167 1.16592065793 0.777280438622 0.0858146136586 
0.593395602783 1.20120435422 0.800802902812 0.089352311544 
0.493590111762 1.25418062624 0.836120417496 0.0820636271935 
0.494319916438 1.28673535486 0.857823569908 0.0847309362354 
0.385091829899 1.34465303341 0.896435355609 0.0672613643013 
0.342799023318 1.37820078934 0.918800526227 0.0577910248926 
0.343625155686 1.39639889612 0.930932597413 0.0512513077397 
0.288775364565 1.41928725228 0.946191501522 0.0399107851498 
0.289258640469 1.4280329551 0.952021970064 0.0403969800616 
0.55989465404 1.4280983306 0.952065553735 0.0903562422198 
0.726794144103 1.43605064679 0.957367097858 0.157880121902 
0.843134103798 1.42919316427 0.952795442848 0.23961631438 
0.97432529732 1.41411144457 0.942740963048 0.363435119126 
0.952468340409 1.44600309621 0.964002064142 0.320985968138 
0.940120943933 1.47311679071 0.982077860473 0.278514794854 
0.943594228443 1.50219336008 1.00146224005 0.214556627101 
0.946225386808 1.5276841665 1.018456111 0.137618147644 
0.963869275548 1.54814882005 1.03209921337 -0.000796781921542 
1.07244358422 1.44894081969 0.965960546457 -0.523598775598 
1.08209619401 1.46339462554 0.975596417026 -0.523598775598 
1.0876221547 1.47371475132 0.982476500881 -0.523598775598 
1.09155571342 1.48305603586 0.988704023904 -0.523598775598 
1.1002152985 1.49579536796 0.997196911972 -0.523598775598 
1.10817020114 1.50728006814 1.00485337876 -0.523598775598 
1.11867976465 1.52376086549 1.01584057699 -0.523598775598 
1.12702396932 1.53332974937 1.02221983291 -0.523598775598 
1.13806406236 1.54089490166 1.02726326778 -0.523598775598 
1.14279643408 1.5511400455 1.03409336367 -0.516551838766 
1.15141184411 1.56482036484 1.04321357656 -0.494061368106 
1.15836122525 1.57805290465 1.05203526976 -0.47408368121 
1.16563412158 1.58473155373 1.05648770249 -0.46243840825 
1.17281426192 1.59492605447 1.06328403631 -0.447732193488 
1.17783503956 1.60217377758 1.06811585172 -0.437714419929 
1.18311234898 1.60941396928 1.07294264619 -0.427967321072 
1.18693522475 1.61367736957 1.07578491305 -0.421833464916 
1.19296911108 1.62152446668 1.08101631112 -0.412269932318 
1.19645161375 1.62673724109 1.08449149406 -0.406808619436 
1.20083281068 1.62978559946 1.08652373297 -0.402231486213 
1.20552252666 1.63441829154 1.08961219436 -0.396487740392 
1.2076259211 1.63589180846 1.09059453898 -0.394685787848 
1.20871648235 1.63715080754 1.09143387169 -0.393420872394 
1.20946833421 1.63716892951 1.09144595301 -0.393952004861 
1.20912282122 1.6383121906 1.09220812707 -0.393528438084 
1.20921530065 1.63883817379 1.09255878252 -0.393361394347 
1.20885195616 1.63838341097 1.09225560731 -0.393655288916 
1.20858055087 1.63979776074 1.09319850716 -0.393242335152 
1.20912405043 1.63898443078 1.09265628719 -0.393606871547 
1.20826172227 1.63730707395 1.0915380493 -0.395569207105 
1.20732896458 1.63853500258 1.09235666839 -0.395286677425 
1.20735690108 1.63914934488 1.09276622992 -0.394804859276 
1.20930914567 1.63930993308 1.09287328872 -0.393847622062 
1.20954152447 1.64112375519 1.09408250346 -0.392817573269 
1.20986008495 1.64084000914 1.09389333943 -0.392983468145 
1.20983385339 1.64131587925 1.09421058616 -0.393472717051 
1.20988160357 1.64074495482 1.09382996988 -0.394021809865 
1.20873594884 1.64124946786 1.09416631191 -0.394411619532 
1.20600169262 1.63909344629 1.09272896419 -0.397378477311 
1.20313567636 1.63778523255 1.0918568217 -0.399128478702 
1.19427882343 1.63579629165 1.0905308611 -0.404511655659 
1.17952933126 1.62995892181 1.08663928121 -0.41538355316 
1.144481106 1.60615984135 1.07077322756 -0.455766226841 
1.11367155253 1.56731947426 1.04487964951 -0.520855408907 
1.06269989638 1.52132439977 1.01421626651 -0.523598775598 
1.02762533009 1.48033798024 0.986891986826 -0.523598775598 
0.991902666564 1.434433549 0.956289032664 -0.521092248772 
0.957121147679 1.41864444606 0.945762964042 0.360385603257 
0.762885948158 1.41631406565 0.9442093771 0.195341391222 
0.330571098593 1.38904582831 0.926030552205 0.0623873478379 
0.399202147389 1.33344750966 0.888965006441 0.0703295416684 
0.398749068414 1.32285206453 0.881901376354 0.0696108851498 
0.445014836541 1.29559908704 0.863732724696 0.0773522020721 
0.490508711048 1.25628718525 0.837524790165 0.0769502752948 
0.490137969425 1.23797948226 0.82531965484 0.0750575714226 
0.563656639004 1.19100677333 0.794004515553 0.0752290379923 
0.640425978674 1.11797914769 0.745319431795 0.0679565238197 
0.775179052766 0.970074713135 0.646716475423 0.0415153541997 
0.782634755016 0.925815588069 0.617210392046 0.0329158282026 
0.834377193379 0.888720774229 0.592480516153 0.0288657614155 
0.851729205065 0.830116791876 0.553411194584 0.0194398687949 
0.863519776425 0.801690382466 0.534460254977 0.0126069650802 
0.874529373189 0.779413960487 0.519609306991 0.0124300522386 
0.88527016809 0.759492748743 0.506328499162 0.00916630792138 
0.904588199509 0.723949769698 0.482633179799 0.00627089010588 
0.914696317905 0.708027707983 0.472018471989 0.0047579445868 
0.919185687934 0.701208214447 0.467472142964 0.00178523221925 
0.923238730045 0.69485911894 0.463239412626 0.000750937890899 
0.917990332244 0.703587292747 0.469058195165 0.00169424910629 
0.911810990123 0.71412427183 0.476082847887 0.0027503715752 
0.906600443403 0.723334790117 0.482223193411 0.00325363708901 
0.899773329879 0.735677435991 0.490451623994 0.00586281726397 
0.897972082354 0.738864404904 0.492576269936 0.00405366311363 
0.898080570683 0.738449108678 0.492299405785 -4.89109891012e-05 
0.888163909723 0.756299457067 0.504199638045 -0.000486469323349 
0.874297169626 0.782590907525 0.521727271683 -0.00201992432687 
0.861311287523 0.809176455484 0.539450970323 -0.00180300218276 
0.845393595228 0.84590419067 0.563936127113 -0.0061390021154 
0.83419463275 0.875647043056 0.583764695371 -0.00898049133478 
0.823873788365 0.908829678646 0.60588645243 -0.0105567546488 
0.821559043428 0.920182780237 0.613455186825 -0.012996642667 
0.818288680725 0.938202319002 0.625468212668 -0.0125884486829 
0.814655318959 0.964988625201 0.643325750134 -0.0132452291173 
1.54936868219 1.03939328042 0.692928853615 0.0699123995568 
1.55406351492 1.05057541812 0.700383612078 0.0756555799742 
1.5486765213 1.0578898461 0.705259897402 0.0785585581135 
1.56788267232 1.05830537277 0.705536915181 0.0801910907417 
1.57079632679 1.06187186935 0.707914579565 0.0818992554064 
1.57079632679 1.06418651166 0.709457674438 0.0805852751063 
1.57079632679 1.06941769515 0.712945130102 0.0810548763316 
1.57079632679 1.06850817081 0.712338780541 0.0755034195744 
1.57079632679 1.068786373 0.712524248667 0.0725168150109 
1.57079632679 1.07335043665 0.715566957768 0.0775673008356 
1.57079632679 1.07411309637 0.716075397581 0.0791339987176 
1.57079632679 1.07456392599 0.71637595066 0.0804026319983 
1.57079632679 1.07249446484 0.71499630989 0.0784596996591 
1.57079632679 1.07274100912 0.71516067275 0.0789308366151 
1.57079632679 1.07349386461 0.715662576405 0.0806878867158 
1.57079632679 1.07374067457 0.715827116378 0.0814017598373 
1.57079632679 1.07188068633 0.714587124218 0.0784826588056 
1.57079632679 1.06801049684 0.712006997891 0.0757298324922 
1.57079632679 1.06615298962 0.710768659749 0.0763833368761 
1.57079632679 1.06314721468 0.708764809786 0.0730670540825 
1.57079632679 1.06260937974 0.70840625316 0.0721345106504 
1.57079632679 1.05873256426 0.705821709509 0.0669153356777 
1.57079632679 1.05908756518 0.706058376789 0.0697369908503 
1.57079632679 1.0554091059 0.703606070601 0.0684648685476 
1.57079632679 1.05153366348 0.701022442321 0.0685841581549 
1.57079632679 1.04744521967 0.698296813112 0.0696295372207 
1.55059847885 1.04107072171 0.694047147809 0.0662481035092 
1.54109861118 1.03869770986 0.692465139906 0.0649861716527 
1.52664269816 1.02642268336 0.684281788904 0.058124714526 
1.50609314191 1.00076499371 0.667176662476 0.047701232976 
1.47412188101 0.975596417943 0.650397611962 0.0393353748339 
1.43754966752 0.923040767198 0.615360511466 0.0258006261756 
1.40881250368 0.872621376724 0.581747584483 0.0178164473684 
1.35239428578 0.792706628887 0.528471085925 0.0107613720976 
1.23825784938 0.693307053431 0.462204702287 0.00692175481603 
1.09344600601 0.43954970152 0.293033134347 0.00450368949326 
1.10867298692 1.20843333609e-16 8.05622224063e-17 0.0155009113193 
1.21080646836 1.6026133008e-22 1.0684088672e-22 0.0253963330713 
1.31993151187 -8.01494229063e-22 -5.34329486042e-22 0.0297031081057 
1.38200922016 2.46929221518e-22 1.64619481012e-22 0.0274027640673 
1.41757161651 1.71706161066e-21 1.14470774044e-21 0.0329865396377 
1.44868349497 9.75050066622e-22 6.50033377748e-22 0.0313169949795 
1.4853781862 7.0195572294e-22 4.6797048196e-22 0.0279118346227 
1.51497392728 -7.74071023626e-22 -5.16047349084e-22 0.0302531766757 
1.55028964799 -3.87558008672e-22 -2.58372005781e-22 0.0258841085393 
1.5618907327 5.48694031874e-22 3.65796021249e-22 0.0270174117455 
1.56709353467 -4.65260203217e-22 -3.10173468812e-22 0.0266252211119 
1.55700643435 -4.91893037908e-22 -3.27928691938e-22 0.0296215925438 
1.55700643435 -4.91893037908e-22 -3.27928691938e-22 0.0296215925438 
1.55700643435 -4.91893037908e-22 -3.27928691938e-22 0.0296215925438 
1.55700643435 -4.91893037908e-22 -3.27928691938e-22 0.0296215925438 
1.57079632679 1.77926095742e-21 1.18617397161e-21 0.0238017951084 
1.56300243035 1.52686871912e-21 1.01791247941e-21 0.0256629631508 
1.54965335527 -6.76299413473e-22 -4.50866275649e-22 0.0281974292745 
1.54706575818 -7.30014343795e-22 -4.86676229196e-22 0.0297784605456 
1.54706575818 -7.30014343795e-22 -4.86676229196e-22 0.0297784605456 
1.54151162763 2.900534508e-22 1.933689672e-22 0.0309111038781 
1.53644445973 1.72522241201e-21 1.15014827467e-21 0.0324267648956 
1.52583671276 -6.90859299581e-22 -4.60572866388e-22 0.0328612266474 
1.52744861933 -1.05209097598e-21 -7.01393983987e-22 0.0307243385776 
1.50766868664 6.18941788006e-22 4.1262785867e-22 0.0341677998714 
1.50766868664 6.18941788006e-22 4.1262785867e-22 0.0341677998714 
1.49931537775 1.80782713729e-22 1.20521809152e-22 0.0328938451391 
1.49543672606 -1.07858409874e-22 -7.19056065824e-23 0.0336385317979 
1.47202531887 2.2432278577e-22 1.49548523847e-22 0.0376910913952 
1.43520724956 1.82265471013e-22 1.21510314009e-22 0.0419918754721 
1.40029974781 -1.09739540908e-21 -7.31596939384e-22 0.0471375204976 
1.35151268281 3.31995851788e-22 2.21330567859e-22 0.0481179334494 
1.29037954142 -3.36727989798e-22 -2.24485326532e-22 0.055190944407 
1.16060443312 -2.86707594392e-18 -1.91138396261e-18 0.0619715628922 
1.08070690374 0.00519086956559 0.00346057971039 0.0660414577363 
0.976453098198 0.0275920577064 0.0183947051376 0.072621237819 
0.900262994773 0.0515992661801 0.0343995107867 0.0743558807151 
0.957462739325 0.498013802945 0.332009201963 0.0368937891032 
0.930525562844 0.679546020478 0.453030680319 0.0289404417865 
0.900393619878 0.726330679603 0.484220453069 0.0211050839219 
0.874919600684 0.774741615977 0.516494410652 0.0189685682124 
0.846676400201 0.836660090287 0.557773393525 0.0136413212083 
0.835977241346 0.8658242741 0.577216182734 0.0095628488083 
0.822807956323 0.907513130912 0.605008753942 0.00395705819087 
0.816293467109 0.935374866418 0.623583244279 0.000425308941022 
0.814595529891 0.950094671692 0.633396447795 -0.00350449158021 
0.814534282023 0.962603688319 0.641735792213 -0.00631886387508 
1.51977054832 1.02749969062 0.684999793744 0.0693691836177 
1.53813776899 1.02701544911 0.684676966074 0.0723813984958 
1.5424363121 1.02928247238 0.686188314921 0.0748237897143 
1.55240984861 1.031013688 0.687342458668 0.0774559530739 
1.55307820227 1.03093356206 0.687289041375 0.0775117291996 
1.56208773341 1.02806057869 0.685373719128 0.0766604818367 
1.56549869905 1.02741504445 0.684943362966 0.0763787869883 
1.56968735499 1.02603116409 0.684020776059 0.0762533193712 
1.55873123458 1.02802107408 0.685347382717 0.0766375682165 
1.55275151095 1.02904592978 0.686030619853 0.0774412344756 
1.54531753278 1.0309418564 0.68729457093 0.0773759675427 
1.55196572936 1.02895924784 0.685972831893 0.0768642060375 
1.54355456239 1.03104639362 0.687364262415 0.0780608500973 
1.55127136247 1.02890372785 0.685935818564 0.0771102518316 
1.54493603408 1.03045033536 0.686966890239 0.0780765465303 
1.54215229765 1.03122474329 0.687483162193 0.0780333920748 
1.55584910167 1.02706681009 0.684711206729 0.076417719996 
1.55231231547 1.02785403452 0.68523602301 0.0771761340141 
1.54803555408 1.0290147374 0.686009824934 0.0763128463205 
1.54370668164 1.03004722728 0.686698151522 0.076263894224 
1.54456961251 1.02863176238 0.685754508255 0.0758216188535 
1.5385293906 1.02377945233 0.682519634884 0.0724464822793 
1.53341370548 1.00623984436 0.670826562908 0.0621342687418 
1.52392929924 0.990654155283 0.660436103522 0.0531353869192 
1.46751385086 0.958801360158 0.639200906772 0.0409592104499 
1.40476718507 0.911593219342 0.607728812894 0.0299466574849 
1.28557831742 0.833291374558 0.555527583039 0.0200762164714 
0.952464206205 0.561483072028 0.374322048018 0.0146400744378 
1.00502615196 0.507933699486 0.338622466324 0.0173537847609 
0.959310471205 0.239518073199 0.159678715466 0.0226178670246 
1.00993824947 0.218844672295 0.145896448197 0.0264777656818 
1.03186053504 3.28868532099e-17 2.19245688066e-17 0.0361338044374 
1.09468032012 -1.49864122073e-23 -9.99094147152e-24 0.035183643792 
1.16726723428 2.99081307642e-22 1.99387538428e-22 0.0231050191248 
1.23426317131 -1.00083078588e-23 -6.67220523919e-24 0.0209973673218 
1.26000649771 6.45288673771e-22 4.3019244918e-22 0.0187575053426 
1.30923015421 3.20072595603e-22 2.13381730402e-22 0.0157111725551 
1.36134063508 -9.16149630777e-22 -6.10766420518e-22 0.0104192753196 
1.38432390207 2.6707112455e-22 1.78047416367e-22 0.0103078377869 
1.42689945193 5.52168112368e-22 3.68112074912e-22 0.00810829081655 
1.45014112703 -4.30882864042e-22 -2.87255242695e-22 0.00651057319902 
1.47403580539 -2.06238083842e-22 -1.37492055895e-22 0.00406024322409 
1.45838425098 5.57623400399e-22 3.717489336e-22 0.00872242072666 
1.46652712773 1.44095189477e-21 9.60634596514e-22 0.00755950328593 
1.4814173788 7.46736215082e-22 4.97824143388e-22 0.00499781197922 
1.47008436281 7.85673330979e-23 5.23782220653e-23 0.00814504631058 
1.48043178904 1.170118201e-21 7.80078800668e-22 0.0047076746044 
1.46417097285 -6.74309143841e-22 -4.49539429227e-22 0.00778399090931 
1.45819904101 4.52385465483e-23 3.01590310322e-23 0.00861301117709 
1.45819904101 4.52385465483e-23 3.01590310322e-23 0.00861301117709 
1.46493466743 2.4768818614e-22 1.65125457426e-22 0.00759579567336 
1.46013252337 1.66206686017e-22 1.10804457345e-22 0.00833762974716 
1.46140647772 5.11217203661e-22 3.40811469107e-22 0.00752181136269 
1.45814225053 8.47483265376e-23 5.64988843584e-23 0.0070387468943 
1.46118485647 -4.89861182713e-22 -3.26574121809e-22 0.00576716987076 
1.45559018501 -5.73977190764e-22 -3.82651460509e-22 0.00661680379024 
1.45559018501 -5.73977190764e-22 -3.82651460509e-22 0.00661680379024 
1.45729886191 2.89042946219e-22 1.92695297479e-22 0.00536076044194 
1.46144690621 4.51784287555e-22 3.01189525036e-22 0.00473038627846 
1.45122888483 -8.58883235905e-22 -5.72588823936e-22 0.0076700597565 
1.44860769878 -3.29128944469e-22 -2.19419296313e-22 0.00791393540472 
1.45266800033 1.27877971659e-21 8.52519811059e-22 0.00643539068446 
1.45869631474 1.43367367467e-21 9.55782449781e-22 0.00557559646497 
1.4700646638 1.67038148596e-22 1.11358765731e-22 0.00345998942787 
1.4547635833 6.60808956144e-22 4.40539304096e-22 0.00695528865555 
1.45291726301 7.74970970251e-22 5.16647313501e-22 0.00777459293001 
1.47747754193 4.94497116049e-22 3.29664744033e-22 0.00292896750162 
1.46727736473 -4.79336941006e-23 -3.1955796067e-23 0.0060321928982 
1.47366571657 3.97353087078e-22 2.64902058052e-22 0.00655506029294 
1.46379687591 1.06517417016e-21 7.1011611344e-22 0.00958302481563 
1.46379687591 1.06517417016e-21 7.1011611344e-22 0.00958302481563 
1.47115331026 2.20651522394e-22 1.47101014929e-22 0.0091905161368 
1.47658865571 7.97226151152e-22 5.31484100768e-22 0.00868056820276 
1.46762090732 1.99074871791e-22 1.32716581194e-22 0.0115406702816 
1.45891412969 3.82388586773e-23 2.54925724515e-23 0.0119502216584 
1.44650165894 1.64380082912e-21 1.09586721941e-21 0.00971489033893 
1.33090464075 -4.80894568678e-18 -3.20596379119e-18 0.0232873423043 
1.22399462718 -1.04325806748e-18 -6.95505378319e-19 0.03742853191 
1.0833873962 0.0168066026201 0.0112044017467 0.0568218109292 
0.854572213273 0.0831201100011 0.0554134066674 0.0897944758309 
0.93486054443 0.664022023752 0.442681349168 0.0330553039316 
0.817665730584 0.835073976416 0.556715984277 0.0197151045875 
0.78283986976 0.917849847106 0.611899898071 0.010170182063 
0.760960206666 1.00650976731 0.671006511539 0.00792243919567 
0.757927455568 1.0381822037 0.692121469136 0.00985438047672 
1.48781960257 1.08172847237 0.721152314913 0.111470705097 
1.49359679858 1.08060978117 0.720406520777 0.111119407115 
1.49364942271 1.08160730384 0.721071535896 0.111765405552 
1.48624879046 1.08217728212 0.721451521416 0.110670349502 
1.4901800136 1.07841612967 0.71894408645 0.107702614736 
1.48332805256 1.07689988765 0.717933258434 0.105030062954 
1.4805623565 1.07534968727 0.716899791516 0.102950257704 
1.47857211652 1.07248660251 0.71499106834 0.0991625422865 
1.46857214729 1.0690463141 0.712697542736 0.0949462185849 
1.46644579872 1.0623398229 0.708226548598 0.0889562368554 
1.44812662017 1.04690300707 0.697935338043 0.077916755358 
1.42895725392 1.03068152146 0.687121014308 0.0689778245235 
1.39659121237 1.00843715885 0.672291439231 0.058342578648 
1.36670275977 0.994091991825 0.66272799455 0.0522874316368 
1.33165536491 0.9689953163 0.645996877534 0.0451517437703 
1.29714669366 0.940895219993 0.627263479995 0.0390653006611 
1.20049849506 0.898024961209 0.598683307473 0.0303731229652 
0.914853537373 0.729561673582 0.486374449055 0.0207356511526 
0.963866172856 0.637482335809 0.424988223873 0.0208346567875 
1.02121156265 0.556666800845 0.371111200563 0.0270686228491 
0.958565090481 0.338462075754 0.225641383836 0.0321471434018 
1.02328884658 0.302934443111 0.201956295407 0.0366268797276 
1.01207520956 -1.43010584624e-17 -9.53403897491e-18 0.0493209018677 
1.0798011898 1.88103720538e-22 1.25402480359e-22 0.0495679579869 
1.13255346013 1.64115439198e-22 1.09410292799e-22 0.0495881733857 
1.14369657021 -5.56609013709e-23 -3.71072675806e-23 0.0492113426704 
1.18105116314 -5.95633300592e-22 -3.97088867061e-22 0.0415374431168 
1.1995836037 2.85675479539e-22 1.90450319693e-22 0.0465648998497 
1.22855899798 -1.49189395015e-22 -9.94595966767e-23 0.0393573197056 
1.23420902139 1.8057159589e-22 1.20381063926e-22 0.0419778156014 
1.25131245881 -1.36710770444e-22 -9.11405136293e-23 0.0421563520889 
1.27704625181 -8.05774690478e-22 -5.37183126985e-22 0.0385009696438 
1.29646529979 -8.49074349231e-22 -5.66049566154e-22 0.0367191312618 
1.29582786357 3.01585147986e-22 2.01056765324e-22 0.0382910130983 
1.3165569154 -4.81549748696e-22 -3.21033165797e-22 0.0339219549718 
1.33558477144 -4.39514646542e-22 -2.93009764361e-22 0.032658346305 
1.3349727854 -8.35682648905e-23 -5.57121765937e-23 0.0351915689856 
1.34790472807 -3.00624791503e-22 -2.00416527669e-22 0.0341974748703 
1.38532867661 2.12277517084e-22 1.41518344723e-22 0.0286855190689 
1.39160837998 -7.08782095812e-23 -4.72521397208e-23 0.0297073440601 
1.39160837998 -7.08782095812e-23 -4.72521397208e-23 0.0297073440601 
1.40492006076 -2.09973427287e-22 -1.39982284858e-22 0.027197336897 
1.40880650413 4.5514280192e-22 3.03428534614e-22 0.0266897024767 
1.39647029603 -8.64023031068e-23 -5.76015354045e-23 0.0305154617234 
1.3926677038 -4.29693180265e-22 -2.86462120177e-22 0.0309551997584 
1.39124981073 -4.66993669689e-22 -3.11329113126e-22 0.0287225765638 
1.38100267303 4.32617455397e-22 2.88411636931e-22 0.0293531385505 
1.34763681708 4.01960125672e-22 2.67973417115e-22 0.0333003128962 
1.34822214439 2.48776621342e-22 1.65851080895e-22 0.0308494202027 
1.29845432297 8.77784182086e-22 5.85189454724e-22 0.0374869373009 
1.24285056413 6.02307500133e-22 4.01538333422e-22 0.0421342269605 
1.20461328381 3.65372119581e-22 2.43581413054e-22 0.0465296455702 
1.1633696106 -5.42101086243e-20 -3.61400724162e-20 0.0499807742144 
1.10334729355 2.94759413065e-19 1.96506275377e-19 0.0564227555002 
1.04802014986 0.0105807631908 0.00705384212717 0.0614108964892 
0.989967264797 0.0248947248824 0.0165964832549 0.0655314310686 
0.938566990869 0.0405295681084 0.0270197120723 0.0684922154614 
0.868985283852 0.0646104707546 0.0430736471697 0.0719725910018 
0.949191994696 0.589499517543 0.392999678362 0.0356240097242 
0.93911267199 0.600800052794 0.400533368529 0.0346176090035 
0.91767959067 0.626110088025 0.41740672535 0.0302670835312 
0.906115325318 0.64166029649 0.427773530994 0.0276708267299 
0.8888270373 0.667410268715 0.444940179144 0.031137792578 
0.885080581769 0.674031581455 0.449354387637 0.026981395436 
0.883373860734 0.678599634716 0.452399756478 0.0280687270482 
0.892364161672 0.66707007596 0.444713383973 0.0276113423602 
0.891861029927 0.66878089477 0.445853929846 0.0305969066153 
0.902098424224 0.656968932032 0.437979288021 0.0298040015258 
0.92083739034 0.632893902717 0.421929268478 0.0275421825352 
0.940818128004 0.608166447331 0.40544429822 0.0265284714252 
0.950022069495 0.597510744548 0.398340496365 0.0269863028204 
0.951448103278 0.595789867398 0.397193244932 0.028327742453 
0.964569464869 0.58015268236 0.386768454906 0.0275437389092 
0.964569464869 0.58015268236 0.386768454906 0.0275437389092 
0.983484888518 0.558020631243 0.372013754162 0.0258174962937 
0.991173456073 0.547860560503 0.365240373669 0.0257630920516 
0.999507801337 0.53669744181 0.35779829454 0.0263947071435 
1.00228559667 0.531416895744 0.354277930496 0.0279935476663 
1.00658373517 0.522964315685 0.348642877124 0.0275901405906 
1.0023137478 0.524005397054 0.349336931369 0.0291084345792 
1.00253316757 0.522224032739 0.348149355159 0.0271729306019 
0.990570715881 0.52891872629 0.352612484194 0.0299997811029 
0.990570715881 0.52891872629 0.352612484194 0.0299997811029 
1.00837962962 0.509920572285 0.33994704819 0.0242358747928 
0.994283963192 0.518898985888 0.345932657259 0.0262521751592 
0.985616986495 0.52374746395 0.349164975966 0.0276218487204 
0.977628564087 0.528638749262 0.352425832841 0.0284392791893 
0.964595821007 0.539044529369 0.35936301958 0.0293617539612 
0.965674652891 0.537722253601 0.358481502401 0.0253437647724 
0.943308014144 0.558505832899 0.372337221933 0.0278044454945 
0.93051672576 0.571967379871 0.381311586581 0.0252807982948 
0.911297412911 0.593209211594 0.395472807729 0.0245302684356 
0.897165737671 0.609173226311 0.406115484207 0.0197748207508 
0.883956872495 0.623638175291 0.415758783528 0.0171921101399 
0.757982053828 0.589579410055 0.393052940037 0.0202713691194 
0.643698914763 0.459225443012 0.306150295341 0.0225170856384 
0.598035234847 0.460401731306 0.306934487537 0.0259545900843 
0.49890938995 0.408376444837 0.272250963225 0.032455826923 
0.404317428838 0.26510283714 0.17673522476 0.0589716359773 
0.248127398294 0.11830876648 0.0788725109864 -0.11801681623 
0.220589646672 0.136280980453 0.0908539869684 -0.10092586738 
0.128312600754 0.134831924907 0.0898879499382 -0.0518598026695 
0.0798350720297 0.0687419742833 0.0458279828555 -0.0317499519063 
0.0397384127378 0.173974048032 0.115982698688 -0.0391590526463 
0.00195799835299 0.24135803371 0.160905355807 -0.0451813612619 
-6.66061983832e-21 0.307419031538 0.204946021026 -0.0478786602512 
-6.66061983832e-21 0.307419031538 0.204946021026 -0.0478786602512 
-6.66061983832e-21 0.307419031538 0.204946021026 -0.0478786602512 
-6.66061983832e-21 0.307419031538 0.204946021026 -0.0478786602512 
-6.66061983832e-21 0.307419031538 0.204946021026 -0.0478786602512 
5.7707556967e-21 0.383576529511 0.255717686341 -0.06727974482 
1.06375068895e-20 0.279986201184 0.186657467456 -0.040157820542 
1.06375068895e-20 0.279986201184 0.186657467456 -0.040157820542 
1.06375068895e-20 0.279986201184 0.186657467456 -0.040157820542 
8.84069833305e-21 0.180703675524 0.120469117016 -0.0199515297597 
-5.37040030907e-21 0.289081769585 0.192721179724 -0.0268858521228 
-5.37040030907e-21 0.289081769585 0.192721179724 -0.0268858521228 
-2.0904285005e-21 0.350472576551 0.233648384367 -0.0331846161521 
2.68186749626e-21 0.407011855923 0.271341237282 -0.0517459420696 
2.10224927107e-21 0.345081019404 0.230054012936 -0.0401359821274 
0.0075833151531 0.426600176309 0.284400117539 -0.0880531174622 
0.0179175174093 0.398802029712 0.265868019808 -0.0717812223289 
0.0273758043593 0.358684345405 0.239122896937 -0.0577671685069 
0.0397681665894 0.406039681831 0.270693121221 -0.117234329544 
0.059157179053 0.391558007044 0.261038671363 -0.147985361022 
0.0891854377481 0.417349676479 0.278233117652 -0.167377830288 
0.111400750992 0.416126954692 0.277417969794 -0.16734947904 
0.146842862757 0.414014552 0.276009701333 -0.164909245361 
0.305649247019 0.721192041664 0.480794694443 0.0442347312437 
0.408361766338 0.745630373761 0.497086915841 0.0394307349741 
0.517488190955 0.774080000935 0.516053333957 0.036513273628 
0.623187534741 0.801624442309 0.534416294873 0.0366080662559 
0.849512497557 0.86477789343 0.57651859562 0.0377903914997 
0.848253620517 0.868938026273 0.579292017516 0.0417330614706 
0.851626812257 0.856838323742 0.571225549161 0.0432512019891 
0.853304413537 0.851665524715 0.567777016477 0.0433307947138 
0.854710281039 0.847907772953 0.565271848635 0.0453303637869 
0.858609231391 0.836558620065 0.55770574671 0.0435957105082 
0.856527330576 0.844188890441 0.562792593628 0.049763209908 
0.856527330576 0.844188890441 0.562792593628 0.049763209908 
0.852036781584 0.859804256186 0.573202837458 0.0602722746558 
0.855519398764 0.84848992076 0.565659947173 0.0699234556998 
0.855519398764 0.84848992076 0.565659947173 0.0699234556998 
0.852650261055 0.860447670437 0.573631780291 0.0844231054563 
0.848971853008 0.87454264355 0.583028429033 0.0960200353525 
0.846305046871 0.883070706317 0.588713804211 0.0998797196482 
0.837590959134 0.916129898416 0.610753265611 0.115089963263 
0.829757208793 0.944568422499 0.629712281666 0.126259795945 
0.76134206648 0.990574607912 0.660383071941 0.141460449077 
0.755866370439 1.04042827053 0.693618847023 0.158389022634 
0.679892321034 1.08511119209 0.723407461396 0.174132254897 
0.678430437948 1.13180787487 0.754538583248 0.186436691977 
0.593524912616 1.17545728821 0.783638192137 0.189212538327 
0.529504521515 1.24044005725 0.826960038168 0.200268871643 
0.5312005936 1.27636394449 0.850909296326 0.20708803425 
0.418687106372 1.34024334003 0.893495560022 0.178246343818 
0.371386614894 1.37783321978 0.918555479853 0.159690936232 
0.319948967844 1.41812121079 0.945414140525 0.141554063821 
0.396542574133 1.46017130736 0.97344753824 0.147078417095 
0.845631926759 1.43500758075 0.956671720503 0.358321531641 
0.811710207583 1.49601935163 0.99734623442 0.287234574229 
0.805054204139 1.55477666592 1.03651777728 0.184026661702 
0.821737474477 1.58591274749 1.05727516499 0.0706681051237 
0.979385909019 1.48681209956 0.991208066374 -0.523598775598 
1.00165617433 1.50407885272 1.00271923514 -0.523598775598 
1.02899683545 1.52307105777 1.01538070518 -0.523598775598 
1.0488994306 1.54057976638 1.02705317759 -0.523598775598 
1.06280812495 1.55230225702 1.03486817135 -0.523598775598 
1.07800505742 1.56475391703 1.04316927802 -0.523598775598 
1.08594449052 1.56911521016 1.04607680677 -0.523598775598 
1.09048876578 1.57534988969 1.05023325979 -0.523598775598 
1.09226869469 1.57853941339 1.05235960892 -0.523598775598 
1.09282591965 1.57926462244 1.05284308163 -0.523598775598 
1.0899353923 1.58088366876 1.05392244584 -0.523598775598 
1.07938367673 1.5768264675 1.051217645 -0.523598775598 
1.03854941041 1.5473822267 1.03158815113 -0.523598775598 
0.991193583082 1.50929049958 1.00619366638 -0.523598775598 
0.814408750039 1.46103629814 0.974024198762 0.332815339913 
0.798238178274 1.43451312641 0.956342084271 0.341797811944 
0.327193508006 1.41582169475 0.943881129834 0.15338105247 
0.548793841321 1.22026095564 0.813507303761 0.193324259334 
0.669863219251 1.09110931384 0.727406209229 0.157686981773 
0.806861192674 0.931703014207 0.621135342805 0.11716392453 
0.835629992305 0.836928666254 0.557952444169 0.0972829349906 
0.880755163393 0.736235828252 0.490823885501 0.0728769826677 
0.912062090911 0.692726063298 0.461817375532 0.0614592391937 
0.931574466406 0.665933162701 0.443955441801 0.0534359051901 
0.930424568093 0.667779809684 0.44518653979 0.0474317054175 
0.918029528472 0.687214254715 0.458142836476 0.0499211075359 
0.912033076788 0.699263921692 0.466175947794 0.0427964005865 
0.906851158918 0.710650999367 0.473767332911 0.0424144531099 
0.88569888224 0.750442931879 0.500295287919 0.0445432819482 
0.866538148141 0.792163838887 0.528109225924 0.0452070050312 
0.853386987352 0.824417899865 0.549611933243 0.0358439607936 
0.835877090084 0.872531425379 0.581687616919 0.0289574148298 
0.829048312421 0.895946679468 0.597297786312 0.0239769333701 
0.82642193057 0.906990787993 0.604660525329 0.0166649813591 
0.823313224476 0.921290582515 0.614193721677 0.0143080277713 
0.819520067225 0.942190736274 0.628127157516 0.0114131969554 
0.81916896898 0.953756996785 0.635837997857 0.00657673844804 
0.81793946638 0.973824181248 0.649216120832 0.00593905831778 
1.50036236047 1.03588415992 0.690589439948 0.0820832721172 
1.52425468938 1.04074350104 0.693829000692 0.0868023642166 
1.53238718775 1.05150866745 0.701005778303 0.0932862096423 
1.54127648985 1.05470596416 0.703137309439 0.0949930229591 
1.5475491431 1.05614162035 0.70409441357 0.0960038124917 
1.55585840349 1.0560107786 0.704007185736 0.0971996130826 
1.56860674629 1.05321665953 0.702144439685 0.0971400794843 
1.57079632679 1.05309444558 0.702062963719 0.095392268038 
1.57079632679 1.05398659259 0.70265772839 0.0972976736662 
1.57029408066 1.05580422813 0.703869485417 0.100327610233 
1.57052469872 1.05612465742 0.704083104948 0.0997458612344 
1.57079632679 1.05279779038 0.701865193585 0.095212553519 
1.57079632679 1.05015517369 0.700103449125 0.0924989006892 
1.57079632679 1.04754699946 0.698364666307 0.094010583417 
1.57079632679 1.04292190336 0.695281268903 0.0882939505129 
1.57079632679 1.04000900603 0.693339337352 0.0862462896165 
1.57079632679 1.03657200774 0.691048005161 0.0833219630106 
1.56586458018 1.03910740385 0.692738269231 0.0866514361438 
1.56891267037 1.03733490306 0.691556602042 0.0856971838291 
1.56197101622 1.03915173215 0.692767821431 0.0863809923665 
1.5536770586 1.04113258016 0.694088386776 0.0864645267214 
1.55572183082 1.04021616171 0.69347744114 0.0860690287604 
1.54948868076 1.0430909587 0.695393972465 0.086694152684 
1.54980825617 1.04311283476 0.695408556505 0.0872615565309 
1.55687448724 1.03993009933 0.693286732886 0.0856446347027 
1.55145027342 1.04127998469 0.694186656463 0.0860508546407 
1.54687515966 1.04180864911 0.694539099405 0.0859723280591 
1.53298139949 1.04564088303 0.697093922017 0.0867456426723 
1.53253121381 1.04610615578 0.697404103855 0.0850234288374 
1.53502414923 1.04553189419 0.697021262796 0.0846203526444 
1.535534089 1.04697210441 0.697981402937 0.0857671066872 
1.55437569405 1.04228194553 0.694854630351 0.0838801374847 
1.55318528828 1.04530917297 0.696872781981 0.0845002304262 
1.54640723407 1.04775337914 0.698502252757 0.0850145050614 
1.55227842205 1.04664914078 0.697766093851 0.0842849301434 
1.55036211459 1.04635876808 0.697572512054 0.08402837459 
1.53663126449 1.04983771309 0.699891808728 0.0829441587214 
1.53051872271 1.0508235658 0.700549043863 0.0828975290233 
1.53500734798 1.04827015479 0.698846769857 0.0818261635384 
1.52639019125 1.05090139855 0.700600932366 0.0835828813784 
1.52693828449 1.05171183655 0.701141224369 0.0843161364102 
1.53277540366 1.04962097049 0.699747313658 0.0838527584488 
1.52928865452 1.05099116089 0.700660773929 0.0842818914924 
1.52461776839 1.05282648007 0.701884320046 0.0845600748892 
1.52757825954 1.05218909739 0.701459398263 0.0843856145264 
1.52816383256 1.05219710042 0.701464733615 0.0839422112262 
1.53060225686 1.0511637614 0.700775840935 0.0839663411416 
1.54132510982 1.04830345622 0.698868970816 0.0828685857992 
1.53046374852 1.05072494811 0.70048329874 0.0840712719383 
1.53052794314 1.05099877237 0.700665848245 0.0845991563036 
1.53893726371 1.04954198972 0.699694659817 0.0837862654023 
1.53407194148 1.05083407679 0.700556051193 0.0842025364809 
1.53998102459 1.0507875706 0.700525047066 0.0850917740932 
1.53818156591 1.05073240855 0.700488272368 0.0840427830602 
1.5538510446 1.04705434479 0.698036229858 0.0832039679461 
1.5465668348 1.04993822162 0.699958814414 0.0844291577132 
1.54385244222 1.05129887312 0.700865915416 0.0850114885732 
1.55311687431 1.04800970895 0.698673139303 0.0837362945277 
1.55351629477 1.04755128334 0.698367522226 0.0832612095182 
1.54106758413 1.0512442499 0.700829499931 0.0845811140484 
1.53230141029 1.05324844195 0.702165627967 0.0850326500499 
1.5468163881 1.04899224679 0.699328164527 0.0834742493226 
1.54433670087 1.04913347319 0.699422315463 0.0833314521432 
1.54152435079 1.05079273221 0.700528488138 0.0832061915985 
1.53438734751 1.053943617 0.702629078002 0.0834571092854 
