0.0 0.0 0.0 0.0 
-3.4733327643e-21 0.416476114064 0.277650742709 0.34302333786 
-3.4733327643e-21 0.416476114064 0.277650742709 0.34302333786 
-3.4733327643e-21 0.416476114064 0.277650742709 0.34302333786 
-3.4733327643e-21 0.416476114064 0.277650742709 0.34302333786 
-3.4733327643e-21 0.416476114064 0.277650742709 0.34302333786 
-3.4733327643e-21 0.416476114064 0.277650742709 0.34302333786 
-3.4733327643e-21 0.416476114064 0.277650742709 0.34302333786 
-3.4733327643e-21 0.416476114064 0.277650742709 0.34302333786 
-3.4733327643e-21 0.416476114064 0.277650742709 0.34302333786 
-3.4733327643e-21 0.416476114064 0.277650742709 0.34302333786 
3.67034167292e-21 0.467418027537 0.311612018358 0.346358650664 
-4.96584216841e-22 0.511857695105 0.341238463403 0.359733763521 
-1.2773427868e-21 0.564281952976 0.376187968651 0.384618996644 
6.60693467437e-20 0.546498823979 0.364332549319 0.523598775598 
8.48408711074e-21 0.566967971168 0.377978647445 0.523598775598 
-5.56458312534e-22 0.579316838682 0.386211225788 0.523598775598 
7.87302920663e-21 0.583366834127 0.388911222751 0.523598775598 
7.87302920663e-21 0.583366834127 0.388911222751 0.523598775598 
7.87302920663e-21 0.583366834127 0.388911222751 0.523598775598 
7.87302920663e-21 0.583366834127 0.388911222751 0.523598775598 
-7.17419409449e-21 0.579105244363 0.386070162909 0.523598775598 
1.16314553565e-20 0.575882538826 0.383921692551 0.523598775598 
-3.35437594488e-21 0.579477581934 0.386318387956 0.523598775598 
7.00618281085e-21 0.576461862801 0.384307908534 0.523598775598 
2.95732750249e-21 0.573907256081 0.382604837388 0.523598775598 
1.90542994896e-20 0.56604000689 0.377360004593 0.523598775598 
1.90542994896e-20 0.56604000689 0.377360004593 0.523598775598 
1.90542994896e-20 0.56604000689 0.377360004593 0.523598775598 
1.1771411404e-20 0.560474662563 0.373649775042 0.523598775598 
-1.02949022298e-20 0.556967368038 0.371311578692 0.523598775598 
-1.02949022298e-20 0.556967368038 0.371311578692 0.523598775598 
1.04158657161e-20 0.546185331218 0.364123554145 0.523598775598 
1.04158657161e-20 0.546185331218 0.364123554145 0.523598775598 
1.04158657161e-20 0.546185331218 0.364123554145 0.523598775598 
-1.42620266787e-20 0.537890266253 0.358593510835 0.523598775598 
-1.42620266787e-20 0.537890266253 0.358593510835 0.523598775598 
3.36443664747e-20 0.533363103655 0.355575402437 0.523598775598 
-1.68746306193e-20 0.528461713308 0.352307808872 0.522733118906 
-1.68746306193e-20 0.528461713308 0.352307808872 0.522733118906 
-1.54620837417e-20 0.524362358275 0.349574905516 0.520662355404 
-1.0025286577e-21 0.525138614875 0.350092409917 0.491482029175 
8.99888413114e-21 0.52351665614 0.349011104094 0.465455325494 
-4.22950930029e-21 0.525541141696 0.350360761131 0.431819223542 
-2.18240997563e-21 0.530802498064 0.353868332043 0.397781200348 
2.32995232228e-20 0.52543770363 0.35029180242 0.394939511574 
-5.5579713641e-21 0.543051114495 0.36203407633 0.33966354511 
-3.67606613552e-22 0.66872678791 0.445817858607 -0.00525549157863 
-2.11678290391e-18 0.650108992809 0.433405995206 0.0167397675299 
-1.33122504291e-17 0.611015192657 0.407343461771 0.073154571511 
0.0203809672026 0.599815756284 0.399877170856 0.0706999148414 
0.0562255873198 0.60967852884 0.40645235256 0.0300172514503 
0.0806308485808 0.597774333986 0.398516222657 0.0245900284428 
0.116659622158 0.579439247713 0.386292831809 0.0185372772037 
0.15573972181 0.579295703184 0.386197135456 0.0213048687547 
0.218301866762 0.573314398374 0.382209598916 0.0282868558801 
0.314566447368 0.583057295359 0.388704863573 0.0361934253854 
0.436417031589 0.590641808703 0.393761205802 0.0415835519389 
0.555872307715 0.594377648841 0.396251765894 0.0499719034216 
0.679430565148 0.572732170092 0.381821446728 0.0616563860702 
0.769487634158 0.500050211117 0.333366807412 0.0708088252157 
0.86013978959 0.435234338833 0.290156225889 0.0718436152931 
0.949384480187 0.373943459473 0.249295639648 0.0726011202682 
0.98178542187 0.198117332017 0.132078221345 0.0819190970135 
1.02487372684 0.0576530481295 0.0384353654197 0.0932402991383 
1.09850860202 -4.0412810548e-18 -2.69418736987e-18 0.0837528863045 
1.17843974389 -1.40422110671e-22 -9.36147404474e-23 0.0733127044778 
1.24021707033 1.67280416102e-22 1.11520277401e-22 0.066301290243 
1.29231334669 -6.74370046716e-22 -4.49580031144e-22 0.0574899044411 
1.33437794807 -5.39750343781e-22 -3.59833562521e-22 0.0485669105453 
1.36910655964 4.48132981523e-23 2.98755321015e-23 0.0419155499399 
1.38484009769 1.98341232315e-21 1.3222748821e-21 0.0321495613738 
1.39615680063 6.1696490983e-22 4.11309939887e-22 0.0288894672108 
1.40447057243 7.27965450535e-22 4.85310300356e-22 0.0262475527581 
1.41255595205 6.24611633267e-22 4.16407755512e-22 0.024622381095 
1.41275694384 -1.39212070587e-22 -9.28080470578e-23 0.0257340415087 
1.41544878074 2.06150009162e-22 1.37433339441e-22 0.0249269117355 
1.41958142641 3.72879820647e-22 2.48586547098e-22 0.0225178055876 
1.42193780219 -9.07555652942e-23 -6.05037101961e-23 0.0205310006924 
1.42042198997 7.537075454e-22 5.02471696933e-22 0.0217542436038 
1.42275844496 -8.48720196474e-22 -5.65813464316e-22 0.0220708181807 
1.41077489897 8.07142129205e-22 5.38094752803e-22 0.0236696403307 
1.40636556373 -8.07113198087e-24 -5.38075465391e-24 0.0246518540489 
1.3991441244 1.23877285317e-21 8.2584856878e-22 0.027534674163 
1.3888067907 -7.07880673908e-22 -4.71920449272e-22 0.0291718193679 
1.38438717678 9.90855639234e-23 6.60570426156e-23 0.029655608416 
1.37942802226 1.02226120055e-22 6.81507467034e-23 0.0297287666964 
1.37005350852 -1.90520587747e-22 -1.27013725165e-22 0.0317811790413 
1.36780076239 -5.812343758e-22 -3.87489583867e-22 0.0301819732798 
1.37042256467 5.31891659355e-22 3.5459443957e-22 0.0288757708425 
1.36583724078 -2.89252020145e-22 -1.92834680096e-22 0.0284280377791 
1.3703461039 6.23616449589e-22 4.15744299726e-22 0.0278094326194 
1.36333858254 5.06052145493e-22 3.37368096996e-22 0.0298473837845 
1.36023120012 -8.05393642332e-22 -5.36929094888e-22 0.0323326275594 
1.35825928114 5.73923519806e-22 3.82615679871e-22 0.0337226317304 
1.35825928114 5.73923519806e-22 3.82615679871e-22 0.0337226317304 
1.3514092518 1.3807328861e-21 9.20488590732e-22 0.0357376572861 
1.34749092644 -4.44601110844e-23 -2.96400740563e-23 0.0385973817497 
1.34132034159 1.72890067292e-22 1.15260044862e-22 0.0379236149867 
1.33888232405 6.95358364816e-22 4.63572243211e-22 0.0366443780761 
1.31612027149 -6.372292444e-22 -4.24819496267e-22 0.0373066471207 
1.28858083092 8.63455017217e-23 5.75636678144e-23 0.0399745551221 
1.25088431861 7.49296322956e-20 4.99530881971e-20 0.0429414834856 
1.19817124695 2.04740136039e-18 1.36493424026e-18 0.0446511171314 
1.13987452631 -1.28655473238e-18 -8.57703154921e-19 0.0484041765258 
1.08588693423 0.014673993065 0.00978266204333 0.0478548696823 
0.989723345118 0.0471110823538 0.0314073882359 0.0479762266354 
0.900535310456 0.181112615509 0.120741743673 0.0309190153002 
0.761987041036 0.232974173393 0.155316115596 0.0184815286122 
0.552404326099 0.180931226063 0.120620817376 0.00848667867766 
0.3784420507 0.129506417832 0.0863376118882 -0.0358911891386 
0.24756074517 0.0876657187013 0.0584438124675 -0.0190745400317 
0.152979884677 0.0562075711124 0.0374717140749 0.00354560213801 
0.0952512892654 0.0230743971289 0.0153829314192 0.00988163841319 
0.0610150300362 0.0279893671778 0.0186595781185 0.00820243721388 
0.0379825302211 0.0167022462547 0.0111348308365 0.00744032195445 
0.0229398774628 0.0129462973768 0.00863086491788 0.00567596646567 
0.013902510599 0.00936866683341 0.00624577788894 0.00289145971489 
0.00741443208768 0.00176968970839 0.00117979313893 0.00179519914079 
0.00307374470768 0.00246507791228 0.00164338527485 0.000261375019985 
-2.20663416342e-21 -1.41594859033e-21 -9.43965726884e-22 -1.12961668494e-09 
0.00147797999359 0.000104283167421 6.95221116143e-05 -0.0021456774505 
0.0059190766353 8.40834718834e-22 5.60556479223e-22 -0.00467321204822 
0.00662168618457 0.0189721785902 0.0126481190601 -0.00858718208063 
0.00979835703757 0.0323835764707 0.0215890509804 -0.0108892734019 
0.0175963247524 0.0349292683309 0.0232861788873 -0.0113302153414 
0.0265494644487 0.0278818116177 0.0185878744118 -0.0114429083923 
0.0313390498016 0.0342779478549 0.0228519652366 -0.0118576342329 
0.0393701436479 0.0369794839623 0.0246529893082 -0.0121189023121 
0.0428020608057 0.0407225921695 0.0271483947797 -0.0129007883876 
0.0534747557705 0.0383332972505 0.0255555315003 -0.0121695960077 
0.0570217218698 0.0331710789179 0.022114052612 -0.013769660772 
0.0640186874902 0.0322580404693 0.0215053603129 -0.0155859307708 
0.0761000160087 0.0475597382601 0.0317064921734 -0.0215866117855 
0.0947445044641 0.0533524027227 0.0355682684818 -0.0257631522784 
0.122711270923 0.0486658935544 0.0324439290363 -0.0305024657787 
0.160359595929 0.0874490744733 0.0582993829822 -0.0532992704825 
0.215505336792 0.0692488081719 0.0461658721146 -0.0631256060749 
0.293035897751 0.0410511046993 0.0273674031329 -0.0937239299972 
0.374718783911 0.0203279275076 0.0135519516717 -0.0894893249633 
0.503122779018 0.135986020572 0.0906573470479 0.0746667407182 
0.632350072569 0.108508654296 0.072339102864 0.0832141268383 
0.750707189224 0.0788223925394 0.052548261693 0.0817867193585 
0.861167682742 0.0469386745427 0.0312924496951 0.0766599596413 
0.965392803301 0.0136559633515 0.00910397556768 0.0737404350644 
1.05972093962 -4.81148295604e-20 -3.20765530403e-20 0.0632869710534 
1.13996840336 -8.39283063991e-22 -5.5952204266e-22 0.055066669571 
1.21673835357 3.65052322635e-22 2.4336821509e-22 0.0449317253408 
1.29312288377 1.72557257441e-21 1.15038171627e-21 0.0326950849635 
1.34605378706 6.49518470283e-23 4.33012313522e-23 0.0282251451878 
1.39593040975 1.30411890841e-21 8.69412605606e-22 0.0202737791271 
1.43038884206 2.97961484456e-21 1.98640989638e-21 0.0156821824072 
1.45173792079 2.29428658374e-21 1.52952438916e-21 0.0118339797792 
1.46000859531 6.94061806683e-22 4.62707871122e-22 0.00789622093989 
1.46786857623 -3.29349681106e-22 -2.19566454071e-22 0.00406824769545 
1.4747985637 -9.6333134597e-22 -6.42220897313e-22 -0.00136645981339 
1.47409480991 1.15426048266e-21 7.6950698844e-22 -0.00318852503398 
1.46961228446 -4.51402869717e-22 -3.00935246478e-22 -0.00287399351407 
1.46781441337 -5.00994980081e-22 -3.33996653387e-22 -0.00353443041027 
1.46578077482 -9.30916802542e-23 -6.20611201695e-23 -0.00399681511744 
1.46236005508 -4.06575814682e-20 -2.71050543121e-20 -0.00462323233749 
1.45655779495 6.62877563781e-19 4.41918375854e-19 -0.0043680803189 
1.45566119059 0.000177213688422 0.000118142458948 -0.00536018461801 
1.45760837584 0.0100419362224 0.0066946241483 -0.00572861534926 
1.45107153821 0.011371177311 0.00758078487402 -0.00707689261318 
1.45354296016 0.0236544389922 0.0157696259948 -0.00781574883766 
1.45621935593 0.0503873165403 0.0335915443602 -0.00624872929215 
1.4431265239 0.0311791606683 0.0207861071122 -0.00836904483503 
1.43924992824 0.0318266948053 0.0212177965369 -0.0102667149852 
1.43730625343 0.0323058418774 0.0215372279183 -0.00967046858262 
1.41990744947 1.3738395372e-18 9.15893024801e-19 -0.00857690561202 
1.41514506055 2.38370080031e-21 1.58913386688e-21 -0.00827066075258 
1.41168792248 -6.53993137553e-23 -4.35995425035e-23 -0.00762061078284 
1.41487782966 1.41954634833e-05 9.46364232218e-06 -0.00800568367076 
1.42321592159 0.0334068100819 0.0222712067212 -0.00636257055394 
1.42304068262 0.0334776352045 0.0223184234697 -0.00564023570532 
1.42782566556 0.0494309099887 0.0329539399925 -0.00412027905687 
1.42420427199 0.0387762719576 0.0258508479717 -0.00589794922581 
1.41715657653 0.0400481727119 0.0266987818079 -0.0022458648855 
1.41209835549 0.0235482943257 0.0156988628838 -0.00462050715897 
1.41567208965 0.0346868939319 0.0231245959546 -0.0032034167253 
1.4205661541 0.0590999774215 0.0393999849476 -0.00232825785719 
1.41530462214 0.0848463433812 0.0565642289208 -0.000262924085508 
1.41164797498 0.127000986032 0.0846673240211 -0.00110934784909 
1.3851571274 0.134885670956 0.0899237806374 0.000642950096748 
1.32922211129 0.0861185929777 0.0574123953184 0.00398035077504 
1.28862050488 0.0977663232673 0.0651775488448 0.00888203987021 
1.2680995644 0.147221135679 0.0981474237859 0.0123968033078 
1.22649836574 0.16108308322 0.107388722147 0.0158120330414 
1.16550919491 0.183212425349 0.122141616899 0.017707651598 
1.12118308903 0.253711235467 0.169140823645 0.0204576103672 
1.03250177143 0.249188976747 0.166125984498 0.0186584015303 
0.943737249488 0.289955915124 0.193303943416 0.0167317084604 
0.846712409902 0.335188342544 0.223458895029 0.0109211974529 
0.622192807954 0.106936863674 0.071291242449 0.00311348368801 
0.444365320217 5.14753986786e-18 3.43169324524e-18 -0.109081049042 
0.331051418805 0.0464466292402 0.0309644194934 -0.113853467826 
0.204485977091 -2.8825774644e-17 -1.9217183096e-17 0.00292192322037 
0.128500784746 2.36244690176e-18 1.57496460117e-18 0.0162645489346 
0.0774549017952 4.48375103188e-21 2.98916735459e-21 0.021326135708 
0.0442243435811 -2.47017302064e-21 -1.64678201376e-21 0.0246945987131 
0.0228247921749 -2.03152719002e-21 -1.35435146001e-21 0.0280436459413 
0.0051808452268 2.05259645201e-21 1.36839763467e-21 0.026989644986 
4.33680868994e-19 5.51455591556e-22 3.67637061037e-22 0.0275360152372 
2.22118173084e-21 3.70768324682e-22 2.47178883122e-22 0.0304031157977 
2.22118173084e-21 3.70768324682e-22 2.47178883122e-22 0.0304031157977 
2.22118173084e-21 3.70768324682e-22 2.47178883122e-22 0.0304031157977 
2.22118173084e-21 3.70768324682e-22 2.47178883122e-22 0.0304031157977 
2.22118173084e-21 3.70768324682e-22 2.47178883122e-22 0.0304031157977 
2.22118173084e-21 3.70768324682e-22 2.47178883122e-22 0.0304031157977 
2.22118173084e-21 3.70768324682e-22 2.47178883122e-22 0.0304031157977 
2.22118173084e-21 3.70768324682e-22 2.47178883122e-22 0.0304031157977 
2.22118173084e-21 3.70768324682e-22 2.47178883122e-22 0.0304031157977 
2.22118173084e-21 3.70768324682e-22 2.47178883122e-22 0.0304031157977 
2.22118173084e-21 3.70768324682e-22 2.47178883122e-22 0.0304031157977 
1.25321534603e-21 -6.03857392695e-22 -4.0257159513e-22 0.0267652172489 
-4.24930859731e-21 -1.90272105062e-21 -1.26848070041e-21 0.0216687346014 
0.013344352818 4.9063998803e-21 3.27093325353e-21 0.0179920920581 
0.0344054574958 -1.83812155535e-21 -1.22541437023e-21 0.0134330112571 
0.0762776539258 7.44846770653e-23 4.96564513769e-23 0.0112386978008 
0.118944544517 -1.22774765492e-22 -8.18498436613e-23 0.00435860133332 
0.171665711778 1.89305163505e-21 1.26203442337e-21 -0.0107005600078 
0.258458187808 4.15641613616e-23 2.77094409077e-23 -0.0433592433039 
0.358123251185 1.01684934223e-22 6.77899561489e-23 -0.115137162605 
0.479743241259 0.0776327913943 0.0517551942628 0.0423645451873 
0.596723245861 0.0623979403575 0.041598626905 0.0700243741188 
0.721531552009 0.111899005332 0.074599336888 0.0540489772455 
0.811897477906 0.0841023298263 0.0560682198842 0.0549819827219 
0.901434732349 0.0553373238351 0.0368915492234 0.0532323219451 
0.975046234427 0.0313225144356 0.0208816762904 0.0521052876413 
1.03262850386 0.0118609351229 0.00790729008194 0.0505476721023 
1.06419226702 -2.98977336315e-20 -1.9931822421e-20 0.0532190563677 
1.08829888265 -2.24423713536e-22 -1.49615809024e-22 0.0533710969854 
1.11003090219 1.83361513654e-22 1.22241009103e-22 0.0494606626361 
1.11967222359 1.2963285534e-21 8.64219035602e-22 0.047849299775 
1.12892097313 -2.00853647362e-22 -1.33902431574e-22 0.0458884998363 
1.11905428952 -4.91387269211e-22 -3.27591512808e-22 0.0440208475557 
1.10785759412 1.15280115629e-19 7.68534104191e-20 0.0483180722865 
1.10454679175 2.44419813581e-22 1.62946542387e-22 0.0480470575824 
1.10039555577 4.01867978268e-22 2.67911985512e-22 0.0463617392584 
1.09299785074 -5.38636475798e-20 -3.59090983865e-20 0.0501105262998 
1.09794936069 -2.72207661657e-23 -1.81471774438e-23 0.04848665423 
1.09929552628 -1.36197633054e-22 -9.07984220358e-23 0.0469029491677 
1.1019431654 1.09270985089e-22 7.28473233925e-23 0.0487771174827 
1.09727797229 6.56871574382e-23 4.37914382921e-23 0.0520287553986 
1.09802956311 8.02758403162e-23 5.35172268775e-23 0.0539691539694 
1.1019670523 1.23713718104e-22 8.24758120696e-23 0.0523783905642 
1.10246967977 -2.4479493133e-22 -1.63196620886e-22 0.0539892259425 
1.09922476563 1.43011237966e-22 9.53408253109e-23 0.0560141616865 
1.09578402117 6.67799544577e-20 4.45199696385e-20 0.0587673451204 
1.09493002088 6.71659710499e-23 4.47773140332e-23 0.0574325919699 
1.0754330336 0.00632958587852 0.00421972391901 0.0696211009212 
1.06455097469 0.01078338059 0.00718892039334 0.0749689070488 
1.05469621215 0.0170887993464 0.0113925328976 0.081011376299 
1.03340164185 0.0279739575811 0.0186493050541 0.089426585267 
1.0306457488 0.119578638589 0.0797190923924 0.0915524753247 
1.0085244638 0.130466152185 0.0869774347901 0.101347777283 
0.965590759132 0.153881014114 0.102587342742 0.123144781796 
0.980786242837 0.334553563958 0.223035709305 0.116541524554 
0.958993165569 0.45813035891 0.305420239273 0.130204678471 
0.939094499838 0.567635293578 0.378423529052 0.137182703459 
0.878158397729 0.6482811096 0.4321874064 0.149724744684 
0.878279265428 0.741241993942 0.494161329295 0.149959362901 
0.844664689553 0.8217899465 0.547859964333 0.154309338212 
0.7807367298 0.90586194196 0.603907961307 0.158039680634 
0.725489679568 0.97559802475 0.650398683166 0.160127182305 
0.667830133596 1.04149800148 0.694332000989 0.157991267055 
0.627563671796 1.08337559035 0.722250393569 0.153133555467 
0.594856814064 1.11416141227 0.742774274849 0.14917077794 
0.592263795494 1.13602798699 0.757351991325 0.144653211986 
0.554933464449 1.15077624018 0.767184160121 0.13529021491 
0.554621581133 1.15854725579 0.77236483719 0.132910406503 
0.554033456213 1.16348289161 0.775655261072 0.12904431143 
0.553720103669 1.16587413563 0.777249423756 0.129019923501 
0.55352498327 1.16401337081 0.77600891387 0.128078367824 
0.553810655936 1.15264138224 0.768427588159 0.125748098724 
0.592812669152 1.12740081292 0.751600541945 0.132680321705 
0.637090444577 1.08964666382 0.726431109215 0.136391173956 
0.690354662246 1.03292961196 0.688619741309 0.140328987208 
0.746415228106 0.966346230592 0.644230820395 0.142106597831 
0.808949599834 0.882310064019 0.588206709346 0.138825910016 
0.842152818044 0.766754906328 0.511169937552 0.133311696921 
0.903165197835 0.644596491431 0.429730994287 0.124585594878 
0.973972648252 0.53929731483 0.35953154322 0.110475683589 
0.972468400905 0.317642176008 0.211761450672 0.111027575311 
1.01681837752 0.165715182127 0.110476788085 0.10304099568 
1.07857767264 0.135521131903 0.0903474212685 0.0821411441136 
1.13312355763 0.108372916912 0.0722486112745 0.0660246774624 
1.14247942077 -6.03848748215e-18 -4.02565832143e-18 0.0584521605959 
1.17561974672 2.19808883983e-23 1.46539255989e-23 0.0460902195012 
1.20345542787 -3.11659810755e-23 -2.0777320717e-23 0.0350915170191 
1.22979104573 -1.41474460932e-22 -9.43163072882e-23 0.0276703510138 
1.25396650901 -5.39729668889e-23 -3.59819779259e-23 0.020228602277 
1.27039066884 3.55697595616e-23 2.37131730411e-23 0.0170935639424 
1.29068780384 6.11572816922e-07 4.07715211281e-07 0.0123382937131 
1.29757765907 8.13752463179e-07 5.4250164212e-07 0.0107542077892 
1.30202734729 2.50096927767e-07 1.66731285178e-07 0.010221813081 
1.30132991392 0.000667967321894 0.000445311547929 0.0122056461093 
1.29798672763 0.00325057722755 0.00216705148503 0.00835733332286 
1.3102122596 0.0438251163939 0.0292167442626 0.00552264774954 
1.3176670048 0.0760427898319 0.0506951932213 0.00269199541166 
1.32921472085 0.115812518292 0.0772083455283 0.00299623318946 
1.32937450592 0.116021435581 0.0773476237206 -0.00116804454502 
1.34671839663 0.161217058678 0.107478039119 -0.00407806931002 
1.34690314555 0.161147465869 0.107431643913 -0.00606190455475 
1.35074392429 0.159728006066 0.106485337377 -0.0084154144935 
1.35535681356 0.158234714705 0.105489809803 -0.0127702895385 
1.37922614345 0.196648357538 0.131098905025 -0.0129211265349 
1.38153471694 0.195839666963 0.130559777976 -0.0148755375494 
1.38432069611 0.194709333987 0.129806222658 -0.0157969562407 
1.40570517393 0.231870551173 0.154580367448 -0.016213215712 
1.40352664856 0.233720206056 0.155813470704 -0.0144553399368 
1.40130944353 0.233718805601 0.155812537068 -0.0140464556133 
1.39247130802 0.213718862077 0.142479241384 -0.0148316406746 
1.39423821814 0.213251180272 0.142167453515 -0.0159266167978 
1.39441145894 0.213125454543 0.142083636362 -0.0148421991476 
1.39438093256 0.2130405394 0.142027026267 -0.0142636750274 
1.39856043951 0.212912911199 0.141941940799 -0.0117487134509 
1.40371914191 0.231950938841 0.154633959227 -0.00971896018446 
1.39345464523 0.210700702263 0.140467134842 -0.0119954225254 
1.38343256795 0.182639246578 0.121759497719 -0.0130056571197 
1.39016907625 0.179909619766 0.119939746511 -0.00968315650208 
1.3590582797 0.0935928846606 0.0623952564404 -0.00418808132299 
1.32904296758 0.0263834958666 0.0175889972444 0.00621994215759 
1.29719220223 -3.24985078957e-18 -2.16656719305e-18 0.0198395100787 
1.26520708764 -7.02348866333e-19 -4.68232577555e-19 0.0382281066696 
1.22414112497 2.92463519142e-18 1.94975679428e-18 0.0574881623913 
1.18227564336 0.00658326513928 0.00438884342619 0.0784228892763 
1.13139337783 0.0201016717411 0.0134011144941 0.101949613448 
1.05361279042 0.0489317633494 0.0326211755663 0.131763066628 
1.02715058168 0.289872869158 0.193248579439 0.129919603712 
0.995413246212 0.447469372729 0.298312915153 0.13210561855 
0.962226610664 0.597003074619 0.398002049746 0.1379688554 
0.906324730459 0.687513516732 0.458342344488 0.144642275047 
0.874702993071 0.774655899471 0.516437266314 0.146428223761 
0.857081997042 0.847746756057 0.565164504038 0.148058323025 
0.845051642097 0.901415679797 0.600943786531 0.148456598739 
0.83473067767 0.938298056692 0.625532037794 0.14649427944 
0.779641867148 0.971091657207 0.647394438138 0.144357688373 
0.775545872921 0.994821676013 0.663214450675 0.141631817978 
0.769603524473 1.01171317896 0.674475452639 0.139238970801 
0.73649920053 1.02214535023 0.681430233489 0.133628010476 
0.7355268782 1.03059233686 0.687061557909 0.136654874435 
0.733826385259 1.03815897083 0.692105980554 0.133067698152 
0.733230376 1.04047889255 0.693652595036 0.131735648614 
0.732332419248 1.04560947372 0.697072982478 0.132599376733 
0.72807078275 1.05101722883 0.700678152556 0.1291229013 
0.726885820574 1.05470344492 0.703135629946 0.130484764753 
0.725421873941 1.05796459762 0.705309731746 0.131218223244 
0.72478095432 1.0545261889 0.70301745927 0.129516392688 
0.72478095432 1.0545261889 0.70301745927 0.129516392688 
0.72478095432 1.0545261889 0.70301745927 0.129516392688 
0.721561626255 1.05540681724 0.703604544828 0.12298146792 
0.721561626255 1.05540681724 0.703604544828 0.12298146792 
0.721561626255 1.05540681724 0.703604544828 0.12298146792 
0.720033378988 1.05943425174 0.706289501161 0.125815636578 
0.719460890973 1.05631998952 0.704213326347 0.12443842194 
0.718302331896 1.05844242802 0.705628285347 0.124860869869 
0.718302331896 1.05844242802 0.705628285347 0.124860869869 
0.717694128631 1.05640823815 0.704272158765 0.123180513666 
0.716695480252 1.05855338169 0.705702254462 0.123862824734 
0.716695480252 1.05855338169 0.705702254462 0.123862824734 
0.716358414501 1.0552840493 0.703522699532 0.120885704548 
0.71613780236 1.05349183418 0.702327889453 0.117490302615 
0.714463414481 1.06169991834 0.707799945559 0.112639040529 
0.680896902429 1.08230206368 0.721534709122 0.104397909954 
0.631920263616 1.12419287157 0.749461914379 0.0932857870739 
0.527202677071 1.20692144271 0.804614295137 0.0628757636671 
0.391161564699 1.29597293864 0.863981959094 0.0181047140588 
0.246986255354 1.37674559614 0.917830397424 -0.0400639758734 
0.0638302598932 1.44472480089 0.963149867258 -0.112741590285 
0.0692932193387 1.49736699513 0.998244663421 -0.147026243963 
0.781145512891 1.4986000132 0.999066675465 0.0241051209225 
0.846362738915 1.51609297541 1.01072865027 0.0226159934693 
0.887716410061 1.52896431684 1.01930954456 0.0144673175974 
0.908929113241 1.5361645621 1.02410970806 -0.000793487764096 
0.933721853232 1.53877293314 1.02584862209 -0.00162563549356 
0.944167460327 1.54216938638 1.02811292425 -0.00923925050212 
0.951437563595 1.54437127265 1.02958084843 -0.0136581772875 
0.956993471442 1.54560341447 1.03040227631 -0.0169113418743 
0.961362130742 1.54597557588 1.03065038392 -0.0190992808647 
0.965175802709 1.54628201584 1.03085467722 -0.0205964193313 
0.96539870371 1.54729398243 1.03152932162 -0.0206517708564 
0.965619856035 1.54819472628 1.03212981752 -0.0207039443703 
0.969119671954 1.54717626371 1.03145084248 -0.02157842424 
0.969173645896 1.54698461202 1.03132307468 -0.0215626000129 
0.969227853891 1.546415648 1.03094376534 -0.0215645745094 
0.973543831345 1.5460805432 1.03072036213 -0.0229836048037 
0.97368764262 1.54692707843 1.03128471895 -0.0229963617229 
0.973681543965 1.54653333122 1.03102222081 -0.0229641027268 
0.973580133803 1.54553336507 1.03035557672 -0.0228978805192 
0.973342684343 1.54447697914 1.02965131943 -0.0227564976341 
0.968465788033 1.54227130858 1.02818087238 -0.0187373472333 
0.961337495878 1.538328568 1.02555237867 -0.0129740321556 
0.944545180371 1.52947685133 1.01965123422 -0.00142029517777 
0.909629933343 1.51487247411 1.00991498274 0.00544068863664 
0.863452294634 1.49112553535 0.994083690232 0.0183349805673 
0.798934843164 1.46401658172 0.976011054481 0.0138672035527 
0.702679226572 1.43703818027 0.958025453512 -0.0058459432505 
0.488038364421 1.40789835478 0.938598903187 -0.0550624186949 
0.225757256625 1.37499864544 0.916665763629 -0.101486267234 
0.278556387283 1.34182938199 0.894552921328 -0.0804225318918 
0.316191934288 1.31783439311 0.87855626207 -0.0678332184545 
0.346786252851 1.29931169208 0.866207794717 -0.057911329137 
0.367442516551 1.28672520367 0.857816802449 -0.0521524280612 
0.367640451388 1.27967429173 0.853116194489 -0.0519407711296 
0.367794720775 1.27705167873 0.851367785821 -0.0516579344632 
0.368522765884 1.27846398754 0.85230932503 -0.0532356186773 
0.368485786794 1.28527447994 0.856849653293 -0.0551387196966 
0.368188201726 1.2924131358 0.861608757198 -0.0554739288815 
0.343616697392 1.29708207116 0.864721380775 -0.0642568075884 
0.343614193726 1.29753218408 0.86502145605 -0.0643329931508 
0.343598696069 1.29927441123 0.866182940821 -0.0645717330339 
0.343893874054 1.29880286014 0.865868573426 -0.0658951079888 
0.343912419585 1.29762224598 0.865081497318 -0.0657347429091 
0.361190142133 1.2925709169 0.861713944597 -0.0627312682597 
0.378311083884 1.28446540162 0.856310267745 -0.0575086734361 
0.421703364722 1.26315993748 0.842106624987 -0.0442244733534 
0.483206992152 1.22806675231 0.818711168204 -0.024679305184 
0.560726188965 1.17767276059 0.78511517373 -0.00209552367459 
0.669664365997 1.09978400578 0.733189337184 0.0234000856656 
0.762198818137 1.02251503608 0.681676690721 0.0354368034575 
0.834780266799 0.951880296656 0.634586864437 0.0395426139433 
0.890612346242 0.88671385134 0.59114256756 0.0379733570588 
0.90687163331 0.832326909985 0.554884606656 0.0331851306801 
0.925479242697 0.791200615458 0.527467076972 0.0298445966321 
0.942908440401 0.763911910287 0.509274606858 0.0269936575669 
0.953068164262 0.753424395653 0.502282930436 0.0272100570284 
0.957960596454 0.750729795368 0.500486530245 0.0263862599086 
0.957960596454 0.750729795368 0.500486530245 0.0263862599086 
0.958224205782 0.752809850094 0.501873233396 0.0293788137629 
0.957599546857 0.758841984674 0.505894656449 0.0302624423352 
0.957583088445 0.763967090728 0.509311393818 0.0301491530658 
0.957583088445 0.763967090728 0.509311393818 0.0301491530658 
0.957583088445 0.763967090728 0.509311393818 0.0301491530658 
0.954896882407 0.777202244416 0.51813482961 0.0299572952581 
0.953684092516 0.782731361366 0.521820907577 0.0313065085915 
0.951920210235 0.7888984036 0.525932269067 0.0325820028692 
0.9480312911 0.800171872076 0.533447914717 0.0317121173507 
0.947292827017 0.803301871372 0.535534580915 0.0326357137745 
0.945551201379 0.808982525683 0.539321683789 0.0335013250394 
0.942520851647 0.816879978595 0.544586652397 0.0327997807026 
0.942520851647 0.816879978595 0.544586652397 0.0327997807026 
0.942520851647 0.816879978595 0.544586652397 0.0327997807026 
0.950036044752 0.797048876922 0.531365917948 0.0325084817605 
0.967080563238 0.757760906618 0.505173937745 0.0317529585381 
0.997522614901 0.699321627471 0.466214418314 0.029325497696 
1.04476609253 0.624769521665 0.416513014444 0.0230013114638 
1.08803774212 0.569193707991 0.379462471994 0.0166651078983 
1.12216529034 0.5291848586 0.352789905733 0.00953530311872 
1.14759909101 0.500791336083 0.333860890722 0.00377516514241 
1.16239998046 0.48380131893 0.32253421262 0.00369100059545 
1.1680141248 0.472319912326 0.31487994155 0.00205027423807 
1.13391972035 0.419213005832 0.279475337221 -0.00224000359197 
1.1414472595 0.416384862303 0.277589908202 -0.00258468810819 
1.1414472595 0.416384862303 0.277589908202 -0.00258468810819 
1.14223904401 0.41633147574 0.27755431716 -0.00494578681902 
1.14197711245 0.41682616459 0.277884109727 -0.0022773252822 
1.14144711079 0.417735764909 0.278490509939 0.000589508584314 
1.1421978528 0.418213968246 0.278809312164 -0.00148146612242 
1.13766478543 0.423956634963 0.282637756642 -0.000593651956751 
1.13766478543 0.423956634963 0.282637756642 -0.000593651956751 
1.13766478543 0.423956634963 0.282637756642 -0.000593651956751 
1.13766478543 0.423956634963 0.282637756642 -0.000593651956751 
1.1345146451 0.429507188267 0.286338125511 -0.00141241049219 
1.13341439682 0.431278069838 0.287518713226 1.29431571435e-05 
1.13411651331 0.431989098495 0.28799273233 -0.00189841380692 
1.12866048892 0.44031829227 0.29354552818 -0.000207119367345 
1.12995116913 0.440799412217 0.293866274812 -0.00257686605151 
1.16052496713 0.490888000758 0.327258667172 0.00157853472572 
1.14584172624 0.4994965131 0.3329976754 0.00374518108319 
1.144554064 0.500207990388 0.333471993592 0.0059600883043 
1.13306067761 0.506807621844 0.337871747896 0.00707376204082 
1.13306067761 0.506807621844 0.337871747896 0.00707376204082 
1.12804286104 0.511086160186 0.34072410679 0.00783285914181 
1.11840153872 0.519232242348 0.346154828232 0.00926026635635 
1.09856681927 0.537895286215 0.358596857476 0.0142826786374 
1.06773915118 0.567684428268 0.378456285512 0.0205624949492 
1.03509360394 0.605221696969 0.403481131312 0.0238728066557 
0.982155430312 0.679309602175 0.452873068117 0.0311081836727 
0.960488061905 0.792600226241 0.528400150827 0.042813779093 
0.887658609556 0.888225677441 0.592150451627 0.0498626836712 
0.792010356185 0.985138632279 0.656759088186 0.0457001423966 
0.690717889673 1.06521207768 0.710141385118 0.0325025495755 
0.61086320688 1.12517708958 0.750118059723 0.013685874949 
0.534179737048 1.1747955293 0.783197019535 -0.00723237373993 
0.476769769747 1.20894489766 0.80596326511 -0.0243893916683 
0.437401460035 1.23152629068 0.821017527118 -0.0362078731449 
0.412502034055 1.2448346204 0.829889746932 -0.0464221297221 
0.39453216804 1.25548177781 0.836987851875 -0.0552367488787 
0.392978197429 1.26336816527 0.842245443512 -0.0576989366583 
0.375506387064 1.2657851105 0.843856740336 -0.0633012016245 
0.375723099419 1.26879017874 0.845860119162 -0.065635118961 
0.375506952707 1.27118640854 0.847457605692 -0.0654532510511 
0.375506952707 1.27118640854 0.847457605692 -0.0654532510511 
0.375436665136 1.27067541715 0.847116944768 -0.065607977374 
0.375528771485 1.26675591565 0.844503943768 -0.0655280475414 
0.374948684164 1.26845981854 0.845639879024 -0.0637285267095 
0.375331140002 1.26132372869 0.84088248579 -0.0635611494767 
0.37571607493 1.26031477971 0.84020985314 -0.0605044835508 
0.400545764011 1.2535154679 0.835676978599 -0.0535568957528 
0.459849546242 1.22201025225 0.814673501499 -0.0335765180735 
0.540257062215 1.17332395223 0.782215968152 -0.00827231237912 
0.645448236056 1.10139949997 0.734266333313 0.0192914392252 
0.766914766373 1.00241589167 0.66827726111 0.0353738228983 
0.849940937126 0.913832147624 0.609221431749 0.0387402882892 
0.916885088675 0.83311671209 0.555411141394 0.0358143397718 
0.944562979658 0.7619882155 0.507992143666 0.0307564258276 
0.97499320738 0.70936406887 0.472909379246 0.0249790180253 
0.994673366047 0.682534523707 0.455023015805 0.0243475469558 
1.00951694914 0.664067662175 0.442711774784 0.0223145439525 
1.02333919106 0.649820701415 0.433213800943 0.0212347812203 
1.03183121378 0.64357504269 0.42905002846 0.0207419967247 
1.04036020041 0.63876114039 0.42584076026 0.0205184850636 
1.0489722168 0.635509221021 0.423672814014 0.0196562754143 
1.0489722168 0.635509221021 0.423672814014 0.0196562754143 
1.05057450533 0.635278769499 0.423519179666 0.0166347927421 
1.04996501489 0.637412555334 0.424941703556 0.0183074102394 
1.05159201832 0.637026226238 0.424684150825 0.0158489739441 
1.05338668441 0.63703175056 0.424687833707 0.017942166885 
1.06258405065 0.63476798932 0.423178659547 0.0176414345161 
1.05980329633 0.641452385866 0.42763492391 0.0180855452573 
1.05980329633 0.641452385866 0.42763492391 0.0180855452573 
1.0610533962 0.640584603567 0.427056402378 0.0165573548206 
1.06599973544 0.633922678351 0.4226151189 0.0153281619232 
1.08311719147 0.610306415473 0.406870943649 0.0119892944167 
1.10569102337 0.581718030924 0.387812020616 0.00678882625682 
1.13053383893 0.552263383969 0.368175589312 0.00108455705601 
1.16126872784 0.522112775817 0.348075183878 -0.00816011095865 
1.18165487299 0.505071168379 0.336714112253 -0.0147326800958 
1.19970027523 0.493653636052 0.329102424035 -0.0219696457195 
1.25126216021 0.531342306265 0.354228204177 -0.0238104692315 
1.25700480053 0.527763192865 0.351842128577 -0.0296404799617 
1.25767352362 0.527700783201 0.351800522134 -0.0334710844911 
1.27887229093 0.545523852939 0.363682568626 -0.0336113977227 
1.27672035174 0.546415255247 0.364276836832 -0.0362599988872 
1.28056173372 0.543261686817 0.362174457878 -0.0372553166465 
1.28049426524 0.543382942529 0.362255295019 -0.0381061193318 
1.28063935567 0.543219437733 0.362146291822 -0.0398629620838 
1.28312904987 0.541773808562 0.361182539041 -0.0399375749805 
1.27986172698 0.544374586026 0.362916390684 -0.0380623025989 
1.27636923943 0.545688867271 0.363792578181 -0.0370170293142 
1.25054561543 0.519215312594 0.346143541729 -0.0394006720432 
1.25023636923 0.519322469856 0.346214979904 -0.0386001384738 
1.25023636923 0.519322469856 0.346214979904 -0.0386001384738 
1.24697287939 0.521010935431 0.347340623621 -0.0379497352317 
1.25073947492 0.519660675021 0.346440450014 -0.0362121015083 
1.2815363365 0.546935962331 0.364623974887 -0.0329137051268 
1.27551102716 0.550685184635 0.367123456423 -0.0311662133563 
1.26467972543 0.55876591454 0.372510609693 -0.0278497212432 
1.23173002418 0.546517087621 0.364344725081 -0.0286924755872 
1.22323608468 0.554520604294 0.369680402863 -0.0259709526701 
1.20912763732 0.567062043076 0.378041362051 -0.0230666698595 
1.18017684631 0.595468214984 0.396978809989 -0.0195463999096 
1.11830350732 0.603194191018 0.402129460679 -0.0196428481309 
1.09058683759 0.637278981813 0.424852654542 -0.0168693992357 
1.02542286126 0.662791962515 0.441861308343 -0.0189124761418 
0.904566518648 0.637269438851 0.424846292567 -0.0277974008993 
0.783774731309 0.591385149932 0.394256766621 -0.0370065054893 
0.653312124637 0.505975451784 0.337316967856 -0.0537110036654 
0.573800499241 0.44173657253 0.294491048354 -0.0721958538963 
0.501333757877 0.401944425281 0.267962950187 -0.0892699866273 
0.428314117226 0.331047923312 0.220698615541 -0.137707795602 
0.373907472844 0.297743816965 0.198495877977 -0.200480975551 
0.333925333868 0.321219506223 0.214146337482 -0.237493550839 
0.297805990803 0.326567763537 0.217711842358 -0.310722025942 
0.269491803844 0.358126037185 0.238750691457 -0.338939626128 
0.245850863101 0.384826953307 0.256551302205 -0.362501415062 
0.223536687603 0.409897178872 0.273264785915 -0.383074359485 
0.206026694898 0.43083065317 0.287220435447 -0.397899946135 
0.191967346179 0.448078029013 0.298718686009 -0.407899763556 
0.173620136907 0.46563320571 0.31042213714 -0.415739081511 
0.150164862275 0.493821538832 0.329214359221 -0.377430682963 
0.142152104769 0.496449179912 0.330966119941 -0.380958073082 
0.14427831555 0.502836863057 0.335224575371 -0.3832373959 
0.138747110988 0.50457563922 0.33638375948 -0.385706892253 
0.138747110988 0.50457563922 0.33638375948 -0.385706892253 
0.132044468358 0.511008299779 0.340672199852 -0.389927747322 
0.132044468358 0.511008299779 0.340672199852 -0.389927747322 
0.13286101998 0.517134973441 0.34475664896 -0.390967896009 
0.13286101998 0.517134973441 0.34475664896 -0.390967896009 
0.13286101998 0.517134973441 0.34475664896 -0.390967896009 
0.13286101998 0.517134973441 0.34475664896 -0.390967896009 
0.139080294397 0.516105544513 0.344070363009 -0.388111440649 
0.136315094245 0.514212905588 0.342808603725 -0.387573427245 
0.136315094245 0.514212905588 0.342808603725 -0.387573427245 
0.125960466254 0.509944135786 0.339962757191 -0.386471645924 
5.75090868626e-14 0.0397111503262 0.0264741002175 0.0731076639184 
-1.37640446604e-20 0.188112759271 0.12540850618 0.0233241547889 
-9.27303357753e-21 0.348924928098 0.232616618732 -0.107880432971 
-6.05833051731e-21 0.355903630303 0.237269086869 -0.23610628533 
5.50691671932e-21 0.334229850407 0.222819900271 -0.31678760941 
-3.89648991159e-21 0.297966342029 0.198644228019 -0.347092649636 
-5.24400696408e-21 0.28523665833 0.19015777222 -0.385262031495 
3.09903059997e-21 0.281408455284 0.187605636856 -0.419704610564 
2.16831383385e-21 0.269236746565 0.179491164377 -0.431540347175 
5.12656456512e-21 0.261355522933 0.174237015289 -0.440737380894 
-1.61678198912e-21 0.255581848619 0.17038789908 -0.449093736043 
-1.68247025997e-21 0.266374831985 0.177583221323 -0.47204928046 
-7.24433187818e-22 0.260197639715 0.173465093144 -0.472789400812 
-5.43396812683e-21 0.246349037655 0.16423269177 -0.458278295827 
3.00445662979e-21 0.243473303724 0.162315535816 -0.462022923851 
3.58958441041e-21 0.241277789287 0.160851859524 -0.465923546579 
3.58958441041e-21 0.241277789287 0.160851859524 -0.465923546579 
4.53764111932e-21 0.236117460631 0.157411640421 -0.468067837924 
4.53764111932e-21 0.236117460631 0.157411640421 -0.468067837924 
4.53764111932e-21 0.236117460631 0.157411640421 -0.468067837924 
6.06907915277e-21 0.225061804412 0.150041202941 -0.458373711686 
1.56727877403e-22 0.222823941845 0.148549294563 -0.460028204779 
1.56727877403e-22 0.222823941845 0.148549294563 -0.460028204779 
1.48199213411e-21 0.23125180315 0.154167868767 -0.475494529368 
1.48199213411e-21 0.23125180315 0.154167868767 -0.475494529368 
1.48199213411e-21 0.23125180315 0.154167868767 -0.475494529368 
2.39004782093e-21 0.238614768689 0.159076512459 -0.488027136624 
2.39004782093e-21 0.238614768689 0.159076512459 -0.488027136624 
-1.61001455974e-21 0.233996700314 0.155997800209 -0.487842806921 
-1.61001455974e-21 0.233996700314 0.155997800209 -0.487842806921 
1.85496491921e-21 0.240130081395 0.16008672093 -0.498875227747 
1.81428742411e-23 0.244953977059 0.163302651373 -0.499376161611 
8.75782563778e-22 0.244490609411 0.162993739607 -0.493250770114 
8.75782563778e-22 0.244490609411 0.162993739607 -0.493250770114 
2.16244442635e-21 0.240204155586 0.160136103724 -0.475216439441 
-1.55051689845e-21 0.245184154449 0.163456102966 -0.475064220683 
-1.55051689845e-21 0.245184154449 0.163456102966 -0.475064220683 
-7.31715352349e-22 0.246636518294 0.16442434553 -0.472003474007 
-7.31715352349e-22 0.246636518294 0.16442434553 -0.472003474007 
-7.31715352349e-22 0.246636518294 0.16442434553 -0.472003474007 
4.67271119984e-21 0.237185552953 0.158123701968 -0.46247630802 
4.67271119984e-21 0.237185552953 0.158123701968 -0.46247630802 
2.50680346299e-21 0.235084010375 0.156722673583 -0.466492160256 
2.50680346299e-21 0.235084010375 0.156722673583 -0.466492160256 
2.45277988925e-21 0.232988128533 0.155325419022 -0.47198072556 
-1.74288809822e-21 0.231797791317 0.154531860878 -0.475983640308 
-4.05534437561e-21 0.230557709582 0.153705139721 -0.478733564628 
3.11429393103e-21 0.237818011311 0.158545340874 -0.491025547281 
2.34569905558e-21 0.236834120421 0.157889413614 -0.494972644107 
-1.30674050912e-21 0.223645116595 0.149096744397 -0.480880302427 
-1.30674050912e-21 0.223645116595 0.149096744397 -0.480880302427 
1.4313711004e-21 0.219273981993 0.146182654662 -0.485659621 
7.56021540325e-22 0.211659235351 0.141106156901 -0.489594721108 
2.39821222326e-22 0.204517098954 0.136344732636 -0.494698638991 
0.0055690137688 0.193938329522 0.129292219681 -0.503966018383 
0.0134154283796 0.190395863357 0.126930575571 -0.523598775598 
0.0133196907304 0.178205463872 0.118803642581 -0.523598775598 
0.00825121638525 0.174896680847 0.116597787232 -0.523598775598 
0.00116800056959 0.171928727117 0.114619151411 -0.523598775598 
0.0 0.171535678104 0.114357118736 -0.523598775598 
-4.60354794759e-22 0.163967626865 0.109311751243 -0.523598775598 
-4.60354794759e-22 0.163967626865 0.109311751243 -0.523598775598 
-4.60354794759e-22 0.163967626865 0.109311751243 -0.523598775598 
-4.60354794759e-22 0.163967626865 0.109311751243 -0.523598775598 
8.57320899822e-22 0.173369002857 0.115579335238 -0.523598775598 
8.57320899822e-22 0.173369002857 0.115579335238 -0.523598775598 
4.86855258587e-21 0.187657268092 0.125104845395 -0.523598775598 
4.87954602296e-21 0.19910232534 0.13273488356 -0.523598775598 
1.05221394342e-20 0.216570305493 0.144380203662 -0.523598775598 
-1.73750846543e-21 0.231932532521 0.154621688347 -0.523598775598 
6.49024440401e-21 0.25394415432 0.16929610288 -0.523598775598 
7.96032066739e-21 0.276043385339 0.184028923559 -0.523598775598 
1.79505620691e-20 0.296048730368 0.197365820245 -0.523598775598 
-1.07558295382e-20 0.327212924295 0.21814194953 -0.523598775598 
5.40501487082e-21 0.354984537441 0.236656358294 -0.523598775598 
5.40501487082e-21 0.354984537441 0.236656358294 -0.523598775598 
9.97062517722e-21 0.393747281563 0.262498187708 -0.523598775598 
9.97062517722e-21 0.393747281563 0.262498187708 -0.523598775598 
9.97062517722e-21 0.393747281563 0.262498187708 -0.523598775598 
9.97062517722e-21 0.393747281563 0.262498187708 -0.523598775598 
9.97062517722e-21 0.393747281563 0.262498187708 -0.523598775598 
-3.84436237698e-21 0.35060439073 0.233736260487 -0.523598775598 
-1.2817842573e-20 0.323165322917 0.215443548611 -0.523598775598 
1.22075578916e-20 0.297834121126 0.198556080751 -0.523598775598 
1.32598267276e-22 0.27637933773 0.18425289182 -0.523598775598 
1.98954166777e-21 0.254892921656 0.169928614438 -0.523598775598 
-5.13764060503e-21 0.239226342789 0.159484228526 -0.523598775598 
4.65329601335e-21 0.224846498825 0.149897665883 -0.523598775598 
2.27753871982e-21 0.21280744724 0.141871631493 -0.523598775598 
1.01624563307e-21 0.203576712588 0.135717808392 -0.523598775598 
-3.30923840109e-21 0.197496413079 0.131664275386 -0.523598775598 
-3.30923840109e-21 0.197496413079 0.131664275386 -0.523598775598 
1.22067059368e-21 0.193486807022 0.128991204681 -0.523598775598 
1.22067059368e-21 0.193486807022 0.128991204681 -0.523598775598 
1.22067059368e-21 0.193486807022 0.128991204681 -0.523598775598 
1.22067059368e-21 0.193486807022 0.128991204681 -0.523598775598 
1.22067059368e-21 0.193486807022 0.128991204681 -0.523598775598 
1.22067059368e-21 0.193486807022 0.128991204681 -0.523598775598 
1.22067059368e-21 0.193486807022 0.128991204681 -0.523598775598 
-1.31714419085e-22 0.195521191951 0.130347461301 -0.522348199625 
-1.31714419085e-22 0.195521191951 0.130347461301 -0.522348199625 
-1.31714419085e-22 0.195521191951 0.130347461301 -0.522348199625 
2.30080838168e-22 0.187601979773 0.125067986516 -0.514435544967 
3.51857658847e-22 0.194147946632 0.129431964421 -0.523598775598 
6.23251378949e-19 0.184247562044 0.122831708029 -0.514125304517 
6.23251378949e-19 0.184247562044 0.122831708029 -0.514125304517 
0.00526677721398 0.175876815902 0.117251210601 -0.503596454471 
1.19881138441e-18 0.176697825157 0.117798550105 -0.484024988708 
1.19500306599e-18 0.187332218401 0.124888145601 -0.475109573425 
1.16995436114e-18 0.189095100254 0.126063400169 -0.424265376521 
-7.48058060891e-18 0.213227270963 0.142151513976 -0.377233245741 
-7.78655976501e-18 0.254921800586 0.169947867057 -0.334238344697 
1.31295736861e-18 0.259182075949 0.172788050633 -0.241670551118 
6.3155233072e-21 0.246967312155 0.16464487477 -0.159296213974 
1.00127422402e-20 0.202552978777 0.135035319185 -0.0893137750105 
3.63205652166e-21 0.148642692497 0.0990951283311 -0.0402306917624 
-5.23932255979e-21 0.111986849904 0.0746578999359 -0.0126187007479 
1.3019554952e-20 0.0701693240575 0.0467795493717 0.00697090775731 
1.6611939531e-20 0.0699205191096 0.0466136794064 0.0184368099106 
-1.01186055465e-20 0.0667599171439 0.0445066114293 0.0273672108819 
-5.96656969865e-21 0.011596887853 0.00773125856864 0.0334447706366 
2.01138106263e-22 0.0152072584021 0.0101381722681 0.0390995493142 
-2.92403783531e-21 0.0425931300395 0.0283954200263 0.0426035012912 
-1.86685268952e-20 0.0417056739312 0.0278037826208 0.0466484043545 
-1.63568291166e-20 0.0402098082255 0.026806538817 0.0503648487451 
-1.63568291166e-20 0.0402098082255 0.026806538817 0.0503648487451 
-1.81045709244e-20 0.0672486393149 0.04483242621 0.054524195392 
-1.81045709244e-20 0.0672486393149 0.04483242621 0.054524195392 
-2.02334372221e-20 0.120794149648 0.0805294330987 0.063425134853 
-3.32360050112e-22 0.164556631352 0.109704420901 0.0696472054931 
7.99609193033e-21 0.253878940077 0.169252626718 0.0838905687916 
4.0014591738e-21 0.333039516674 0.222026344449 0.0872681582767 
0.00786435444256 0.591269397358 0.394179598239 -0.234938975424 
-1.36696321025e-18 0.626624592927 0.417749728618 -0.249788080733 
-1.54647102744e-21 0.65858022737 0.439053484913 -0.266554472038 
-4.24432574999e-21 0.689271995516 0.459514663678 -0.282403262541 
-4.77943377702e-21 0.862986864239 0.57532457616 -0.0857603948507 
1.89885286193e-22 0.913320850505 0.608880567003 -0.0669864869202 
7.39814222157e-23 0.963926519677 0.642617679785 -0.0465861647303 
-5.08308875352e-22 1.00939664928 0.672931099522 -0.0337965732136 
-1.85530795123e-22 1.05531494225 0.703543294834 -0.0198079156504 
7.97201402124e-22 1.11174426385 0.74116284257 -0.00531667290557 
2.89378431048e-21 1.1551510901 0.770100726731 0.00493591029234 
-3.22036965705e-22 1.19901021301 0.799340142009 0.012966751406 
-8.79531183092e-22 1.23883099552 0.825887330349 0.0163302869322 
-8.00113659213e-22 1.27247629887 0.848317532581 0.0189175519922 
8.31086991482e-22 1.30540543176 0.87027028784 0.0213845251987 
4.81312681197e-21 1.33949832132 0.89299888088 0.023391314724 
-4.37833135431e-21 1.36605345406 0.910702302708 0.0210362525147 
-2.5657139465e-21 1.38707121752 0.924714145012 0.0185995299046 
1.06817201048e-20 1.41390210928 0.942601406185 0.0149523278796 
1.4185508889e-21 1.44673563773 0.964490425153 0.00324365628107 
7.49184255915e-21 1.47682276718 0.984548511452 -0.0081608333985 
-4.14179955017e-23 1.50031994359 1.00021329572 -0.0199426247952 
6.39562573714e-21 1.52269195822 1.01512797214 -0.0341528765555 
4.89257669961e-21 1.5456366824 1.03042445494 -0.0485329940023 
1.18031033075e-21 1.56767261364 1.04511507576 -0.0622091050224 
-1.65433186011e-21 1.58408887629 1.05605925086 -0.0729118334566 
7.27313347282e-22 1.59668263509 1.06445509006 -0.0816054975872 
4.42083298906e-21 1.60644177403 1.07096118269 -0.0912306497933 
-3.84657817535e-21 1.61453215661 1.07635477107 -0.0980614770951 
-1.41931505437e-21 1.62114631193 1.08076420796 -0.103232154964 
-2.41672747604e-21 1.62559303233 1.08372868822 -0.109070481352 
1.52743142771e-21 1.62781426648 1.08520951099 -0.114188674054 
9.08771665475e-22 1.62787702725 1.0852513515 -0.118939069997 
-3.77131730661e-22 1.62803129902 1.08535419935 -0.123773027175 
3.9018623788e-21 1.63048659264 1.08699106176 -0.124133186761 
2.40464129898e-21 1.63214164827 1.08809443218 -0.130292856933 
3.32142366358e-22 1.63473072537 1.08982048358 -0.130683115031 
-1.19853791215e-21 1.63608024883 1.09072016588 -0.135377387087 
-2.88101360228e-21 1.63815873034 1.09210582023 -0.135617852691 
-1.25394858562e-21 1.63881686995 1.09254457997 -0.135822439761 
1.06753227089e-21 1.63941905606 1.09294603738 -0.135966591338 
-1.58646762198e-21 1.6384527335 1.09230182233 -0.135926546813 
-2.54927675703e-21 1.63466401431 1.08977600954 -0.131804572944 
7.83464647127e-22 1.62794733494 1.08529822329 -0.122638818318 
1.74048665243e-21 1.61767963957 1.07845309305 -0.112261152437 
5.8740128494e-22 1.60291564616 1.06861043078 -0.1018684456 
2.87779664108e-21 1.5888159263 1.05921061753 -0.0897718436709 
-2.52658769299e-21 1.57457863712 1.04971909141 -0.0804182015034 
-9.77497046174e-21 1.55586436974 1.03724291316 -0.0668097563322 
3.34172770962e-21 1.53779537184 1.02519691456 -0.0537597186385 
-6.19641907939e-21 1.51816886156 1.01211257437 -0.0404999569669 
6.96410821099e-22 1.49722351917 0.998149012777 -0.0268050387505 
3.07043481137e-22 1.47426156411 0.982841042742 -0.0144911592886 
-9.4027782398e-21 1.45011594491 0.966743963271 -0.00270700205047 
3.83972161492e-21 1.42151710846 0.947678072304 0.00545649416857 
1.48411328581e-22 1.39124158533 0.927494390222 0.0111137523037 
6.39331655986e-22 1.35562217773 0.903748118486 0.0160080310974 
0.00270308521135 1.31186978476 0.874579856509 0.0191354480047 
0.0647897112028 1.27075542598 0.847170283983 0.0262712142266 
0.111875189727 1.23157004001 0.821046693343 0.0276220879601 
0.154407999447 1.19263957365 0.795093049097 0.0244860976775 
0.188955574192 1.15659033977 0.771060226515 0.0217285389274 
0.207638239228 1.12690707974 0.751271386495 0.0171124681695 
0.214823638543 1.08635331732 0.72423554488 0.00950739552161 
0.224265750929 1.04485185302 0.696567902012 -6.99155592377e-06 
0.234646598903 1.00410687336 0.669404582243 -0.0107858667793 
0.205399018149 0.941500478631 0.627666985754 -0.0224635034881 
0.171442068548 0.868208931003 0.578805954002 -0.039257943233 
0.133465064149 0.777875162866 0.518583441911 -0.0587285543022 
0.0915674726054 0.676909356349 0.451272904233 -0.0944033045295 
0.0730702108464 0.579626409368 0.386417606245 -0.177345078991 
0.0791328223554 0.538004209906 0.358669473271 -0.242352030095 
0.0737114214712 0.538598530713 0.359065687142 -0.245144898352 
0.0665563105143 0.551442001447 0.367628000964 -0.260899520379 
0.0525563671747 0.55562205234 0.37041470156 -0.267177128483 
0.0519468992807 0.570719266339 0.380479510893 -0.278414672204 
0.0477327003096 0.57249341245 0.381662274967 -0.283052903207 
0.0627692186197 0.569339389936 0.37955959329 -0.326096630829 
0.0627692186197 0.569339389936 0.37955959329 -0.326096630829 
0.0644256042724 0.577711681732 0.385141121154 -0.330506952007 
0.0644256042724 0.577711681732 0.385141121154 -0.330506952007 
0.0606200351714 0.580542536683 0.387028357789 -0.334200607134 
0.0647349668086 0.581447676878 0.387631784585 -0.334809593416 
0.07291804396 0.568061100325 0.378707400217 -0.332735829559 
0.104341287035 0.526481983097 0.350987988731 -0.317095576471 
0.155790110772 0.461068758019 0.307379172013 -0.35519483496 
0.193498011425 0.416449071701 0.277632714467 -0.327292302794 
0.259011685595 0.332427430589 0.22161828706 -0.361297372706 
0.304248918484 0.28500319092 0.19000212728 -0.32256400155 
0.358521291497 0.224020396274 0.149346930849 -0.313343132414 
0.410845708242 0.181947411417 0.121298274278 -0.268118998328 
0.457876662711 0.190421081571 0.126947387714 -0.190034652759 
0.519580423712 0.208255478685 0.13883698579 -0.138873891479 
0.595780472814 0.228476986827 0.152317991218 -0.10846281629 
0.672791771631 0.279950283487 0.186633522325 -0.0813594258011 
0.768210565381 0.346925915508 0.231283943672 -0.0627455092393 
0.891511042494 0.457680583338 0.305120388892 -0.0410133922139 
0.969582677738 0.477875028959 0.318583352639 -0.0321836986526 
1.03127196346 0.482135309864 0.321423539909 -0.0281931993281 
1.05548564436 0.463462161596 0.308974774397 -0.0262000363273 
1.07671393014 0.447825554995 0.298550369996 -0.0265660773293 
1.09040149928 0.437713332948 0.291808888632 -0.025921529765 
1.10090670302 0.430350176469 0.286900117646 -0.0258456553753 
1.10753771725 0.425509588984 0.283673059322 -0.0251645349393 
1.11313131328 0.42235339513 0.281568930086 -0.0249440128203 
1.10659659929 0.426086062648 0.284057375099 -0.0221454791006 
1.09082390283 0.434726900543 0.289817933695 -0.0188958579376 
1.06994766595 0.448995634953 0.299330423302 -0.0138532559445 
1.04188321335 0.470291347116 0.313527564744 -0.00955474091198 
0.981020761336 0.517178481797 0.344785654532 -0.000271687894742 
0.967198293976 0.634642992402 0.423095328268 0.0117505528104 
0.918976390328 0.697953594229 0.465302396153 0.024071696253 
0.884202778439 0.762473073565 0.508315382377 0.034148512333 
0.859494214691 0.824640743179 0.549760495453 0.0423581825567 
0.839876204767 0.881918590825 0.587945727217 0.0494298204893 
0.819428875313 0.940284261634 0.626856174422 0.0588857489148 
0.748603886139 0.984730782434 0.65648718829 0.0601208663481 
0.710282380447 1.02438358418 0.682922389453 0.0662177980217 
0.672489809279 1.05842584206 0.705617228037 0.0692266764303 
0.632374323515 1.09357200749 0.729048004996 0.0735394832639 
0.581740668333 1.13146310153 0.754308734354 0.0763967045419 
0.52087031045 1.1729843494 0.781989566268 0.0779877843705 
0.462237346326 1.21211589934 0.808077266224 0.0767235062761 
0.399144406631 1.25171189493 0.834474596618 0.065435258032 
0.325679328819 1.29246112188 0.86164074792 0.0536717013111 
0.196069005325 1.35088960511 0.900593070075 0.0273310667959 
0.0469540093272 1.40538384053 0.936922560355 -0.00440069208678 
1.47930254985e-17 1.45063928848 0.967092858989 -0.0200366950332 
3.8589185689e-22 1.49548270676 0.996988471172 -0.02833882626 
2.84665545655e-21 1.53031740649 1.02021160432 -0.0354727403202 
1.29875061223e-21 1.55728094878 1.03818729918 -0.0410454994013 
7.59112748146e-21 1.58191365435 1.0546091029 -0.0462454284881 
-6.92546324908e-22 1.60372034276 1.06914689517 -0.0506105509339 
4.64441577118e-21 1.62317974015 1.08211982677 -0.0512481811255 
-1.7414167848e-21 1.6438846013 1.09592306754 -0.0519264448125 
-6.5574010189e-22 1.66043283021 1.10695522014 -0.0524965259055 
8.15812082521e-22 1.67538551846 1.11692367897 -0.0530166667703 
-6.63184613734e-22 1.68713281776 1.12475521184 -0.0535037935784 
-1.35525271561e-20 1.69775127286 1.1318341819 -0.0539891780502 
0.000161951153818 1.7060467884 1.1373645256 -0.0544103840827 
0.000433735441991 1.71240288565 1.14160192377 -0.0547920886784 
0.00412429696482 1.71559272356 1.14372848237 -0.0604923322037 
0.491526828927 1.68780042816 1.12520028544 0.0261367478233 
0.491822256808 1.69012588067 1.12675058711 0.0260529838338 
0.492019379281 1.69130722509 1.12753815006 0.0259601013853 
0.492246566544 1.69221905512 1.12814603675 0.0258301356186 
0.492447494865 1.69277142103 1.12851428069 0.0256797995112 
0.492447494865 1.69277142103 1.12851428069 0.0256797995112 
0.492447494865 1.69277142103 1.12851428069 0.0256797995112 
0.492341080477 1.69206525761 1.12804350507 0.0256944409346 
0.492049210098 1.69046777387 1.12697851591 0.0257950878865 
0.484931073783 1.68993545654 1.12662363769 0.0302497576723 
0.484722672529 1.68870683731 1.12580455821 0.0302303022464 
0.484322966127 1.68616909284 1.12411272856 0.0302755654213 
0.484045095889 1.68509549415 1.1233969961 0.0303205318579 
0.472687278118 1.68509661003 1.12339774002 0.0345695607915 
0.472459455735 1.68364464486 1.12242976324 0.0344974393456 
0.456287632687 1.68186603823 1.12124402549 0.0327224721882 
0.455870228542 1.67836083247 1.11890722165 0.0327785115923 
0.445762508133 1.67438130599 1.11625420399 0.0391826660496 
0.415306628001 1.67211165682 1.11474110455 0.0314898787985 
0.407651781565 1.66756369897 1.11170913265 0.036298982345 
0.309618856777 1.66735583791 1.11157055861 0.01260305972 
-2.25401763487e-15 1.67532224373 1.11688149582 -0.0575645452667 
2.1368777452e-21 1.66775467742 1.11183645161 -0.0573118022952 
6.6945394916e-22 1.66146469774 1.10764313183 -0.0570887621285 
1.08634648064e-21 1.65237417116 1.10158278078 -0.0568052556882 
6.02956762998e-21 1.64619616621 1.09746411081 -0.0565318656026 
5.02039761842e-21 1.63828955945 1.09219303963 -0.0561761102538 
2.55391273224e-21 1.6278430718 1.08522871453 -0.0495869183302 
3.76399229956e-21 1.61696391064 1.07797594043 -0.0440578234808 
-4.38224017433e-22 1.60065927528 1.06710618352 -0.0348067618538 
-8.27322909599e-21 1.57428993362 1.04952662242 -0.0215204094783 
1.00106048738e-21 1.54682672728 1.03121781819 -0.00827344057602 
-7.38699272686e-21 1.51683430375 1.01122286917 0.00405723094182 
-3.74317844557e-21 1.48223311163 0.988155407752 0.0141580277823 
-3.00522939589e-21 1.44210359567 0.96140239711 0.0213984881663 
8.36132900242e-21 1.40286409377 0.935242729182 0.0258076311006 
5.49597776609e-21 1.3589523158 0.905968210533 0.0239758464146 
6.64078569126e-21 1.30733877902 0.871559186013 0.020896585363 
3.67662520282e-21 1.25542338072 0.836948920482 0.0086213643398 
-3.66846701077e-21 1.19515736519 0.796771576792 -0.00490130820579 
1.5290080825e-19 1.1301816254 0.753454416932 -0.0235392642043 
-1.81306764349e-21 1.06273788366 0.708491922439 -0.0476111984446 
2.50925296744e-21 0.980282282613 0.653521521742 -0.0782599129885 
1.17249204778e-20 0.890117722796 0.593411815197 -0.126723224602 
-4.83727660532e-20 0.636007285682 0.424004857122 -0.523598775598 
6.42061333916e-21 0.646610386324 0.431073590883 -0.43880652638 
-1.25757729958e-21 0.65216179648 0.434774530987 -0.386277639383 
-1.26248409293e-21 0.647367061703 0.431578041135 -0.378820934252 
-1.26248409293e-21 0.647367061703 0.431578041135 -0.378820934252 
-1.26248409293e-21 0.647367061703 0.431578041135 -0.378820934252 
-3.22145466483e-18 0.649084759137 0.432723172758 -0.3402280172 
-3.22145466483e-18 0.649084759137 0.432723172758 -0.3402280172 
-3.22145466483e-18 0.649084759137 0.432723172758 -0.3402280172 
-3.22145466483e-18 0.649084759137 0.432723172758 -0.3402280172 
0.00557865878033 0.644144866118 0.429429910745 -0.335464978376 
0.0095810633817 0.639912710834 0.426608473889 -0.332542321001 
0.0095810633817 0.639912710834 0.426608473889 -0.332542321001 
0.0095810633817 0.639912710834 0.426608473889 -0.332542321001 
0.0095810633817 0.639912710834 0.426608473889 -0.332542321001 
0.0095810633817 0.639912710834 0.426608473889 -0.332542321001 
0.0142924200602 0.644606332025 0.429737554683 -0.334168169876 
0.0142924200602 0.644606332025 0.429737554683 -0.334168169876 
0.0142924200602 0.644606332025 0.429737554683 -0.334168169876 
0.0142924200602 0.644606332025 0.429737554683 -0.334168169876 
0.0210807724482 0.640865634626 0.427243756418 -0.332966736559 
0.0318982954787 0.619309079172 0.412872719448 -0.329306069844 
0.042638088648 0.602291281581 0.401527521054 -0.325833976095 
0.0591577188394 0.573087094729 0.382058063153 -0.315259337498 
0.0903987871767 0.529682594964 0.353121729976 -0.299126390316 
0.126947731099 0.476073326919 0.317382217946 -0.28060915975 
0.178011679794 0.400603162565 0.267068775044 -0.302821980892 
0.249734511406 0.290589704866 0.193726469911 -0.231021669319 
0.321695299116 0.174455622148 0.116303748099 -0.145178215427 
0.42152372708 0.134566411125 0.0897109407499 -0.028811700034 
0.568302821366 0.149826162734 0.099884108489 0.00716591315391 
0.707467918361 0.185828103283 0.123885402189 0.0175236606547 
0.838174677837 0.222793304356 0.148528869571 0.0192232499782 
0.947044969392 0.241928058304 0.161285372202 0.0225632731265 
1.04692804338 0.263015736899 0.175343824599 0.0202061068205 
1.10313744312 0.237818763586 0.15854584239 0.0202520715117 
1.19072776382 0.260995389576 0.173996926384 0.016674806871 
1.23466625005 0.240562690019 0.160375126679 0.0144385978225 
1.24754529249 0.193285256799 0.128856837866 0.0145092336485 
1.29044707967 0.200406224334 0.133604149556 0.0112141001219 
1.31207647192 0.190842834342 0.127228556228 0.00942453900165 
1.33615429683 0.182591032169 0.12172735478 0.00966141794563 
1.35089306372 0.177093925766 0.118062617177 0.00825417872316 
1.36155414305 0.171943924085 0.114629282723 0.00867771702933 
1.34402829243 0.101757205235 0.0678381368232 0.00722743418313 
1.35247979361 0.0995405986664 0.066360399111 0.00499589339851 
1.35945668759 0.0974300973061 0.0649533982041 0.00204237684457 
1.36682847517 0.0960507456934 0.0640338304623 -0.0013435450654 
1.36196986393 0.0971013090593 0.0647342060396 -0.00152418818068 
1.36216794313 0.0971170334062 0.0647446889375 -0.00288401531282 
1.36008618668 0.0983803218633 0.0655868812422 -0.00295731806781 
1.36923907539 0.126968076373 0.0846453842483 -0.00155565694029 
1.36115940577 0.128080842155 0.0853872281031 -0.000413701366157 
1.36142287423 0.127955515772 0.0853036771812 -0.0014008846796 
1.36142251541 0.127935207608 0.0852901384056 -0.00178723004219 
1.37995342038 0.162892009138 0.108594672759 -0.00275198767977 
1.38213444035 0.162149313703 0.108099542469 -0.00486393918733 
1.38439655733 0.162589549349 0.108393032899 -0.00434632974186 
1.38096871039 0.165543995314 0.110362663543 -0.00355064078403 
1.37885242197 0.167416474712 0.111610983141 -0.00334263943477 
1.37449089224 0.1690341423 0.1126894282 -0.00296265469961 
1.36622126365 0.170487733136 0.113658488758 -0.00188966672074 
1.358363999 0.174064387339 0.116042924893 0.00026246805763 
1.33757629648 0.180921944726 0.120614629817 0.000672732225972 
1.30555566897 0.194029826769 0.129353217846 0.00121385583296 
1.26308657404 0.25914081739 0.172760544926 0.00118021132568 
1.19556377067 0.290677800852 0.193785200568 -0.00142251807379 
1.12292963558 0.328843437023 0.219228958015 -0.00701705495329 
1.01893753265 0.387214763766 0.258143175844 -0.0170394915115 
0.694389811111 5.42023948956e-17 3.61349299304e-17 -0.0911484162104 
0.554731532058 2.51920540095e-18 1.6794702673e-18 -0.219409934228 
0.470573276836 0.046700427288 0.031133618192 -0.378485450429 
0.404076835352 0.136550790768 0.0910338605121 -0.445155751085 
0.365546483997 0.194764723244 0.12984314883 -0.493082712062 
0.287702453207 0.300278761636 0.200185841091 -0.436953772479 
0.258701069753 0.340015034602 0.226676689735 -0.466447192619 
0.203235268572 0.412480504882 0.274987003254 -0.406939740995 
0.194079419521 0.426970333878 0.284646889252 -0.415829368989 
0.182890306261 0.440975238006 0.293983492004 -0.422145263903 
0.169191778583 0.457411496519 0.30494099768 -0.427006873113 
0.135783651777 0.493000761404 0.32866717427 -0.37780792845 
0.135783651777 0.493000761404 0.32866717427 -0.37780792845 
0.129823260275 0.495389952608 0.330259968405 -0.380517294715 
0.128641413281 0.503620650296 0.335747100198 -0.383252057097 
0.128641413281 0.503620650296 0.335747100198 -0.383252057097 
0.119008047647 0.505299955133 0.336866636755 -0.385863762721 
0.122451784063 0.507410711206 0.338273807471 -0.384005940825 
0.122451784063 0.507410711206 0.338273807471 -0.384005940825 
0.116707417889 0.512266755631 0.341511170421 -0.386083502331 
0.113693916715 0.521282467924 0.347521645283 -0.387495303823 
0.113693916715 0.521282467924 0.347521645283 -0.387495303823 
0.118341939834 0.520555442987 0.347036961992 -0.384428904929 
0.118341939834 0.520555442987 0.347036961992 -0.384428904929 
0.122214171689 0.516849724317 0.344566482878 -0.380222476743 
0.122214171689 0.516849724317 0.344566482878 -0.380222476743 
0.126512466029 0.512799105566 0.341866070377 -0.376714735337 
0.133497246393 0.507403479711 0.338268986474 -0.372763545589 
0.142475347696 0.500170702052 0.333447134701 -0.368631847863 
0.149202988315 0.493892510099 0.3292616734 -0.36726543494 
0.151261121288 0.483933308998 0.322622205999 -0.367028760919 
0.164428274569 0.468911803396 0.312607868931 -0.366323731369 
0.169482973179 0.466451166856 0.310967444571 -0.366826788448 
0.17461739517 0.451303781367 0.300869187578 -0.366555077341 
0.181724535603 0.44885079963 0.29923386642 -0.365513843267 
0.181724535603 0.44885079963 0.29923386642 -0.365513843267 
0.179152640917 0.443420681396 0.295613787597 -0.365985676372 
0.179152640917 0.443420681396 0.295613787597 -0.365985676372 
0.169924587413 0.437507131308 0.291671420872 -0.365564844496 
3.62048216153e-15 -1.34424360092e-15 -8.96162400611e-16 0.0470458198541 
-1.06752809189e-21 0.0912928829037 0.0608619219358 0.00787166888372 
-5.75879665583e-22 0.222886820399 0.148591213599 -0.0697143948315 
-2.22289241528e-21 0.298537069733 0.199024713155 -0.17148565775 
-2.46240849341e-21 0.312314513669 0.208209675779 -0.244008482029 
-4.04517814381e-21 0.289068232852 0.192712155234 -0.275307178368 
7.2223052884e-21 0.289159259422 0.192772839615 -0.31832192871 
8.71735768479e-23 0.271867105876 0.181244737251 -0.333017312801 
6.71980868398e-21 0.255595460287 0.170396973524 -0.344414669904 
2.3510233307e-21 0.243006285413 0.162004190275 -0.353260531685 
-4.23407031724e-21 0.235102817885 0.156735211923 -0.359885075152 
-3.32056441252e-21 0.225866406439 0.150577604293 -0.365574332491 
-6.19496598551e-21 0.219237082376 0.146158054917 -0.369182647258 
-6.46737172894e-21 0.211644498548 0.141096332365 -0.369671401933 
-4.06385136947e-21 0.226647211892 0.151098141261 -0.380496860455 
-4.06385136947e-21 0.226647211892 0.151098141261 -0.380496860455 
-3.22597690722e-22 0.243221644576 0.16214776305 -0.39454842423 
-3.22597690722e-22 0.243221644576 0.16214776305 -0.39454842423 
-3.22597690722e-22 0.243221644576 0.16214776305 -0.39454842423 
4.09492223272e-21 0.247692967357 0.165128644905 -0.392828612463 
-5.62839315337e-21 0.250249919312 0.166833279541 -0.390383088734 
-6.05658638624e-22 0.253063918938 0.168709279292 -0.386766811012 
1.06701186918e-20 0.259635073337 0.173090048891 -0.382410740027 
9.83112869659e-22 0.274162287971 0.182774858647 -0.372666825111 
1.55887522471e-21 0.293699284702 0.195799523134 -0.354130711983 
-4.35369280413e-21 0.304208421188 0.202805614125 -0.303842538364 
3.61203456632e-21 0.313557674527 0.209038449685 -0.232721118339 
1.21631530053e-20 0.28447243566 0.18964829044 -0.136851759425 
-2.59467904038e-21 0.205352166862 0.136901444575 -0.0545890642944 
2.05520597173e-20 0.121983451123 0.081322300749 -0.00880436722137 
-8.93193898522e-22 0.072322810234 0.0482152068227 0.0146639242201 
-2.32351003802e-20 0.0285881148093 0.0190587432062 0.0300021460784 
1.24399603507e-21 0.0280183859664 0.0186789239776 0.038407290496 
8.9300619977e-21 0.0247173664666 0.0164782443111 0.0465548517099 
6.93502358605e-21 2.88644135777e-18 1.92429423852e-18 0.0499916680908 
-1.28010930843e-20 -6.30597173797e-23 -4.20398115865e-23 0.0538946277277 
-1.28010930843e-20 -6.30597173797e-23 -4.20398115865e-23 0.0538946277277 
1.23022167215e-20 0.000383741021979 0.000255827347986 0.0586832810102 
2.72123251647e-20 1.62630325873e-19 1.08420217249e-19 0.0589727589686 
5.68754386686e-21 1.18904613714e-21 7.92697424758e-22 0.0630688257388 
5.68754386686e-21 1.18904613714e-21 7.92697424758e-22 0.0630688257388 
-1.04025706641e-20 2.69219457109e-22 1.79479638072e-22 0.0519161483807 
0.0114662183468 -6.3670806201e-22 -4.2447204134e-22 0.0404874823043 
0.0729896465903 -1.15309413495e-21 -7.68729423301e-22 0.0350373632673 
0.161138354098 5.15894819738e-22 3.43929879826e-22 0.0076053251375 
0.309860847995 0.0953624340754 0.0635749560502 -0.159771266345 
0.469235052065 0.199801136836 0.133200757891 0.0666044942684 
0.647233695328 0.171174733587 0.114116489058 0.102328889195 
0.817888958134 0.12569363639 0.0837957575931 0.105126470987 
0.952260443657 0.0193620059744 0.012908003983 0.111127330791 
1.08779030907 1.30515080044e-20 8.7010053363e-21 0.10068267882 
1.19789625238 -2.64282134253e-22 -1.76188089502e-22 0.087141367695 
1.2771959361 6.91113268065e-22 4.6074217871e-22 0.0802665996376 
1.34362741659 -5.99069121861e-22 -3.99379414574e-22 0.0688826698071 
1.38923626214 3.81661635706e-22 2.54441090471e-22 0.0636110983095 
1.42042899697 2.70422962607e-21 1.80281975072e-21 0.0607137933913 
1.44047080941 2.56111916991e-21 1.70741277994e-21 0.058244967382 
1.44755400926 -9.71698475264e-22 -6.47798983509e-22 0.057883155071 
1.45581281995 -7.49087679327e-22 -4.99391786218e-22 0.0543328843906 
1.45264256678 2.00366372658e-22 1.33577581772e-22 0.056310409637 
1.44024821796 2.45907190128e-21 1.63938126752e-21 0.0606626208152 
1.42679870708 2.09690477431e-21 1.39793651621e-21 0.0649444640282 
1.4066451976 1.66531478055e-21 1.1102098537e-21 0.068896211663 
1.38296930508 4.54279756038e-22 3.02853170692e-22 0.0749117512477 
1.35903736738 -5.96437327686e-22 -3.97624885124e-22 0.0817205741508 
1.32156309298 1.07971307475e-22 7.19808716501e-23 0.0901117507805 
1.28612675582 6.83054874606e-22 4.55369916404e-22 0.101051743171 
1.24193694826 4.68388078481e-22 3.12258718987e-22 0.116182751899 
1.17617183184 -7.10674630964e-20 -4.73783087309e-20 0.1413787842 
1.08784017839 0.0222514014543 0.0148342676362 0.175308447171 
1.02830917918 0.222441011517 0.148294007678 0.170431885183 
0.98471032414 0.430676516822 0.287117677881 0.164889548403 
0.958673777481 0.584538037785 0.38969202519 0.160515386248 
0.891288019505 0.689995289469 0.459996859646 0.162605773992 
0.893860402738 0.795193522379 0.53012901492 0.153777904787 
0.868353639211 0.874595981897 0.583063987932 0.150919697731 
0.802278163569 0.945789107854 0.630526071902 0.143838074576 
0.755442944261 1.00708485206 0.671389901376 0.130072471193 
0.701129192526 1.06938463604 0.712923090695 0.117334835135 
0.643597408783 1.12953316579 0.753022110525 0.0960221854009 
0.585719903833 1.18180144385 0.787867629233 0.0734873023378 
0.542189729771 1.22360322153 0.815735481021 0.0505246898127 
0.503123311422 1.26324812886 0.84216541924 0.0278499291069 
0.483165062576 1.29339672388 0.86226448259 0.00687186858072 
0.485204429961 1.31870703138 0.879138020918 -0.00406632115364 
0.488058760487 1.33197356864 0.887982379095 -0.0147383312831 
0.490043487492 1.34394565711 0.895963771409 -0.0203815862045 
0.492235803637 1.35024558551 0.900163723675 -0.0252179269135 
0.519954838321 1.35307679178 0.902051194521 -0.0228756974213 
0.521030583209 1.35531204725 0.903541364834 -0.0247278628806 
0.522821788111 1.35574648874 0.903830992493 -0.0269583346557 
0.548263268026 1.35713229082 0.904754860546 -0.0218558853852 
0.54883046471 1.35783375881 0.905222505874 -0.0231664831364 
0.548928514164 1.35825938393 0.905506255952 -0.0232720551579 
0.550161683467 1.35598157465 0.90398771643 -0.0253900517031 
0.552007586401 1.35641922518 0.904279483455 -0.0276145553605 
0.55381011982 1.35749058742 0.904993724944 -0.0291999072263 
0.553983222292 1.35895642961 0.905970953071 -0.0292017849855 
0.554166239081 1.36002753637 0.906685024249 -0.0292306887023 
0.554303707799 1.35939962885 0.906266419231 -0.0293160611709 
0.578395804508 1.35753413607 0.905022757379 -0.0240175923479 
0.578395804508 1.35753413607 0.905022757379 -0.0240175923479 
0.578367502951 1.35618045835 0.904120305563 -0.024144137301 
0.578211597037 1.3542112555 0.902807503667 -0.0241512234858 
0.543544434209 1.3453213227 0.896880881798 -0.0298787368373 
0.540622409184 1.32641190112 0.884274600744 -0.0248929509917 
0.510015418431 1.30490590509 0.869937270061 -0.0236038465204 
0.507864696749 1.26991444767 0.846609631783 -0.012095077926 
0.56238271682 1.2213371346 0.814224756401 0.0121493194938 
0.607577016946 1.16999708277 0.779998055181 0.0343946651833 
0.677700372515 1.09488651666 0.729924344439 0.0603059832278 
0.748221746679 1.00921989634 0.672813264227 0.0796063538164 
0.815972251919 0.911969396901 0.607979597934 0.0897120976187 
0.849569959551 0.781999489232 0.521332992822 0.0974988363244 
0.91470560548 0.646145381328 0.430763587552 0.0974340020583 
0.992698791682 0.534795373838 0.356530249226 0.0897695729345 
0.980931964 0.325375939709 0.216917293139 0.0894088825341 
1.04641662721 0.285011931144 0.190007954096 0.0687842642783 
1.08725720522 0.256865227401 0.171243484934 0.0506652151991 
1.10578321899 0.242190701343 0.161460467562 0.0354732091677 
1.10529453617 0.240899601218 0.160599734145 0.0228537253275 
1.07294284952 0.253342648397 0.168895098931 0.0113066223818 
1.02778425842 0.274547976846 0.183031984564 0.00124439646031 
1.00889363622 0.354739022589 0.236492681726 -0.00549900401816 
0.958508699576 0.380752517791 0.253835011861 -0.0113812366149 
0.913213204901 0.406509388692 0.271006259128 -0.0165333104912 
0.834046819747 0.38924527949 0.259496852993 -0.0230836938426 
0.730977912773 0.339099995401 0.226066663601 -0.0303367907339 
0.618620159377 0.276605364214 0.184403576143 -0.0446424409109 
0.519778116555 0.230790310495 0.153860206997 -0.0643993491851 
0.436551908894 0.1841787347 0.122785823133 -0.11908962387 
0.361288268042 0.200876215662 0.133917477108 -0.189825123757 
0.309676491632 0.238960463745 0.15930697583 -0.253723404856 
0.262867812111 0.287749125529 0.191832750353 -0.279580463754 
0.227011371821 0.324932906669 0.216621937779 -0.298705080254 
0.192879107029 0.358761459643 0.239174306429 -0.312945689368 
0.163231445312 0.388243763358 0.258829175572 -0.320989586131 
-1.32635852048e-17 1.59498714077e-17 1.06332476051e-17 0.0335108446789 
-1.11254047826e-20 0.0244818871152 0.0163212580768 0.0320511859157 
-2.52093532818e-20 0.0276248999172 0.0184165999448 0.0371986042206 
2.30218501502e-20 0.0483896368104 0.0322597578736 0.0397392173079 
2.30218501502e-20 0.0483896368104 0.0322597578736 0.0397392173079 
1.44196975428e-20 0.0503396216276 0.0335597477518 0.0445571695528 
1.44196975428e-20 0.0503396216276 0.0335597477518 0.0445571695528 
1.44196975428e-20 0.0503396216276 0.0335597477518 0.0445571695528 
1.44196975428e-20 0.0503396216276 0.0335597477518 0.0445571695528 
1.44196975428e-20 0.0503396216276 0.0335597477518 0.0445571695528 
1.44196975428e-20 0.0503396216276 0.0335597477518 0.0445571695528 
1.19733984822e-20 0.0797003445881 0.0531335630587 0.0448384353474 
-1.12578583978e-20 0.0756686567438 0.0504457711625 0.0406114780639 
9.55494728333e-21 0.0559461454138 0.0372974302759 0.0366901682155 
-5.82828291506e-22 0.0391794049354 0.0261196032903 0.0328357762599 
7.33023738844e-21 0.0241861677177 0.0161241118118 0.0275481299615 
3.84980845679e-19 0.000615859190161 0.000410572793441 0.0190899622453 
0.0631941929253 0.084489060571 0.0563260403807 -0.000241865475219 
0.206592636849 0.209051028511 0.139367352341 -0.223938168141 
0.312636447077 0.0585940030679 0.039062668712 -0.369267032984 
0.365955173106 -1.42052805976e-18 -9.47018706508e-19 -0.285007045824 
0.683650787078 0.314658070102 0.209772046735 0.145604374583 
0.86863567978 0.245792467444 0.163861644963 0.15844398029 
1.00101000319 -1.36502444466e-18 -9.1001629644e-19 0.197547121132 
1.15667710744 -4.6434190447e-23 -3.09561269647e-23 0.173892919623 
1.28197086652 -1.62673404188e-21 -1.08448936125e-21 0.152521548539 
1.3809884028 -3.21908590415e-22 -2.14605726944e-22 0.134769883828 
1.44644511932 -6.46899920631e-22 -4.31266613754e-22 0.120889013843 
1.49242294137 4.07753729099e-22 2.71835819399e-22 0.107873778743 
1.51981558703 7.86865213632e-22 5.24576809088e-22 0.0991981867516 
1.53438944924 2.41196772125e-21 1.60797848083e-21 0.0945342482317 
1.53542449293 1.17021436452e-21 7.80142909679e-22 0.0931070571496 
1.54219946143 -9.09880550753e-22 -6.06587033835e-22 0.0870751279426 
1.53680017932 -1.29341487396e-21 -8.62276582643e-22 0.0876162288199 
1.53680017932 -1.29341487396e-21 -8.62276582643e-22 0.0876162288199 
1.52767658107 -9.01149279777e-22 -6.00766186518e-22 0.0899324931898 
1.52771532354 8.9770936242e-22 5.9847290828e-22 0.0871073283515 
1.52289388922 -4.17098898598e-23 -2.78065932399e-23 0.0892226767557 
1.5172410046 3.95428788854e-23 2.63619192569e-23 0.0911619909427 
1.51356149876 -2.96286492477e-22 -1.97524328318e-22 0.0946748328136 
1.51356149876 -2.96286492477e-22 -1.97524328318e-22 0.0946748328136 
1.51386199362 -3.67010627954e-22 -2.44673751969e-22 0.0904550960803 
1.51375515303 1.65287231788e-21 1.10191487859e-21 0.0890855111104 
1.50915871086 -1.30353578381e-21 -8.69023855874e-22 0.0878421747969 
1.50434006942 -2.3605673878e-22 -1.57371159187e-22 0.0869217528376 
1.49868240859 -1.23458616791e-21 -8.23057445271e-22 0.0880166912307 
1.49248818202 1.53432246491e-21 1.02288164327e-21 0.0882376113071 
1.49208833065 1.24713496934e-21 8.31423312893e-22 0.0846832696177 
1.48322116443 -4.87623908383e-22 -3.25082605588e-22 0.083258221488 
1.48357449295 -2.2452505932e-21 -1.4968337288e-21 0.0804177842204 
1.48223122896 -1.8293224557e-22 -1.2195483038e-22 0.0817717537928 
1.47726551551 -7.75002950803e-22 -5.16668633869e-22 0.0804707605634 
1.47780512349 -9.52256887949e-22 -6.34837925299e-22 0.0779518080186 
1.47779558261 -3.23631506764e-22 -2.15754337843e-22 0.0763346846296 
1.46935572273 9.06682339046e-22 6.04454892697e-22 0.0789338159796 
1.46847325927 -6.61353014987e-23 -4.40902009991e-23 0.0816480677066 
1.47142964534 -8.68810482653e-22 -5.79206988436e-22 0.0778995226849 
1.46806465097 -3.06955253444e-22 -2.04636835629e-22 0.0782803462489 
1.48017884275 1.35448446605e-21 9.02989644034e-22 0.0712211688311 
1.47408522433 8.55130357304e-22 5.7008690487e-22 0.0728300997851 
1.47047468558 4.85204563712e-22 3.23469709142e-22 0.0747812206569 
1.4702579651 -5.85268858156e-22 -3.90179238771e-22 0.0774535634795 
1.4702579651 -5.85268858156e-22 -3.90179238771e-22 0.0774535634795 
1.46377514128 7.44761714789e-22 4.96507809859e-22 0.0789046545357 
1.46062868166 1.72504222428e-21 1.15002814952e-21 0.0805062611533 
1.46045216996 -1.32236794671e-21 -8.81578631142e-22 0.0797597538108 
1.45732373383 3.40754034383e-22 2.27169356256e-22 0.0814627973587 
1.4561995537 5.81963666775e-22 3.8797577785e-22 0.0824559119633 
1.44938062114 -1.69885899049e-21 -1.13257266032e-21 0.0828948449622 
1.44938062114 -1.69885899049e-21 -1.13257266032e-21 0.0828948449622 
1.44933338139 5.33803916755e-22 3.55869277837e-22 0.0794242171365 
1.44846744007 2.24327905271e-22 1.49551936847e-22 0.0810801648059 
1.44030210377 1.11757358099e-21 7.45049053993e-22 0.0815011310356 
1.43633324262 1.94952530714e-21 1.29968353809e-21 0.0792574129559 
1.42331018223 1.44330552436e-21 9.62203682905e-22 0.0756607671555 
1.36692055539 8.28349417293e-22 5.52232944862e-22 0.0725363244384 
1.26515772534 -3.3042139169e-18 -2.20280927794e-18 0.0670322554352 
1.11629925617 -6.50390313081e-18 -4.33593542054e-18 0.0721520228943 
0.906939753226 0.212413368819 0.141608912546 0.0593002425556 
0.614894850101 0.221599727487 0.147733151658 0.0582519558039 
0.372784096869 0.185580384644 0.12372025643 0.053491898987 
0.198701172131 0.116416952534 0.0776113016896 -0.0604237244551 
0.08935929871 0.0638207175021 0.0425471450014 -0.00594481965628 
0.0251560789904 0.0285873387664 0.0190582258443 0.00964909755927 
-3.16909811965e-18 0.0315679223602 0.0210452815735 0.0176427932199 
-4.52973696805e-21 0.0306207500597 0.0204138333732 0.0258855053609 
-2.21086274675e-21 0.0310314150799 0.0206876100533 0.0286812238479 
-2.53540989317e-21 0.0477218736738 0.0318145824492 0.0279312630215 
-2.53540989317e-21 0.0477218736738 0.0318145824492 0.0279312630215 
-7.64066518687e-21 0.0456961169163 0.0304640779442 0.0306962746926 
1.17783514713e-20 0.0341564550438 0.0227709700292 0.0314067436038 
-1.20985212667e-20 0.00722008945344 0.00481339296896 0.0339634148686 
2.45138626825e-20 0.00740705238946 0.00493803492631 0.0374352499047 
1.68384531885e-20 0.00708951299843 0.00472634199895 0.0405190173852 
2.74436605679e-20 1.48407534836e-19 9.89383565575e-20 0.0423704211985 
2.74436605679e-20 1.48407534836e-19 9.89383565575e-20 0.0423704211985 
2.74436605679e-20 1.48407534836e-19 9.89383565575e-20 0.0423704211985 
-1.05749131591e-21 5.23246247655e-24 3.4883083177e-24 0.0412006970129 
0.00436129205864 0.0278993157709 0.0185995438473 0.0428980843436 
0.0133320182108 0.0609328075852 0.0406218717235 0.0477825714721 
0.0225822669013 0.108737255473 0.0724915036489 0.0523603619294 
0.0400169397664 0.139205138083 0.0928034253884 0.0580383942433 
0.0566800163569 0.189966221574 0.126644147716 0.0672018585569 
0.0592804227466 0.237224075153 0.158149383436 0.097012134324 
0.0400495645309 0.2319770297 0.154651353133 0.113215418882 
0.00195281542805 0.218406328841 0.145604219227 0.113301726871 
8.4771032935e-19 0.219304042364 0.146202694909 0.12511530051 
