0.0 0.0 0.0 0.0 
3.90689477571e-21 0.563036498289 0.375357665526 0.462110536044 
3.90689477571e-21 0.563036498289 0.375357665526 0.462110536044 
3.90689477571e-21 0.563036498289 0.375357665526 0.462110536044 
3.90689477571e-21 0.563036498289 0.375357665526 0.462110536044 
3.90689477571e-21 0.563036498289 0.375357665526 0.462110536044 
3.90689477571e-21 0.563036498289 0.375357665526 0.462110536044 
3.90689477571e-21 0.563036498289 0.375357665526 0.462110536044 
3.90689477571e-21 0.563036498289 0.375357665526 0.462110536044 
3.90689477571e-21 0.563036498289 0.375357665526 0.462110536044 
3.90689477571e-21 0.563036498289 0.375357665526 0.462110536044 
3.90689477571e-21 0.563036498289 0.375357665526 0.462110536044 
-6.59233205247e-21 0.573531950439 0.382354633626 0.47526062056 
-3.76398079564e-20 0.566748497129 0.377832331419 0.523598775598 
-3.76398079564e-20 0.566748497129 0.377832331419 0.523598775598 
-3.76398079564e-20 0.566748497129 0.377832331419 0.523598775598 
-3.76398079564e-20 0.566748497129 0.377832331419 0.523598775598 
-3.76398079564e-20 0.566748497129 0.377832331419 0.523598775598 
-3.76398079564e-20 0.566748497129 0.377832331419 0.523598775598 
3.86225777588e-21 0.562014373849 0.374676249233 0.523598775598 
3.86225777588e-21 0.562014373849 0.374676249233 0.523598775598 
3.86225777588e-21 0.562014373849 0.374676249233 0.523598775598 
-2.45589048718e-21 0.552653832585 0.36843588839 0.523598775598 
1.37065372215e-21 0.558727873196 0.372485248798 0.523598775598 
7.48619006763e-21 0.553561068969 0.369040712646 0.523598775598 
7.48619006763e-21 0.553561068969 0.369040712646 0.523598775598 
-9.14450614039e-21 0.540837976937 0.360558651291 0.523598775598 
-9.14450614039e-21 0.540837976937 0.360558651291 0.523598775598 
-9.14450614039e-21 0.540837976937 0.360558651291 0.523598775598 
-1.75653584481e-21 0.536419113291 0.357612742194 0.523598775598 
-1.75653584481e-21 0.536419113291 0.357612742194 0.523598775598 
-1.75653584481e-21 0.536419113291 0.357612742194 0.523598775598 
-1.75653584481e-21 0.536419113291 0.357612742194 0.523598775598 
1.10563192952e-20 0.53174442421 0.354496282807 0.523598775598 
1.10563192952e-20 0.53174442421 0.354496282807 0.523598775598 
7.16026331197e-22 0.526050366418 0.350700244279 0.523598775598 
1.51909908454e-21 0.530372733353 0.353581822235 0.523598775598 
1.51909908454e-21 0.530372733353 0.353581822235 0.523598775598 
1.56821640575e-20 0.523853604556 0.349235736371 0.523598775598 
1.56821640575e-20 0.523853604556 0.349235736371 0.523598775598 
-8.15966144521e-21 0.519912969408 0.346608646272 0.523598775598 
1.60660598958e-20 0.514142838343 0.342761892229 0.523598775598 
1.60660598958e-20 0.514142838343 0.342761892229 0.523598775598 
-1.29644157933e-20 0.510977825473 0.340651883648 0.49580656623 
6.15068463055e-21 0.511012918979 0.340675279319 0.472954591718 
6.15068463055e-21 0.511012918979 0.340675279319 0.472954591718 
-3.66709665046e-22 0.512536683675 0.34169112245 0.453468867895 
-5.66239712631e-21 0.512396738536 0.341597825691 0.40743729777 
1.88156743791e-20 0.512452087686 0.341634725124 0.395401349862 
-1.03230742842e-21 0.511642824444 0.341095216296 0.350397436152 
0.00425497796338 0.502163295086 0.334775530057 0.308372074385 
0.0293583564455 0.471845894317 0.314563929544 0.297131708604 
0.053798663281 0.443686378715 0.295790919144 0.286005860627 
0.0865446352037 0.404385676158 0.269590450772 0.269161115148 
0.122708816062 0.363160506452 0.242107004301 0.345891631638 
0.185181829056 0.290734523262 0.193823015508 0.400119479489 
0.283034176178 0.172290117131 0.114860078088 0.497581819431 
0.387205881284 0.0502927641484 0.0335285094323 0.523598775598 
0.460448834663 4.58313507299e-18 3.05542338199e-18 0.513101314099 
0.526004700426 4.02924728076e-22 2.68616485384e-22 0.356138763731 
0.623544654188 2.15939835717e-06 1.43959890478e-06 0.195207762017 
0.860403942138 0.445541048345 0.297027365563 0.0419404826899 
0.874129395402 0.161641808218 0.107761205479 0.0586476296788 
0.971800864368 0.129156518881 0.0861043459208 0.0519422439165 
1.02344486667 1.01661190938e-17 6.77741272918e-18 0.0600461663424 
1.10796421042 -1.50982382308e-23 -1.00654921539e-23 0.047612558303 
1.1819860713 -1.6120150449e-22 -1.0746766966e-22 0.0415509388224 
1.23885304153 8.49489740832e-22 5.66326493888e-22 0.0390809144842 
1.28882164609 -4.4235948714e-22 -2.9490632476e-22 0.0341141988748 
1.33054301446 1.96430610113e-22 1.30953740075e-22 0.0301731257616 
1.36703062466 6.71823959987e-23 4.47882639991e-23 0.0259509607379 
1.38245112114 3.26226343732e-22 2.17484229155e-22 0.0190305028522 
1.39618268692 9.18020767075e-22 6.12013844716e-22 0.0170548874328 
1.40646045902 5.38737501164e-22 3.5915833411e-22 0.0157145306577 
1.41740329199 7.55990181086e-22 5.03993454058e-22 0.0155030504436 
1.4191299149 -2.03157510103e-22 -1.35438340069e-22 0.017858924074 
1.42228192597 -1.18424877553e-21 -7.89499183689e-22 0.0169526112015 
1.42956808213 1.3867416012e-21 9.24494400797e-22 0.01250619053 
1.43359748308 1.35581344625e-22 9.03875630833e-23 0.0100289600287 
1.4328765668 -4.26177582876e-22 -2.84118388584e-22 0.0130925486207 
1.43774550034 -3.42916406409e-22 -2.28610937606e-22 0.0104401225448 
1.42523758003 -6.46701126066e-22 -4.31134084044e-22 0.0128147582153 
1.42273815835 1.04963759225e-21 6.99758394834e-22 0.0132046362838 
1.41692347994 5.48947995099e-22 3.65965330066e-22 0.0154580308965 
1.40613188557 1.02121178098e-21 6.80807853988e-22 0.0177182753869 
1.40313316943 1.28813585846e-21 8.58757238976e-22 0.0181889545668 
1.39818187216 -1.35775186325e-21 -9.05167908835e-22 0.0191632170576 
1.38801517266 2.98765378277e-22 1.99176918851e-22 0.0226542602467 
1.38509447895 5.02620917063e-22 3.35080611376e-22 0.0210475425783 
1.38951800918 1.88616343949e-22 1.25744229299e-22 0.0175143980421 
1.38515021263 2.22907145297e-21 1.48604763531e-21 0.015916687863 
1.39153701822 1.11307327467e-21 7.42048849782e-22 0.0137638662893 
1.38463188139 1.55785123378e-21 1.03856748918e-21 0.0158679301582 
1.38091586371 4.0835388608e-22 2.72235924054e-22 0.0192972331374 
1.38091586371 4.0835388608e-22 2.72235924054e-22 0.0192972331374 
1.380002802 -7.57660262198e-22 -5.05106841465e-22 0.0212488486865 
1.37298274076 4.4520829024e-24 2.96805526827e-24 0.0225596725809 
1.36851726428 7.61360734607e-22 5.07573823071e-22 0.0249089924748 
1.36211369059 1.04385777781e-21 6.95905185208e-22 0.0231388255141 
1.35981776335 -1.26497523426e-22 -8.43316822839e-23 0.0223016115394 
1.33502536471 1.12842609357e-21 7.52284062383e-22 0.021845939378 
1.30370098999 -7.46949091878e-22 -4.97966061252e-22 0.0223071210836 
1.26319804752 6.06109143238e-22 4.04072762158e-22 0.0251535366464 
1.20802772212 -1.08845856823e-18 -7.2563904549e-19 0.0256955415386 
1.14765078732 1.9948876908e-19 1.3299251272e-19 0.0302287615465 
1.0903241918 -1.21820282445e-18 -8.12135216298e-19 0.0302330089206 
0.989527175717 0.0211607948721 0.0141071965814 0.0320339329233 
0.86082360816 0.0531330413439 0.0354220275626 0.0309138683632 
0.835588925142 0.428695268376 0.285796845584 0.0110311713937 
0.571105347677 0.232274687143 0.154849791429 0.0105985220028 
0.385878986638 0.148664449458 0.0991096329721 0.0119734589226 
0.255318636513 0.0998714146712 0.0665809431142 -0.0508533334711 
0.158287679232 0.078721670141 0.0524811134273 -0.0124130790801 
0.0974728776771 0.054069739961 0.0360464933073 -0.00274707610264 
0.0620680817734 0.0343338702122 0.0228892468081 0.000215456926811 
0.038642188145 0.00865332049694 0.00576888033129 0.00169260396176 
0.0226140285647 -3.78298662232e-19 -2.52199108155e-19 0.00215878310294 
0.0136113934609 0.000950835341583 0.000633890227722 0.000980783421008 
0.00853631006836 4.87890977618e-19 3.25260651746e-19 0.00164892902838 
0.0037803349438 2.42584697768e-21 1.61723131846e-21 -0.000533413936436 
-3.2019408545e-21 5.2984885649e-21 3.53232570994e-21 -4.41167601248e-10 
0.00197717911341 3.68722070895e-22 2.4581471393e-22 -0.000784149689355 
0.00490701659391 0.00491837252526 0.00327891501684 -0.00295001872951 
0.00588365752546 0.0477510520459 0.0318340346973 -0.0057966981695 
0.00852619178397 0.088115428891 0.0587436192607 -0.00775453347875 
0.0170796360956 0.0651796261371 0.0434530840914 -0.00721296289676 
0.0263527138781 0.042798324087 0.028532216058 -0.00739726625737 
0.0316649733673 0.0474361299719 0.0316240866479 -0.00845849755429 
0.040244558151 0.0267932605387 0.0178621736925 -0.00925683236331 
0.0432174836415 0.0418966647597 0.0279311098398 -0.0115338098005 
0.0536510952444 0.00891287885234 0.00594191923489 -0.00838706631584 
0.0572797767309 0.0224678781405 0.014978585427 -0.0101002793411 
0.0632169528254 0.0410797634759 0.0273865089839 -0.0114334830541 
0.0750191223443 0.0476498908723 0.0317665939149 -0.0171548347109 
0.0927921703318 0.019334750911 0.0128898339407 -0.0177743480801 
0.11970072606 0.018509802243 0.012339868162 -0.0243036677076 
0.15634709726 0.0572977771444 0.0381985180962 -0.0382649737268 
0.208444684436 -4.26280365914e-18 -2.84186910609e-18 -0.0323868293519 
0.291136804775 3.50886019729e-22 2.33924013152e-22 -0.0490951319271 
0.377206705826 2.17479980528e-22 1.44986653685e-22 -0.0479149179556 
0.482048974805 0.00525170227014 0.00350113484676 0.139528689724 
0.652267058486 0.19333292062 0.128888613746 0.0353117889009 
0.768948086899 0.16452410937 0.10968273958 0.0358857899391 
0.880225250784 0.134967393577 0.0899782623845 0.0338464675222 
0.982531742069 0.105148108757 0.0700987391716 0.034640571883 
1.04958887453 2.17171920897e-17 1.44781280598e-17 0.0379551323196 
1.12575897102 1.26781241235e-21 8.45208274902e-22 0.0355465507302 
1.19938842843 -6.43912185305e-22 -4.29274790203e-22 0.0317388658395 
1.27714527684 1.36638394454e-21 9.10922629691e-22 0.0226424085621 
1.33098130762 9.29476487469e-22 6.19650991646e-22 0.0193455464542 
1.3832116594 3.5401961529e-22 2.3601307686e-22 0.0150912858733 
1.42192019918 5.21401095543e-22 3.47600730362e-22 0.0125491528417 
1.44584088319 1.12552138664e-21 7.50347591096e-22 0.00971952177002 
1.45677080254 1.65471757946e-21 1.10314505297e-21 0.00851804970862 
1.46810091662 1.94435167696e-22 1.2962344513e-22 0.00487926496745 
1.47849167518 1.69509689872e-21 1.13006459915e-21 0.000181853753495 
1.48097665795 1.77281134782e-22 1.18187423188e-22 -0.00314059095918 
1.47802389882 2.54828703828e-22 1.69885802552e-22 -0.00240959855655 
1.47648131973 3.66524760961e-22 2.44349840641e-22 -0.000798508432389 
1.47584312014 7.80877510532e-22 5.20585007021e-22 -0.000500914361873 
1.47358719437 1.27764751991e-21 8.51765013274e-22 -0.00173136597281 
1.46838452362 3.56643375544e-22 2.37762250363e-22 -0.000812366388372 
1.46781561499 1.39635143237e-21 9.30900954913e-22 -0.00107377285284 
1.46778844621 -6.61311996997e-22 -4.40874664665e-22 -0.000240714650613 
1.46041098259 -4.65670334542e-22 -3.10446889695e-22 -0.00199489436724 
1.46189489893 2.65978872354e-22 1.77319248236e-22 -0.00389751853871 
1.46025838068 3.43177150845e-22 2.2878476723e-22 -0.00532508751213 
1.45122488361 1.66468452244e-22 1.10978968163e-22 -0.00626116016299 
1.44616932112 -5.44315641587e-22 -3.62877094391e-22 -0.00644780154565 
1.44457582723 -4.32929795257e-22 -2.88619863504e-22 -0.00522171898598 
1.43374273733 1.59811047055e-21 1.06540698037e-21 -0.00288276919376 
1.42874696355 9.22546953388e-22 6.15031302258e-22 -0.00297185088119 
1.42553909825 3.55048071094e-22 2.36698714063e-22 -0.00224186426742 
1.43111003882 4.33303066747e-23 2.88868711164e-23 -0.00544508022621 
1.43146118455 -5.43236489886e-22 -3.62157659924e-22 -0.00341906958708 
1.43221015193 4.67486009096e-22 3.11657339397e-22 -0.00306307438485 
1.43449513104 5.81353550213e-23 3.87569033476e-23 -0.00161701939048 
1.43327661361 -5.26962310054e-22 -3.51308206703e-22 -0.00213604175602 
1.42464004051 1.03568744964e-21 6.90458299759e-22 -0.00114090739324 
1.42188439713 -7.33083719875e-22 -4.88722479916e-22 -0.000546346317211 
1.42341982178 5.52612601783e-22 3.68408401189e-22 0.000866746027833 
1.42252473045 5.19949980931e-22 3.4663332062e-22 0.000307211404741 
1.41079853622 6.56926834526e-19 4.37951223017e-19 0.000260501170729 
1.39423246199 0.00409849786163 0.00273233190776 -0.0019974135449 
1.36540112557 0.0106894796626 0.00712631977509 -0.00251305292395 
1.3155580988 -2.76454644711e-18 -1.84303096474e-18 0.0046577909722 
1.27048284991 2.40321616771e-18 1.6021441118e-18 0.00597979867139 
1.24689547719 0.0492266325779 0.0328177550519 0.00384902441363 
1.20030131769 0.0599381343078 0.0399587562052 0.00873065162389 
1.13664102347 0.0751086777136 0.0500724518091 0.0133774875347 
1.07187932558 0.0927166736565 0.061811115771 0.016725053458 
0.990256316162 0.114639068983 0.0764260459885 0.0201846360884 
0.899792847869 0.140060028231 0.0933733521539 0.0203877359165 
0.7960472898 0.168202443042 0.112134962028 0.0205945376903 
0.622057782875 1.95735381378e-15 1.30490254252e-15 0.0331556034108 
0.462756002774 -3.58365550306e-17 -2.38910366871e-17 0.0216371976207 
0.32983199171 -1.48911808064e-17 -9.92745387093e-18 -0.110444860684 
0.217179088182 -5.62005034806e-18 -3.74670023204e-18 -0.0446978420408 
0.134593442861 8.13710316581e-19 5.42473544387e-19 -0.0228834721987 
0.0798662023961 -1.81668856804e-21 -1.21112571202e-21 -0.0138304663441 
0.0443077938594 -1.79254485885e-21 -1.1950299059e-21 -0.0115676199592 
0.0233279948284 -4.8125016941e-22 -3.20833446274e-22 -0.0025249295285 
0.00475975257006 -2.51308767892e-21 -1.67539178594e-21 -0.000720205335733 
8.67361737988e-19 5.75810178183e-21 3.83873452122e-21 -0.000403994458082 
8.67361737988e-19 5.75810178183e-21 3.83873452122e-21 -0.000403994458082 
-7.38272815007e-23 4.66997354336e-22 3.11331569557e-22 0.00285170387211 
-7.38272815007e-23 4.66997354336e-22 3.11331569557e-22 0.00285170387211 
-7.38272815007e-23 4.66997354336e-22 3.11331569557e-22 0.00285170387211 
-7.38272815007e-23 4.66997354336e-22 3.11331569557e-22 0.00285170387211 
-7.38272815007e-23 4.66997354336e-22 3.11331569557e-22 0.00285170387211 
-7.38272815007e-23 4.66997354336e-22 3.11331569557e-22 0.00285170387211 
-7.38272815007e-23 4.66997354336e-22 3.11331569557e-22 0.00285170387211 
-7.38272815007e-23 4.66997354336e-22 3.11331569557e-22 0.00285170387211 
-7.38272815007e-23 4.66997354336e-22 3.11331569557e-22 0.00285170387211 
-7.38272815007e-23 4.66997354336e-22 3.11331569557e-22 0.00285170387211 
6.62904815042e-21 -5.4407562386e-22 -3.62717082574e-22 -6.02384589679e-06 
-2.90203165235e-21 -3.51543714493e-21 -2.34362476328e-21 -0.00438431251047 
0.00947663886906 1.51347869728e-21 1.00898579819e-21 -0.00700119148288 
0.0330921233572 1.44677709075e-22 9.64518060498e-23 -0.010195786643 
0.0788999006123 1.35713420053e-21 9.04756133688e-22 -0.0142727742982 
0.1227317073 5.15103067664e-22 3.4340204511e-22 -0.0241505422939 
0.17702325931 -9.36178657166e-22 -6.24119104777e-22 -0.0387219908994 
0.269172975089 5.98496580201e-22 3.98997720134e-22 -0.0706425396284 
0.375796775858 -1.35210522377e-21 -9.01403482514e-22 -0.158186663036 
0.475285297517 1.58818438965e-22 1.0587895931e-22 0.0396590440801 
0.592949510984 3.11668014985e-22 2.07778676657e-22 0.0593861415105 
0.695322153538 5.05306314744e-24 3.36870876496e-24 0.0553156365959 
0.788647818094 2.1398778907e-06 1.42658526047e-06 0.0485207868016 
0.884023657759 7.08998288938e-07 4.72665525959e-07 0.0390108309955 
0.96351509711 -5.65578545709e-24 -3.77052363806e-24 0.0304108242143 
1.02347618206 2.23663072009e-23 1.49108714672e-23 0.0293183296492 
1.05464954103 -2.32291259792e-22 -1.54860839862e-22 0.0339770402782 
1.07663862485 -1.37319996362e-22 -9.1546664241e-23 0.0356019755696 
1.10026307143 1.5404112302e-22 1.02694082013e-22 0.030772888291 
1.11039822128 3.6369666064e-23 2.42464440427e-23 0.0289916455011 
1.11959923955 -1.80141238116e-22 -1.20094158744e-22 0.0303674044925 
1.10674111355 -1.89676792045e-19 -1.26451194697e-19 0.029336630506 
1.09707035114 7.66978638297e-21 5.11319092198e-21 0.0336727431757 
1.09635787577 2.38376374133e-22 1.58917582755e-22 0.0314023549917 
1.09254802375 -1.24962484501e-22 -8.33083230008e-23 0.0295171157632 
1.08733432259 -1.44809938559e-22 -9.65399590394e-23 0.0305172914054 
1.09552263641 2.25323709426e-22 1.50215806284e-22 0.0280359796736 
1.09602825856 2.12360239894e-22 1.41573493263e-22 0.02973081388 
1.09868502567 -3.79677806935e-22 -2.53118537957e-22 0.030755163896 
1.09222315477 2.27470719846e-23 1.51647146564e-23 0.0369325507599 
1.09298102071 2.53840522519e-22 1.69227015012e-22 0.0381002770897 
1.09655619855 4.40245776374e-22 2.93497184249e-22 0.0341756729965 
1.09776774134 3.90925907698e-22 2.60617271799e-22 0.0323765946898 
1.09300642566 7.65433921276e-22 5.10289280851e-22 0.0406969247704 
1.09266299185 2.14775865212e-22 1.43183910141e-22 0.043444109695 
1.09226393257 2.27031694873e-22 1.51354463249e-22 0.0415119254349 
1.07357090937 4.05858844254e-22 2.70572562836e-22 0.0520933163721 
1.06510300645 3.58294925285e-22 2.38863283524e-22 0.0602457039775 
1.06052005078 1.12415232759e-22 7.49434885057e-23 0.0665417788263 
1.0385363652 -2.1535589357e-19 -1.43570595714e-19 0.0742288684929 
1.01253296586 4.33680868994e-19 2.89120579329e-19 0.0855638852867 
0.997511475858 0.00221241413928 0.00147494275952 0.0982433183224 
0.960566941529 0.011402203535 0.00760146902335 0.121221645951 
0.923272388159 0.0237134086923 0.0158089391282 0.144701922227 
0.864232415548 0.0492845653314 0.0328563768876 0.184260687029 
0.868446948984 0.397667420621 0.265111613747 0.139657059877 
0.854597529821 0.594816473491 0.396544315661 0.140932452259 
0.800216335304 0.660658481269 0.440438987513 0.148719397723 
0.805436647174 0.799464688674 0.532976459116 0.153287203606 
0.764500299638 0.899760028844 0.599840019229 0.161397782819 
0.737223950004 0.980592126741 0.653728084494 0.17297200766 
0.651215433397 1.04648579861 0.697657199073 0.178698136927 
0.638695397712 1.09101815071 0.72734543381 0.178417301029 
0.583293184042 1.12219493943 0.748129959619 0.174522805036 
0.581869799796 1.14287472592 0.761916483948 0.179392347799 
0.540557809488 1.15866744722 0.772444964811 0.16442668212 
0.540322944881 1.16475450394 0.776503002625 0.165139606738 
0.5391983839 1.17007985068 0.780053233786 0.156788300874 
0.538654038693 1.17327923522 0.782186156814 0.157222405622 
0.538157361309 1.17132421818 0.780882812121 0.156631453905 
0.53812090204 1.16011972875 0.773413152503 0.154795078887 
0.546081979221 1.13273530465 0.755156869765 0.159826854793 
0.605434536196 1.09395170779 0.729301138526 0.159696832313 
0.656658080283 1.03774157378 0.691827715852 0.159215611013 
0.710628810397 0.970602161396 0.647068107597 0.156868678871 
0.739222684461 0.873218398426 0.582145598951 0.152184916341 
0.796764005261 0.74770566094 0.498470440627 0.142201724906 
0.879456747914 0.614933026846 0.40995535123 0.126074120231 
0.868573025054 0.260574946906 0.173716631271 0.139637922019 
0.934556042603 0.0142767816403 0.00951785442684 0.139052863316 
1.01588271975 1.6981608092e-19 1.13210720613e-19 0.10328055877 
1.07597842294 -2.54163898607e-22 -1.69442599071e-22 0.0765361943953 
1.13681464018 5.46648726872e-22 3.64432484581e-22 0.0655740613326 
1.17354811577 2.01609667746e-22 1.34406445164e-22 0.0522745395468 
1.20247626484 -1.05169516937e-22 -7.01130112911e-23 0.0439221366964 
1.22618392604 -8.43970296685e-24 -5.62646864457e-24 0.0401265670317 
1.25096703776 -7.65809793805e-23 -5.10539862537e-23 0.0320300674608 
1.27384537626 -4.65512518789e-22 -3.10341679193e-22 0.0243945886733 
1.28877087447 -7.70923848602e-23 -5.13949232402e-23 0.0221247488141 
1.31184145183 -8.51955583973e-22 -5.67970389316e-22 0.0166676462487 
1.31741860968 7.31049524899e-22 4.87366349933e-22 0.0172038519247 
1.32027972776 2.02792014315e-22 1.3519467621e-22 0.0187094683119 
1.32027972776 2.02792014315e-22 1.3519467621e-22 0.0187094683119 
1.31583906154 -4.89451573104e-22 -3.26301048736e-22 0.0175529463531 
1.31560751107 9.50256242479e-22 6.33504161653e-22 0.016537364316 
1.31518796703 -1.74657680141e-22 -1.16438453427e-22 0.0128710835772 
1.31562632509 -2.29872138877e-22 -1.53248092585e-22 0.0115069835374 
1.31557585541 4.28291503266e-22 2.85527668844e-22 0.00796133894082 
1.32557054159 0.0358809773996 0.0239206515997 0.00586255751297 
1.32555908683 0.0358125295399 0.0238750196933 0.00562516075292 
1.32906203374 0.0351445900748 0.0234297267165 0.00534725532869 
1.33322528908 0.0345143121907 0.0230095414605 0.00187147371208 
1.36763000422 0.131385992289 0.087590661526 0.00296159967709 
1.36932314316 0.131109323542 0.0874062156947 0.00189920011965 
1.37286606888 0.13031246824 0.0868749788265 0.00158525575795 
1.40046578582 0.199436426453 0.132957617635 0.000772747387582 
1.39921580465 0.200233260727 0.133488840485 0.00164919061189 
1.38891376528 0.175318241265 0.11687882751 0.00153114438201 
1.38639900736 0.175394618889 0.116929745926 0.00179002198832 
1.38667736418 0.175243504093 0.116829002729 0.000562842377799 
1.38851139351 0.174289396904 0.116192931269 0.00166658407544 
1.38734633442 0.173966483806 0.11597765587 0.00199109953421 
1.39917940523 0.19501217524 0.130008116827 0.00142355594909 
1.39757376912 0.194847088376 0.129898058917 0.000974348436046 
1.3828079083 0.151908509911 0.10127233994 -0.0010882528387 
1.37125928181 0.109383481237 0.0729223208247 -0.00284253513148 
1.37893025085 0.107094013547 0.0713960090315 -0.00294504064696 
1.3494407494 -3.88542336415e-18 -2.59028224276e-18 0.00198199681401 
1.33991773396 7.13547030865e-22 4.75698020576e-22 0.0109310627156 
1.31457537378 1.04907125645e-21 6.99380837633e-22 0.0230048055538 
1.2866626935 4.34061393919e-22 2.89374262613e-22 0.0344887484815 
1.25120644561 9.04719628329e-22 6.03146418886e-22 0.0460486620913 
1.21332758631 8.89936370122e-22 5.93290913415e-22 0.0590556396124 
1.16621768257 1.81711449867e-22 1.21140966578e-22 0.0762721658397 
1.09121049639 -5.19615595671e-19 -3.46410397114e-19 0.0997023523876 
1.00507030626 0.00454881974639 0.00303254649759 0.136953798368 
0.925555501292 0.0261058866014 0.0174039244009 0.177948078598 
0.872566799234 0.360736005446 0.240490670297 0.158243705339 
0.862387868825 0.596175763605 0.39745050907 0.151656985219 
0.839354470125 0.724182188039 0.482788125359 0.156110254011 
0.798535205914 0.80500703315 0.536671355433 0.161648998627 
0.777114670383 0.870781266824 0.580520844549 0.164907596424 
0.763988077779 0.915906708257 0.610604472171 0.164997137744 
0.749535974801 0.956976871398 0.637984580932 0.165060517924 
0.73579287545 0.983008481374 0.655338987583 0.16049630038 
0.731238219332 0.999033898124 0.666022598749 0.166181721216 
0.688602937684 1.01026105815 0.673507372099 0.158047857571 
0.687600000558 1.0176466487 0.678431099133 0.159178959743 
0.686385159526 1.02477217877 0.683181452511 0.158473123525 
0.686030448484 1.02284105979 0.681894039863 0.151467758401 
0.684184597593 1.03317059559 0.688780397061 0.154341881838 
0.682559880825 1.03828954572 0.692193030478 0.15424405605 
0.680788740782 1.04379564374 0.695863762494 0.154707367154 
0.678759638257 1.04897588232 0.699317254881 0.155890284904 
0.677950473371 1.04400204856 0.696001365705 0.153406792482 
0.677950473371 1.04400204856 0.696001365705 0.153406792482 
0.677950473371 1.04400204856 0.696001365705 0.153406792482 
0.677950473371 1.04400204856 0.696001365705 0.153406792482 
0.676636725052 1.04135254535 0.69423503023 0.148856046068 
0.674906270166 1.04554493295 0.6970299553 0.149610781324 
0.673146231381 1.04970442169 0.699802947793 0.151287964956 
0.672308947402 1.04606527941 0.697376852942 0.149667989964 
0.670723964562 1.04952491405 0.699683276034 0.150879779729 
0.668950033882 1.05274743647 0.701831624316 0.151829423748 
0.668513880331 1.04661244178 0.697741627855 0.14884266053 
0.667127589559 1.05004490416 0.700029936104 0.150633513038 
0.667127589559 1.05004490416 0.700029936104 0.150633513038 
0.66657364191 1.04593067657 0.697287117714 0.147989797172 
0.66657364191 1.04593067657 0.697287117714 0.147989797172 
0.66290457879 1.05238211662 0.701588077745 0.140605446731 
0.653055349122 1.07497351091 0.716649007272 0.135287089021 
0.583759768421 1.11731142117 0.744874280779 0.127466719333 
0.480971687391 1.20650887222 0.804339248148 0.102615979387 
0.339537542453 1.29969631397 0.866464209311 0.058001171598 
0.0635287857203 1.38060831251 0.920405541673 -0.0207083361718 
5.9709095118e-17 1.45099182599 0.967327883994 -0.0693772410878 
-5.59371041703e-22 1.50665797927 1.00443865285 -0.102448915813 
3.61287121021e-05 1.54291335007 1.02860890004 -0.123167748617 
0.903354343954 1.51904504177 1.01269669452 0.0837506221629 
0.92902886682 1.53494972576 1.02329981717 0.0487917468894 
0.949657113193 1.5422752913 1.02818352753 0.0201749988675 
0.967641715315 1.54554435009 1.03036290006 0.00995990131085 
0.973177074721 1.54939786825 1.03293191217 -0.0129124165119 
0.980496907488 1.55169440623 1.03446293749 -0.0174923891291 
0.986467556299 1.55265651323 1.03510434215 -0.0234969984337 
0.990145974274 1.55287434883 1.03524956589 -0.0280992596028 
0.990366022833 1.55400455715 1.0360030381 -0.0282362346209 
0.993470230938 1.5544234288 1.03628228587 -0.0317189918522 
0.993595531905 1.55537687065 1.03691791377 -0.0318058481884 
0.993552179843 1.55476905953 1.03651270635 -0.031840091851 
0.996862575266 1.55394089026 1.03596059351 -0.0341979554202 
0.996811160561 1.55337604968 1.03558403312 -0.0342189156177 
0.996942874122 1.55398591279 1.03599060853 -0.0342996034566 
0.997124046554 1.55489263882 1.03659509255 -0.0344030426448 
0.997121831566 1.55458610578 1.03639073719 -0.0344479881564 
0.996990727137 1.55360025983 1.03573350655 -0.0344317360291 
0.996736072737 1.55243277813 1.03495518542 -0.0343565797239 
0.990226716518 1.55054828539 1.03369885692 -0.0309445141016 
0.986450897099 1.54659436449 1.03106290966 -0.0139352802296 
0.971633192658 1.53771559809 1.02514373206 0.011792997824 
0.951053214704 1.52100349151 1.01400232768 0.0528542479332 
0.931102774951 1.49225156465 0.994834376433 0.106702939285 
0.90007256471 1.46032527281 0.973550181871 0.130719024738 
0.876296338709 1.42512454519 0.950083030125 0.146768168045 
0.769992692164 1.39735178514 0.931567856761 0.0990074416963 
0.62696838448 1.37410519207 0.916070128046 0.0552850296244 
0.0184064869257 1.3353617054 0.890241136933 -0.0569460486789 
0.176565307355 1.31473135945 0.876487572968 -0.0267729983763 
0.275677612493 1.29578743953 0.86385829302 -0.0073030236985 
0.321892342584 1.28206419002 0.854709460014 0.00247988011966 
0.322885301525 1.27301490902 0.848676606017 0.00423402185827 
0.323172263077 1.26963494029 0.846423293524 0.00420848507935 
0.324173072094 1.27134675464 0.847564503094 0.00193860354962 
0.324152778499 1.27877567227 0.852517114848 1.25330241687e-05 
0.298509714088 1.28648877799 0.857659185329 -0.00441282110592 
0.29823129608 1.292961387 0.861974258002 -0.00727269827878 
0.298175194003 1.29243157128 0.861621047523 -0.00732720675182 
0.276013990333 1.29430215772 0.862868105145 -0.0100801346952 
0.276013990333 1.29430215772 0.862868105145 -0.0100801346952 
0.276063739234 1.29312930972 0.862086206483 -0.00999236401289 
0.300909495593 1.28845668751 0.858971125009 -0.00652363984195 
0.330266188114 1.28022104002 0.853480693349 -0.000540839183581 
0.383604368383 1.25740125079 0.838267500524 0.0115572785956 
0.447554719518 1.21988775451 0.813258503007 0.0285826880624 
0.522355741422 1.16541289086 0.776941927238 0.0445752485548 
0.621357854416 1.07811868662 0.718745791077 0.0601192911502 
0.703268098664 0.988868526694 0.659245684462 0.0631400107812 
0.766008904038 0.901228440056 0.600818960037 0.0609025435534 
0.798835884458 0.805929702279 0.537286468186 0.0538239431131 
0.834103772326 0.738128629802 0.492085753201 0.0520025542703 
0.865781960073 0.683577081325 0.455718054217 0.047580234467 
0.888222002758 0.643327849736 0.428885233157 0.0425152672977 
0.892861431008 0.62435030942 0.416233539613 0.0441787057417 
0.892861431008 0.62435030942 0.416233539613 0.0441787057417 
0.854127146017 0.56124600116 0.374164000773 0.04603426511 
0.854127146017 0.56124600116 0.374164000773 0.04603426511 
0.847801675432 0.566031108841 0.377354072561 0.049730368183 
0.847801675432 0.566031108841 0.377354072561 0.049730368183 
0.847801675432 0.566031108841 0.377354072561 0.049730368183 
0.838991423331 0.574195161692 0.382796774461 0.0468429198295 
0.832516290595 0.582382132382 0.388254754921 0.0524217671729 
0.823751474264 0.594771789773 0.396514526516 0.0474748073765 
0.821162431566 0.601381563863 0.400921042575 0.0535298976081 
0.808928170954 0.619954674734 0.413303116489 0.0547375409161 
0.808928170954 0.619954674734 0.413303116489 0.0547375409161 
0.847411038834 0.68060188636 0.453734590907 0.0494516880096 
0.840829292694 0.688382248427 0.458921498952 0.0520823039203 
0.840829292694 0.688382248427 0.458921498952 0.0520823039203 
0.840829292694 0.688382248427 0.458921498952 0.0520823039203 
0.859198702617 0.663940854246 0.442627236164 0.0483842823169 
0.893769152693 0.615488905176 0.410325936784 0.0466284127298 
0.856287782515 0.376423898155 0.250949265436 0.0490086934851 
0.891162113596 0.129341310019 0.0862275400128 0.0476482260297 
0.960775789014 0.105097965222 0.0700653101481 0.0335556179628 
1.00760579758 0.0838284006083 0.0558856004055 0.023657681696 
1.0251117225 3.41771344161e-17 2.27847562774e-17 0.0168286444412 
1.04891999792 -1.61103934215e-22 -1.0740262281e-22 0.00980530650891 
1.0587418061 2.40474669329e-22 1.60316446219e-22 0.00984030891571 
1.0587418061 2.40474669329e-22 1.60316446219e-22 0.00984030891571 
1.06888701318 -1.43871573136e-22 -9.59143820906e-23 0.00465572933748 
1.06888701318 -1.43871573136e-22 -9.59143820906e-23 0.00465572933748 
1.06888701318 -1.43871573136e-22 -9.59143820906e-23 0.00465572933748 
1.06827983376 7.18158077694e-23 4.78772051796e-23 0.00870730323307 
1.06827983376 7.18158077694e-23 4.78772051796e-23 0.00870730323307 
1.07278852686 -8.30734629385e-23 -5.53823086257e-23 0.00420198757405 
1.066924136 6.10629810186e-23 4.07086540124e-23 0.00921955459799 
1.066924136 6.10629810186e-23 4.07086540124e-23 0.00921955459799 
1.066924136 6.10629810186e-23 4.07086540124e-23 0.00921955459799 
1.06671191094 -2.63863884416e-22 -1.75909256277e-22 0.00444031189149 
1.06294897013 -2.16300061214e-22 -1.44200040809e-22 0.00661674925933 
1.05687458712 5.27402021337e-23 3.51601347558e-23 0.0084838745601 
1.05937553192 2.42422816966e-22 1.61615211311e-22 0.00485871749954 
1.05301686827 4.34859250768e-23 2.89906167179e-23 0.0100102991726 
1.05383990463 7.27474239672e-23 4.84982826448e-23 0.0054939825217 
1.04916086402 -1.0901280326e-23 -7.26752021736e-24 0.0102327167317 
1.02792122667 3.47524328915e-19 2.31682885943e-19 0.0186060893389 
1.02792122667 3.47524328915e-19 2.31682885943e-19 0.0186060893389 
1.0141878455 0.000260343340996 0.000173562227331 0.0246202867463 
1.0141878455 0.000260343340996 0.000173562227331 0.0246202867463 
1.0141878455 0.000260343340996 0.000173562227331 0.0246202867463 
0.997146631779 0.0014474192266 0.000964946151065 0.0260775454101 
0.97185571522 0.00573226929322 0.00382151286215 0.0369937658426 
0.926847593249 0.0163311264695 0.0108874176463 0.0564790394621 
0.875430796235 0.0307948815478 0.0205299210318 0.0713921737913 
0.867001427577 0.401998068714 0.267998712476 0.0606093778184 
0.865189465756 0.664988472862 0.443325648575 0.0646235033428 
0.822336473823 0.819122967994 0.546081978662 0.0743830249422 
0.766440339886 0.948389061713 0.632259374475 0.0789599173032 
0.662366734144 1.0401974859 0.693464990598 0.0760914378887 
0.591725687933 1.10734334375 0.738228895835 0.0657397268859 
0.523440413783 1.1609744819 0.773982987936 0.0505633948381 
0.468478625348 1.19878547331 0.799190315543 0.0392521022822 
0.429603772814 1.22281554611 0.815210364076 0.0307039044449 
0.4003000423 1.23670759127 0.824471727513 0.021261841309 
0.39919657769 1.24952519189 0.833016794595 0.0170751497218 
0.356372937558 1.25629291986 0.837528613237 0.00924676901029 
0.356156539222 1.25987550246 0.839917001642 0.00760739344553 
0.355547640396 1.26400297114 0.842668647427 0.00590562561148 
0.354268937591 1.26619680639 0.844131204259 0.00743654848964 
0.354114411629 1.26547167132 0.84364778088 0.00528299661986 
0.353495162766 1.26546957301 0.843646382003 0.00391548575585 
0.353643527108 1.26019673723 0.840131158151 0.00393463698893 
0.352771907605 1.26262349888 0.841748999251 0.00759637385232 
0.353295310356 1.25358033671 0.835720224476 0.00719035414298 
0.377949699653 1.25373776267 0.835825175116 0.0125222628342 
0.378950473258 1.24572146045 0.830480973633 0.014701935511 
0.450538881994 1.21263711955 0.808424746365 0.0339583451454 
0.525840132481 1.15902071193 0.772680474617 0.0528621411989 
0.616979746893 1.0791296077 0.719419738466 0.0700821347016 
0.716849954931 0.96476521599 0.64317681066 0.0711530981841 
0.751373481664 0.842385830452 0.561590553634 0.0675509351385 
0.813026483788 0.7210646549 0.480709769934 0.0592526155698 
0.87656503963 0.632886620359 0.421924413573 0.0498363025838 
0.853789379852 0.451781924251 0.301187949501 0.0467259140987 
0.886504371985 0.430102599852 0.286735066568 0.0459797406278 
0.909432444154 0.407916504559 0.271944336372 0.0418723838835 
0.871423397372 0.209960374171 0.139973582781 0.0489669669763 
0.882216422691 0.206418636684 0.137612424456 0.0458264310227 
0.893333980626 0.202189302496 0.134792868331 0.0407532435418 
0.905170066631 0.197216252359 0.131477501573 0.0370605460938 
0.905170066631 0.197216252359 0.131477501573 0.0370605460938 
0.908926506461 0.194600323446 0.129733548964 0.0301382463031 
0.902471244419 0.195285492017 0.130190328012 0.0365270516494 
0.907832867935 0.192125542383 0.128083694922 0.0294442211489 
0.907832867935 0.192125542383 0.128083694922 0.0294442211489 
0.917779958849 0.187485447839 0.124990298559 0.0301497822402 
0.910642831968 0.187759963362 0.125173308908 0.0357212295687 
0.910642831968 0.187759963362 0.125173308908 0.0357212295687 
0.910642831968 0.187759963362 0.125173308908 0.0357212295687 
0.913650874466 0.184765281393 0.123176854262 0.0309409401143 
0.943591335831 0.173097880679 0.115398587119 0.0241519301 
0.980474744763 0.154382341939 0.102921561293 0.0181553433937 
0.982041407159 1.32670933111e-17 8.84472887406e-18 0.0107377152145 
1.0244861555 1.61326790566e-22 1.07551193711e-22 -0.00700197900432 
1.04852609335 7.24073142377e-23 4.82715428251e-23 -0.0163558048381 
1.06776080757 1.05755248078e-23 7.05034987187e-24 -0.0264179434719 
1.08294611636 7.05027894808e-07 4.70018596539e-07 -0.0345153284653 
1.08995305612 0.000239075984424 0.000159383989616 -0.0426976635895 
1.08681545188 0.00336808416947 0.00224538944631 -0.0441299718151 
1.16578368375 0.273032170143 0.182021446762 -0.0302854796353 
1.16151425173 0.274118516219 0.182745677479 -0.0332565064355 
1.16842687054 0.272310516324 0.181540344216 -0.0348903454208 
1.16663413045 0.273324795441 0.182216530294 -0.0360958391184 
1.16609617012 0.273394720894 0.182263147263 -0.0355045891097 
1.17096910498 0.272718349965 0.18181223331 -0.0366397951528 
1.16510004725 0.275067104204 0.18337806947 -0.0353179897503 
1.16036531474 0.276324029183 0.184216019455 -0.0335493319949 
1.12151124116 0.15964859054 0.106432393694 -0.040297305644 
1.11981455942 0.15982189756 0.106547931707 -0.0395433153106 
1.11746814112 0.159713510803 0.106475673869 -0.0403778017063 
1.1153705047 0.159557412179 0.10637160812 -0.0409811171958 
1.12224246939 0.158399225247 0.105599483498 -0.0408628876767 
1.17310349319 0.29209506094 0.194730040627 -0.0339866660647 
1.16065112061 0.295898701523 0.197265801016 -0.0288814935152 
1.14559495086 0.300453997607 0.200302665071 -0.0295775274447 
1.0963207879 0.220037239626 0.146691493084 -0.0320408155209 
1.08171595148 0.224861430716 0.149907620477 -0.0312102166752 
1.05741636569 0.232429045445 0.154952696963 -0.0301875013655 
1.00334549123 0.250314445006 0.166876296671 -0.0274529130234 
0.942413125699 0.271260951895 0.180840634596 -0.0249848012105 
0.88581408619 0.292817808467 0.195211872312 -0.0225810362225 
0.804604093027 0.323621476589 0.21574765106 -0.0226754218651 
0.733503128264 0.350598514063 0.233732342709 -0.0237578967859 
0.678301543852 0.371217959894 0.24747863993 -0.0272229823034 
0.534834837401 0.0731889017151 0.0487926011434 -0.0677218866361 
0.491253025494 0.0202660036738 0.0135106691158 -0.144259641831 
0.443936367831 0.052314911904 0.034876607936 -0.161566533714 
0.41646052413 0.0600062900358 0.0400041933572 -0.271492669081 
0.369077566795 0.110804191481 0.0738694609873 -0.292751219365 
0.323698332232 0.165756789788 0.110504526525 -0.308797449828 
0.161283518376 3.62577080439e-16 2.41718053626e-16 0.0373685962465 
0.10794385737 -1.44148004297e-21 -9.60986695311e-22 0.03866417182 
0.0618761807865 -1.00146199994e-21 -6.67641333294e-22 0.032622098667 
0.0188142809136 1.01832326139e-21 6.78882174259e-22 0.0347079609987 
9.54097911787e-18 -3.61855519223e-22 -2.41237012816e-22 0.0351323404558 
9.54097911787e-18 -3.61855519223e-22 -2.41237012816e-22 0.0351323404558 
3.57166390134e-21 -3.91013585413e-22 -2.60675723609e-22 0.0420485030135 
3.57166390134e-21 -3.91013585413e-22 -2.60675723609e-22 0.0420485030135 
3.57166390134e-21 -3.91013585413e-22 -2.60675723609e-22 0.0420485030135 
3.57166390134e-21 -3.91013585413e-22 -2.60675723609e-22 0.0420485030135 
3.47149789307e-21 -7.22325257996e-22 -4.81550171997e-22 0.0489159970035 
3.47149789307e-21 -7.22325257996e-22 -4.81550171997e-22 0.0489159970035 
3.47149789307e-21 -7.22325257996e-22 -4.81550171997e-22 0.0489159970035 
3.47149789307e-21 -7.22325257996e-22 -4.81550171997e-22 0.0489159970035 
3.47149789307e-21 -7.22325257996e-22 -4.81550171997e-22 0.0489159970035 
3.47149789307e-21 -7.22325257996e-22 -4.81550171997e-22 0.0489159970035 
1.83541833801e-21 -1.35828280657e-22 -9.05521871044e-23 0.0548745508363 
1.83541833801e-21 -1.35828280657e-22 -9.05521871044e-23 0.0548745508363 
1.83541833801e-21 -1.35828280657e-22 -9.05521871044e-23 0.0548745508363 
1.83541833801e-21 -1.35828280657e-22 -9.05521871044e-23 0.0548745508363 
1.83541833801e-21 -1.35828280657e-22 -9.05521871044e-23 0.0548745508363 
1.41821209056e-20 1.92034877573e-23 1.28023251715e-23 0.0457819943828 
1.09598036557e-20 0.0021784000136 0.00145226667574 0.0247171517782 
6.71868369074e-21 0.19794147321 0.13196098214 -0.0319103689809 
1.47334367035e-21 0.425794152362 0.283862768241 -0.266535598368 
1.38296992409e-21 0.394133492297 0.262755661531 -0.354555617876 
-2.20403496597e-21 0.373872135878 0.249248090586 -0.421474541271 
-1.01267332746e-20 0.341874097186 0.227916064791 -0.436971821595 
-7.63172699392e-21 0.315589452719 0.210392968479 -0.448493650378 
2.88996048653e-21 0.300716566362 0.200477710908 -0.464129719737 
3.49273126334e-21 0.30708225362 0.204721502413 -0.499088530692 
4.07532817024e-22 0.297928572756 0.198619048504 -0.505357306087 
-6.67706084629e-21 0.291024306967 0.194016204645 -0.509873330834 
1.43037895364e-21 0.293890253021 0.195926835347 -0.523598775598 
-6.27223025173e-21 0.285157236201 0.190104824134 -0.523345681453 
1.01888554644e-20 0.263021156202 0.175347437468 -0.492487897947 
1.01888554644e-20 0.263021156202 0.175347437468 -0.492487897947 
-2.24619067089e-21 0.259251204372 0.172834136248 -0.499166585886 
-2.24619067089e-21 0.259251204372 0.172834136248 -0.499166585886 
1.10137834156e-21 0.25486999726 0.169913331506 -0.502295620123 
1.10137834156e-21 0.25486999726 0.169913331506 -0.502295620123 
1.10137834156e-21 0.25486999726 0.169913331506 -0.502295620123 
1.10137834156e-21 0.25486999726 0.169913331506 -0.502295620123 
9.26638423053e-22 0.247670922007 0.165113948005 -0.500574164416 
9.26638423053e-22 0.247670922007 0.165113948005 -0.500574164416 
3.86339601215e-21 0.258045880849 0.172030587233 -0.518397933272 
3.86339601215e-21 0.258045880849 0.172030587233 -0.518397933272 
3.86339601215e-21 0.258045880849 0.172030587233 -0.518397933272 
3.86339601215e-21 0.258045880849 0.172030587233 -0.518397933272 
3.86339601215e-21 0.258045880849 0.172030587233 -0.518397933272 
3.86339601215e-21 0.258045880849 0.172030587233 -0.518397933272 
-1.10007365198e-20 0.256992651483 0.171328434322 -0.523598775598 
-1.10007365198e-20 0.256992651483 0.171328434322 -0.523598775598 
2.82595206537e-21 0.262257223856 0.174838149237 -0.523598775598 
2.82595206537e-21 0.262257223856 0.174838149237 -0.523598775598 
2.82595206537e-21 0.262257223856 0.174838149237 -0.523598775598 
-3.99336375274e-21 0.269310919568 0.179540613046 -0.520266145335 
-3.99336375274e-21 0.269310919568 0.179540613046 -0.520266145335 
4.34567054128e-21 0.270815207704 0.180543471803 -0.514923813644 
4.34567054128e-21 0.270815207704 0.180543471803 -0.514923813644 
4.34567054128e-21 0.270815207704 0.180543471803 -0.514923813644 
-1.06298084413e-21 0.258278248267 0.172185498845 -0.498561844577 
-1.06298084413e-21 0.258278248267 0.172185498845 -0.498561844577 
-1.06298084413e-21 0.258278248267 0.172185498845 -0.498561844577 
4.91092279118e-21 0.254721005107 0.169814003405 -0.501800657366 
4.91092279118e-21 0.254721005107 0.169814003405 -0.501800657366 
4.91092279118e-21 0.254721005107 0.169814003405 -0.501800657366 
-1.98025401253e-21 0.249654509727 0.166436339818 -0.505111389576 
-1.98025401253e-21 0.249654509727 0.166436339818 -0.505111389576 
-2.02290574599e-21 0.256709753085 0.17113983539 -0.523166657853 
-2.02290574599e-21 0.256709753085 0.17113983539 -0.523166657853 
3.02014427998e-21 0.229844418434 0.153229612289 -0.497036127262 
-2.0001176601e-21 0.226507645732 0.151005097154 -0.498240165772 
-9.86872227398e-22 0.223871135346 0.149247423564 -0.504915916095 
-1.63191329077e-21 0.216856722837 0.144571148558 -0.508902827894 
1.17704039811e-22 0.208227824573 0.138818549716 -0.514083714503 
1.79088263449e-06 0.197976159507 0.131984106338 -0.520860048355 
0.00883653003254 0.179810304062 0.119873536041 -0.523598775598 
0.0162771198265 0.158447462679 0.105631641786 -0.523598775598 
0.0113954937099 0.152079568118 0.101386378745 -0.523598775598 
0.0059218257969 0.146045841307 0.0973638942043 -0.523598775598 
0.00301658585675 0.138447856729 0.0922985711526 -0.523598775598 
0.0121630802128 0.117265806728 0.0781772044853 -0.523598775598 
0.0121630802128 0.117265806728 0.0781772044853 -0.523598775598 
0.00495790419313 0.113423008951 0.0756153393007 -0.523598775598 
1.30104260698e-18 0.113141789171 0.0754278594473 -0.523598775598 
1.30104260698e-18 0.113141789171 0.0754278594473 -0.523598775598 
2.76418829084e-21 0.125695414264 0.0837969428428 -0.523598775598 
2.76418829084e-21 0.125695414264 0.0837969428428 -0.523598775598 
7.15846985024e-21 0.144393037378 0.0962620249184 -0.523598775598 
8.54617637515e-21 0.166130612147 0.110753741432 -0.523598775598 
8.54617637515e-21 0.166130612147 0.110753741432 -0.523598775598 
-4.21428710502e-21 0.203315872592 0.135543915061 -0.523598775598 
-2.05321131124e-21 0.230470004402 0.153646669602 -0.523598775598 
4.34349414518e-23 0.255035836043 0.170023890695 -0.523598775598 
-5.7485489799e-21 0.292145698054 0.194763798702 -0.523598775598 
-9.21475811959e-21 0.327853196628 0.218568797752 -0.523598775598 
-9.21475811959e-21 0.327853196628 0.218568797752 -0.523598775598 
9.8046549347e-21 0.380078647254 0.253385764836 -0.523598775598 
9.8046549347e-21 0.380078647254 0.253385764836 -0.523598775598 
9.8046549347e-21 0.380078647254 0.253385764836 -0.523598775598 
9.8046549347e-21 0.380078647254 0.253385764836 -0.523598775598 
9.8046549347e-21 0.380078647254 0.253385764836 -0.523598775598 
-9.84507637542e-21 0.321741203275 0.214494135517 -0.523598775598 
3.4943724651e-21 0.288331366372 0.192220910914 -0.523598775598 
-9.70492778586e-21 0.258414855992 0.172276570661 -0.523598775598 
3.77598454127e-21 0.232163311731 0.154775541154 -0.523598775598 
2.83449149461e-21 0.207048280018 0.138032186679 -0.523598775598 
7.69809342042e-21 0.189692945537 0.126461963691 -0.523598775598 
-6.19945728296e-22 0.176622745661 0.117748497107 -0.523598775598 
-6.19945728296e-22 0.176622745661 0.117748497107 -0.523598775598 
1.71146873977e-21 0.161069764517 0.107379843011 -0.523598775598 
1.71146873977e-21 0.161069764517 0.107379843011 -0.523598775598 
1.71146873977e-21 0.161069764517 0.107379843011 -0.523598775598 
2.13019720657e-21 0.168567698246 0.112378465498 -0.523598775598 
2.13019720657e-21 0.168567698246 0.112378465498 -0.523598775598 
1.2900814979e-21 0.175494803995 0.116996535997 -0.523598775598 
2.06164334495e-22 0.180456315909 0.120304210606 -0.523598775598 
-2.17650928412e-21 0.186678415997 0.124452277332 -0.523598775598 
-2.17650928412e-21 0.186678415997 0.124452277332 -0.523598775598 
5.16023489751e-21 0.191447390885 0.127631593923 -0.523598775598 
5.16023489751e-21 0.191447390885 0.127631593923 -0.523598775598 
5.16023489751e-21 0.191447390885 0.127631593923 -0.523598775598 
5.16023489751e-21 0.191447390885 0.127631593923 -0.523598775598 
5.16023489751e-21 0.191447390885 0.127631593923 -0.523598775598 
5.16023489751e-21 0.191447390885 0.127631593923 -0.523598775598 
-1.32251946502e-21 0.18589430049 0.12392953366 -0.523598706196 
-1.32251946502e-21 0.18589430049 0.12392953366 -0.523598706196 
3.0980687724e-19 0.166266676616 0.110844451077 -0.492476726676 
5.38056016894e-22 0.173236607186 0.115491071457 -0.485071535923 
5.1153638529e-22 0.184984098416 0.123322732278 -0.474764335016 
3.18892630816e-18 0.190768648519 0.127179099012 -0.425704821543 
2.10761900782e-18 0.227339222963 0.151559481976 -0.390157201253 
5.45131058566e-22 0.273277782317 0.182185188211 -0.351088574478 
-9.54959024157e-21 0.298495302698 0.198996868465 -0.281994155238 
7.9420728597e-21 0.276672587086 0.184448391391 -0.1905469859 
3.66140841415e-21 0.148802891593 0.0992019277286 -0.0936641696183 
5.02697599666e-21 0.0454132409751 0.0302754939834 -0.0468911148227 
9.52515713934e-21 0.0444365021792 0.0296243347861 -0.0277698561472 
2.14867918876e-21 -1.62969227562e-18 -1.08646151708e-18 -0.0119659814884 
3.01144574706e-23 5.0296691371e-23 3.35311275806e-23 -0.00322204919728 
-6.49369626699e-21 -6.40222698575e-23 -4.26815132383e-23 0.00238757645971 
-5.52426353222e-22 -2.24262642384e-22 -1.49508428256e-22 0.00794753427856 
-5.52426353222e-22 -2.24262642384e-22 -1.49508428256e-22 0.00794753427856 
-4.5069101569e-21 0.00439451925757 0.00292967950505 0.0141964037008 
-4.5069101569e-21 0.00439451925757 0.00292967950505 0.0141964037008 
-4.5069101569e-21 0.00439451925757 0.00292967950505 0.0141964037008 
-4.5069101569e-21 0.00439451925757 0.00292967950505 0.0141964037008 
6.59502756375e-21 0.0576771954798 0.0384514636532 0.0168429040447 
6.59502756375e-21 0.0576771954798 0.0384514636532 0.0168429040447 
2.77893023594e-22 0.118394185857 0.078929457238 0.0219896803014 
2.77893023594e-22 0.118394185857 0.078929457238 0.0219896803014 
4.9454104534e-21 0.545814812601 0.363876541734 -0.213221621429 
4.03212531213e-22 0.564948098158 0.376632065439 -0.223569603423 
5.14913190643e-21 0.568987932978 0.379325288652 -0.291100297229 
-1.51023906629e-21 0.567852166836 0.378568111224 -0.384482638781 
5.37644891299e-21 0.562906762846 0.37527117523 -0.475962974661 
-1.64661915582e-19 0.564304630127 0.376203086751 -0.523598775598 
2.97453034423e-20 0.578570615268 0.385713743512 -0.523598775598 
2.52499292963e-21 0.591773354963 0.394515569975 -0.523598775598 
2.89739528303e-21 0.605963394319 0.403975596213 -0.523598775598 
1.26804355974e-21 0.628869904629 0.419246603086 -0.523598775598 
-8.15134823195e-21 0.658541762292 0.439027841528 -0.523598775598 
3.78805561382e-21 0.722028618697 0.481352412464 -0.523598775598 
4.88964369355e-21 0.804657945413 0.536438630275 -0.523598775598 
0.151543618664 1.22918624974 0.819457499824 0.057887844529 
0.147320068384 1.26376649447 0.842510996314 0.0646117965173 
0.122972779051 1.29280247266 0.861868315107 0.0675688552382 
0.0907077643077 1.32208110573 0.881387403817 0.0697064658273 
0.042653538744 1.35441916462 0.902946109745 0.0688043502071 
-1.26841290042e-18 1.38071827319 0.920478848796 0.0635710379063 
2.01125277458e-22 1.40045263209 0.933635088058 0.0584999493715 
5.35768963646e-22 1.42787249476 0.951914996505 0.0544083736232 
5.93452087877e-22 1.46142471078 0.974283140518 0.0421549651587 
-2.48105049187e-21 1.49256713121 0.99504475414 0.030379269171 
1.09140212015e-21 1.51681684415 1.01121122943 0.0192805534168 
1.17536766047e-21 1.53969755633 1.02646503755 0.00549107489106 
-4.89318847277e-22 1.56340018118 1.04226678746 -0.00986106984273 
-3.84690691008e-22 1.5863157274 1.05754381827 -0.0223749540578 
8.68943009954e-22 1.60318540672 1.06879027115 -0.0324575020097 
0.000113552341634 1.61615550266 1.07743700177 -0.0409581875925 
0.522389786734 1.5946805283 1.0631203522 0.105325860821 
0.534881318471 1.60241132721 1.06827421814 0.096355100477 
0.547945503416 1.60837941318 1.07225294212 0.0912416741467 
0.572365805476 1.61054857561 1.07369905041 0.100900218405 
0.57979885384 1.61260569845 1.07507046563 0.0951956872045 
0.586309215741 1.61275612653 1.07517075102 0.090807667716 
0.594513326444 1.61250212988 1.07500141992 0.0863366250351 
0.602308409919 1.61427940164 1.07618626776 0.0852775403128 
0.602759905336 1.61701576513 1.07801051009 0.0853301780687 
0.614066757484 1.61858284063 1.07905522709 0.0816618687419 
0.614359675156 1.62038204576 1.08025469718 0.0817105413811 
0.621289614155 1.62187361513 1.08124907675 0.0811673487923 
0.621385362268 1.62239272733 1.08159515155 0.0812050633352 
0.621505883262 1.62295696608 1.08197131072 0.0812300535269 
0.621420098264 1.62205155117 1.08136770078 0.0812635231312 
0.616236409418 1.61840767644 1.07893845096 0.0868362327602 
0.603306282748 1.611892487 1.07459499133 0.0965352372555 
0.58527248382 1.60231513553 1.06821009035 0.109368244105 
0.566634646208 1.58799701608 1.05866467738 0.120947447315 
0.517581421772 1.57867501165 1.05245000777 0.109046894928 
0.477539463067 1.56815297874 1.04543531916 0.102584027868 
0.391051635821 1.55687744849 1.03791829899 0.0798965021846 
8.18827133412e-15 1.55681342193 1.03787561462 -0.0127401538499 
1.43555093024e-22 1.53656902041 1.02437934694 -0.000339813748455 
6.5238820969e-22 1.51545257426 1.01030171618 0.0143988505301 
3.73969289544e-22 1.49160766182 0.994405107879 0.0273437822782 
-1.34649516411e-21 1.46604907554 0.977366050362 0.0402722003854 
3.86852261109e-22 1.43640081898 0.957600545984 0.0492509193215 
0.0519140617616 1.40698225453 0.937988169689 0.065057679096 
0.133324462845 1.37161526585 0.914410177234 0.0798401108555 
0.21548944263 1.32918330151 0.886122201004 0.0884605890611 
0.282045004245 1.28813323429 0.858755489523 0.0906123099941 
0.332058605458 1.25188245979 0.834588306525 0.0879344704185 
0.374283155545 1.21742713965 0.811618093101 0.0810470502368 
0.411729293983 1.18557152938 0.790381019584 0.0762226082012 
0.415745710452 1.15964396196 0.773095974642 0.0666294920093 
0.453490575057 1.13091021749 0.753940144992 0.0598992654058 
0.457936889981 1.09930995574 0.732873303825 0.0475550087811 
0.461892905842 1.07089825763 0.713932171751 0.0381232603944 
0.392154208453 1.02122842556 0.680818950373 0.0240781943135 
0.290383746581 0.94793631654 0.63195754436 0.0117786211015 
0.199493290997 0.853182834569 0.568788556379 0.00194346644601 
0.118024073091 0.74572331628 0.49714887752 -0.00770204668627 
0.0515944665446 0.608359505828 0.405573003886 -0.0356420461344 
0.0178736115706 0.483661020865 0.322440680577 -0.0893302160713 
1.93879831212e-17 0.345854541523 0.230569694348 0.0315501126609 
1.93879831212e-17 0.345854541523 0.230569694348 0.0315501126609 
1.93879831212e-17 0.345854541523 0.230569694348 0.0315501126609 
1.93879831212e-17 0.345854541523 0.230569694348 0.0315501126609 
1.93879831212e-17 0.345854541523 0.230569694348 0.0315501126609 
1.93879831212e-17 0.345854541523 0.230569694348 0.0315501126609 
1.93879831212e-17 0.345854541523 0.230569694348 0.0315501126609 
1.93879831212e-17 0.345854541523 0.230569694348 0.0315501126609 
1.93879831212e-17 0.345854541523 0.230569694348 0.0315501126609 
1.93879831212e-17 0.345854541523 0.230569694348 0.0315501126609 
1.93879831212e-17 0.345854541523 0.230569694348 0.0315501126609 
1.93879831212e-17 0.345854541523 0.230569694348 0.0315501126609 
-3.40565158989e-21 0.0321065667107 0.0214043778071 0.0500352234666 
-9.86680911469e-21 2.76490162502e-18 1.84326775001e-18 0.0400196196188 
0.0299576174617 -1.64952400309e-21 -1.09968266872e-21 0.0366722554177 
0.10606872724 -3.0641844786e-24 -2.0427896524e-24 0.0456828875014 
0.181967425115 8.21441089791e-22 5.47627393194e-22 0.0541809101414 
0.257652201078 -2.82041050474e-22 -1.88027366983e-22 0.0685542583081 
0.339707547456 -3.58179036188e-22 -2.38786024125e-22 0.0666015493334 
0.457919853584 0.0228727478421 0.0152484985614 -0.256948609334 
0.507015951735 0.0427270697533 0.0284847131689 -0.12646717425 
0.576385200701 0.0220192833573 0.0146795222382 -0.103330408215 
0.636448610952 0.00527415454603 0.00351610303069 -0.0836756468102 
0.701827781751 1.56757665977e-21 1.04505110651e-21 -0.0727339310415 
0.763498229347 0.000814127831617 0.000542751887745 -0.05720464964 
0.933533021669 0.369775184005 0.246516789337 -0.0224444850132 
0.981163362907 0.347678403017 0.231785602011 -0.0217866955872 
0.954077143772 0.157133317143 0.104755544762 -0.027479572265 
0.981909654606 0.149083945952 0.0993892973011 -0.0242582918364 
1.00234707675 0.141812382512 0.0945415883412 -0.0268001867873 
1.01902915786 0.134811910283 0.0898746068554 -0.029214466759 
0.997604470437 1.08780460087e-18 7.25203067247e-19 -0.0335495226506 
1.00820185897 5.90767482344e-23 3.93844988229e-23 -0.0348479084092 
1.00379294841 0.000407669423446 0.000271779615631 -0.0310262605774 
0.986947883252 0.00334604968323 0.00223069978882 -0.0225826334465 
0.967995843208 0.00721916688403 0.00481277792269 -0.019238662309 
0.937593405492 0.0141615693596 0.0094410462397 -0.0113188359133 
0.86305256229 0.0329097707511 0.0219398471674 0.00864948050603 
0.839250553141 0.346759269168 0.231172846112 0.0179339654039 
0.757950471306 0.388209069702 0.258806046468 0.0387093442377 
0.829475449399 0.695454401102 0.463636267401 0.0398340542395 
0.782340212409 0.764731879554 0.509821253036 0.0481324954582 
0.750591776834 0.840572151628 0.560381434418 0.0559961960929 
0.725397990092 0.918706911889 0.612471274593 0.068574348325 
0.707226051884 0.979816923606 0.653211282404 0.0766827011819 
0.696623776619 1.0231053216 0.682070214398 0.089473277686 
0.633509898108 1.05637033534 0.704246890224 0.0884788258496 
0.627761989151 1.09377109095 0.729180727298 0.0983641953626 
0.558681933941 1.13051627564 0.753677517094 0.101832041344 
0.511653971146 1.17348331669 0.782322211127 0.111533071929 
0.46522333499 1.21358599647 0.80905733098 0.114141895753 
0.413500895537 1.2543066018 0.836204401203 0.110492589062 
0.355720790489 1.29558590462 0.863723936417 0.103423923863 
0.252064348383 1.35496736838 0.90331157892 0.0844595147706 
0.111935737412 1.41069473192 0.940463154613 0.0557820150274 
7.69346620206e-18 1.45627045789 0.97084697193 0.030123483058 
2.84150175308e-21 1.50249193905 1.0016612927 0.0173051518151 
-2.18357362111e-21 1.53843205536 1.02562137024 0.00755939885037 
1.51555364557e-22 1.5661632437 1.04410882913 -0.000533985033262 
4.12839717875e-22 1.59164232858 1.06109488572 -0.00766946585427 
0.00432077455899 1.61419148057 1.07612765371 -0.0144065209725 
0.554911555203 1.59830188498 1.06553458999 0.112870175914 
0.566886556642 1.61797093458 1.07864728972 0.0986925356102 
0.576782237164 1.63370509252 1.08913672835 0.0806839731964 
0.586104722185 1.64808794689 1.09872529792 0.060889604973 
0.593025913739 1.65943708958 1.10629139305 0.0404270586652 
0.600680134585 1.66911112047 1.11274074698 0.0211658747902 
0.606135187165 1.67656565302 1.11771043535 0.00305303615226 
0.612701398699 1.6819757919 1.1213171946 -0.0121279898242 
0.613198293464 1.68556174534 1.12370783023 -0.0123676193109 
0.623425517439 1.68716624188 1.12477749459 -0.0297860490842 
0.623703555887 1.6894597705 1.12630651367 -0.0299817472316 
0.623429085546 1.69009266838 1.12672844559 -0.0420387175985 
0.623600564827 1.69109159057 1.12739439371 -0.0421127217465 
0.62371040729 1.69157319465 1.1277154631 -0.0421888446389 
0.62371040729 1.69157319465 1.1277154631 -0.0421888446389 
0.62371040729 1.69157319465 1.1277154631 -0.0421888446389 
0.623524767491 1.69077331033 1.12718220689 -0.0421352009354 
0.614943725006 1.69034187049 1.12689458033 -0.0382107935245 
0.614747241166 1.68899810601 1.12599873734 -0.0380909929613 
0.614534395059 1.68780420929 1.12520280619 -0.0379308267183 
0.605971448163 1.68676875341 1.12451250227 -0.0244484299585 
0.60586555843 1.68576507759 1.12384338506 -0.0243506633302 
0.605673852174 1.68456684315 1.1230445621 -0.0241964515183 
0.598607044366 1.68459961748 1.12306641165 -0.0114039534684 
0.598135447993 1.68131507835 1.1208767189 -0.0111799746808 
0.585938297468 1.68000808416 1.12000538944 0.00673778567147 
0.576277643774 1.67662261682 1.11774841121 0.0227185920682 
0.566211161803 1.67330530105 1.11553686737 0.038151641326 
0.55587725511 1.66964300809 1.11309533873 0.0522507265642 
0.539617096893 1.66430022275 1.10953348184 0.0687565672345 
0.526340928854 1.65805392953 1.10536928635 0.0818203093421 
0.515913210045 1.65186822395 1.10124548263 0.0915941436153 
0.507953004007 1.64679291073 1.09786194049 0.0991657334048 
0.499825822033 1.6389927527 1.09266183514 0.105449734763 
0.493430164916 1.63377401192 1.08918267462 0.110452915271 
0.486109152938 1.6269127986 1.0846085324 0.114814468271 
0.474856224896 1.61740351082 1.07826900722 0.12175277296 
0.462353404114 1.60804647169 1.07203098113 0.129335867988 
0.41302763415 1.59719828799 1.06479885866 0.116532525811 
0.302903186879 1.58101966324 1.05401310883 0.088704781198 
3.34970873488e-15 1.56800434583 1.04533623055 0.0234053387045 
-3.82774506816e-22 1.53771148216 1.02514098811 0.0358758886081 
6.10132225129e-23 1.50305257602 1.00203505068 0.0466326842782 
-3.64345224082e-21 1.4632287802 0.975485853464 0.0550629830476 
1.31435132611e-21 1.42382756668 0.949218377784 0.0623175288196 
-1.86268533477e-21 1.3795297638 0.919686509201 0.0632946790959 
0.0016865470064 1.32779975481 0.885199836537 0.0603789875504 
0.0230940530422 1.27762001435 0.851746676236 0.0551068172341 
0.0282981615049 1.22237030672 0.814913537815 0.047338677776 
0.00290476333424 1.15974540191 0.773163601271 0.0367170613674 
5.00793042597e-18 1.10193161123 0.734621074154 0.023216355506 
1.69219608815e-18 1.03000920759 0.686672805062 0.00554046511004 
-6.99519268087e-21 0.96198035024 0.641320233493 -0.0176788138951 
1.58277264089e-20 0.910094986466 0.606729990977 -0.0414655246844 
2.18020297827e-21 0.865688723414 0.577125815609 -0.0693989207666 
4.5148446782e-21 0.816532014097 0.544354676064 -0.115343559697 
-5.4111714976e-21 0.611870925464 0.407913950309 -0.492930386315 
-5.4111714976e-21 0.611870925464 0.407913950309 -0.492930386315 
-7.96683823289e-22 0.624273831216 0.416182554144 -0.459599134395 
-1.27730800193e-21 0.627916446023 0.418610964015 -0.418203440647 
-1.27730800193e-21 0.627916446023 0.418610964015 -0.418203440647 
-1.27730800193e-21 0.627916446023 0.418610964015 -0.418203440647 
-1.27730800193e-21 0.627916446023 0.418610964015 -0.418203440647 
-3.73363453951e-21 0.618336085707 0.412224057138 -0.401144256542 
-3.73363453951e-21 0.618336085707 0.412224057138 -0.401144256542 
-1.22194040202e-21 0.630887549787 0.420591699858 -0.395893803796 
-1.22194040202e-21 0.630887549787 0.420591699858 -0.395893803796 
-1.22194040202e-21 0.630887549787 0.420591699858 -0.395893803796 
-1.22194040202e-21 0.630887549787 0.420591699858 -0.395893803796 
-1.22194040202e-21 0.630887549787 0.420591699858 -0.395893803796 
-1.22194040202e-21 0.630887549787 0.420591699858 -0.395893803796 
-1.22194040202e-21 0.630887549787 0.420591699858 -0.395893803796 
-1.22194040202e-21 0.630887549787 0.420591699858 -0.395893803796 
6.80358085823e-21 0.619821681001 0.413214454001 -0.381597419179 
-8.4032311762e-22 0.621830089233 0.414553392822 -0.321229263826 
2.74265274157e-21 0.602975208732 0.401983472488 -0.310316246536 
-1.78432422766e-22 0.578448573097 0.385632382064 -0.24309411629 
-1.12775961659e-16 0.124715322753 0.0831435485019 0.0378979325492 
-4.93441111516e-21 0.0241793172547 0.0161195448365 0.0249482494429 
0.0419416466223 0.0319170038183 0.0212780025456 0.016434111489 
0.164945637499 0.022429433924 0.0149529559493 0.00811429323878 
0.303109077382 0.0931757372286 0.0621171581524 -0.0674679248804 
0.429509439994 0.105072708858 0.0700484725718 0.0446266587107 
0.568660106386 0.0810427026335 0.0540284684224 0.0461848027991 
0.687624730999 0.0571296560973 0.0380864373982 0.0492853973576 
0.7958256688 0.0319581317251 0.0213054211501 0.0426072514079 
0.889274156144 0.00941180365968 0.00627453577312 0.0404696616989 
1.02569126256 0.183011806964 0.122007871309 0.0267173000243 
1.08679904053 0.164121632097 0.109414421398 0.0262372305128 
1.17761721633 0.214165283276 0.142776855517 0.023024318931 
1.21520765999 0.162437293222 0.108291528815 0.0206199489448 
1.21027201447 0.0232840051705 0.0155226701136 0.0224802490241 
1.2606292318 0.0553961182473 0.0369307454982 0.0169373316972 
1.28386847718 0.0490062176668 0.0326708117779 0.0148489659328 
1.31239737958 0.0428834020579 0.0285889347052 0.0129835400145 
1.32673075754 0.0398328273322 0.0265552182215 0.0131814532272 
1.33829990948 0.03616853097 0.02411235398 0.0117361122241 
1.33358211533 6.94054044854e-19 4.62702696569e-19 0.0125710968085 
1.34307996369 3.51952434784e-22 2.34634956523e-22 0.00945445473722 
1.35055360938 2.0781472694e-22 1.38543151293e-22 0.00639856999546 
1.35850387824 2.93836443792e-22 1.95890962528e-22 0.00484246146669 
1.3519617269 -9.34313469867e-22 -6.22875646578e-22 0.00682597369363 
1.35457014986 -2.86630065282e-22 -1.91086710188e-22 0.00354426861066 
1.35366071299 3.04492209939e-22 2.02994806626e-22 0.00269554561853 
1.35392738666 -3.83786184433e-22 -2.55857456289e-22 0.00376816477708 
1.34498191812 6.48947313763e-22 4.32631542509e-22 0.00632553699667 
1.34810695343 -1.95508615502e-22 -1.30339077001e-22 0.00552120743769 
1.34810695343 -1.95508615502e-22 -1.30339077001e-22 0.00552120743769 
1.35722928745 -3.16280918941e-22 -2.10853945961e-22 0.00252415886599 
1.36008314436 3.26830940133e-23 2.17887293422e-23 -0.000275998525217 
1.36435325093 2.4645578371e-22 1.64303855807e-22 -0.000179063302961 
1.36193145613 0.000357891270106 0.000238594180071 0.000640577426234 
1.35869709326 0.000439313816624 0.00029287587775 0.000555874111848 
1.35059425233 6.70476208222e-19 4.46984138814e-19 0.00324425052015 
1.34037588234 1.28108258659e-21 8.54055057727e-22 0.00596816844149 
1.33307754514 0.00112709262426 0.000751395082837 0.00768925612745 
1.30767089695 1.92022660213e-18 1.28015106809e-18 0.0112838142879 
1.27283171886 0.00773805620386 0.0051587041359 0.0118446751688 
1.22952914491 0.121607303537 0.0810715356911 0.0135403162008 
1.18730880468 0.254256303512 0.169504202341 0.0135487370945 
1.17553579993 0.425856910913 0.283904607275 0.0128217611328 
1.21214952167 0.631458111602 0.420972074401 0.0135736551577 
1.25482322327 0.772731250735 0.515154167157 0.0198162548754 
1.32901673601 0.877843104429 0.585228736286 0.0319390464569 
1.37009762869 0.948364468117 0.632242978745 0.0489267090065 
1.41111829887 0.995403601056 0.663602400704 0.0676298762138 
1.45453285918 1.02338642771 0.682257618472 0.0832799256348 
1.47787704782 1.04404168875 0.6960277925 0.0975535136777 
1.47679115056 1.06046645564 0.706977637094 0.104103249239 
1.48770655732 1.07061767541 0.713745116938 0.113464591756 
1.50731742254 1.07477724189 0.716518161263 0.120908107466 
1.51563144153 1.07860085129 0.719067234196 0.126830354193 
1.51331125183 1.08358280188 0.722388534586 0.130789218618 
1.50050062432 1.08879259432 0.72586172955 0.131689710934 
1.50334442575 1.0889121594 0.7259414396 0.128278487466 
1.5013986928 1.09154557373 0.727697049151 0.1320634981 
1.50118916906 1.09347290123 0.728981934153 0.132430826354 
1.5009328817 1.0940052489 0.7293368326 0.132865070746 
1.49802156011 1.09477699 0.729851326668 0.136045143631 
1.49916075493 1.09404595855 0.729363972366 0.133446823462 
1.49716505109 1.09437340615 0.729582270766 0.135246143537 
1.4942922481 1.09508796037 0.730058640247 0.137212929481 
1.48471905673 1.09685368062 0.731235787081 0.133310805088 
1.48485631659 1.09604608586 0.730697390573 0.133113485003 
1.48821902562 1.09512141301 0.730080942003 0.131366778882 
1.48851752092 1.09347547735 0.728983651567 0.13115044929 
1.49144050578 1.09282596438 0.72855064292 0.130357373329 
1.48875702632 1.09226312912 0.728175419414 0.133961831425 
1.48859682093 1.09008182069 0.726721213792 0.133429809271 
1.48856648013 1.08713660142 0.724757734281 0.129297145745 
1.48798854127 1.08408331043 0.722722206952 0.126474403589 
1.47091053071 1.08299205445 0.721994702963 0.118267850205 
1.45800887427 1.08134456376 0.720896375837 0.11428247944 
1.45875472449 1.07701949823 0.718012998822 0.111304062034 
1.44419302593 1.07570763866 0.717138425775 0.107647941115 
1.44424320998 1.07184379802 0.714562532015 0.10696976127 
1.44436824313 1.06890575293 0.712603835288 0.10628662225 
1.44436824313 1.06890575293 0.712603835288 0.10628662225 
1.44222166241 1.06776508361 0.711843389076 0.107652346263 
1.44211044125 1.06677328249 0.711182188325 0.107717222588 
1.44216995667 1.06616230577 0.710774870516 0.109961307971 
1.43691450317 1.07086896659 0.713912644396 0.123703118542 
1.42972575898 1.07377884948 0.71585256632 0.141445569155 
1.42048538022 1.07407333344 0.716048888958 0.16336968504 
1.41191353218 1.07332632632 0.715550884216 0.184114641208 
1.42216284286 1.0687754787 0.712516985799 0.203524411944 
1.41811235871 1.06480597794 0.709870651961 0.212919892257 
1.41563269131 1.06015367997 0.706769119977 0.220904488767 
1.43326880132 1.052784299 0.70185619933 0.23213471774 
1.43192452884 1.04781050543 0.69854033695 0.235031463533 
1.43082420571 1.04413486152 0.696089907681 0.238178707048 
1.42886410763 1.0428014236 0.695200949064 0.242699586513 
1.42787039711 1.03940310947 0.692935406312 0.24387454676 
1.42756312959 1.03737885048 0.691585900321 0.24379956184 
1.4269654885 1.03526770512 0.690178470078 0.245116574549 
1.42475116261 1.03754539251 0.691696928338 0.248766060767 
1.42490741913 1.03782431163 0.691882874418 0.246194129363 
1.42168048271 1.03971704509 0.693144696725 0.249687036978 
1.42131615928 1.04083462431 0.693889749538 0.249478227426 
1.4032187834 1.04403901847 0.696026012311 0.240333246602 
1.40299203521 1.04546171263 0.696974475084 0.240965438588 
1.40459820858 1.04541756513 0.696945043419 0.23824159635 
1.40500601791 1.04667421596 0.697782810637 0.237979913019 
1.40597390234 1.04937055069 0.699580367125 0.237272953568 
1.40854815193 1.05382082497 0.702547216647 0.234219271252 
1.41374114724 1.05948200054 0.706321333691 0.225910143296 
1.42099970095 1.06560491994 0.710403279958 0.213554108552 
1.42863717591 1.0720355441 0.714690362732 0.199347109864 
1.43597760642 1.07664150208 0.71776100139 0.183893804867 
1.44128022676 1.07996813761 0.719978758409 0.170886035367 
1.43432949694 1.08303816589 0.722025443927 0.153807358627 
1.43811546891 1.08428446175 0.722856307836 0.145513373192 
1.44224633339 1.08404658546 0.722697723639 0.137647959433 
1.44279752435 1.0859687059 0.723979137267 0.135533642213 
1.4443260092 1.08623066068 0.724153773785 0.131819120089 
1.44617155042 1.08606620762 0.72404413841 0.128132107777 
1.44598580732 1.08776483508 0.725176556717 0.128581324761 
1.44584258821 1.08823403654 0.725489357693 0.12870863794 
1.44369603957 1.08936641117 0.726244274115 0.130186707418 
1.4437974596 1.08778646012 0.725190973416 0.127263265843 
1.44562007807 1.08551060468 0.723673736455 0.123953006289 
1.44653731195 1.08206921695 0.721379477967 0.122120293673 
1.42782478299 1.06952725241 0.713018168273 0.109325767337 
1.40579212614 1.05595459631 0.703969730873 0.0983975913747 
1.37929344006 1.03718992398 0.691459949321 0.0850078075835 
1.30902518968 1.00648060265 0.670987068433 0.0660022491793 
1.22725246305 0.957099701886 0.638066467924 0.0498033579153 
1.06379567153 0.856308747987 0.570872498658 0.0316356855326 
0.775247376065 0.491290019542 0.327526679695 0.0379087483002 
0.911938743727 0.407873274856 0.271915516571 0.0487775199593 
0.938998319594 0.00248849475228 0.00165899650152 0.0869842170084 
1.0701046473 5.42678439651e-20 3.61785626434e-20 0.0729370136138 
1.17252787403 6.12352740673e-23 4.08235160448e-23 0.0627062834765 
1.24856364685 -3.51732683493e-22 -2.34488455662e-22 0.0588352593711 
1.31450738879 7.89032514342e-24 5.26021676228e-24 0.0517524455637 
1.36220879801 1.33233583555e-21 8.88223890369e-22 0.0477520847533 
1.3945697044 9.19947262185e-22 6.1329817479e-22 0.046680865828 
1.41849394656 1.73212819458e-22 1.15475212972e-22 0.0426040305328 
1.42814170615 -6.26539407063e-22 -4.17692938042e-22 0.0433106241926 
1.43913225355 7.02016841777e-22 4.68011227852e-22 0.0400827433148 
1.43874562786 2.42544084385e-22 1.61696056257e-22 0.0424445202566 
1.42765824943 1.02062018092e-21 6.80413453948e-22 0.0466052374671 
1.41809719099 9.66158479691e-22 6.44105653127e-22 0.050476404179 
1.40135476221 9.12631939513e-22 6.08421293009e-22 0.0530516152769 
1.37984006768 -5.5658369268e-22 -3.7105579512e-22 0.0579869180418 
1.35978295507 3.85767084968e-23 2.57178056646e-23 0.0621532620752 
1.32729240171 1.72629869521e-22 1.15086579681e-22 0.0665563142658 
1.29671886058 9.29825596569e-22 6.19883731046e-22 0.0751571168785 
1.25775124628 3.43665358998e-22 2.29110239332e-22 0.0842815643195 
1.19859374856 4.97422106126e-22 3.31614737417e-22 0.102281434188 
1.11252759074 -5.00161452149e-23 -3.33440968099e-23 0.129021236731 
1.02683258373 0.00936822653283 0.00624548435522 0.167017958364 
0.922124245259 0.0368836225856 0.0245890817237 0.206322694482 
0.883490962963 0.403329733565 0.268886489043 0.172220595305 
0.861726881045 0.636816758498 0.424544505665 0.161908042867 
0.797761198741 0.728924970114 0.485949980076 0.162932965231 
0.758185854466 0.837824305626 0.558549537084 0.162622918242 
0.734738940815 0.931388804231 0.620925869487 0.158084398611 
0.716840501199 1.00345619552 0.668970797013 0.150464486224 
0.637268672816 1.06808464899 0.712056432659 0.142930549038 
0.572864019879 1.13179929111 0.754532860743 0.123435036387 
0.505278325142 1.1873269286 0.791551285733 0.101276768909 
0.44720872196 1.230859332 0.820572887998 0.0747566881591 
0.385953060432 1.27194581962 0.847963879743 0.0474218341734 
0.332167623992 1.30387992362 0.869253282415 0.019607746116 
0.268177162015 1.33110674673 0.887404497819 -0.0039783129529 
0.185698221814 1.34349475697 0.895663171311 -0.0293246300251 
0.0855205360699 1.35301414643 0.90200943095 -0.0522194661586 
0.0302688882034 1.35687509827 0.904583398844 -0.0675156176108 
2.92636439586e-18 1.35848833964 0.905658893094 -0.0790197574277 
7.48358892673e-23 1.3601422494 0.906761499598 -0.0823861290253 
-6.90081249772e-22 1.35966901329 0.906446008858 -0.0857739564271 
-5.26709202473e-22 1.36251757837 0.908345052249 -0.0880404763189 
1.5633332788e-21 1.36302319668 0.90868213112 -0.0901483980655 
-7.47187877069e-22 1.36329693177 0.908864621183 -0.0904056352694 
1.25381644478e-21 1.35892585482 0.90595056988 -0.0933912299374 
4.11626037565e-23 1.36012344965 0.906748966433 -0.0936626825197 
-1.73929201437e-21 1.36190266307 0.907935108712 -0.0964754258018 
4.57690241631e-22 1.36446858429 0.909645722858 -0.0966079460298 
-4.07540350818e-22 1.36669778215 0.911131854767 -0.0966434302256 
-1.34224027885e-21 1.36547694203 0.910317961354 -0.0965642919575 
-6.85454121973e-22 1.36336891745 0.908912611632 -0.0965674779629 
2.28658080868e-21 1.36288497378 0.908589982523 -0.0967209711222 
2.93071020403e-22 1.36125127688 0.907500851254 -0.0965742564155 
-2.55322124839e-24 1.35964332545 0.906428883633 -0.0936419030884 
1.04219301649e-19 1.34615180467 0.897434536444 -0.0901540166672 
0.132817736036 1.33153375173 0.887689167817 -0.057911455513 
0.289293414622 1.31411172482 0.876074483214 -0.0196292110043 
0.367586627737 1.27918118014 0.852787453425 0.00796236502811 
0.442652768856 1.22929122532 0.819527483547 0.0358711174238 
0.509315203497 1.17667244549 0.784448296992 0.0624307792134 
0.597437841591 1.09797798555 0.731985323698 0.0886173880877 
0.679555772508 1.00787170545 0.671914470299 0.107212807401 
0.752675340527 0.901338074255 0.600892049503 0.112909016386 
0.80329790853 0.751197256524 0.500798171016 0.117188376566 
0.890694167431 0.600402039986 0.400268026658 0.111169699234 
0.877875035081 0.177661566778 0.118441044519 0.135665745661 
0.965683524513 0.137950801952 0.0919672013011 0.108399560649 
1.00760291046 -8.12526006531e-18 -5.41684004354e-18 0.0932087265929 
1.0495018514 1.2867486364e-22 8.5783242427e-23 0.0662869572182 
1.069489974 4.18579093086e-22 2.79052728724e-22 0.0472261067276 
1.06594548602 -1.1216073649e-22 -7.47738243267e-23 0.0336626314811 
1.02920886398 0.00259401555272 0.00172934370182 0.0223634089434 
0.976083671945 0.0135032037448 0.0090021358299 0.012181450967 
0.92086671143 0.0270781255914 0.0180520837276 0.00488890475689 
0.857473277012 0.0434912868803 0.0289941912535 0.00227556552738 
0.893701682802 0.351964170379 0.234642780252 -0.00292153237209 
0.925031397477 0.533670887491 0.355780591661 -0.00248230912754 
0.87147190888 0.57376421121 0.38250947414 -0.00408632420136 
0.589407281988 0.134606861646 0.0897379077643 -0.0138883733992 
0.490710421499 0.0653037840054 0.0435358560036 -0.0293481968121 
0.406147058158 0.0417965189115 0.027864345941 -0.0863910428572 
0.314848493224 0.0776440981517 0.0517627321012 -0.0798154119983 
0.210488023622 1.09818865761e-17 7.32125771743e-18 0.0160099785842 
0.142487203532 -8.67361737988e-19 -5.78241158659e-19 0.0160834544725 
0.0886210988193 4.93693384416e-18 3.29128922944e-18 0.0118144459041 
0.0405230547777 -4.47012827155e-19 -2.98008551437e-19 0.00864882961278 
0.00102528873171 -3.01381108212e-19 -2.00920738808e-19 0.00657986570825 
-3.13877137443e-19 0.0240934790977 0.0160623193985 0.011714425549 
-3.83378341503e-21 0.12148227014 0.0809881800933 0.0125292134884 
-3.83378341503e-21 0.12148227014 0.0809881800933 0.0125292134884 
1.91805537002e-20 0.121932640249 0.0812884268324 0.0213953207606 
1.91805537002e-20 0.121932640249 0.0812884268324 0.0213953207606 
1.91805537002e-20 0.121932640249 0.0812884268324 0.0213953207606 
1.91805537002e-20 0.121932640249 0.0812884268324 0.0213953207606 
1.91805537002e-20 0.121932640249 0.0812884268324 0.0213953207606 
1.91805537002e-20 0.121932640249 0.0812884268324 0.0213953207606 
-9.18240472739e-23 0.122041224629 0.081360816419 0.0284933229324 
-9.18240472739e-23 0.122041224629 0.081360816419 0.0284933229324 
-9.45456244687e-21 0.204886507166 0.136591004777 0.0211223633017 
7.56006702342e-21 0.137657735824 0.0917718238824 0.0283507105397 
2.82883672773e-21 0.13541066329 0.090273775527 0.0221896077425 
1.09465036487e-20 0.068487257567 0.0456581717113 0.0228707772262 
-1.4330443041e-20 0.0494180096813 0.0329453397875 0.015607690561 
0.00442618587409 0.0407665881541 0.027177725436 0.00970187525465 
0.0702901123988 0.161912901792 0.107941934528 0.00213089684053 
0.206593561297 0.39403837987 0.262692253247 0.0272110452999 
0.412867216962 0.583302364792 0.388868243195 0.0237201274943 
0.711531981298 0.728994016131 0.485996010754 0.0350471821174 
0.807646208805 0.609442953591 0.406295302394 0.0592983673113 
0.847940403866 0.293665468636 0.195776979091 0.10113937789 
0.966335247133 9.67422930411e-18 6.44948620274e-18 0.133645071528 
1.1132156487 3.84384169573e-22 2.56256113049e-22 0.121936740864 
1.23345763198 -4.85551153813e-22 -3.23700769209e-22 0.101446014792 
1.32963774766 1.04930745674e-21 6.99538304493e-22 0.090154920053 
1.39581956305 -4.38537487214e-22 -2.9235832481e-22 0.0805622513233 
1.44486029261 -2.12199821696e-22 -1.41466547797e-22 0.069560234211 
1.47595269043 7.73438003411e-22 5.15625335608e-22 0.0631125022265 
1.4936956855 1.03389505213e-21 6.89263368088e-22 0.0610954404655 
1.49695936404 7.47773383405e-23 4.98515588936e-23 0.0631146983529 
1.50580352058 -3.32842735938e-22 -2.21895157292e-22 0.0557596450405 
1.50360877376 -1.31230110765e-22 -8.74867405101e-23 0.0589208247766 
1.50360877376 -1.31230110765e-22 -8.74867405101e-23 0.0589208247766 
1.49541550477 1.62021008126e-21 1.08014005417e-21 0.0608627316877 
1.49593914813 1.97238162015e-21 1.3149210801e-21 0.0578121501157 
1.49431265844 9.86550346671e-22 6.57700231114e-22 0.0591653440636 
1.48907114224 6.14753419046e-22 4.09835612697e-22 0.0595366596962 
1.48814319915 1.69830834366e-21 1.13220556244e-21 0.0579283941071 
1.48814319915 1.69830834366e-21 1.13220556244e-21 0.0579283941071 
1.48965777762 7.48395179166e-22 4.98930119444e-22 0.0545441685925 
1.4907818064 7.02382843447e-22 4.68255228965e-22 0.0519938048464 
1.49046654244 1.44312281242e-21 9.62081874947e-22 0.0502162595336 
1.48501564687 1.3839580276e-21 9.2263868507e-22 0.0521266625339 
1.47892548269 -7.32125641508e-22 -4.88083761005e-22 0.0543195477664 
1.47328818149 6.4718566124e-22 4.31457107493e-22 0.0555458119032 
1.47295429225 3.34304712508e-22 2.22869808338e-22 0.051092093135 
1.46256828291 -1.36685993983e-23 -9.11239959884e-24 0.0511111181776 
1.46401926994 -8.08536909767e-22 -5.39024606511e-22 0.0457021204335 
1.46357283049 -5.0258307677e-22 -3.35055384513e-22 0.0476861239584 
1.45888246625 -4.98253003332e-22 -3.32168668888e-22 0.0488467320128 
1.45976894508 2.19403792296e-21 1.46269194864e-21 0.0474259396359 
1.45970703425 -9.42566217034e-22 -6.28377478023e-22 0.0461021390074 
1.449629168 1.06805236529e-21 7.1203491019e-22 0.0490166082428 
1.44863599928 7.92127503516e-22 5.28085002344e-22 0.0517958379719 
1.45080196244 2.665923161e-21 1.77728210733e-21 0.0483628313443 
1.44983759081 1.06315700745e-21 7.08771338303e-22 0.0512260518386 
1.46329770167 1.21901594835e-21 8.12677298898e-22 0.0450554388287 
1.45668731036 1.14013740204e-21 7.6009160136e-22 0.046227049079 
1.45571120985 1.32627947782e-21 8.8418631855e-22 0.0447090807214 
1.45571120985 1.32627947782e-21 8.8418631855e-22 0.0447090807214 
1.45706326821 5.98538197851e-22 3.99025465234e-22 0.0457494773328 
1.44994330881 5.37787618091e-22 3.58525078728e-22 0.0473298464824 
1.44765827798 4.62824015342e-22 3.08549343561e-22 0.0494082719931 
1.44748812973 4.55534449404e-22 3.03689632936e-22 0.0468562104266 
1.44486077924 -1.09218578377e-21 -7.28123855846e-22 0.0470643728943 
1.44381403446 2.556403097e-21 1.70426873133e-21 0.048281407069 
1.43664119379 -1.19427440806e-21 -7.96182938706e-22 0.0489358239191 
1.43880308032 -1.43879542218e-21 -9.59196948121e-22 0.0481752288302 
1.43880308032 -1.43879542218e-21 -9.59196948121e-22 0.0481752288302 
1.43737941627 3.32404939941e-22 2.21603293294e-22 0.0502328676146 
1.42888401763 1.1092054084e-21 7.39470272268e-22 0.0508301915588 
1.42884561045 -5.34557581969e-22 -3.56371721313e-22 0.0468013424224 
1.41388531206 1.97115900542e-21 1.31410600362e-21 0.0467270012832 
1.3628441628 6.75812553463e-22 4.50541702308e-22 0.0455412382854 
1.26666785105 -3.21026059282e-18 -2.14017372855e-18 0.0398956911955 
1.12626727869 -1.60967218242e-17 -1.07311478828e-17 0.0438170184403 
0.874937275289 0.0580066178415 0.038671078561 0.0559725301661 
0.697871610141 0.430360900252 0.286907266835 0.0323271404374 
0.388300100232 0.243122225155 0.162081483437 0.0723239740409 
0.223659203392 0.179375353757 0.119583569172 -0.198427210912 
0.0956062382236 0.0972986223775 0.0648657482517 -0.0202051155816 
0.0281175006194 0.03466866534 0.02311244356 -0.00180228388985 
1.95793433023e-17 0.0606163643017 0.0404109095345 0.00476292802754 
-7.91089719067e-21 0.0583212134987 0.0388808089991 0.0123158495199 
-7.91089719067e-21 0.0583212134987 0.0388808089991 0.0123158495199 
1.39919481571e-20 0.0600612769357 0.0400408512904 0.016474309502 
1.11647670534e-20 0.088803129722 0.0592020864814 0.0152306077514 
1.20235164414e-20 0.053759896215 0.03583993081 0.0154366842825 
1.20235164414e-20 0.053759896215 0.03583993081 0.0154366842825 
1.92318618195e-20 2.56006686803e-18 1.70671124535e-18 0.018286450283 
1.92318618195e-20 2.56006686803e-18 1.70671124535e-18 0.018286450283 
-1.76529395295e-20 3.46892341065e-23 2.3126156071e-23 0.0233501398972 
-1.76529395295e-20 3.46892341065e-23 2.3126156071e-23 0.0233501398972 
-1.76529395295e-20 3.46892341065e-23 2.3126156071e-23 0.0233501398972 
1.65788293213e-20 1.35047462956e-21 9.0031641971e-22 0.025832128785 
1.65788293213e-20 1.35047462956e-21 9.0031641971e-22 0.025832128785 
0.00392725097011 6.71467075943e-22 4.47644717295e-22 0.0273779960831 
0.00846404709051 5.17272507541e-23 3.44848338361e-23 0.0288100275759 
0.0149743969792 0.0873446054698 0.0582297369799 0.0337592877942 
0.0321493204821 0.10322558291 0.0688170552736 0.0384962999611 
0.0486789785439 0.158981435029 0.105987623352 0.0477900459962 
0.0543362130069 0.215108214224 0.143405476149 0.0692983403308 
0.0378332039692 0.213329682088 0.142219788059 0.0799631585028 
7.81567604558e-05 0.217500027055 0.145000018037 0.0779828212731 
-1.86519872477e-19 0.294405364945 0.196270243297 0.0899983665095 
