0.0 0.0 0.0 0.0 
-4.75966797935e-21 0.525219810889 0.350146540593 -0.378132857493 
-4.75966797935e-21 0.525219810889 0.350146540593 -0.378132857493 
1.44988489091e-21 0.51949367421 0.34632911614 -0.35600466694 
1.44988489091e-21 0.51949367421 0.34632911614 -0.35600466694 
1.44988489091e-21 0.51949367421 0.34632911614 -0.35600466694 
1.44988489091e-21 0.51949367421 0.34632911614 -0.35600466694 
1.44988489091e-21 0.51949367421 0.34632911614 -0.35600466694 
4.45961429e-21 0.5205991444 0.347066096266 -0.378179521676 
4.45961429e-21 0.5205991444 0.347066096266 -0.378179521676 
4.45961429e-21 0.5205991444 0.347066096266 -0.378179521676 
2.00166231439e-21 0.523851250382 0.349234166921 -0.392489398855 
-3.53964083392e-21 0.517673552982 0.345115701988 -0.39005702231 
-3.53964083392e-21 0.517673552982 0.345115701988 -0.39005702231 
-3.53964083392e-21 0.517673552982 0.345115701988 -0.39005702231 
-1.03446216285e-21 0.504874520396 0.336583013598 -0.387959049776 
4.65395552942e-21 0.485150042007 0.323433361338 -0.390217961861 
-6.49396814976e-22 0.476787826509 0.317858551006 -0.429732892268 
4.54447225053e-23 0.462496729861 0.308331153241 -0.431857801925 
0.0375932086914 0.428733395484 0.285822263656 -0.523598775598 
0.0440920816959 0.412825653531 0.275217102354 -0.523598775598 
0.0405671928761 0.410441235918 0.273627490612 -0.523598775598 
0.0439784030043 0.401668997016 0.267779331344 -0.523598775598 
0.0475112708214 0.393677856188 0.262451904125 -0.523598775598 
0.0459184923953 0.3923491604 0.261566106933 -0.523598775598 
0.0435537316324 0.391090057203 0.260726704802 -0.523598775598 
0.0413585922386 0.389951269969 0.259967513313 -0.523598775598 
0.045219018895 0.382908331857 0.255272221238 -0.523598775598 
0.045219018895 0.382908331857 0.255272221238 -0.523598775598 
0.0432548201407 0.381386863192 0.254257908795 -0.523598775598 
0.0460908232535 0.375444373766 0.250296249177 -0.523598775598 
0.0446472554904 0.374449684616 0.249633123077 -0.523598775598 
0.0423144761188 0.373914649137 0.249276432758 -0.523598775598 
0.0414418176933 0.372667857084 0.248445238056 -0.523598775598 
0.0456700267368 0.366642550078 0.244428366719 -0.523598775598 
0.0445318580819 0.36601876676 0.244012511174 -0.523598775598 
0.0445318580819 0.36601876676 0.244012511174 -0.523598775598 
0.04623508173 0.366204686167 0.244136457444 -0.523598775598 
0.0437191422665 0.365369314147 0.243579542765 -0.523598775598 
0.0458330323814 0.358409760858 0.238939840572 -0.523598775598 
0.0296522503318 0.362941852079 0.241961234719 -0.523598775598 
0.0158519417983 0.368473915614 0.245649277076 -0.523598775598 
0.00952607732768 0.366019258206 0.244012838804 -0.523598775598 
0.00562779484574 0.364715915367 0.243143943578 -0.523598775598 
0.0020395433847 0.364270912931 0.242847275287 -0.523598775598 
-1.08709674234e-18 0.368041326112 0.245360884074 -0.523598775598 
-1.08709674234e-18 0.368041326112 0.245360884074 -0.523598775598 
-1.61453200574e-21 0.364539129089 0.243026086059 -0.523598775598 
-1.61453200574e-21 0.364539129089 0.243026086059 -0.523598775598 
-1.61453200574e-21 0.364539129089 0.243026086059 -0.523598775598 
9.2905105537e-22 0.369200480412 0.246133653608 -0.523598775598 
9.2905105537e-22 0.369200480412 0.246133653608 -0.523598775598 
9.2905105537e-22 0.369200480412 0.246133653608 -0.523598775598 
9.2905105537e-22 0.369200480412 0.246133653608 -0.523598775598 
9.2905105537e-22 0.369200480412 0.246133653608 -0.523598775598 
9.2905105537e-22 0.369200480412 0.246133653608 -0.523598775598 
9.2905105537e-22 0.369200480412 0.246133653608 -0.523598775598 
9.04109071182e-23 0.373733808466 0.24915587231 -0.523598775598 
9.04109071182e-23 0.373733808466 0.24915587231 -0.523598775598 
9.04109071182e-23 0.373733808466 0.24915587231 -0.523598775598 
9.04109071182e-23 0.373733808466 0.24915587231 -0.523598775598 
9.04109071182e-23 0.373733808466 0.24915587231 -0.523598775598 
9.04109071182e-23 0.373733808466 0.24915587231 -0.523598775598 
9.04109071182e-23 0.373733808466 0.24915587231 -0.523598775598 
9.04109071182e-23 0.373733808466 0.24915587231 -0.523598775598 
0.00402677336951 0.361734794107 0.241156529404 -0.523598775598 
0.0168731289444 0.338496411787 0.225664274525 -0.523598775598 
0.0382228607817 0.300514751114 0.200343167409 -0.523598775598 
0.0647627916231 0.253348599166 0.168899066111 -0.523598775598 
0.0979657308544 0.199073918202 0.132715945468 -0.523598775598 
0.144902460838 0.130366415581 0.0869109437208 -0.523598775598 
0.182718425753 0.0752561005177 0.0501707336784 -0.523598775598 
0.216376504637 0.0266827582438 0.0177885054958 -0.523598775598 
0.242748297927 3.02767946127e-19 2.01845297418e-19 -0.523598775598 
0.263550025252 1.22421690479e-21 8.16144603196e-22 -0.523598775598 
0.28552521522 6.30641458832e-21 4.20427639221e-21 -0.523598775598 
0.812183903647 0.485152593703 0.323435062469 0.153150716601 
0.927477269538 0.385789291681 0.257192861121 0.138619182897 
0.989933670484 0.173149693774 0.115433129182 0.142260297844 
1.06788975523 0.0225383499365 0.0150255666243 0.136191043799 
1.16194848673 -4.12935589067e-18 -2.75290392711e-18 0.106441570013 
1.24576915844 4.28509811478e-22 2.85673207652e-22 0.081773365312 
1.30280367698 -5.60305556389e-23 -3.73537037593e-23 0.0643851497752 
1.34397196752 -1.28923364979e-22 -8.59489099859e-23 0.0564525596598 
1.37869903962 -2.93115544133e-22 -1.95410362756e-22 0.0470235523681 
1.40470822834 7.60503072514e-22 5.07002048343e-22 0.0412666361685 
1.42338714393 8.42347297838e-22 5.61564865225e-22 0.0359933323884 
1.42913031255 1.27703794088e-21 8.5135862725e-22 0.0353409953662 
1.43685976412 6.54275441002e-22 4.36183627335e-22 0.0329264578443 
1.44367755347 -8.22911000523e-22 -5.48607333682e-22 0.029059576173 
1.44371550065 2.04537668686e-22 1.36358445791e-22 0.0294659951845 
1.44282732476 7.84837159138e-22 5.23224772758e-22 0.0258465042289 
1.43270189396 1.40568665375e-21 9.37124435831e-22 0.0213852698889 
1.43068341759 1.97459948906e-22 1.31639965937e-22 0.0190095964771 
1.42568434701 2.27942644111e-23 1.51961762741e-23 0.0193350795931 
1.42268592301 5.80081639452e-22 3.86721092968e-22 0.0180884686723 
1.42275712801 1.00058550898e-22 6.67057005986e-23 0.0168762734733 
1.42574881288 2.45825975752e-22 1.63883983835e-22 0.0174432114618 
1.42252420506 -4.977900411e-22 -3.318600274e-22 0.0172612349174 
1.42640048223 9.77825099712e-23 6.51883399808e-23 0.0159108467991 
1.42341345403 1.99628930223e-22 1.33085953482e-22 0.0188552006074 
1.42361110877 -2.10342283968e-22 -1.40228189312e-22 0.0180001307726 
1.41865399893 -1.14280120382e-22 -7.61867469216e-23 0.0185412336225 
1.42628101115 0.0172732633929 0.0115155089286 0.0159626421517 
1.43033561233 0.0388026590538 0.0258684393692 0.0162583670167 
1.42195578313 0.027400954056 0.018267302704 0.0165932908866 
1.41297179002 0.00991584381461 0.00661056254307 0.0181761751704 
1.40583349708 0.0111563631557 0.00743757543712 0.0207091807239 
1.38972118986 -7.44711106803e-18 -4.96474071202e-18 0.0246898302138 
1.37328938671 -6.10042974463e-21 -4.06695316309e-21 0.0286931154181 
1.34886909204 3.8562670535e-18 2.57084470233e-18 0.0335843540123 
1.30532993159 3.93485584461e-18 2.62323722974e-18 0.0394053517676 
1.25689948488 3.29144976918e-18 2.19429984612e-18 0.0461436084693 
1.18638703141 0.0169073568596 0.0112715712397 0.0573852564782 
1.10263418516 0.0436047818455 0.0290698545636 0.0682837526098 
1.03155716547 0.193043846184 0.128695897456 0.0665700101132 
0.903254710889 0.360961140768 0.240640760512 0.0651010905384 
0.694956716684 0.403469574405 0.26897971627 0.071700570839 
0.487156044348 0.38771991975 0.2584799465 0.0885634122731 
0.326958725884 0.387688796579 0.258459197719 0.122109040663 
0.227121134534 0.425481125098 0.283654083399 0.136202892448 
0.162040321455 0.448971878937 0.299314585958 0.141230629682 
0.125212587921 0.454292334448 0.302861556299 0.139324087795 
0.0833475058339 0.281632389722 0.187754926482 -0.199606726794 
0.0639761611422 0.274062291613 0.182708194409 -0.162875319936 
0.0612673738727 0.273494349084 0.182329566056 -0.163145566615 
0.0634146522089 0.261585959286 0.174390639524 -0.163785342189 
0.0684260881731 0.259919581212 0.173279720808 -0.163354946197 
0.0718624799399 0.250855929328 0.167237286219 -0.171785274974 
0.0759106865329 0.245161499667 0.163440999778 -0.180792953089 
0.0841252908056 0.253857965139 0.169238643426 -0.205353061677 
0.0873988494719 0.247315947874 0.164877298583 -0.20786041468 
0.0927113460345 0.246230057273 0.164153371515 -0.20726763184 
0.095621501347 0.245174104336 0.163449402891 -0.207337302543 
0.0914295904082 0.245461185449 0.163640790299 -0.209375167146 
0.0989154742641 0.250185074419 0.166790049612 -0.236076989274 
0.104930294192 0.248489499268 0.165659666179 -0.234648093889 
0.106964637105 0.242132624966 0.161421749977 -0.235175128476 
0.115672677384 0.234583601527 0.156389067685 -0.233401236735 
0.113770286626 0.235813395829 0.157208930553 -0.233326045387 
0.115736970361 0.236158622659 0.157439081773 -0.23243800221 
0.115736970361 0.236158622659 0.157439081773 -0.23243800221 
0.121749318895 0.2302147659 0.1534765106 -0.232811702126 
0.126500285375 0.229215046689 0.152810031126 -0.231739821006 
0.126500285375 0.229215046689 0.152810031126 -0.231739821006 
0.136126551209 0.217641544981 0.145094363321 -0.236064974843 
0.146907593464 0.208603911001 0.139069274001 -0.238914470807 
0.166798077732 0.18543682147 0.123624547647 -0.242410713269 
0.209696952835 0.156407835166 0.10427189011 -0.312116877451 
0.251115011907 0.0973763858782 0.0649175905855 -0.300904092977 
0.302662061252 0.0238125371086 0.0158750247391 -0.289587848466 
0.385490024676 -9.03957141331e-19 -6.02638094221e-19 -0.13494124168 
0.584575110716 0.265503971519 0.177002647679 0.0995494751415 
0.709982763535 0.225222363299 0.150148242199 0.0944867942623 
0.847677274642 0.177412193659 0.118274795772 0.0882555331562 
0.974149335043 0.127283940802 0.0848559605346 0.0753934895477 
1.05017800816 3.34307484525e-18 2.2287165635e-18 0.073125764788 
1.15659007211 9.73651356264e-23 6.49100904176e-23 0.049338641764 
1.2328876906 5.42241423747e-22 3.61494282498e-22 0.0357746602061 
1.29128670678 -2.66024863174e-22 -1.77349908783e-22 0.0218171752306 
1.33973703061 6.17730408326e-07 4.11820272217e-07 0.0106975955529 
1.39389712058 0.0749845048043 0.0499896698695 0.00410984640379 
1.43095802112 0.126265859855 0.0841772399032 0.000121024352511 
1.44572528002 0.14513901263 0.0967593417534 -0.00228936408834 
1.47482569587 0.188765386522 0.125843591014 -0.00471785159617 
1.5014159234 0.230917487643 0.153944991762 -0.00760686335316 
1.49540703033 0.221468046997 0.147645364665 -0.00792802396027 
1.47487995872 0.177835137366 0.118556758244 -0.00991259038138 
1.48015869561 0.197748626525 0.131832417683 -0.00911328014903 
1.47121718256 0.185410747693 0.123607165128 -0.0108212173589 
1.46203757151 0.17186010449 0.114573402993 -0.0127946179551 
1.46405393407 0.177851242067 0.118567494711 -0.0118906928698 
1.46931867972 0.190281820853 0.126854547235 -0.0102309494577 
1.47300070172 0.195306981675 0.13020465445 -0.0104132251971 
1.47656589966 0.202388519817 0.134925679878 -0.010202548505 
1.48457823769 0.218840093319 0.145893395546 -0.00938349548218 
1.47831943338 0.211423409801 0.140948939868 -0.00923451326726 
1.46280247083 0.186363051152 0.124242034102 -0.0107353685121 
1.4715856366 0.20910743864 0.139404959094 -0.00928383822208 
1.49326872865 0.247849935953 0.165233290636 -0.00734998758453 
1.48517492231 0.236800202574 0.157866801716 -0.00866719633445 
1.49054695217 0.248450332413 0.165633554942 -0.00833032008881 
1.47728864283 0.220245923341 0.146830615561 -0.0100053300979 
1.46082339326 0.18824236853 0.125494912353 -0.0106065805742 
1.47105045281 0.204529081948 0.136352721299 -0.00968746011621 
1.47510175745 0.214952832233 0.143301888155 -0.00883661530712 
1.47325182529 0.211766409281 0.141177606187 -0.00697280320887 
1.4909333669 0.240004043516 0.160002695677 -0.010250546425 
1.47998553125 0.22214933462 0.148099556413 -0.0085899152877 
1.4805543729 0.221689247126 0.147792831418 -0.00879687410333 
1.46954662284 0.201000533876 0.134000355917 -0.0077361830463 
1.45602456259 0.177084678497 0.118056452331 -0.00833256915023 
1.44712651007 0.16822934627 0.112152897513 -0.00821963575529 
1.44950539111 0.183239208374 0.122159472249 -0.00711358117496 
1.45411866127 0.201841018388 0.134560678925 -0.00626789783447 
1.4551211482 0.215021467067 0.143347644711 -0.00619496134466 
1.42802343961 0.183932495555 0.122621663703 -0.00386532691796 
1.42885369653 0.205021407608 0.136680938405 -0.000667690084868 
1.39509726975 0.187400366807 0.124933577871 0.00228723768798 
1.35687487747 0.16185348638 0.107902324253 0.00237840550689 
1.30838896048 0.127587778456 0.0850585189705 0.0011268632337 
1.28554432103 0.197860817929 0.131907211953 0.013580182184 
1.23430190157 0.254292647719 0.169528431812 0.0120866943735 
1.13997089028 0.297127756645 0.198085171097 0.00981167619059 
1.04429159818 0.346027908815 0.230685272543 0.00792750347053 
0.948114911157 0.399926343402 0.266617562268 0.00163688040962 
0.644550346975 0.0935712403716 0.0623808269144 -0.012980273593 
0.475861590968 1.60309856292e-20 1.06873237528e-20 -0.100149709656 
0.384755571686 0.0689111018969 0.0459407345979 -0.166114964845 
0.304017882774 0.144284083752 0.0961893891682 -0.168256925102 
0.171824518661 1.24772896545e-17 8.31819310302e-18 0.000636799900495 
0.12093381763 -2.11232031129e-18 -1.40821354086e-18 -0.0014054226 
0.0837665725817 -8.53040505445e-19 -5.68693670297e-19 -0.00173570107576 
0.0548652343278 0.0102191332606 0.0068127555071 -0.00262244015951 
0.0380712335603 6.70380193373e-19 4.46920128916e-19 -0.0011575460918 
0.0229794702746 0.00209687415975 0.0013979161065 -0.00136084759896 
0.0139773434606 -3.91495321795e-19 -2.60996881197e-19 -0.00185615868973 
0.00856337411602 -1.19392006196e-22 -7.95946707972e-23 -0.00206626794506 
0.00469538119659 -2.02063850416e-22 -1.3470923361e-22 -0.00103486778822 
0.00182273306477 6.44934992197e-22 4.29956661465e-22 0.000177492860527 
-3.55577922078e-23 1.48465401766e-21 9.89769345105e-22 -1.20737169448e-08 
2.81736491458e-21 0.0227103915249 0.0151402610166 -0.00235049833147 
3.85154832885e-21 0.0103831580028 0.00692210533523 -0.00548034517165 
6.91751694476e-22 0.0105293784539 0.00701958563592 -0.00448895825275 
0.000810884800393 0.0106023717868 0.00706824785783 -0.00417665644654 
0.000981953477068 0.0172366674809 0.0114911116539 -0.00299067959434 
0.00580490373365 0.0164847335859 0.0109898223906 -0.00371128183383 
0.00787605854952 0.00667094025683 0.00444729350455 -0.00261871078495 
0.00865939849996 0.0170771108357 0.0113847405572 -0.00357461202713 
0.0101718116608 0.016884582916 0.0112563886106 -0.00416171362709 
0.0134153495465 0.0213084354946 0.014205623663 -0.00519550850856 
0.0136758093365 0.0215188933166 0.0143459288777 -0.00590458993939 
0.0144195323719 0.0261022437588 0.0174014958392 -0.0052654202658 
0.0134531838956 0.0427053144715 0.0284702096477 -0.00710260639831 
0.0160379973136 0.0272673423467 0.0181782282311 -0.00475778562775 
0.0174435690694 0.0272146531847 0.0181431021232 -0.00422094357496 
0.0214479217835 0.027893984272 0.0185959895146 -0.00263530694346 
0.0249962889608 0.0269371099134 0.0179580732756 -0.00130341936929 
0.0249962889608 0.0269371099134 0.0179580732756 -0.00130341936929 
0.0226376916521 0.0286938416808 0.0191292277872 -0.00229278310911 
0.0280701607532 0.01069593965 0.00713062643333 7.17300370404e-05 
0.0268354739063 0.0166473022656 0.0110982015104 -0.000697722822626 
0.0286807123993 0.00550176272473 0.00366784181649 0.000737170815507 
0.029087547179 0.0131623359987 0.00877489066582 0.000695043338897 
0.0296342036602 0.0301672833099 0.0201115222066 -0.000377465974134 
0.0320954210628 0.0297419755449 0.0198279836966 -0.000708916212141 
0.0314727650652 0.036215183198 0.0241434554653 0.000817060035541 
0.0318301139098 0.0451884561783 0.0301256374522 0.00224922589954 
0.0390461307698 0.0256574344136 0.0171049562757 0.00378178117002 
0.0495384107432 0.023545000241 0.0156966668273 0.00572861757069 
0.0680662211419 0.0199694449526 0.0133129633017 0.00613939927971 
0.0981720564676 0.0129037849639 0.00860252330928 0.00778127425517 
0.1708388644 1.23433422024e-19 8.22889480163e-20 -0.000633316016219 
0.280493801802 0.023231215707 0.015487477138 -0.0580135551131 
0.404738733651 3.0929340702e-20 2.0619560468e-20 -0.10128670784 
0.614340926906 0.123638787994 0.082425858663 0.0640725271519 
0.776198573421 0.0832490070984 0.0554993380656 0.0765823493527 
0.927205912434 0.0373180160929 0.0248786773953 0.0690404296295 
1.06018019016 -2.47398984674e-20 -1.64932656449e-20 0.0616230225413 
1.1777024728 -8.71831553794e-23 -5.81221035863e-23 0.0493216568213 
1.27146112491 -7.97826122496e-22 -5.31884081664e-22 0.0375973880551 
1.33475292666 -8.07481639659e-22 -5.38321093106e-22 0.0332576480759 
1.38398270207 3.12116354991e-22 2.08077569994e-22 0.0260418553753 
1.42100783961 1.31661928276e-21 8.77746188508e-22 0.0206703997284 
1.43586718938 6.80410792548e-22 4.53607195032e-22 0.0163335513807 
1.44857451708 1.86421298347e-21 1.24280865565e-21 0.0128938649797 
1.45611559345 -1.19087116596e-21 -7.9391411064e-22 0.0122487919004 
1.46290309902 -9.25038045404e-22 -6.16692030269e-22 0.00964225505778 
1.46627253701 5.56029975977e-24 3.70686650651e-24 0.00804475606739 
1.47254843293 4.29710775756e-22 2.86473850504e-22 0.00534695852643 
1.47096033073 -1.11370528574e-22 -7.42470190496e-23 0.00530544066441 
1.47080915979 4.36171359772e-22 2.90780906515e-22 0.00625296257133 
1.47069012588 -4.39192285412e-22 -2.92794856941e-22 0.00679310302795 
1.4707215702 1.48110748327e-21 9.87404988845e-22 0.00719237915131 
1.47266257893 -5.46635466956e-23 -3.64423644637e-23 0.0055320323665 
1.47384576928 -1.44307755446e-22 -9.62051702975e-23 0.00559831818688 
1.47398161791 1.68728384899e-22 1.12485589933e-22 0.00461584631603 
1.46541855607 1.0668244114e-22 7.11216274269e-23 0.00630941226657 
1.4650298893 -5.50313846042e-22 -3.66875897361e-22 0.00331303591363 
1.46171010763 6.54681243084e-22 4.36454162056e-22 0.00511615129287 
1.46499283906 -2.95954392576e-22 -1.97302928384e-22 0.0038876604305 
1.46400277664 2.62482767771e-22 1.74988511847e-22 0.00438677203882 
1.45636330221 -9.6767033775e-23 -6.451135585e-23 0.00809577756823 
1.45346658175 1.04736560699e-22 6.98243737992e-23 0.00728713239879 
1.44913191152 3.88640517036e-22 2.59093678024e-22 0.00860521785671 
1.44380303568 -7.094434039e-22 -4.72962269267e-22 0.011853422334 
1.44014951409 5.77669125781e-23 3.85112750521e-23 0.0139716150339 
1.44425686951 6.16626793559e-22 4.1108452904e-22 0.0143910719163 
1.44413308038 1.94000734553e-22 1.29333823035e-22 0.0141920517511 
1.44224238662 1.3536819825e-22 9.02454655001e-23 0.0140979269406 
1.44088591324 1.61234598597e-21 1.07489732398e-21 0.0154922651451 
1.43847772986 9.36058566768e-23 6.24039044512e-23 0.0162929906224 
1.44109999823 1.48877485081e-22 9.9251656721e-23 0.0166164475446 
1.4429743869 -3.09838113398e-23 -2.06558742265e-23 0.0163470587914 
1.44314485591 -7.32768579009e-22 -4.88512386006e-22 0.0154521287616 
1.44688215213 -2.90197535081e-22 -1.93465023387e-22 0.0195647075177 
1.43997083474 -4.00693547516e-22 -2.67129031677e-22 0.0227005908827 
1.4386761978 2.29436986836e-22 1.52957991224e-22 0.0231886227709 
1.4361265856 -1.16167752838e-22 -7.74451685589e-23 0.0236306665487 
1.43623192087 -2.17600369206e-22 -1.45066912804e-22 0.0229130357883 
1.44178383601 2.11188701229e-22 1.40792467486e-22 0.019582224634 
1.43541797213 -5.34557253518e-22 -3.56371502345e-22 0.0215230041851 
1.42982651885 1.35772516188e-22 9.0515010792e-23 0.0219932664047 
1.41545292924 7.26223015397e-22 4.84148676931e-22 0.0260227327524 
1.40501190092 3.43651440239e-22 2.2910096016e-22 0.0274945307123 
1.38349114413 -5.25714829657e-22 -3.50476553105e-22 0.0337687423407 
1.29599014066 4.51089302934e-18 3.00726201956e-18 0.0420343394269 
1.17355343133 -4.64228264301e-18 -3.09485509534e-18 0.0564457096487 
1.04974132854 0.0394511271355 0.0263007514237 0.0670225933762 
0.927386623553 0.161166919613 0.107444613075 0.0656415182002 
0.718192349511 0.176372901355 0.117581934237 0.0728218254984 
0.537380923394 0.186499047648 0.124332698432 0.0858677466415 
0.398255727773 0.221683785504 0.147789190336 0.0828306591911 
0.282537533235 0.0722711835254 0.0481807890169 -0.255925922992 
0.213623954629 0.12241013555 0.0816067570335 -0.182711909657 
0.154833993504 0.119930822187 0.0799538814579 -0.11252647519 
0.113366411048 0.0894968347151 0.0596645564767 -0.0675512622644 
0.0910961919244 0.0801607882967 0.0534405255311 -0.0523154365879 
0.073197862525 0.0608110102557 0.0405406735038 -0.0402571386041 
0.0628296039457 0.0697131227351 0.0464754151568 -0.0393805099431 
0.0550839450772 0.0698774090112 0.0465849393408 -0.0365648352435 
0.0502272417761 0.0708133389537 0.0472088926358 -0.0365622006035 
0.0471488317202 0.0632560829472 0.0421707219648 -0.0339265291084 
0.0433701734949 0.0639609257175 0.042640617145 -0.033401748474 
0.046235153899 0.0498606388582 0.0332404259055 -0.0297115702557 
0.0423817770546 0.0643392637892 0.0428928425261 -0.0322192969635 
0.0403344634442 0.0647159441263 0.0431439627508 -0.0325907296468 
0.0396253044908 0.0716774872844 0.0477849915229 -0.0348524717375 
0.0385300446447 0.0719794465907 0.0479862977272 -0.0340955503434 
0.0374630511999 0.0721598017676 0.0481065345117 -0.0331952119534 
0.0381538538434 0.0740827453815 0.049388496921 -0.0317526610515 
0.0421359904506 0.0734848979757 0.0489899319838 -0.0316730703024 
0.047080113269 0.0529483929191 0.0352989286127 -0.0277049249095 
0.0463376961418 0.0390577182192 0.0260384788128 -0.0224687593279 
0.0484334879659 0.0450519542655 0.030034636177 -0.0221549043489 
0.0493697881918 0.0361120713202 0.0240747142135 -0.0196344424473 
0.0498605485043 0.018359722628 0.0122398150854 -0.0162961438239 
0.0496635785688 0.0181706644256 0.0121137762837 -0.0146472306746 
0.0457537458707 0.0294816936057 0.0196544624038 -0.0142072965094 
0.0443844410874 0.0342019598281 0.022801306552 -0.0134153591131 
0.0450910829411 0.0336640022106 0.0224426681404 -0.0116734721186 
0.0471658434259 0.0393966523247 0.0262644348831 -0.0128909608718 
0.0491657208173 0.0739112320221 0.0492741546814 -0.0187475148507 
0.0553374353049 0.104224126558 0.0694827510388 -0.0245509888167 
0.0632786455879 0.148211875499 0.098807916999 -0.0364963065977 
0.0747874539646 0.19346813687 0.128978757913 -0.0538752104943 
0.0957667670462 0.236449745884 0.157633163923 -0.079316979665 
0.128058024292 0.287147303023 0.191431535348 -0.166544527896 
0.158306154513 0.283748709494 0.189165806329 -0.260498064211 
0.186371727141 0.260333892037 0.173555928025 -0.36154919033 
0.209387732422 0.2349051144 0.1566034096 -0.423679152626 
0.23293335658 0.209788736944 0.139859157963 -0.501738832435 
0.228262827363 0.206440070291 0.137626713528 -0.503499214446 
0.214643664096 0.215446167624 0.143630778416 -0.523598775598 
0.192164201554 0.229922412355 0.153281608237 -0.523598775598 
0.165064439052 0.249908544859 0.166605696572 -0.523598775598 
0.136615203029 0.272376883079 0.181584588719 -0.523598775598 
0.109007202363 0.296518982587 0.197679321725 -0.523598775598 
0.087678869569 0.312115806576 0.208077204384 -0.523598775598 
0.0616667597136 0.333808054622 0.222538703081 -0.523598775598 
0.0390875548049 0.351767956268 0.234511970845 -0.523598775598 
0.00511547365537 0.384059145156 0.256039430104 -0.523598775598 
2.16840434497e-18 0.384872428541 0.256581619028 -0.523598775598 
8.61041124588e-22 0.397335071203 0.264890047469 -0.523598775598 
8.61041124588e-22 0.397335071203 0.264890047469 -0.523598775598 
3.79458684484e-21 0.410461551577 0.273641034384 -0.523598775598 
3.79458684484e-21 0.410461551577 0.273641034384 -0.523598775598 
-6.06446771468e-21 0.422905766481 0.281937177654 -0.523598775598 
-6.06446771468e-21 0.422905766481 0.281937177654 -0.523598775598 
-6.06446771468e-21 0.422905766481 0.281937177654 -0.523598775598 
-2.17884222923e-21 0.45075609753 0.30050406502 -0.523598775598 
6.0460023306e-21 0.47075140369 0.313834269127 -0.523598775598 
-1.00505205939e-20 0.494176304773 0.329450869849 -0.523598775598 
2.81547872683e-21 0.527969447897 0.351979631931 -0.523598775598 
6.64507730891e-21 0.574567396206 0.383044930804 -0.523598775598 
9.26944554203e-21 0.642747227636 0.428498151758 -0.523598775598 
1.46821038923e-20 0.77050560311 0.513670402073 -0.523598775598 
0.189438862456 1.28558644366 0.857057629107 0.14036985221 
0.145349591336 1.3115424853 0.87436165687 0.121559632755 
0.0882327917988 1.34204661496 0.894697743309 0.0980834789409 
0.0323665825077 1.36889071899 0.912593812661 0.0745355852662 
-1.07056084388e-18 1.39205147583 0.928034317223 0.0508955371448 
2.15053500255e-21 1.41581442987 0.943876286578 0.0318465115851 
-1.695687961e-21 1.43290590528 0.955270603523 0.0165158970456 
-1.00558650327e-23 1.44710557873 0.964737052489 0.00171335838878 
-2.79216888103e-21 1.4567020363 0.971134690864 -0.0105658832437 
-3.27600386069e-21 1.46469709026 0.976464726841 -0.0209214808392 
1.19413812745e-21 1.47211869873 0.981412465819 -0.0303273831324 
-5.09548150542e-22 1.47843698673 0.985624657818 -0.0390934052773 
2.07953368524e-21 1.48674229473 0.991161529817 -0.0452920903885 
3.98861478527e-21 1.49189587896 0.994597252637 -0.0515339384461 
1.60177475853e-21 1.49522828505 0.996818856698 -0.0555474017063 
-5.98732140468e-22 1.4989449096 0.9992966064 -0.0558708629015 
-2.203508765e-21 1.49975913136 0.999839420907 -0.061290996832 
7.18300164699e-22 1.50204552761 1.00136368508 -0.0614162960808 
-2.63736460009e-21 1.50322451711 1.00214967807 -0.0615128623047 
1.52263011839e-21 1.50462887893 1.00308591929 -0.0616330596565 
1.26555971854e-22 1.50691786445 1.00461190963 -0.061737870638 
2.68128390145e-21 1.50653584544 1.0043572303 -0.0618724459104 
2.68128390145e-21 1.50653584544 1.0043572303 -0.0618724459104 
6.20259836571e-22 1.50533346718 1.00355564479 -0.0618998689383 
-2.85741353147e-21 1.50758384995 1.00505589997 -0.0618622643306 
-1.79707104274e-21 1.5091561104 1.0061040736 -0.0616528086663 
2.04236518995e-21 1.51058547449 1.00705698299 -0.0613331232842 
4.06906312755e-21 1.50908451967 1.00605634644 -0.0580609284872 
8.17428114709e-23 1.5067218724 1.00448124827 -0.0577076791358 
2.59203773173e-21 1.5034449237 1.0022966158 -0.0534673513362 
2.4516235235e-21 1.50147112881 1.00098075254 -0.0532700284783 
-2.24010461412e-22 1.49794714175 0.998631427833 -0.050370749407 
-2.78091624427e-21 1.49453710378 0.996358069184 -0.0474670745207 
-1.5361535542e-23 1.48844528598 0.992296857317 -0.0430333156343 
1.83603091238e-21 1.46673080532 0.97782053688 -0.0275947072778 
2.24160675447e-21 1.4445986173 0.963065744864 -0.0133126423798 
2.63862427438e-21 1.42196691094 0.947977940627 0.0027246749466 
-1.06920737206e-21 1.39360716633 0.92907144422 0.0251303059622 
0.02912803684 1.36676843427 0.911178956182 0.0498442632153 
0.0946752844927 1.33970336689 0.893135577927 0.0798664068519 
0.15890032711 1.31101654144 0.874011027625 0.108136245273 
0.214214781481 1.2858802185 0.857253479001 0.132798879028 
0.264827992196 1.258425532 0.838950354666 0.156308137198 
0.31188169845 1.23079358255 0.820529055031 0.180820313269 
0.360604628596 1.20093439209 0.800622928062 0.20306994455 
0.405642856806 1.16988941233 0.779926274889 0.221489071971 
0.472312610737 1.1218146697 0.747876446465 0.235773956145 
0.527193502351 1.07695573099 0.717970487324 0.240729768606 
0.578559859631 1.03066712327 0.687111415515 0.236025804941 
0.632634786949 0.978566017142 0.652377344761 0.220728710331 
0.681067945016 0.927538068147 0.618358712098 0.201414435973 
0.692579539653 0.881903767727 0.587935845152 0.184587149707 
0.734859270706 0.845677117183 0.563784744789 0.159479893537 
0.74433458782 0.810144764807 0.540096509871 0.136747819942 
0.753014274351 0.782371943548 0.521581295698 0.115564705007 
0.756489134841 0.760871698847 0.507247799231 0.0932471757163 
0.707286128342 0.724676715215 0.483117810144 0.076247660688 
0.660187037032 0.701667347137 0.467778231425 0.0616633927739 
0.574811087372 0.66201054256 0.441340361707 0.0442413057621 
0.488528303108 0.619432784548 0.412955189699 0.0342750835992 
0.415350287557 0.573138644513 0.382092429675 0.0273090057457 
0.338526622923 0.508865342628 0.339243561752 0.0180252148456 
0.280698721156 0.458903110664 0.305935407109 0.00893193731483 
0.240842898954 0.415707607052 0.277138404702 -0.00378274195739 
0.211350427399 0.393545883423 0.262363922282 -0.0248331272154 
0.183921285119 0.358301090602 0.238867393735 -0.0340371308193 
0.167925222869 0.333057429903 0.222038286602 -0.0511734435193 
0.154855129323 0.335876737972 0.223917825315 -0.0530391053366 
0.160897049767 0.312464489309 0.20830965954 -0.142219159843 
0.156897765047 0.312854650079 0.208569766719 -0.142897737708 
0.155818090419 0.307324441212 0.204882960808 -0.143772550213 
0.149304741331 0.308970084709 0.205980056472 -0.144966544987 
0.142685149411 0.318131365871 0.212087577248 -0.142901373081 
0.101467355005 0.252060919246 0.168040612831 -0.025556140487 
0.0948136348111 0.226062395316 0.150708263544 -0.0122970206648 
0.0939541772067 0.225670093912 0.150446729274 -0.0127913091874 
0.0967799566797 0.193860473324 0.129240315549 -0.0109479034419 
0.100657645413 0.215648983195 0.143765988797 -0.021335854119 
0.121405555754 0.250979071605 0.16731938107 -0.0595238783901 
0.160519856204 0.289676381139 0.193117587426 -0.171924794003 
0.175219581277 0.281064841041 0.187376560694 -0.232608678207 
0.188860376971 0.260100495272 0.173400330181 -0.228219766889 
0.224652445042 0.217876030133 0.145250686755 -0.34110580835 
0.241049367034 0.182949248529 0.121966165686 -0.333370497046 
0.295461112107 0.111194742951 0.074129828634 -0.426706356325 
0.314031433243 0.0708483618816 0.0472322412544 -0.413677679472 
0.330531794753 0.0337801196206 0.0225200797471 -0.408884290007 
0.351978125567 3.46944695195e-18 2.31296463464e-18 -0.400254669578 
0.48757081268 0.0474008900059 0.0316005933373 0.523598775598 
0.515760016041 0.0382258718921 0.0254839145948 0.514591473036 
0.546642403355 0.0281296962753 0.0187531308502 0.50186976431 
0.569787180093 0.0268318838309 0.0178879225539 0.495528738379 
0.585903319811 0.0320799721649 0.0213866481099 0.495312924114 
0.597568249324 0.0448199214346 0.029879947623 0.501331480575 
0.602968515297 0.0606823833096 0.0404549222064 0.510299353051 
0.833012563511 0.698219086734 0.465479391156 0.131684018115 
0.81587562628 0.735053588338 0.490035725558 0.145773078986 
0.801160367868 0.773959066851 0.515972711234 0.157278667637 
0.773387560307 0.850202772254 0.56680184817 0.17034105021 
0.700101989224 0.922605449343 0.615070299562 0.185594840177 
0.635697354188 0.993387736792 0.662258491195 0.193597655405 
0.528629425848 1.08661597544 0.72441065029 0.198729221554 
0.409269136387 1.17143032868 0.780953552454 0.189699034849 
0.298391006825 1.2399643048 0.826642869866 0.166639007798 
0.158237750513 1.31448190438 0.876321269586 0.125003116405 
0.0363695886133 1.36998704966 0.913324699774 0.0791665138669 
-1.22080936355e-17 1.41507225168 0.94338150112 0.044032098933 
-1.00271933104e-21 1.45279061992 0.968527079947 0.0131114019733 
-1.22917276058e-21 1.48275859392 0.988505729281 -0.0113402132063 
6.49400251143e-22 1.50481326424 1.00320884282 -0.0290636780878 
1.51454846377e-22 1.52042613317 1.01361742212 -0.0461761534394 
2.62760580283e-21 1.532570652 1.021713768 -0.057919421794 
-4.19505578741e-21 1.54106708817 1.02737805878 -0.0672676165728 
1.38950958013e-21 1.54666895183 1.03111263455 -0.0735483835851 
4.81930820685e-21 1.55094566136 1.03396377424 -0.0785370394229 
-1.02058600194e-21 1.55175641535 1.0345042769 -0.0789319437718 
1.3683118791e-21 1.55636158716 1.03757439144 -0.0794362730883 
4.8384506058e-22 1.55669803478 1.03779868985 -0.0842524171706 
1.26552933568e-21 1.55727890426 1.03818593618 -0.0844773179845 
1.56693615321e-22 1.55858644613 1.03905763076 -0.0847062666983 
1.08727042862e-21 1.55939933528 1.03959955685 -0.0849524876513 
1.55710797524e-21 1.56015495313 1.04010330209 -0.0852170647349 
-1.13081489123e-21 1.56118065143 1.04078710095 -0.0854750890606 
-2.96396525045e-22 1.56188572575 1.0412571505 -0.0857387189055 
1.34564532417e-22 1.5604076056 1.04027173707 -0.0859323473583 
-1.03972664797e-22 1.56135527282 1.04090351521 -0.0861955927092 
9.94832641809e-22 1.56214540557 1.04143027038 -0.0863899309691 
-1.31093249669e-21 1.56097058479 1.04064705652 -0.0865342367325 
-1.21311627416e-21 1.56187010351 1.04124673568 -0.0867750873331 
-1.15148811644e-21 1.5623304481 1.04155363207 -0.0871376138794 
-1.8171083853e-21 1.56288318935 1.04192212624 -0.0873652818582 
1.00104411644e-21 1.5620796111 1.0413864074 -0.0875999420215 
1.48597866351e-21 1.5612031624 1.04080210826 -0.0879163691048 
2.25556316649e-21 1.56040812264 1.04027208176 -0.0920381646322 
1.85892971308e-21 1.56094873606 1.04063249071 -0.0921879392084 
-8.45641688198e-22 1.56144415007 1.04096276671 -0.0923711766493 
-7.52376589577e-22 1.56294743555 1.04196495703 -0.0926051220964 
-9.81040715075e-22 1.56359498997 1.04239665998 -0.0928395687388 
-9.81040715075e-22 1.56359498997 1.04239665998 -0.0928395687388 
1.4744448096e-21 1.56215854963 1.04143903309 -0.0931284899124 
8.56784286965e-22 1.56188951346 1.04125967564 -0.0972047215952 
1.13678509448e-21 1.56264214121 1.04176142747 -0.0972677475356 
2.41674240516e-21 1.56387828984 1.04258552656 -0.0973734336641 
-8.2973398421e-22 1.56585271272 1.04390180848 -0.0976277538476 
-9.60135406264e-22 1.57015562232 1.04677041488 -0.104874931864 
8.6994751122e-22 1.57715849229 1.05143899486 -0.111849314234 
-3.61504932987e-22 1.58775278849 1.058501859 -0.118985751181 
0.00089866478011 1.60059827427 1.06706551618 -0.128587905593 
0.825253343239 1.56465161905 1.04310107936 0.0891287166255 
0.853685358558 1.57553798361 1.05035865574 0.0708190926287 
0.891613267439 1.58474217938 1.05649478625 0.0660508132596 
0.91529919499 1.59151361861 1.06100907908 0.051254936419 
0.934503943931 1.59615050475 1.0641003365 0.0404549157304 
0.951498863562 1.59898006219 1.06598670813 0.0306396669763 
0.963663552596 1.60126636965 1.0675109131 0.0238746479967 
0.971969417516 1.60337651105 1.06891767403 0.0184581909735 
0.977681152681 1.60463643476 1.06975762317 0.0141575257369 
0.978023528614 1.60629038837 1.07086025891 0.0139451951677 
0.980573356819 1.60681569528 1.07121046352 0.0081036762385 
0.975116798887 1.60815169239 1.07210112826 0.00655402586813 
0.975126447593 1.60917738312 1.07278492208 0.00649566865958 
0.966534731934 1.61001068076 1.07334045384 0.00756516717926 
0.960380286766 1.60969317662 1.07312878442 0.00755757137432 
0.95232189108 1.60951318248 1.07300878832 0.00898375318176 
0.940711984407 1.60947114034 1.07298076023 0.0114038235985 
0.920087459743 1.6093368547 1.07289123647 0.0181927834975 
0.895064201789 1.60854297384 1.07236198256 0.0279556255624 
0.866008476621 1.60354636815 1.0690309121 0.0408470830867 
0.824277315549 1.59437438013 1.06291625342 0.04830372202 
0.778563380181 1.58101203602 1.05400802402 0.0638455115469 
0.724624800681 1.56776247263 1.04517498175 0.070873849622 
0.650442565873 1.55277109538 1.03518073025 0.066426194279 
0.529662287757 1.53974761709 1.02649841139 0.0447359212571 
-2.92021759943e-15 1.53864047376 1.02576031584 -0.0728534471124 
2.8026010039e-21 1.50724749337 1.00483166224 -0.054785981048 
-3.83742054756e-21 1.47678103973 0.984520693154 -0.0377223421188 
-2.06804784256e-21 1.44312855766 0.962085705106 -0.0191593685153 
-8.25599958043e-22 1.39814138972 0.932094259812 0.00505515466668 
0.0855487057477 1.35297041603 0.901980277356 0.040244883749 
0.21111227499 1.3012663305 0.867510887001 0.0764769579001 
0.353687424106 1.2320665367 0.821377691132 0.107392789452 
0.479587504671 1.15784542032 0.771896946883 0.127593244046 
0.595492685686 1.07687338567 0.717915590445 0.1365298692 
0.68930095167 0.997212820621 0.664808547081 0.13610822288 
0.759605916569 0.927329994074 0.618219996049 0.13146421442 
0.820816355628 0.86211218374 0.574741455827 0.12382056443 
0.873828410852 0.790802298003 0.527201532002 0.113679375263 
0.895917887622 0.73457416099 0.489716107327 0.105938162858 
0.921874546323 0.688630074874 0.459086716583 0.0987775941341 
0.946462578321 0.652845306932 0.435230204621 0.0922122608385 
0.966671823882 0.626863004991 0.417908669994 0.0853861870166 
0.981161533828 0.610546642353 0.407031094902 0.0833770710026 
0.988436329288 0.600256620887 0.400171080591 0.0786918609038 
0.98932877456 0.598894089124 0.399262726083 0.076486317197 
0.98932877456 0.598894089124 0.399262726083 0.076486317197 
0.981858465521 0.605376637751 0.403584425168 0.0768792671397 
0.979080272385 0.609261116053 0.406174077369 0.078621815927 
0.969910525588 0.621354358842 0.414236239228 0.075625678976 
0.963446707022 0.631616611518 0.421077741012 0.0749091407382 
0.958258724282 0.640108993379 0.426739328919 0.0749329666226 
0.956264199093 0.643923079503 0.429282053002 0.0801058947266 
0.952012641893 0.655123191228 0.436748794152 0.0777386522075 
0.952012641893 0.655123191228 0.436748794152 0.0777386522075 
0.952012641893 0.655123191228 0.436748794152 0.0777386522075 
0.949568484161 0.663190964305 0.442127309537 0.0779123829317 
0.950604319645 0.663035641116 0.442023760744 0.0751671975911 
0.95048131101 0.664435607121 0.442957071414 0.0777784653771 
0.953304762694 0.662128973464 0.441419315643 0.0758198815222 
0.959266300725 0.655713840053 0.437142560035 0.0785695331235 
0.965855816347 0.646852752338 0.431235168226 0.0787023033023 
0.972878321237 0.634104435654 0.422736290436 0.0801497903062 
0.982216131538 0.614920138347 0.409946758898 0.0852050634233 
0.999205698824 0.585427378796 0.390284919198 0.0869336264445 
1.02530873102 0.543507720019 0.362338480013 0.0843567426493 
1.00338113519 0.442873275239 0.295248850159 0.086790554622 
1.03947336855 0.41304606749 0.275364044993 0.0833814167132 
1.03862372012 0.312546192867 0.208364128578 0.0873213660268 
1.08992751806 0.28231396565 0.188209310433 0.0755909613548 
1.12839599609 0.254593689149 0.169729126099 0.0635621789722 
1.12303539324 0.125015087175 0.0833433914503 0.0594565774492 
1.14474131098 0.11526646411 0.0768443094068 0.0508426997556 
1.17234714714 0.106290327774 0.0708602185159 0.043430824364 
1.18145307395 0.104420060116 0.0696133734107 0.040128756252 
1.18277751837 0.103852899906 0.069235266604 0.0363986882981 
1.19348224736 0.100407923138 0.0669386154251 0.0336825347046 
1.19348224736 0.100407923138 0.0669386154251 0.0336825347046 
1.19348224736 0.100407923138 0.0669386154251 0.0336825347046 
1.20370533014 0.0979128557727 0.0652752371818 0.0303851408567 
1.20246493952 0.0985675408594 0.0657116939063 0.0324012814451 
1.20246493952 0.0985675408594 0.0657116939063 0.0324012814451 
1.19999805656 0.099313136517 0.066208757678 0.0344458376271 
1.19999805656 0.099313136517 0.066208757678 0.0344458376271 
1.20158887125 0.099117480097 0.0660783200646 0.030432537413 
1.20074557142 0.099644787302 0.0664298582014 0.0335533482239 
1.20074557142 0.099644787302 0.0664298582014 0.0335533482239 
1.19212294773 0.102404524935 0.0682696832899 0.0312510322012 
1.18048244755 0.105746823967 0.0704978826448 0.0333558930298 
1.17389064042 0.107230253272 0.0714868355144 0.0316684000591 
1.17189745069 0.107844868544 0.0718965790291 0.0285898076002 
1.16628533752 0.111024264472 0.0740161763146 0.0279631816432 
1.15641837531 0.1153336017 0.0768890678002 0.0250879301208 
1.13970668999 0.123353726234 0.0822358174893 0.0295109521949 
1.1133028068 0.134303760423 0.0895358402817 0.0309613798064 
1.07872755164 0.14896440427 0.0993096028464 0.0373845476951 
1.03317410004 0.169159473619 0.112772982413 0.0463342288029 
1.01969974848 0.291705630942 0.194470420628 0.0439402573601 
0.969985753507 0.317416263603 0.211610842402 0.0500614091394 
0.956248780351 0.40863341681 0.272422277873 0.0475592567963 
0.908478180188 0.440475125198 0.293650083466 0.0496776183976 
0.86383085183 0.473727329916 0.315818219944 0.0477458273923 
0.851527383614 0.532154720669 0.354769813779 0.0420607048556 
0.820107605429 0.558172200439 0.372114800293 0.0373195809591 
0.771054490103 0.551662881532 0.367775254354 0.0344081470364 
0.748115676784 0.57116112454 0.380774083027 0.0351639855248 
0.734733648246 0.581631355136 0.387754236757 0.0340247498532 
0.7102909868 0.569463678095 0.379642452063 0.0343068078802 
0.713165065155 0.56753474904 0.37835649936 0.032388152641 
0.71931097777 0.562934419043 0.375289612695 0.0290812700711 
0.721858537224 0.561323218277 0.374215478852 0.0264408614502 
0.721791122987 0.56142862382 0.374285749213 0.0251814208639 
0.716323830525 0.566046854582 0.377364569721 0.0248212779117 
0.717994443014 0.564046238571 0.376030825714 0.0228567747246 
0.719660478909 0.560798835981 0.373865890654 0.0216773134071 
0.719077108802 0.560920986072 0.373947324048 0.0227495245362 
0.719040754728 0.560497916457 0.373665277638 0.0214976637119 
0.723656286647 0.5546146955 0.369743130334 0.0209580872955 
0.728990117695 0.54866138572 0.365774257147 0.0206474411891 
0.731954890517 0.544470255922 0.362980170615 0.0204118111035 
0.718217787295 0.52771664649 0.35181109766 0.0214974592214 
0.737292542241 0.542142946282 0.361428630855 0.0216903248035 
0.740299041813 0.539476264255 0.359650842836 0.02146647604 
0.74258535145 0.537773021177 0.358515347452 0.0223796097167 
0.745605503621 0.535051002389 0.35670066826 0.0215341236883 
0.745302884199 0.535054357903 0.356702905269 0.0223325662293 
0.740809975912 0.536499358593 0.357666239062 0.022725072493 
0.74900481639 0.528442144504 0.352294763003 0.0215811141776 
0.731220253315 0.504903232394 0.336602154929 0.0215734840185 
0.738463685277 0.499710465471 0.333140310314 0.0211106604452 
0.748071951274 0.491915327014 0.327943551343 0.0190025949892 
0.756921655672 0.485039543205 0.32335969547 0.019102775614 
0.767991676454 0.477197886826 0.318131924551 0.0189242572161 
0.787654637272 0.463074156265 0.308716104177 0.0167592639038 
0.802492936691 0.452338618923 0.301559079282 0.0200695844981 
0.862326760542 0.468536734861 0.312357823241 0.0238706981218 
0.913231774313 0.432017110318 0.288011406878 0.0247286631695 
0.972554408948 0.392368744387 0.261579162924 0.0285537543655 
1.04102283179 0.3486510928 0.232434061867 0.0326999174624 
1.07803710518 0.211501377132 0.141000918088 0.0422144128376 
1.11365501622 0.087473485818 0.058315657212 0.04954571006 
1.17555495103 0.0635271165956 0.0423514110637 0.0466306522848 
1.20960654613 7.99081358773e-18 5.32720905849e-18 0.0461693665645 
1.24749441325 1.05446652059e-22 7.02977680393e-23 0.0382757107026 
1.27084798243 -4.80225962971e-22 -3.20150641981e-22 0.037451486372 
1.28799270822 4.57178789331e-22 3.04785859554e-22 0.0359451505178 
1.29674920854 1.69795932537e-22 1.13197288358e-22 0.0361260019163 
1.29839657239 -4.6206797279e-22 -3.08045315193e-22 0.0352651685048 
1.30175210606 3.061666992e-22 2.041111328e-22 0.0347490714427 
1.30191811676 7.75382121169e-22 5.16921414113e-22 0.0339586792061 
1.30158279547 4.53166219521e-22 3.02110813014e-22 0.0325925370553 
1.29806169354 2.5267986174e-22 1.6845324116e-22 0.031263081042 
1.29176414792 4.73756045454e-22 3.15837363636e-22 0.0296648163989 
1.2869955803 2.58637267553e-22 1.72424845035e-22 0.0291522343102 
1.27866524997 0.0 0.0 0.029465107401 
1.27104061093 3.89830821462e-20 2.59887214308e-20 0.029595671309 
1.2661486936 -4.18734944393e-22 -2.79156629596e-22 0.0282100850158 
1.2627686679 1.0055821806e-23 6.70388120401e-24 0.0276528419029 
1.25475273997 -8.05765145031e-19 -5.37176763354e-19 0.0273253197294 
1.24439670634 0.00157233629485 0.00104822419657 0.030023939258 
1.23539330511 2.85064693036e-18 1.90043128691e-18 0.0303217365626 
1.22123142972 -1.58544279555e-19 -1.0569618637e-19 0.0317049698763 
1.21307031085 0.00138783650057 0.000925224333711 0.0317845589316 
1.20086264634 0.00429851146569 0.00286567431046 0.0286552563373 
1.17813643842 0.0117821691445 0.00785477942967 0.0320465334467 
1.14741359541 0.02051134709 0.0136742313934 0.0358600294441 
1.11780771167 0.0313995858621 0.0209330572414 0.0359725508629 
1.04956234297 0.055306416875 0.0368709445833 0.0416031386804 
0.974590021557 0.0827141938843 0.0551427959229 0.0515263216015 
0.919622737228 0.193916841921 0.129277894614 0.0529032240655 
0.817591048963 0.23543012822 0.156953418814 0.0595793291717 
0.749745046429 0.328035953001 0.218690635334 0.0552387137499 
0.658224250277 0.367369526668 0.244913017778 0.053026839096 
0.508022289954 0.306029872136 0.204019914757 0.0760104690447 
0.397862082425 0.298297655328 0.198865103552 0.0991429730942 
0.320126695261 0.321282919848 0.214188613232 0.109036878167 
0.255142956939 0.341984328285 0.22798955219 0.116621353322 
0.205278878307 0.379336756451 0.252891170967 0.123805522851 
0.169998221219 0.387150809943 0.258100539962 0.123818674142 
0.143290554176 0.41241424513 0.274942830087 0.109183054143 
0.0982047546126 0.244625782657 0.163083855105 -0.18370418013 
0.0818597499529 0.249531515242 0.166354343495 -0.154992242984 
0.0704886708254 0.26225757887 0.174838385913 -0.146239905804 
0.0645325235774 0.251044848042 0.167363232028 -0.123872577222 
0.0639428614474 0.251293711212 0.167529140808 -0.115389593956 
0.0605853160357 0.251796775387 0.167864516925 -0.115721822919 
0.0574075011317 0.253296831026 0.168864554017 -0.106827475519 
0.0647378716603 0.251656271092 0.167770847395 -0.10533680334 
0.0647378716603 0.251656271092 0.167770847395 -0.10533680334 
0.0667408857419 0.263558084554 0.175705389703 -0.10181886861 
0.0791516094186 0.274519520077 0.183013013384 -0.113862186362 
0.0845697188825 0.288238635649 0.192159090433 -0.117041114013 
0.0963984234167 0.279344272104 0.186229514736 -0.120089803559 
0.112029156352 0.291997350324 0.194664900216 -0.143923691858 
0.117842861464 0.300065128732 0.200043419155 -0.149601597193 
0.141000290426 0.297983425794 0.198655617196 -0.234828960462 
0.167852676727 0.276433314206 0.184288876137 -0.329221587055 
0.172220774086 0.263916146056 0.175944097371 -0.330549356614 
0.209295645919 0.231925136997 0.154616757998 -0.440049335261 
0.211887939563 0.224291172021 0.149527448014 -0.440412863182 
0.21906161911 0.212967253595 0.141978169064 -0.438996381856 
0.240256412679 0.194201616839 0.12946774456 -0.510689054066 
0.258390818365 0.173145811388 0.115430540925 -0.490246295809 
0.253595671558 0.172085751831 0.114723834554 -0.490996303482 
0.245403847393 0.168472962273 0.112315308182 -0.493203072147 
0.226199119899 0.160564283631 0.107042855754 -0.523598775598 
0.194398642065 0.156833174381 0.104555449587 -0.523598775598 
0.154682982866 0.162529045911 0.108352697274 -0.523598775598 
0.113437050624 0.175148781713 0.116765854475 -0.523598775598 
0.0861043564601 0.176827291726 0.11788486115 -0.523598775598 
0.0726990812333 0.170076344989 0.113384229993 -0.523598775598 
0.0490700356818 0.181249422628 0.120832948419 -0.523598775598 
0.0413349213229 0.177265431202 0.118176954135 -0.523598775598 
0.0347665856747 0.17342199188 0.115614661253 -0.523598775598 
0.0270438713475 0.170445302668 0.113630201778 -0.523598775598 
0.0116794746576 0.181921962474 0.121281308316 -0.523598775598 
0.00535511112836 0.18061057324 0.120407048827 -0.523598775598 
0.00535511112836 0.18061057324 0.120407048827 -0.523598775598 
0.00288235277448 0.177936196281 0.118624130854 -0.523598775598 
0.00288235277448 0.177936196281 0.118624130854 -0.523598775598 
-4.33680868994e-19 0.175965871326 0.117310580884 -0.523598775598 
-4.33680868994e-19 0.175965871326 0.117310580884 -0.523598775598 
-4.33680868994e-19 0.175965871326 0.117310580884 -0.523598775598 
-4.33680868994e-19 0.175965871326 0.117310580884 -0.523598775598 
1.6270542995e-07 0.170931465067 0.113954310045 -0.523598775598 
0.00940300708091 0.160085792841 0.106723861894 -0.523598775598 
0.0179762139329 0.146402501129 0.0976016674195 -0.523598775598 
0.0179762139329 0.146402501129 0.0976016674195 -0.523598775598 
0.0179762139329 0.146402501129 0.0976016674195 -0.523598775598 
0.0179762139329 0.146402501129 0.0976016674195 -0.523598775598 
0.0181738813999 0.139576734511 0.0930511563406 -0.523598775598 
0.0181738813999 0.139576734511 0.0930511563406 -0.523598775598 
0.0182021946553 0.145134945547 0.0967566303648 -0.523598775598 
0.0202644712672 0.146828355946 0.0978855706306 -0.523598775598 
0.0270431439697 0.154556039341 0.103037359561 -0.523598775598 
0.0484257890021 0.17161913086 0.114412753907 -0.523598775598 
0.0748075138804 0.191651860663 0.127767907108 -0.523598775598 
0.104565397433 0.209854328945 0.139902885963 -0.523598775598 
0.128702432892 0.22680305627 0.151202037513 -0.523598775598 
0.150799159732 0.23605939268 0.157372928453 -0.523598775598 
0.16442497894 0.244740606063 0.163160404042 -0.519123413717 
0.156000433817 0.261700726146 0.174467150764 -0.461852809612 
0.163838285512 0.266663190027 0.177775460018 -0.459226033494 
0.145490096425 0.282803972709 0.188535981806 -0.368979377472 
0.142965186091 0.294693975619 0.196462650413 -0.371009416648 
0.14967897755 0.295859505835 0.197239670557 -0.368602766408 
0.148055066448 0.299808594613 0.199872396409 -0.368182066922 
0.13414010847 0.311140576527 0.207427051018 -0.300265551582 
0.135670733758 0.311573203337 0.207715468892 -0.29966407272 
0.13316318458 0.31762478071 0.211749853806 -0.301471663964 
0.129891685503 0.322825293472 0.215216862315 -0.303274266765 
0.1340664512 0.322808916896 0.215205944597 -0.302014618043 
0.133081872073 0.323488853383 0.215659235589 -0.302322108006 
0.132457661513 0.331485957366 0.220990638244 -0.302778196388 
0.135454285341 0.331485978449 0.2209906523 -0.301815475798 
0.136335548972 0.331151340199 0.220767560133 -0.300538053349 
0.134417673107 0.331501573617 0.221001049078 -0.300266968063 
0.128652345336 0.339476969875 0.226317979916 -0.300119902989 
0.130291722657 0.339265507462 0.226177004975 -0.298921162569 
0.134335446979 0.328985069343 0.219323379562 -0.293450940781 
0.124736533869 0.327682005336 0.218454670224 -0.295457403246 
0.133431790101 0.305990973939 0.203993982626 -0.379277117306 
0.14309621979 0.277106857074 0.184737904716 -0.458391309761 
0.140790220099 0.259728649749 0.173152433166 -0.523598775598 
0.122476307454 0.247481099977 0.164987399984 -0.523598775598 
0.0972710802996 0.240694147627 0.160462765085 -0.523598775598 
0.0790034116513 0.229296179067 0.152864119378 -0.523598775598 
0.0669312889134 0.219641164513 0.146427443009 -0.523598775598 
0.0527655977539 0.209023694338 0.139349129559 -0.523598775598 
0.0436918621358 0.20002163461 0.133347756407 -0.523598775598 
0.0424201482286 0.185029928563 0.123353285709 -0.523598775598 
0.0355666204894 0.179681539784 0.119787693189 -0.523598775598 
0.0296974561083 0.174133312939 0.116088875292 -0.523598775598 
0.0248637057479 0.167508274355 0.111672182903 -0.523598775598 
0.0288891763601 0.153026184333 0.102017456222 -0.523598775598 
0.0258865847027 0.149275560421 0.0995170402809 -0.523598775598 
0.0342293157773 0.13479512735 0.0898634182335 -0.523598775598 
0.0442827963745 0.118238161843 0.0788254412285 -0.523598775598 
0.0404275717456 0.116948915175 0.0779659434501 -0.523598775598 
0.0359741400464 0.116369063331 0.0775793755537 -0.523598775598 
0.0453084122483 0.107139975221 0.071426650147 -0.523598775598 
0.0483585767178 0.0987215904388 0.0658143936258 -0.523598775598 
0.0483585767178 0.0987215904388 0.0658143936258 -0.523598775598 
0.0483585767178 0.0987215904388 0.0658143936258 -0.523598775598 
0.0483585767178 0.0987215904388 0.0658143936258 -0.523598775598 
0.0559770619794 0.0881022360002 0.0587348240001 -0.523598775598 
0.0559770619794 0.0881022360002 0.0587348240001 -0.523598775598 
0.0559770619794 0.0881022360002 0.0587348240001 -0.523598775598 
0.0559770619794 0.0881022360002 0.0587348240001 -0.523598775598 
0.0559770619794 0.0881022360002 0.0587348240001 -0.523598775598 
0.0559770619794 0.0881022360002 0.0587348240001 -0.523598775598 
0.0559770619794 0.0881022360002 0.0587348240001 -0.523598775598 
0.0511230257024 0.0884947351041 0.0589964900694 -0.523598775598 
0.0511230257024 0.0884947351041 0.0589964900694 -0.523598775598 
0.053934262002 0.0904977533627 0.0603318355751 -0.523598775598 
0.053934262002 0.0904977533627 0.0603318355751 -0.523598775598 
0.0566072475718 0.0926192621612 0.0617461747741 -0.523598775598 
0.0526657077009 0.117773834843 0.0785158898953 -0.523598775598 
0.0570014427029 0.119903039044 0.0799353593628 -0.523598775598 
0.0519115617421 0.136267431322 0.0908449542147 -0.523598775598 
0.0501824318651 0.162008245218 0.108005496812 -0.523598775598 
0.0583919395775 0.186014462326 0.12400964155 -0.523598775598 
0.0805331029285 0.200818409559 0.133878939706 -0.523598775598 
0.0979316602425 0.223732817817 0.149155211878 -0.523598775598 
0.106725671836 0.249364421447 0.166242947631 -0.523598775598 
0.120084897156 0.264092788902 0.176061859268 -0.523598775598 
0.129921781448 0.277385550662 0.184923700442 -0.52247182909 
0.13921850111 0.283875265964 0.189250177309 -0.519239833659 
0.136435511 0.299184223158 0.199456148772 -0.521029651866 
0.117883672352 0.320477549865 0.21365169991 -0.479029350405 
0.121714818206 0.322724670858 0.215149780572 -0.477700458559 
0.125495841591 0.324862190248 0.216574793498 -0.47605269966 
0.107136272885 0.3387714922 0.225847661467 -0.4215843784 
0.102590057219 0.346637903994 0.231091935996 -0.424883119075 
0.103638192435 0.347263675183 0.231509116789 -0.424697477252 
0.108076823004 0.339657549795 0.22643836653 -0.423517962146 
0.1305135087 0.318768783353 0.212512522235 -0.49553506839 
0.143531507281 0.297491579455 0.198327719636 -0.523598775598 
0.142636995277 0.281376479629 0.187584319752 -0.523598775598 
0.143416675227 0.262057896353 0.174705264235 -0.523598775598 
0.151984592626 0.224698795976 0.149799197317 -0.523598775598 
0.156837839549 0.192409259561 0.128272839708 -0.523598775598 
0.156462401585 0.16795952118 0.11197301412 -0.523598775598 
0.156148845393 0.143335261841 0.0955568412275 -0.523598775598 
0.144937939571 0.133334496718 0.0888896644786 -0.523598775598 
0.132680706127 0.12410793021 0.0827386201398 -0.523598775598 
0.120347136824 0.113482276236 0.075654850824 -0.523598775598 
0.103098645375 0.10514549334 0.0700969955597 -0.523598775598 
0.0710131015138 0.124034058185 0.0826893721236 -0.523598775598 
0.0553637369648 0.123372112437 0.0822480749577 -0.523598775598 
0.025243059635 0.158219253679 0.105479502453 -0.523598775598 
0.000802844498245 0.18595664139 0.12397109426 -0.523598775598 
1.59689587595e-19 0.21617445032 0.144116300213 -0.523598775598 
1.11278281377e-21 0.244326997044 0.162884664696 -0.523598775598 
5.26295881943e-21 0.275650466138 0.183766977426 -0.523598775598 
-2.90786215188e-21 0.311113643113 0.207409095408 -0.523598775598 
8.30335082205e-21 0.338699435019 0.225799623346 -0.523598775598 
-3.12047247321e-21 0.36473241823 0.243154945486 -0.523598775598 
-1.62183759102e-21 0.387275757046 0.258183838031 -0.523598775598 
-1.62183759102e-21 0.387275757046 0.258183838031 -0.523598775598 
1.5224737818e-20 0.419368671187 0.279579114124 -0.523598775598 
1.5224737818e-20 0.419368671187 0.279579114124 -0.523598775598 
1.5224737818e-20 0.419368671187 0.279579114124 -0.523598775598 
9.27955447786e-21 0.442622333465 0.295081555643 -0.523598775598 
9.27955447786e-21 0.442622333465 0.295081555643 -0.523598775598 
9.27955447786e-21 0.442622333465 0.295081555643 -0.523598775598 
9.27955447786e-21 0.442622333465 0.295081555643 -0.523598775598 
9.27955447786e-21 0.442622333465 0.295081555643 -0.523598775598 
9.27955447786e-21 0.442622333465 0.295081555643 -0.523598775598 
9.27955447786e-21 0.442622333465 0.295081555643 -0.523598775598 
9.27955447786e-21 0.442622333465 0.295081555643 -0.523598775598 
9.27955447786e-21 0.442622333465 0.295081555643 -0.523598775598 
9.27955447786e-21 0.442622333465 0.295081555643 -0.523598775598 
9.27955447786e-21 0.442622333465 0.295081555643 -0.523598775598 
9.27955447786e-21 0.442622333465 0.295081555643 -0.523598775598 
-8.40251172723e-21 0.419196960583 0.279464640389 -0.523598775598 
-8.40251172723e-21 0.419196960583 0.279464640389 -0.523598775598 
-5.984387019e-21 0.346351944951 0.230901296634 -0.523598775598 
3.4732324819e-21 0.277145642026 0.184763761351 -0.523598775598 
2.01446044756e-21 0.195050222412 0.130033481608 -0.523598775598 
0.0883209101317 0.0425015585996 0.0283343723997 -0.523598775598 
0.164651887659 1.03992331326e-17 6.93282208837e-18 -0.523598775598 
0.212097513364 -6.37393829527e-22 -4.24929219685e-22 -0.523598775598 
0.241300953845 -6.37393829527e-22 -4.24929219685e-22 -0.523598775598 
0.25773309665 2.75073795949e-21 1.83382530633e-21 -0.523598775598 
0.272543911804 4.444803854e-21 2.96320256933e-21 -0.523598775598 
0.272543911804 4.444803854e-21 2.96320256933e-21 -0.523598775598 
0.272543911804 4.444803854e-21 2.96320256933e-21 -0.523598775598 
0.272543911804 4.444803854e-21 2.96320256933e-21 -0.523598775598 
0.260281699207 1.05667206498e-21 7.04448043321e-22 -0.523598775598 
0.260281699207 1.05667206498e-21 7.04448043321e-22 -0.523598775598 
0.252461287067 -6.37393829527e-22 -4.24929219685e-22 -0.523598775598 
0.252461287067 -6.37393829527e-22 -4.24929219685e-22 -0.523598775598 
0.252461287067 -6.37393829527e-22 -4.24929219685e-22 -0.523598775598 
0.25864556489 -2.138773559e-22 -1.42584903933e-22 -0.523598775598 
0.26635819611 -2.138773559e-22 -1.42584903933e-22 -0.523598775598 
0.26635819611 -2.138773559e-22 -1.42584903933e-22 -0.523598775598 
0.26635819611 -2.138773559e-22 -1.42584903933e-22 -0.523598775598 
0.26635819611 -2.138773559e-22 -1.42584903933e-22 -0.523598775598 
0.26635819611 -2.138773559e-22 -1.42584903933e-22 -0.523598775598 
0.27565342252 -1.07998237493e-22 -7.19988249956e-23 -0.523598775598 
0.27565342252 -1.07998237493e-22 -7.19988249956e-23 -0.523598775598 
0.27565342252 -1.07998237493e-22 -7.19988249956e-23 -0.523598775598 
0.27565342252 -1.07998237493e-22 -7.19988249956e-23 -0.523598775598 
0.27565342252 -1.07998237493e-22 -7.19988249956e-23 -0.523598775598 
0.27565342252 -1.07998237493e-22 -7.19988249956e-23 -0.523598775598 
0.27565342252 -1.07998237493e-22 -7.19988249956e-23 -0.523598775598 
0.27565342252 -1.07998237493e-22 -7.19988249956e-23 -0.523598775598 
0.27565342252 -1.07998237493e-22 -7.19988249956e-23 -0.523598775598 
0.27565342252 -1.07998237493e-22 -7.19988249956e-23 -0.523598775598 
0.27565342252 -1.07998237493e-22 -7.19988249956e-23 -0.523598775598 
0.27565342252 -1.07998237493e-22 -7.19988249956e-23 -0.523598775598 
0.27565342252 -1.07998237493e-22 -7.19988249956e-23 -0.523598775598 
0.27565342252 -1.07998237493e-22 -7.19988249956e-23 -0.523598775598 
0.27565342252 -1.07998237493e-22 -7.19988249956e-23 -0.523598775598 
0.281299638635 1.58606765702e-21 1.05737843801e-21 -0.523598775598 
0.2877728568 3.28013355152e-21 2.18675570102e-21 -0.523598775598 
0.2877728568 3.28013355152e-21 2.18675570102e-21 -0.523598775598 
0.296772561789 -1.07998237493e-22 -7.19988249956e-23 -0.523598775598 
0.296772561789 -1.07998237493e-22 -7.19988249956e-23 -0.523598775598 
0.296772561789 -1.07998237493e-22 -7.19988249956e-23 -0.523598775598 
0.296772561789 -1.07998237493e-22 -7.19988249956e-23 -0.523598775598 
0.275584092848 6.66826534054e-21 4.44551022703e-21 -0.523598775598 
0.256480516559 3.28013355152e-21 2.18675570102e-21 -0.523598775598 
0.23656850075 3.28013355152e-21 2.18675570102e-21 -0.523598775598 
0.207901127327 3.28013355152e-21 2.18675570102e-21 -0.523598775598 
0.181912410767 1.58606765702e-21 1.05737843801e-21 -0.523598775598 
0.157212947305 4.97419944603e-21 3.31613296402e-21 -0.523598775598 
0.128521759839 -9.55031184748e-22 -6.36687456498e-22 -0.523598775598 
0.108754838522 7.39034709761e-22 4.92689806507e-22 -0.523598775598 
0.0911764906184 1.0375999932e-22 6.91733328802e-23 -0.523598775598 
0.058777677247 0.0246257986287 0.0164171990858 -0.523598775598 
0.0337485124174 0.0793285303721 0.0528856869147 -0.523598775598 
0.00937237832726 0.129217595554 0.0861450637028 -0.523598775598 
4.01432701868e-19 0.159438785588 0.106292523725 -0.523598775598 
-1.08489865804e-21 0.184358811432 0.122905874288 -0.523598775598 
-1.08489865804e-21 0.184358811432 0.122905874288 -0.523598775598 
3.50866864806e-21 0.210045942921 0.140030628614 -0.523598775598 
3.50866864806e-21 0.210045942921 0.140030628614 -0.523598775598 
2.30776214537e-21 0.231750893057 0.154500595371 -0.523598775598 
2.30776214537e-21 0.231750893057 0.154500595371 -0.523598775598 
2.30776214537e-21 0.231750893057 0.154500595371 -0.523598775598 
2.30776214537e-21 0.231750893057 0.154500595371 -0.523598775598 
-2.19252489887e-22 0.252870835325 0.168580556884 -0.523598775598 
-2.19252489887e-22 0.252870835325 0.168580556884 -0.523598775598 
-2.19252489887e-22 0.252870835325 0.168580556884 -0.523598775598 
-2.19252489887e-22 0.252870835325 0.168580556884 -0.523598775598 
-2.19252489887e-22 0.252870835325 0.168580556884 -0.523598775598 
-2.19252489887e-22 0.252870835325 0.168580556884 -0.523598775598 
-2.19252489887e-22 0.252870835325 0.168580556884 -0.523598775598 
-2.19252489887e-22 0.252870835325 0.168580556884 -0.523598775598 
-2.19252489887e-22 0.252870835325 0.168580556884 -0.523598775598 
3.0947818598e-21 0.275335527149 0.183557018099 -0.523598775598 
3.0947818598e-21 0.275335527149 0.183557018099 -0.523598775598 
3.0947818598e-21 0.275335527149 0.183557018099 -0.523598775598 
3.0947818598e-21 0.275335527149 0.183557018099 -0.523598775598 
3.0947818598e-21 0.275335527149 0.183557018099 -0.523598775598 
3.0947818598e-21 0.275335527149 0.183557018099 -0.523598775598 
3.0947818598e-21 0.275335527149 0.183557018099 -0.523598775598 
3.0947818598e-21 0.275335527149 0.183557018099 -0.523598775598 
3.0947818598e-21 0.275335527149 0.183557018099 -0.523598775598 
3.0947818598e-21 0.275335527149 0.183557018099 -0.523598775598 
3.0947818598e-21 0.275335527149 0.183557018099 -0.523598775598 
3.0947818598e-21 0.275335527149 0.183557018099 -0.523598775598 
3.0947818598e-21 0.275335527149 0.183557018099 -0.523598775598 
3.0947818598e-21 0.275335527149 0.183557018099 -0.523598775598 
-6.80697336019e-22 0.294583440984 0.196388960656 -0.523598775598 
-6.80697336019e-22 0.294583440984 0.196388960656 -0.523598775598 
-6.80697336019e-22 0.294583440984 0.196388960656 -0.523598775598 
-6.80697336019e-22 0.294583440984 0.196388960656 -0.523598775598 
-6.80697336019e-22 0.294583440984 0.196388960656 -0.523598775598 
-6.80697336019e-22 0.294583440984 0.196388960656 -0.523598775598 
-6.80697336019e-22 0.294583440984 0.196388960656 -0.523598775598 
4.36912494593e-21 0.313824844536 0.209216563024 -0.523598775598 
4.36912494593e-21 0.313824844536 0.209216563024 -0.523598775598 
4.36912494593e-21 0.313824844536 0.209216563024 -0.523598775598 
4.36912494593e-21 0.313824844536 0.209216563024 -0.523598775598 
4.36912494593e-21 0.313824844536 0.209216563024 -0.523598775598 
4.36912494593e-21 0.313824844536 0.209216563024 -0.523598775598 
4.36912494593e-21 0.313824844536 0.209216563024 -0.523598775598 
3.0831968256e-22 0.289007855963 0.192671903976 -0.523598775598 
-9.69357027722e-22 0.241796877012 0.161197918008 -0.523598775598 
0.0673805031722 0.0978579153185 0.0652386102123 -0.523598775598 
0.163453553463 1.59482942846e-17 1.06321961898e-17 -0.523598775598 
0.224120415233 2.05201961919e-21 1.36801307946e-21 -0.523598775598 
0.285659055173 5.4401514082e-21 3.62676760547e-21 -0.523598775598 
0.994747018142 0.384496213331 0.256330808887 0.181763295301 
1.05762443681 0.328736548805 0.219157699204 0.156071731133 
1.05033300041 0.152864790423 0.101909860282 0.160680232182 
1.0724262979 0.138267208301 0.0921781388675 0.15128794754 
1.09489857802 0.118651226609 0.0791008177392 0.138788227977 
1.07651444505 0.00630424592423 0.00420283061615 0.152337639125 
1.08547074257 0.000857585884311 0.000571723922874 0.140905885229 
1.09082851175 0.0 0.0 0.146511422034 
1.09082851175 0.0 0.0 0.146511422034 
1.09326334244 5.45933984101e-23 3.63955989401e-23 0.140961097864 
1.09326334244 5.45933984101e-23 3.63955989401e-23 0.140961097864 
1.09326334244 5.45933984101e-23 3.63955989401e-23 0.140961097864 
1.09326334244 5.45933984101e-23 3.63955989401e-23 0.140961097864 
1.09326334244 5.45933984101e-23 3.63955989401e-23 0.140961097864 
1.09356677264 0.000997162563392 0.000664775042261 0.146256119748 
1.08836832104 0.00428249585241 0.00285499723494 0.153857984162 
1.08836832104 0.00428249585241 0.00285499723494 0.153857984162 
1.08036869252 0.0093421379619 0.0062280919746 0.159588717146 
1.07458893368 0.0154321328291 0.0102880885527 0.16690844959 
1.06513112686 0.0253459130465 0.0168972753643 0.173732783711 
1.06705988241 0.167082943522 0.111388629015 0.160927263964 
1.01951687827 0.197955928342 0.131970618895 0.186378112779 
1.01519889363 0.398844077575 0.265896051717 0.184621524881 
0.967489903365 0.570429222484 0.380286148323 0.208294957637 
0.899038197014 0.695679400914 0.463786267276 0.237825052569 
0.863936171236 0.802709745108 0.535139830072 0.255050100443 
0.772371305468 0.897400031202 0.598266687468 0.278363148104 
0.698888377937 0.972118271524 0.648078847683 0.289381429467 
0.636007857266 1.02821786437 0.68547857625 0.291573799996 
0.576194214101 1.07508611668 0.716724077788 0.287930538887 
0.529821003213 1.10968337138 0.739788914255 0.281825342564 
0.5264995509 1.1295992057 0.753066137136 0.275111313652 
0.467767980425 1.15230869028 0.768205793518 0.267938313771 
0.462912275261 1.16982453809 0.779883025391 0.264073636478 
0.424096248198 1.18107174637 0.787381164249 0.2560264146 
0.41949104576 1.19590439699 0.797269597991 0.251818863166 
0.379187735855 1.20842065481 0.805613769872 0.245336721299 
0.375090233111 1.22135246925 0.814234979502 0.240343519429 
0.37444663937 1.22569813005 0.817132086699 0.241437820828 
0.332236055483 1.2340547175 0.822703144998 0.232956263257 
0.33218479824 1.23805563745 0.825370424969 0.233506117978 
0.331989841581 1.23987633801 0.826584225343 0.233183757111 
0.330671170409 1.24076824176 0.827178827839 0.227670555771 
0.33035317484 1.24434041645 0.829560277634 0.228187863916 
0.324834775144 1.24809227305 0.832061515368 0.221648930671 
0.324244442187 1.24674082516 0.831160550108 0.221805178965 
0.323912834036 1.24504907801 0.830032718671 0.221405914039 
0.323683871927 1.24048893065 0.826992620434 0.220918785225 
0.325182380754 1.23311989632 0.822079930877 0.228377295951 
0.354458195714 1.22368457542 0.815789716944 0.235697537963 
0.382033648594 1.20890235627 0.805934904177 0.242189949057 
0.385382107527 1.19679194468 0.797861296454 0.248394812109 
0.425260720879 1.18333837728 0.788892251523 0.255047006636 
0.427556830151 1.17342796055 0.782285307032 0.260107314936 
0.463000526192 1.16100822976 0.774005486505 0.265590193288 
0.463033568777 1.1537354103 0.7691569402 0.263893363176 
0.49674969443 1.13964364068 0.759762427121 0.268653340196 
0.496717538897 1.13782565576 0.758550437176 0.268846828493 
0.50045974522 1.12493565341 0.749957102271 0.272449907094 
0.538650451347 1.10979150601 0.739861004009 0.276526012561 
0.538932321384 1.09707956354 0.731386375695 0.272326548301 
0.577785694138 1.08216490217 0.721443268113 0.280503565513 
0.578013037586 1.07195863299 0.714639088661 0.276550669743 
0.583742146194 1.05887369838 0.705915798918 0.283896751548 
0.628689920467 1.04015557474 0.693437049826 0.287246236439 
0.634261847529 1.01504354925 0.676695699503 0.289492311436 
0.69677563805 0.980398009071 0.653598672714 0.287519154367 
0.738832071867 0.93769591439 0.625130609593 0.282857158006 
0.750297111145 0.89096400186 0.59397600124 0.28082099238 
0.818541351969 0.840099121515 0.56006608101 0.272130908854 
0.838842154456 0.770292656938 0.513528437958 0.261539538572 
0.874197089682 0.700177031783 0.466784687856 0.24994187536 
0.913763402383 0.633434880836 0.422289920557 0.23388252376 
0.952325809255 0.571670694181 0.38111379612 0.213322977774 
0.98287995625 0.518863687416 0.345909124944 0.194725148513 
0.994216078998 0.480669538066 0.320446358711 0.178793297682 
0.963406997385 0.408455559972 0.272303706648 0.176182843656 
0.962979202049 0.406523813349 0.271015875566 0.169762391114 
0.944580301634 0.414731975084 0.276487983389 0.166972344621 
0.914661659813 0.433305154575 0.28887010305 0.16534818259 
0.861563481942 0.469377758038 0.312918505359 0.166417165592 
0.794107353948 0.520282951289 0.346855300859 0.16140865862 
0.711940096377 0.582742296482 0.388494864322 0.148446508187 
0.598935688378 0.591138881339 0.39409258756 0.153414088381 
0.482028562451 0.586596801687 0.391064534458 0.16383879073 
0.389436960829 0.569013594765 0.37934239651 0.182854353534 
0.320613777188 0.540768435383 0.360512290256 0.212286448603 
0.289527211276 0.546856788532 0.364571192354 0.207148553804 
0.267594754544 0.550072797043 0.366715198029 0.204766605879 
0.249246986156 0.552980109322 0.368653406215 0.2043851116 
0.241228499197 0.54635908441 0.364239389607 0.199824033497 
0.219065783554 0.505089614781 0.336726409854 0.256168188804 
0.215187125369 0.504040699116 0.336027132744 0.254577509356 
0.213574659417 0.498619985401 0.332413323601 0.250007755381 
0.215612087672 0.493494512867 0.328996341911 0.245585601406 
0.216161299277 0.499344789673 0.332896526449 0.24659092927 
0.212977161597 0.522492215105 0.348328143403 0.261883940403 
0.216187472022 0.550366393489 0.366910928993 0.282446952551 
0.223306013222 0.580464475427 0.386976316951 0.306014001795 
0.236082631758 0.609985603821 0.406657069214 0.332868568539 
0.253926389409 0.630024782478 0.420016521652 0.352112486418 
0.268300757568 0.649694392505 0.433129595003 0.370972913905 
0.286391205969 0.661026906886 0.440684604591 0.387748095744 
0.295548288414 0.673726204657 0.449150803104 0.401445554886 
0.304576434858 0.682717280676 0.455144853784 0.412350701076 
0.322465527627 0.676746220668 0.451164147112 0.420891787908 
0.32688584789 0.682118927619 0.454745951746 0.428499848781 
0.342537714952 0.670127120304 0.446751413536 0.435588042272 
0.357443647516 0.661754013288 0.441169342192 0.440016793333 
0.363743490973 0.660997322761 0.44066488184 0.443767864556 
0.376900412994 0.653817814521 0.435878543014 0.44554186614 
0.388579759852 0.646280464979 0.430853643319 0.446923109322 
0.399364100114 0.640433229831 0.426955486554 0.449571362242 
0.401407879176 0.642208358143 0.428138905429 0.452406345309 
0.405750524785 0.642519115006 0.428346076671 0.454558510022 
0.409198936523 0.643281099941 0.428854066627 0.457158518398 
0.423298831693 0.634824181432 0.423216120955 0.455090299818 
0.434339205654 0.631580368171 0.421053578781 0.454600140132 
0.439508414369 0.634134716863 0.422756477909 0.45737199348 
0.461060475217 0.626102169489 0.417401446326 0.452603313295 
0.466834040473 0.6285658557 0.4190439038 0.454764907578 
0.492821995038 0.622263347846 0.414842231897 0.45074585009 
0.540084055172 0.666076596286 0.444051064191 0.399980696415 
0.545030301394 0.67296766244 0.448645108294 0.407957923182 
0.551607374438 0.685958093001 0.457305395334 0.421044793002 
0.585000478093 0.729182450107 0.486121633405 0.404236088126 
0.58875583793 0.742627539212 0.495085026141 0.418953590799 
0.592308182429 0.759499834488 0.506333222992 0.434847818614 
0.591510979971 0.789177063603 0.526118042402 0.442053464017 
0.594747324032 0.811794865017 0.541196576678 0.46147772023 
0.582934501259 0.852586850984 0.568391233989 0.470380601832 
0.56417895595 0.889014164926 0.59267610995 0.486641274711 
0.566993235444 0.914523732815 0.609682488543 0.505928699908 
0.48287938812 0.970453896985 0.646969264656 0.523598775598 
0.428841459347 1.0280492414 0.68536616093 0.523598775598 
0.369766830764 1.07821974357 0.718813162379 0.523598775598 
0.275040251682 1.1437580143 0.762505342869 0.523598775598 
0.175442860761 1.20412026798 0.802746845321 0.523598775598 
0.0346264129313 1.27890519043 0.852603460289 0.523598775598 
1.05720751084e-17 1.33286128803 0.888574192021 0.493132332191 
2.02206887783e-21 1.37745299483 0.918301996554 0.451097013213 
-4.31082992845e-21 1.41698490892 0.944656605944 0.414010967264 
3.64625010291e-21 1.45046216778 0.96697477852 0.381922513576 
2.65362476632e-21 1.47733370222 0.984889134812 0.355279375032 
2.62135492671e-21 1.49898447557 0.999322983711 0.331661936692 
-8.33833275164e-22 1.51675125877 1.01116750585 0.31031459622 
-2.74661991563e-21 1.53189251636 1.02126167757 0.291173252434 
-7.73274423958e-21 1.54462701701 1.02975134467 0.27029934967 
4.11409906076e-21 1.55532005687 1.03688003791 0.251233847345 
-1.91101453176e-21 1.5641763538 1.04278423587 0.233218977532 
1.92128350312e-21 1.57337258431 1.04891505621 0.212047700533 
2.19792431799e-22 1.58259593697 1.05506395798 0.192169487919 
4.62822756186e-21 1.59042552144 1.06028368096 0.170949053211 
-3.86319608803e-22 1.60049305661 1.06699537108 0.142638008948 
1.31694121285e-20 1.60742983099 1.07161988733 0.115909251359 
4.81725681149e-22 1.6119242921 1.07461619474 0.0902665185915 
5.8041006316e-21 1.61283649365 1.0752243291 0.0660373574217 
-5.47033560487e-21 1.61424968685 1.0761664579 0.0460047082916 
6.33908468079e-21 1.61323518454 1.07549012303 0.0288304104665 
-2.62222602659e-22 1.61312098631 1.07541399087 0.0114363450896 
3.99919710036e-21 1.61497058515 1.07664705677 -0.00295648928992 
1.00851296949e-21 1.61723271896 1.07815514598 -0.0140087103844 
4.89653785164e-22 1.61918087578 1.07945391719 -0.0246049080835 
-5.95301628062e-22 1.62094087195 1.08062724797 -0.0335316747515 
1.82427779685e-24 1.62160043122 1.08106695415 -0.0405538865606 
-1.13471679907e-22 1.62455971071 1.08303980714 -0.0454568415029 
-1.22747501007e-21 1.62662161736 1.08441441157 -0.0458721719574 
-5.56637901533e-22 1.62900748836 1.08600499224 -0.0527689184031 
4.42184954062e-22 1.63110600561 1.08740400374 -0.0528886840383 
-1.27898049053e-22 1.63166075423 1.08777383616 -0.0529654426739 
4.40582248976e-22 1.62968953256 1.08645968838 -0.0525895717176 
-1.6604524412e-21 1.62448020286 1.08298680191 -0.0411723559195 
-4.37522770887e-21 1.61630331258 1.07753554172 -0.0266769000774 
-1.51303632677e-23 1.60095045406 1.06730030271 0.000128463242322 
-8.07592861107e-21 1.58184542374 1.05456361582 0.030402724811 
-2.708380448e-21 1.56402901583 1.04268601056 0.0608246571342 
-5.51998464918e-21 1.54667340334 1.03111560222 0.0884293948032 
-7.23264914993e-21 1.52513966781 1.01675977854 0.110855700149 
-1.42583419373e-21 1.49700018115 0.998000120768 0.129536191099 
-6.17644251027e-22 1.4575067862 0.971671190801 0.142135169408 
1.06857260838e-21 1.40504351417 0.936695676114 0.159260775302 
7.99533082067e-22 1.33938538303 0.892923588689 0.183234171236 
0.167685777903 1.24674481165 0.831163207764 0.214875192864 
0.376084517595 1.15363146882 0.769087645878 0.226343214934 
0.537973645238 1.07199728479 0.714664856524 0.217638425955 
0.653362082271 1.00770077338 0.671800515589 0.1940318707 
0.732197479859 0.959772582756 0.639848388504 0.167477868747 
0.794886734899 0.923267714103 0.615511809402 0.143806945107 
0.851597947132 0.895189908778 0.596793272519 0.122945158596 
0.861060877508 0.868654695643 0.579103130428 0.10269153539 
0.942005287964 0.861102054053 0.574068036035 0.0920327828733 
0.950395070512 0.841194980633 0.560796653755 0.0787136256009 
1.01709819266 0.840558844631 0.560372563088 0.0727924013348 
1.02145127276 0.832731085218 0.555154056812 0.0677739433089 
1.02371509944 0.830123864148 0.553415909432 0.0620215073202 
1.08874451854 0.83889565227 0.55926376818 0.0657266270102 
1.0895734552 0.837587400725 0.558391600483 0.0629275042284 
1.0895734552 0.837587400725 0.558391600483 0.0629275042284 
1.08986557185 0.837352686458 0.558235124305 0.0613253140388 
1.09188403749 0.827359207025 0.551572804683 0.0625628833394 
1.09119641674 0.826655488271 0.551103658847 0.0674806958199 
1.04655795026 0.823606287023 0.549070858015 0.0723840150236 
1.04532860399 0.819312670042 0.546208446695 0.0840798110601 
0.948369667409 0.820247470217 0.546831646811 0.113716606033 
0.845868320505 0.870044909533 0.580029939689 0.161526987397 
0.761642923404 0.928072044086 0.618714696057 0.210434119263 
0.665536335221 0.990865066651 0.660576711101 0.26195113274 
0.581800377523 1.04328147024 0.695520980159 0.299835726115 
0.514005165427 1.08176579092 0.721177193949 0.325414796306 
0.46287941097 1.10724451773 0.738163011819 0.339182308812 
0.462644174336 1.1223676739 0.748245115932 0.346344128169 
0.389776296166 1.14586783779 0.763911891861 0.341580496832 
0.389383367433 1.15613712757 0.770758085044 0.346050833283 
0.321932269075 1.17346681984 0.782311213226 0.342571311857 
0.314518906951 1.18532990295 0.790219935303 0.337048991348 
0.26847088308 1.19984332826 0.799895552176 0.335770097263 
0.262903152875 1.20943636361 0.806290909072 0.33014741292 
0.228497168181 1.21954764431 0.813031762874 0.329368072666 
0.228382526327 1.22373160219 0.815821068128 0.329979577005 
0.219320114567 1.23422054277 0.822813695183 0.32250251372 
0.188117228969 1.24253404144 0.828356027629 0.32311486058 
0.18807463225 1.24925629445 0.832837529631 0.324687965498 
0.17997579436 1.25772106654 0.83848071103 0.317062348108 
0.15221901011 1.26977211038 0.846514740256 0.313212116083 
0.15212932638 1.27210565481 0.848070436538 0.313677825357 
0.151971223807 1.27443083029 0.84962055353 0.313594008635 
0.144034440811 1.28507769876 0.856718465837 0.303737663537 
0.143512619689 1.28682294288 0.85788196192 0.303982871153 
0.135809372207 1.29162476645 0.861083177632 0.295065664646 
0.135809372207 1.29162476645 0.861083177632 0.295065664646 
0.135475450884 1.29264372886 0.861762485907 0.295124161376 
0.135475450884 1.29264372886 0.861762485907 0.295124161376 
0.135475450884 1.29264372886 0.861762485907 0.295124161376 
0.135428106345 1.29378047375 0.862520315832 0.295115231079 
0.135372621847 1.29158391568 0.86105594379 0.294420782039 
0.135525071092 1.29049558995 0.860330393299 0.293962249779 
0.135525071092 1.29049558995 0.860330393299 0.293962249779 
0.135880673794 1.28880152915 0.859201019434 0.293376360625 
0.136435463178 1.2863526863 0.857568457536 0.292622959558 
0.137173106143 1.28808381209 0.858722541395 0.292689006967 
0.145304943911 1.28868978972 0.859126526481 0.286196347411 
0.145304943911 1.28868978972 0.859126526481 0.286196347411 
0.14560263801 1.28982316066 0.859882107103 0.286563633393 
0.14560263801 1.28982316066 0.859882107103 0.286563633393 
0.145851779655 1.28848275686 0.858988504571 0.286146766742 
0.145851779655 1.28848275686 0.858988504571 0.286146766742 
0.146107685906 1.29009765018 0.860065100119 0.28643150742 
0.14638535442 1.28910137231 0.859400914875 0.286386522515 
0.146825189824 1.28653203722 0.857688024811 0.286311219879 
0.174609576671 1.28071363888 0.853809092587 0.291214565282 
0.176556128739 1.2794328293 0.852955219535 0.282708747513 
0.181372941895 1.27606276366 0.850708509107 0.269634344181 
0.186211065612 1.27549709961 0.850331399741 0.248304874226 
0.192762821727 1.2717327235 0.847821815665 0.214261535345 
0.19845470619 1.27133939554 0.847559597025 0.169044685726 
0.199694438416 1.28068267621 0.853788450808 0.12370766483 
0.159632286786 1.28848059669 0.85898706446 0.0785600868072 
0.131868620787 1.29718554357 0.864790362379 0.0403773370423 
0.111579723298 1.30276309838 0.868508732255 0.0115808020328 
0.0913714146423 1.30915932723 0.872772884818 -0.0116702316952 
0.0626862062559 1.31850879068 0.879005860452 -0.0316278188125 
0.0387763850602 1.32757256555 0.885048377036 -0.0483732507737 
0.0169055657635 1.33338276619 0.888921844127 -0.0586419845822 
0.0 1.34166811481 0.894445409874 -0.0658066525221 
2.35129166633e-22 1.34747282547 0.898315216978 -0.0687449196034 
7.47980706296e-22 1.35716797624 0.904778650828 -0.0691129833068 
2.7438445841e-21 1.36925738643 0.912838257621 -0.0675610419085 
-1.71226194374e-21 1.37366124838 0.915774165584 -0.0647490642569 
1.7729331828e-21 1.37709219941 0.918061466275 -0.0632029487248 
4.82888904484e-22 1.38263682772 0.921757885149 -0.0582574422532 
3.25346768113e-21 1.38545812362 0.923638749079 -0.0523952739278 
-6.74770153054e-22 1.38719568621 0.92479712414 -0.0421651045691 
4.06905377422e-21 1.38667139991 0.924447599938 -0.0194137284398 
-3.97738440092e-22 1.37685181756 0.917901211708 0.0155035053455 
2.18059700478e-06 1.35828813838 0.905525425586 0.0532967602353 
0.0563324900832 1.34236091163 0.894907274421 0.101775258462 
0.119668961097 1.3140896226 0.876059748401 0.153703015025 
0.179625222442 1.28466936893 0.856446245956 0.198733097345 
0.243869112715 1.25023707157 0.833491381046 0.238135197184 
0.305060505615 1.21264853173 0.80843235449 0.267901099835 
0.349730178592 1.18153368023 0.787689120151 0.286512828508 
0.354741393167 1.15748408687 0.771656057915 0.297251634526 
0.392251042378 1.14138664122 0.760924427483 0.299581294535 
0.392023852031 1.13315905542 0.755439370277 0.296545351632 
0.39192718935 1.13135530074 0.754236867163 0.29517377386 
0.391547788465 1.13533140987 0.756887606581 0.29551424927 
0.386990580914 1.13979108553 0.759860723687 0.28770209792 
0.386161790496 1.14167021148 0.761113474319 0.287949692252 
0.385172479125 1.14026313119 0.760175420795 0.285677449554 
0.379123851962 1.1472339327 0.7648226218 0.280201147454 
0.378527877749 1.15105416255 0.767369441698 0.282010220496 
0.377695524555 1.15715049736 0.771433664906 0.283993454057 
0.342109125126 1.16337006062 0.775580040415 0.282093843466 
0.342109379968 1.16695269305 0.77796846203 0.283390414506 
0.342003360452 1.16993948658 0.779959657721 0.284303068482 
0.341827907504 1.17168864917 0.781125766116 0.284652521466 
0.341516018708 1.17543079802 0.783620532015 0.285239706454 
0.341516018708 1.17543079802 0.783620532015 0.285239706454 
0.341516018708 1.17543079802 0.783620532015 0.285239706454 
0.34131131298 1.16699892322 0.777999282148 0.281720547194 
0.341645845274 1.15255580624 0.768370537493 0.27690366013 
0.404238248776 1.11862929199 0.745752861329 0.274487115879 
0.466225316043 1.06177722164 0.707851481096 0.255872982438 
0.511744676509 1.00837551315 0.672250342099 0.235960643722 
0.52195087508 0.951987463684 0.634658309123 0.215398038092 
0.534671406839 0.892241476404 0.594827650936 0.185362693623 
0.539546732925 0.852401393786 0.568267595857 0.156035555172 
0.473207992155 0.802632894448 0.535088596298 0.140724485821 
0.39605872259 0.743901793891 0.49593452926 0.130907007069 
0.31952424223 0.669888671819 0.446592447879 0.134711300454 
0.24557497724 0.591762920372 0.394508613581 0.158294151476 
0.186626194471 0.514221887213 0.342814591475 0.207399190494 
0.166303072482 0.489235037831 0.326156691887 0.185344064505 
0.14924877827 0.469992036713 0.313328024475 0.169365787272 
0.130826117406 0.456063690327 0.304042460218 0.155701355915 
0.122493597227 0.440391179944 0.293594119963 0.101137240737 
0.119854413071 0.293957825493 0.195971883662 -0.276733180712 
0.116687224484 0.301802597029 0.201201731353 -0.27425178946 
0.0938486509818 0.294084335021 0.196056223347 -0.19104661876 
0.0919740713769 0.295582519152 0.197055012768 -0.18990778316 
0.0912803835603 0.302215495579 0.201476997053 -0.180750774597 
0.0961828927391 0.300406504706 0.200271003138 -0.179045554666 
0.0869827672824 0.25069058197 0.167127054646 -0.109841951961 
0.0893367272423 0.250370894449 0.166913929633 -0.109451177651 
0.0862824261053 0.251056702225 0.167371134817 -0.109106244468 
0.0862824261053 0.251056702225 0.167371134817 -0.109106244468 
0.0864579820845 0.248109875809 0.165406583873 -0.0929586975101 
0.0933939222069 0.234274654824 0.156183103216 -0.0958376378461 
0.0921898241775 0.234703670542 0.156469113695 -0.0956598507928 
0.0945420511316 0.234117887366 0.156078591577 -0.0949351884299 
0.0935230264226 0.23445966345 0.1563064423 -0.0946621635179 
0.0910409117416 0.234937884119 0.156625256079 -0.0950571109384 
0.0955063159102 0.233968684647 0.155979123098 -0.0950962506959 
0.103732941246 0.228793005404 0.152528670269 -0.101916178679 
0.124636921774 0.218692266374 0.14579484425 -0.113199047166 
0.175108014803 0.217391540017 0.144927693344 -0.189292293152 
0.231102320103 0.169904568524 0.113269712349 -0.256063849304 
0.306640406968 0.0656084515865 0.0437389677243 -0.316275283875 
0.367688300966 6.15170117613e-18 4.10113411742e-18 -0.296654477829 
0.570293299155 0.2182847948 0.145523196533 0.123195386809 
0.745733698213 0.173076759065 0.115384506044 0.127168560061 
0.90450509432 0.120229399732 0.0801529331545 0.127517922391 
1.04025391898 2.00933216187e-17 1.33955477458e-17 0.131118311489 
1.1816850037 7.49829298529e-24 4.99886199019e-24 0.121592936385 
1.30539108078 -9.25031106869e-22 -6.16687404579e-22 0.112281338886 
1.40065121652 3.08984210564e-22 2.0598947371e-22 0.103578007001 
1.465163079 3.88601432331e-23 2.59067621554e-23 0.0977813170663 
1.50903197576 1.54618474466e-21 1.03078982978e-21 0.0915847123897 
1.53758729472 -1.27863488631e-21 -8.52423257538e-22 0.0870212152743 
1.55815807328 9.47517629729e-22 6.31678419819e-22 0.0851309823099 
1.57079632679 -8.73209970711e-22 -5.82139980474e-22 0.0810035743732 
1.57079632679 -4.37958207941e-22 -2.91972138627e-22 0.0794591979613 
1.57079632679 3.22060903116e-21 2.14707268744e-21 0.0769544680455 
1.57079632679 1.02165312165e-21 6.81102081097e-22 0.0743680070325 
1.57079632679 -7.80313839857e-23 -5.20209226571e-23 0.0758420465089 
1.57079632679 2.77707539672e-22 1.85138359781e-22 0.0752167552049 
1.57079632679 -7.94923879716e-22 -5.29949253144e-22 0.0740096549786 
1.57079632679 -1.46710992469e-21 -9.78073283126e-22 0.0729193982564 
1.57079632679 -4.35562431547e-22 -2.90374954365e-22 0.0754327006937 
1.57079632679 -5.72845275495e-21 -3.8189685033e-21 0.0772761662452 
1.57079632679 8.09110339946e-22 5.39406893298e-22 0.0787464325773 
1.57079632679 -5.1482926075e-21 -3.43219507167e-21 0.0795060288739 
1.57079632679 2.29925040609e-21 1.53283360406e-21 0.0800208390515 
1.57079632679 6.53420161445e-22 4.35613440963e-22 0.079285452005 
1.56436485981 1.51965235907e-21 1.01310157271e-21 0.0811078859442 
1.56020972081 -1.48733118565e-21 -9.91554123764e-22 0.0830905905593 
1.55529041411 -1.95466909299e-22 -1.30311272866e-22 0.086511522102 
1.55101906572 -7.59588109224e-22 -5.06392072816e-22 0.0875357749981 
1.5476989699 6.05229231684e-22 4.03486154456e-22 0.0883076376417 
1.54151656603 -3.69804283513e-22 -2.46536189009e-22 0.0922721106327 
1.54151656603 -3.69804283513e-22 -2.46536189009e-22 0.0922721106327 
1.54151656603 -3.69804283513e-22 -2.46536189009e-22 0.0922721106327 
1.53336477804 1.52222119869e-21 1.01481413246e-21 0.0936299555862 
1.52576942061 6.26560364217e-22 4.17706909478e-22 0.0960506787206 
1.51674073888 -1.16679264465e-21 -7.77861763099e-22 0.0955663575178 
1.5070266699 -2.14485143074e-21 -1.42990095383e-21 0.0975481586974 
1.50015460603 2.49137301236e-22 1.66091534157e-22 0.0937990495033 
1.47612975474 -1.5210498157e-22 -1.01403321046e-22 0.0927688013742 
1.43750272927 -7.12215040142e-22 -4.74810026761e-22 0.0947703450151 
1.38150776941 -3.21406511185e-22 -2.14271007457e-22 0.0981547921374 
1.29924945459 8.56372529176e-22 5.70915019451e-22 0.102400792097 
1.13110236697 -4.02879350623e-17 -2.68586233749e-17 0.124251544132 
0.937474197696 0.055216948189 0.0368112987927 0.146148246789 
0.749652076406 0.204741301441 0.13649420096 0.150819647497 
0.56229877948 0.271535849789 0.18102389986 0.168930022306 
0.415946637254 0.328592007455 0.219061338303 0.195537757275 
0.317312666378 0.369126473597 0.246084315732 0.214872765754 
0.247765778977 0.404221243413 0.269480828942 0.227284267468 
0.205313163673 0.427245199148 0.284830132765 0.226537727841 
0.178010659803 0.451539340963 0.301026227309 0.194295295846 
0.164541508828 0.450204504374 0.30013633625 0.19231996605 
0.157055522959 0.449075058871 0.299383372581 0.190018092632 
0.153538885961 0.439439769456 0.292959846304 0.179542232556 
0.152458830671 0.453280623031 0.302187082021 0.180120848378 
0.152458830671 0.453280623031 0.302187082021 0.180120848378 
0.152458830671 0.453280623031 0.302187082021 0.180120848378 
0.158254260907 0.454100182327 0.302733454885 0.179761694441 
0.158254260907 0.454100182327 0.302733454885 0.179761694441 
0.162517774067 0.45148547348 0.300990315653 0.179062350872 
0.165743911353 0.450088261963 0.300058841308 0.178953412483 
0.165743911353 0.450088261963 0.300058841308 0.178953412483 
0.170446705161 0.45060518876 0.300403459173 0.180632359372 
0.17721158917 0.446976422745 0.29798428183 0.179223167732 
0.184596446411 0.421139528609 0.280759685739 0.16447461045 
0.192625595398 0.41818960378 0.278793069187 0.162532655397 
0.192625595398 0.41818960378 0.278793069187 0.162532655397 
0.192625595398 0.41818960378 0.278793069187 0.162532655397 
0.192625595398 0.41818960378 0.278793069187 0.162532655397 
0.18677184917 0.421881215645 0.281254143763 0.16395584559 
0.192838854473 0.421085750645 0.280723833763 0.163877398544 
0.199728251503 0.417747844351 0.278498562901 0.162502589349 
0.203081878523 0.416343963444 0.277562642296 0.161771396546 
0.203081878523 0.416343963444 0.277562642296 0.161771396546 
0.212791051479 0.41372476449 0.27581650966 0.160934708144 
0.221059836958 0.409315356004 0.272876904003 0.159535069537 
0.233410475642 0.389893977397 0.259929318265 0.153330649585 
0.252559641159 0.365771219676 0.243847479784 0.145727101506 
0.302342233371 0.329155520933 0.219437013955 0.133920410914 
0.365530782776 0.269633932136 0.179755954757 0.153048976416 
0.457834146426 0.245018729367 0.163345819578 0.147255453148 
0.609457534473 0.203676946122 0.135784630748 0.135514842877 
0.764457366631 0.155140223663 0.103426815775 0.126145646557 
0.884666743675 0.00890932740578 0.00593955160385 0.13873834452 
1.03775586086 -1.33330815206e-19 -8.88872101376e-20 0.112458723628 
1.16845399817 7.04191799478e-22 4.69461199652e-22 0.0975147209291 
1.26528702649 1.20299028262e-21 8.01993521744e-22 0.0854887326062 
1.34918317566 -7.04591995872e-22 -4.69727997248e-22 0.0735170968432 
1.41053360104 5.72415554713e-22 3.81610369809e-22 0.0638652025563 
1.46227375744 -5.41059595168e-22 -3.60706396779e-22 0.0527908805304 
1.48841552808 5.61259205188e-22 3.74172803459e-22 0.0472881652003 
1.51324852649 -8.63041339798e-22 -5.75360893199e-22 0.0441731588043 
1.52222944221 -8.01142913468e-23 -5.34095275646e-23 0.0418197317846 
1.53461157487 -1.48047852988e-22 -9.86985686584e-23 0.0384531558752 
1.54201800933 3.32860860359e-21 2.21907240239e-21 0.0347545312343 
1.54230068982 -1.59916339118e-21 -1.06610892745e-21 0.0334903158209 
1.5424177143 2.68645877198e-21 1.79097251465e-21 0.0323516713276 
1.53692416051 1.94744352134e-21 1.29829568089e-21 0.0347560909895 
1.53891462127 2.06457455067e-21 1.37638303378e-21 0.0364144501065 
1.53581084184 -1.30118274548e-21 -8.67455163653e-22 0.033907149433 
1.53555714198 7.95978514451e-22 5.30652342967e-22 0.033561034035 
1.53536818694 -2.62699550936e-21 -1.75133033957e-21 0.0341018644134 
1.53349727098 9.77294740417e-23 6.51529826945e-23 0.0347975456326 
1.52845026413 -3.11282818466e-22 -2.07521878977e-22 0.0356380145183 
1.53104288312 -7.14518994267e-22 -4.76345996178e-22 0.0353482209028 
1.52857645313 -8.24324377526e-22 -5.49549585018e-22 0.0356187633251 
1.52415210624 8.17769241299e-22 5.45179494199e-22 0.0377465309348 
1.51932837366 2.54655324344e-22 1.69770216229e-22 0.0377663931213 
1.51805546111 7.6660917814e-22 5.11072785426e-22 0.0379375050874 
1.51534116602 5.61935998139e-22 3.74623998759e-22 0.0376134725044 
1.51505522796 1.22740327324e-21 8.18268848829e-22 0.0406295920089 
1.52082861205 -4.8997585896e-22 -3.2665057264e-22 0.0397454529889 
1.51566744115 1.34313722052e-21 8.95424813678e-22 0.0420466844665 
1.50879557232 3.33105747234e-22 2.22070498156e-22 0.0422568411752 
1.51205935018 1.47934996691e-21 9.86233311274e-22 0.0405625200175 
1.50857614765 7.99894276995e-22 5.3326285133e-22 0.0448692673423 
1.50859632658 2.21687962183e-21 1.47791974789e-21 0.0469549306697 
1.50241402461 -1.08735102708e-22 -7.24900684719e-23 0.0495494716594 
1.49998299512 1.92877950477e-21 1.28585300318e-21 0.0502455333458 
1.50284293717 -4.73144588812e-22 -3.15429725874e-22 0.0482244308139 
1.49860452618 -3.2589860207e-22 -2.17265734713e-22 0.0489900459832 
1.49633539103 -1.29780576527e-21 -8.65203843512e-22 0.0494210318712 
1.49602404858 -5.15318658897e-22 -3.43545772598e-22 0.0485099818789 
1.49280631761 2.48500601471e-22 1.65667067647e-22 0.0510281179043 
1.48584007915 -4.10375329832e-22 -2.73583553221e-22 0.0541778600971 
1.4799462083 2.40007235967e-23 1.60004823978e-23 0.0561525501697 
1.47210544591 2.57424752783e-22 1.71616501855e-22 0.0570749947368 
1.46384435853 1.31010928151e-21 8.73406187674e-22 0.0608081523595 
1.45845576817 -1.34608801273e-22 -8.97392008486e-23 0.0597396462604 
1.4400293814 -4.7468431289e-22 -3.16456208593e-22 0.0603546534588 
1.42440210568 1.67832248564e-21 1.11888165709e-21 0.059170913325 
1.39661365592 -5.29797723506e-22 -3.53198482337e-22 0.0594769915816 
1.35635598484 1.30648805269e-22 8.70992035125e-23 0.0588675896194 
1.31114853925 -1.22497989046e-19 -8.16653260306e-20 0.0586706821386 
1.26308493421 4.43898758608e-20 2.95932505739e-20 0.0574745974067 
1.20857006713 4.23107117386e-18 2.82071411591e-18 0.0616080132319 
1.17108668705 -7.75227294676e-18 -5.1681819645e-18 0.0658661236059 
1.14282338682 2.96493006153e-19 1.97662004102e-19 0.0673759566487 
1.12636281339 0.00285367294581 0.00190244863054 0.0670562638276 
1.11429591522 0.00496382906115 0.0033092193741 0.0665238705986 
1.10310580977 0.0067281436829 0.00448542912194 0.0650244589748 
1.0927121383 0.00657844731388 0.00438563154259 0.0670642377681 
1.0927121383 0.00657844731388 0.00438563154259 0.0670642377681 
1.0872201028 0.00620037930773 0.00413358620515 0.0673072469962 
1.09396390103 -3.76275703106e-20 -2.50850468737e-20 0.061106210342 
1.0939197455 9.4036994157e-23 6.2691329438e-23 0.0624594311866 
1.09091441055 -8.13753223161e-23 -5.42502148774e-23 0.0651402191816 
1.09091441055 -8.13753223161e-23 -5.42502148774e-23 0.0651402191816 
1.09444091941 -1.65275440723e-23 -1.10183627148e-23 0.0653268952541 
1.09204336354 2.86423841243e-22 1.90949227495e-22 0.0684718955262 
1.09204336354 2.86423841243e-22 1.90949227495e-22 0.0684718955262 
1.07089478847 0.00374906487981 0.00249937658654 0.0738369915805 
1.0520172046 0.0103726035691 0.00691506904604 0.0791473713632 
1.01726711617 0.0222069526007 0.0148046350671 0.0820923964553 
0.962541328638 0.0431715455513 0.0287810303676 0.0913697273288 
0.937872370353 0.174736726935 0.11649115129 0.0787206365935 
0.874870971104 0.200222668504 0.133481779003 0.0823306897289 
0.846021934065 0.317353453728 0.211568969152 0.0721982448769 
0.790661711577 0.344729449026 0.229819632684 0.0714487634696 
0.747946576751 0.366755795308 0.244503863539 0.0698760571914 
0.718748742591 0.38256044005 0.255040293367 0.0690814845814 
0.696745372152 0.394613213798 0.263075475865 0.070398499119 
0.679847612544 0.402965466267 0.268643644178 0.0721919817146 
0.672277239713 0.405975492121 0.27065032808 0.0718296933006 
0.671388672201 0.4073044298 0.271536286533 0.0745047489362 
0.671388672201 0.4073044298 0.271536286533 0.0745047489362 
0.676715307572 0.404758469717 0.269838979812 0.072344903223 
0.681834825144 0.402772869758 0.268515246505 0.0733052319806 
0.683905212159 0.401321568133 0.267547712089 0.0711762915566 
0.687785443702 0.399600795255 0.26640053017 0.0728951253393 
0.692148420347 0.396386747946 0.264257831964 0.0703194495147 
0.690840694038 0.395874365307 0.263916243538 0.0674547678029 
0.649204901418 0.364157429642 0.242771619762 0.0731253506429 
0.562867188991 0.336958004174 0.224638669449 0.0833373151217 
0.458572296247 0.299533195542 0.199688797028 0.103181454687 
0.368974050144 0.283280406114 0.188853604076 0.117647682574 
0.295225086715 0.280788858086 0.187192572057 0.0967154141652 
0.220251468996 0.122081870243 0.0813879134951 -0.229780530656 
0.167744406282 0.118329726637 0.0788864844247 -0.150315473674 
0.133214474417 0.0776926267037 0.0517950844691 -0.0957475658371 
0.110215860123 0.0712269666085 0.0474846444057 -0.0810386572641 
0.0990453277391 0.0765203341804 0.0510135561203 -0.0762475752962 
0.0932257637839 0.0783276178456 0.0522184118971 -0.0733933873885 
0.0876306912557 0.0791237835285 0.052749189019 -0.0696311733185 
0.0860361186142 0.0672088004079 0.0448058669386 -0.0614634674568 
0.0874745584656 0.0693283037032 0.0462188691354 -0.058134402136 
0.0922034369984 0.0684430575274 0.0456287050183 -0.0572745088255 
0.0906728980281 0.0875039616627 0.0583359744418 -0.0587198578341 
0.09216967589 0.100511790072 0.0670078600479 -0.06315636783 
0.0984571580651 0.118781533617 0.0791876890779 -0.0690207922137 
0.105512271323 0.146324660345 0.0975497735631 -0.0806474451208 
0.104214059545 0.147205043556 0.0981366957038 -0.0776663223839 
0.110171135993 0.146256342057 0.097504228038 -0.0775747577996 
0.117523749568 0.174286700877 0.116191133918 -0.0951473076314 
0.123105110251 0.182312127767 0.121541418512 -0.105908581929 
0.131257380346 0.199393640918 0.132929093946 -0.115968186136 
0.139431864153 0.193414677878 0.128943118585 -0.124133317551 
0.157969919271 0.213185581785 0.14212372119 -0.168700779797 
0.177088364007 0.206942528203 0.137961685468 -0.204261511693 
