0.0 0.0 0.0 0.0 
2.19850638197e-20 0.219785863779 0.146523909186 0.217997869617 
2.19850638197e-20 0.219785863779 0.146523909186 0.217997869617 
2.19850638197e-20 0.219785863779 0.146523909186 0.217997869617 
2.19850638197e-20 0.219785863779 0.146523909186 0.217997869617 
2.19850638197e-20 0.219785863779 0.146523909186 0.217997869617 
2.19850638197e-20 0.219785863779 0.146523909186 0.217997869617 
2.19850638197e-20 0.219785863779 0.146523909186 0.217997869617 
2.19850638197e-20 0.219785863779 0.146523909186 0.217997869617 
2.19850638197e-20 0.219785863779 0.146523909186 0.217997869617 
2.19850638197e-20 0.219785863779 0.146523909186 0.217997869617 
2.19850638197e-20 0.219785863779 0.146523909186 0.217997869617 
2.19850638197e-20 0.219785863779 0.146523909186 0.217997869617 
2.19850638197e-20 0.219785863779 0.146523909186 0.217997869617 
2.19850638197e-20 0.219785863779 0.146523909186 0.217997869617 
2.19850638197e-20 0.219785863779 0.146523909186 0.217997869617 
-1.32741124723e-20 0.245238504336 0.163492336224 0.199006618644 
-1.32741124723e-20 0.245238504336 0.163492336224 0.199006618644 
9.4162224155e-21 0.281416516342 0.187611010895 0.184500249314 
-3.59214959459e-21 0.331407034009 0.220938022673 0.194362276008 
5.90964798235e-21 0.361402571128 0.240935047419 0.189699212414 
-1.6627610173e-20 0.388851293251 0.259234195501 0.187902553693 
-1.6627610173e-20 0.388851293251 0.259234195501 0.187902553693 
-5.25288440915e-22 0.376539075 0.25102605 0.158115672081 
-2.2715261302e-22 0.38696942706 0.25797961804 0.160300958524 
-1.94496871739e-21 0.397900487311 0.265266991541 0.165221974259 
2.23015739329e-21 0.408325851636 0.272217234424 0.188266892725 
-2.57177120032e-21 0.420981967973 0.280654645315 0.191273355756 
4.70491224331e-21 0.415533467108 0.277022311405 0.203580106341 
-9.29167817974e-22 0.40588903772 0.270592691813 0.199657523951 
7.36935687475e-22 0.409586728686 0.273057819124 0.200235309121 
1.96136589382e-21 0.38830700976 0.25887133984 0.198209595389 
2.50531551486e-21 0.38061645642 0.25374430428 0.180974400725 
2.46095044872e-21 0.368043597438 0.245362398292 0.179312747654 
2.46095044872e-21 0.368043597438 0.245362398292 0.179312747654 
7.37261514686e-21 0.351872032602 0.234581355068 0.177367492823 
-4.86754380976e-21 0.347748593563 0.231832395709 0.180428163657 
-4.86754380976e-21 0.347748593563 0.231832395709 0.180428163657 
-7.27451872661e-22 0.339458585852 0.226305723901 0.180789668813 
0.00353686171959 0.31259322137 0.208395480913 0.164334057121 
0.0137714314567 0.291592002266 0.194394668177 0.166121055572 
0.0255690025893 0.271920210905 0.181280140603 0.166790344329 
0.0392407789225 0.250613417211 0.167075611474 0.169148325005 
0.0554735796392 0.236167080176 0.157444720118 0.170048172947 
0.079082480788 0.21595820065 0.143972133767 0.177493935577 
0.108491973791 0.198467764611 0.132311843074 0.182649201714 
0.144649084645 0.173842557226 0.115895038151 0.185303055696 
0.201254506297 0.145965546413 0.0973103642755 0.18695005111 
0.268544188359 0.104010193198 0.0693401287986 0.177387044297 
0.336835620788 0.0701576917114 0.0467717944742 0.164400215216 
0.42693138002 0.0307803429127 0.0205202286085 0.129191545766 
0.724331082457 0.512320586163 0.341547057442 -0.0121186348736 
0.877013854814 0.548463243054 0.365642162036 -0.00150087858368 
0.976875508119 0.514283909552 0.342855939702 0.00703158868072 
1.04747913934 0.45210268877 0.301401792513 0.0130074500856 
1.10149223239 0.358298681307 0.238865787538 0.014520422871 
1.14388905308 0.245426066644 0.163617377762 0.0179732471863 
1.19418927253 0.1557654423 0.1038436282 0.0151111447216 
1.25410311462 0.132102143054 0.0880680953695 0.0127796665618 
1.29060123053 0.0484891894687 0.0323261263124 0.00966846239134 
1.33423642629 0.0335143667996 0.0223429111997 0.0103483692812 
1.36023130487 6.01644329334e-18 4.01096219556e-18 0.00990790822131 
1.38717573017 3.34690099108e-22 2.23126732738e-22 0.00950334728393 
1.40127091751 -3.59636013943e-22 -2.39757342629e-22 0.0104231499925 
1.4148290151 -1.13752700015e-22 -7.58351333436e-23 0.00714450641505 
1.41855419696 -9.00510946965e-22 -6.0034063131e-22 0.00854924439489 
1.42918851049 1.44619918216e-22 9.64132788104e-23 0.00447258343184 
1.43293958779 -2.7050133658e-22 -1.80334224387e-22 0.00262385644825 
1.43320238282 1.43218218184e-22 9.54788121227e-23 -0.000206407898828 
1.43103082437 7.67340305929e-23 5.11560203953e-23 0.000193359464894 
1.42939352806 -1.54440164438e-24 -1.02960109625e-24 -0.00140470116742 
1.42870501497 -1.84393968717e-22 -1.22929312478e-22 -0.00203153064154 
1.42361249879 0.000855840990065 0.000570560660043 -0.00149706349407 
1.42039124079 0.0021159475578 0.0014106317052 -0.00163143187989 
1.41282092589 -4.33680868994e-19 -2.89120579329e-19 -0.000812953997502 
1.41534405484 -2.87439574616e-23 -1.91626383077e-23 -0.00076246716396 
1.4166909234 1.20134377454e-24 8.00895849693e-25 0.00103391253658 
1.42442921472 0.02423415512 0.0161561034134 -0.000967789433763 
1.41316918115 0.00390035010454 0.00260023340303 -0.00265183727571 
1.4038883079 -7.1787150803e-18 -4.78581005353e-18 0.000618442093267 
1.40080837095 9.41030160205e-05 6.27353440137e-05 0.000378602273229 
1.40632591488 0.0198707172906 0.0132471448604 0.000127597595301 
1.39287424298 -4.33680868994e-18 -2.89120579329e-18 0.00266498528584 
1.39463452821 0.000109695556727 7.31303711515e-05 0.00119117049947 
1.39263355754 0.00092353605762 0.00061569070508 0.00235381868351 
1.38439504292 1.26248329035e-18 8.41655526899e-19 0.00504365094066 
1.38154361228 1.49881278251e-22 9.99208521676e-23 0.00748944178158 
1.3778218491 2.0269841592e-22 1.3513227728e-22 0.00987260915754 
1.37234030405 3.03102328105e-23 2.02068218737e-23 0.0107550073815 
1.37254572902 5.16100811713e-23 3.44067207809e-23 0.00988332563424 
1.37270567147 -5.30928893195e-23 -3.53952595463e-23 0.0120975399447 
1.37574545064 6.51491993227e-24 4.34327995485e-24 0.0127772654927 
1.37146809448 2.96377205166e-22 1.97584803444e-22 0.0148604313792 
1.36376858137 -2.18440086015e-22 -1.4562672401e-22 0.0182247159075 
1.3593545815 -1.0041178045e-22 -6.69411869668e-23 0.0193730358158 
1.35658614289 -1.2062681025e-22 -8.04178734999e-23 0.0160220108192 
1.35615363865 1.67367752168e-23 1.11578501446e-23 0.0171449572423 
1.34696413904 3.74542987979e-23 2.49695325319e-23 0.0173812159166 
1.34248406062 1.68840375902e-22 1.12560250601e-22 0.0160149887713 
1.33705892138 0.000707642247407 0.000471761498271 0.0159705308954 
1.33195318011 0.00102687742714 0.000684584951429 0.0146258398157 
1.321806035 3.50983942065e-18 2.3398929471e-18 0.0166156059299 
1.32142327347 4.43729414362e-05 2.95819609574e-05 0.0156027726195 
1.31452003762 0.00126347596235 0.000842317308232 0.013409970233 
1.31033401286 0.00146005035604 0.000973366904029 0.0141397167788 
1.31133551844 0.00122240581574 0.000814937210496 0.0109115998825 
1.31133551844 0.00122240581574 0.000814937210496 0.0109115998825 
1.31647316102 0.00289793109001 0.00193195406001 0.00932876011623 
1.31119253521 0.00607685802891 0.00405123868594 0.00857600610331 
1.32986612904 0.05881166598 0.03920777732 0.00844383771332 
1.32989355439 0.0588226705209 0.0392151136806 0.00478329875385 
1.34349873857 0.105745122957 0.0704967486382 0.0055209125929 
1.31960322608 0.113502636421 0.0756684242808 0.00563771609711 
1.26191336003 0.0658665535459 0.0439110356973 0.00838682600428 
1.21804782952 0.078668483687 0.0524456557913 0.0110647513223 
1.1451973704 0.101407017454 0.0676046783023 0.012130173018 
1.06034317406 0.131933984337 0.0879559895581 0.0129333916084 
0.939369515885 0.175851786022 0.117234524015 0.0131391264749 
0.79171582169 0.231356373205 0.154237582136 0.00326506164996 
0.569747941983 0.110094724601 0.0733964830671 -0.0213715464297 
0.397795880928 0.0766241138583 0.0510827425722 -0.181000488624 
0.324294693018 0.175381493765 0.116920995844 -0.257178750612 
0.265724931957 0.259311987165 0.17287465811 -0.283175919696 
0.231398638156 0.311417203916 0.207611469277 -0.3021125588 
0.207670769681 0.344734636419 0.229823090946 -0.31410574643 
0.18994976814 0.369525512356 0.246350341571 -0.320554012777 
0.156503257089 0.402923517267 0.268615678178 -0.278058184556 
0.146068115271 0.414810366673 0.276540244449 -0.281206927476 
0.146068115271 0.414810366673 0.276540244449 -0.281206927476 
0.146068115271 0.414810366673 0.276540244449 -0.281206927476 
0.146068115271 0.414810366673 0.276540244449 -0.281206927476 
0.141063999635 0.413913923528 0.275942615685 -0.281338808283 
0.143165762708 0.410416249841 0.273610833227 -0.277687514879 
0.136949790971 0.409685989896 0.273123993264 -0.277738276874 
-5.82897318929e-17 -9.1536919224e-17 -6.1024612816e-17 0.0290617917185 
5.05357566836e-21 2.52529052144e-21 1.68352701429e-21 0.0198463688479 
5.42101086243e-20 4.51048181869e-21 3.00698787913e-21 0.0113697363104 
-2.03287907341e-19 1.32611336815e-22 8.8407557877e-23 0.00477358941125 
0.00170424177337 0.00201552372581 0.00134368248388 0.00161038791408 
0.00209177386314 1.54216683058e-19 1.02811122039e-19 -0.000691775486583 
4.59878604502e-22 -1.63121881473e-21 -1.08747920982e-21 -1.07051187427e-08 
0.0028370260854 5.36711266956e-22 3.57807511304e-22 -0.000194329967221 
0.00113649480802 -1.45271426208e-21 -9.68476174721e-22 0.00121384439702 
0.00587894136678 1.74380462179e-21 1.16253641453e-21 0.00364014907809 
0.0072557254559 2.61698843931e-22 1.74465895954e-22 0.00352400700141 
0.0103953594999 3.65479711735e-22 2.43653141156e-22 0.00321894176073 
0.00797831163925 0.000701632354186 0.000467754902791 0.00126656821374 
0.00516665856737 0.00843458324825 0.00562305549883 0.001785552482 
0.00947610220317 3.21588411683e-18 2.14392274455e-18 0.00665508864523 
0.0145616732743 -1.95886886036e-21 -1.30591257357e-21 0.00952440264089 
0.0198133782597 -1.41879687179e-21 -9.45864581192e-22 0.00976260425981 
0.0283585003939 -2.11095240965e-22 -1.40730160643e-22 0.00983456473737 
0.0433004355342 -1.4768721896e-22 -9.84581459735e-23 0.00246988428576 
0.0812716229667 3.2910245485e-22 2.19401636567e-22 -0.00234693054586 
0.158308083329 0.0199821009926 0.0133214006617 -0.0322134964358 
0.28580149663 0.0482924434806 0.0321949623204 -0.141078180089 
0.398479428946 1.45896871986e-17 9.72645813237e-18 -0.133231861906 
0.623112558506 0.112186930205 0.0747912868033 0.110899578846 
0.792487558383 0.0663554484164 0.044236965611 0.104200951345 
0.949612142911 8.06572947447e-18 5.37715298298e-18 0.0859439587733 
1.10610374239 -2.45714472737e-22 -1.63809648491e-22 0.0622199432865 
1.2249314135 -6.17433977025e-22 -4.1162265135e-22 0.041706588529 
1.31096845172 -5.53222119295e-22 -3.68814746197e-22 0.0277693039929 
1.36802543426 4.37013288373e-22 2.91342192249e-22 0.0160766730227 
1.40807304152 2.08741005405e-22 1.3916067027e-22 0.00806373057299 
1.42961371823 -1.93324326819e-21 -1.28882884546e-21 0.00264329418006 
1.44452788982 1.38625066705e-21 9.2416711137e-22 -0.000407269835185 
1.45883901593 5.78308924086e-22 3.85539282724e-22 -0.00268873233801 
1.46324453222 1.9491620405e-22 1.29944136033e-22 -0.00478459127284 
1.47098147597 6.60532600793e-07 4.40355067195e-07 -0.00572827246235 
1.47832655054 0.0152816244707 0.0101877496471 -0.00735976102008 
1.47249451624 7.04802905505e-19 4.6986860367e-19 -0.00508423792687 
1.4700970335 2.89144630183e-22 1.92763086789e-22 -0.00434150565576 
1.47519408125 1.73649686545e-07 1.15766457696e-07 -0.00592466931434 
1.46887219381 -3.7313609184e-22 -2.4875739456e-22 -0.00221308913784 
1.46807191786 -3.09364805923e-22 -2.06243203949e-22 -0.00232734979815 
1.46087704893 -3.20435986707e-23 -2.13623991138e-23 0.000326102357988 
1.45722047997 3.70016023503e-22 2.46677349002e-22 0.00154363715007 
1.4579954767 -5.93721908612e-24 -3.95814605742e-24 0.00189027857443 
1.46304376029 -2.51958383836e-22 -1.67972255891e-22 0.00198837948055 
1.4655440736 5.86437441287e-22 3.90958294191e-22 0.00446548384078 
1.46027998832 1.5091758764e-22 1.00611725093e-22 0.00769832272825 
1.46215052938 -4.12409227222e-24 -2.74939484815e-24 0.00799124425543 
1.46341207608 4.00908539673e-22 2.67272359782e-22 0.00757422243284 
1.46688895375 -6.45847527492e-23 -4.30565018328e-23 0.00856424353605 
1.45929253403 1.24701275113e-21 8.31341834088e-22 0.0122566263148 
1.45496735142 2.11237963146e-21 1.40825308764e-21 0.0148552420859 
1.44806077964 1.06299812795e-21 7.08665418632e-22 0.0164935738037 
1.4499736597 1.10698001989e-21 7.37986679925e-22 0.0165249490858 
1.44447350014 1.55104632613e-21 1.03403088408e-21 0.0166056001456 
1.45096901326 1.11318819333e-21 7.4212546222e-22 0.0123660145359 
1.43753298483 2.42853952166e-21 1.61902634777e-21 0.01705911887 
1.42561251729 -1.21763863733e-22 -8.11759091552e-23 0.018132538657 
1.39601327085 1.59042448933e-21 1.06028299289e-21 0.0191904022111 
1.366479448 -6.84364232924e-21 -4.56242821949e-21 0.021663689579 
1.32138123869 3.70801333526e-18 2.47200889017e-18 0.0199231221325 
1.23848684394 1.53805932863e-18 1.02537288576e-18 0.0240580413919 
1.13785139295 0.029913369548 0.0199422463653 0.0281800169688 
0.928644075537 0.198576647815 0.132384431876 0.0297227859549 
0.596542871608 0.128192677965 0.0854617853101 0.0387239412286 
0.356120142903 0.0258018998702 0.0172012665801 -0.0826615117955 
0.208658574209 0.0511948152553 0.0341298768369 -0.0292593498237 
0.109689843437 0.0373563632261 0.0249042421507 -0.00599651133274 
0.0466514265849 0.0479263119906 0.0319508746604 0.00203923958197 
0.00937800039859 0.0470858701146 0.0313905800764 0.00585338397476 
-3.66791256346e-18 0.0643404996869 0.0428936664579 0.0114218586878 
7.84136965086e-21 0.0318129132343 0.0212086088229 0.0159502591425 
2.88466071498e-21 0.0542644420804 0.0361762947202 0.0143601776516 
2.88466071498e-21 0.0542644420804 0.0361762947202 0.0143601776516 
2.69930368202e-21 0.0794205103547 0.0529470069031 0.0100007245985 
9.72812584637e-21 0.0793663712323 0.0529109141549 0.00700850014998 
-1.43563070923e-21 0.059967844098 0.039978562732 0.00359363652888 
3.94928527578e-21 0.0607190254315 0.0404793502876 -0.00421232120214 
1.01263441123e-23 0.0536476828694 0.035765121913 -0.00941125730521 
0.00884055515522 0.0720464145644 0.0480309430429 -0.0143352099042 
0.016382248189 0.0726360965273 0.0484240643515 -0.0174788629832 
0.0277641555635 0.0696593242193 0.0464395494796 -0.0159254422104 
0.0330179950094 0.0915766166912 0.0610510777942 -0.0204759228963 
0.0409406641202 0.0773652234174 0.0515768156116 -0.0197360277189 
0.0439353047422 0.096231903507 0.064154602338 -0.0219211350218 
0.0504556765083 0.0951850807371 0.0634567204914 -0.0221263929089 
0.0598473034047 0.0934773189236 0.0623182126158 -0.0223407179498 
0.0610923223075 0.0957025526524 0.0638017017682 -0.0273722010987 
0.0678959215821 0.123609807517 0.0824065383443 -0.0325650763303 
0.07349419127 0.124863133395 0.0832420889297 -0.0366076441179 
0.0913318829323 0.12111673724 0.0807444914931 -0.0383994845398 
0.106809660017 0.118202526025 0.078801684017 -0.0385379280481 
0.125343041471 0.126633380678 0.084422253785 -0.0473095789359 
0.163738487179 0.159412452127 0.106274968084 -0.0825763539428 
0.207225488778 0.175651539389 0.11710102626 -0.15717186076 
0.241634146142 0.146711085962 0.0978073906415 -0.219655319971 
0.264849894123 0.112378196651 0.0749187977675 -0.21819747837 
0.300485998507 0.0721613929467 0.0481075952978 -0.31692687418 
0.306338240491 0.0509727030272 0.0339818020181 -0.317235313543 
0.332271715822 0.0168020766427 0.0112013844285 -0.396529162875 
0.344211452079 -3.03558014749e-18 -2.02372009833e-18 -0.392229099305 
0.344211452079 -3.03558014749e-18 -2.02372009833e-18 -0.392229099305 
0.344211452079 -3.03558014749e-18 -2.02372009833e-18 -0.392229099305 
0.331554825814 3.2245094045e-22 2.14967293633e-22 -0.455908759169 
0.31778536313 8.55260930164e-22 5.70173953442e-22 -0.462359126503 
0.293701333752 2.65574001643e-21 1.77049334429e-21 -0.523598775598 
0.259805801021 -1.7707723342e-23 -1.18051488947e-23 -0.523598775598 
0.175359023289 0.0932367267493 0.0621578178329 -0.523598775598 
0.0419545778848 0.265214490724 0.176809660483 -0.523598775598 
3.88752959848e-17 0.381883272235 0.254588848157 -0.523598775598 
2.68563183249e-21 0.463150624734 0.308767083156 -0.523598775598 
-1.58203798187e-21 0.586306909502 0.390871273001 -0.523598775598 
0.231446652069 1.27810206115 0.852068040766 0.146167586043 
0.11599056987 1.34152565888 0.894350439255 0.101333317071 
1.64320329464e-18 1.39637826139 0.930918840929 0.050363349251 
4.3941236976e-22 1.44834420873 0.965562805819 0.00530928425906 
4.79369329246e-21 1.4914182042 0.994278802797 -0.0281595626322 
-1.47180122123e-21 1.52448090083 1.01632060056 -0.0554469787719 
-1.55038522135e-21 1.55104733156 1.03403155437 -0.0810444750935 
2.56233710466e-21 1.57241338295 1.04827558863 -0.099712942142 
-2.8399077661e-22 1.58757198739 1.05838132493 -0.113864483449 
1.57204849506e-22 1.59775833924 1.06517222616 -0.126288885729 
1.08776639202e-21 1.6039857577 1.06932383847 -0.135574442614 
0.00246176537286 1.6062062176 1.07080414506 -0.143280515029 
0.771979700223 1.56467441435 1.04311627623 0.0573071054732 
0.781326488662 1.5655595481 1.0437063654 0.0505918576552 
0.791373127244 1.5658186973 1.04387913154 0.0466382244355 
0.806101362626 1.56599782336 1.0439985489 0.0544826501379 
0.809754374972 1.56686650638 1.04457767092 0.051750846674 
0.809949146604 1.56743120517 1.04495413678 0.0516826567545 
0.814712211153 1.56694653559 1.04463102373 0.0489190959716 
0.814712211153 1.56694653559 1.04463102373 0.0489190959716 
0.814815411984 1.5663083195 1.04420554633 0.0488926643278 
0.814913559033 1.56584757485 1.04389838323 0.0488710998813 
0.814913559033 1.56584757485 1.04389838323 0.0488710998813 
0.814867539006 1.56503094866 1.04335396577 0.0488952216917 
0.814767531344 1.56446421146 1.04297614097 0.0489916031415 
0.814545933484 1.56350495122 1.04233663415 0.0491088954908 
0.814210886213 1.56185881764 1.04123921176 0.0492351696157 
0.810476064883 1.56171370699 1.04114247133 0.0526027534286 
0.810304904993 1.56082273977 1.04054849318 0.0525934513331 
0.810055313753 1.55991265155 1.0399417677 0.0526207133085 
0.803465954712 1.55844048087 1.03896032058 0.0546862794544 
0.803148675327 1.5571696358 1.03811309054 0.0547044513202 
0.795738661258 1.55669355932 1.03779570621 0.057585046298 
0.788010811637 1.55179948585 1.03453299057 0.0590147187447 
0.77287181955 1.54531392753 1.03020928502 0.0514508347612 
0.764531911914 1.53902881942 1.02601921295 0.0575195819468 
0.733406149863 1.52898027767 1.01932018512 0.0497219391633 
0.695728397579 1.51569394635 1.0104626309 0.0445545093619 
0.620330507267 1.49671924327 0.997812828846 0.0258170694293 
-5.2038639349e-15 1.47341591564 0.982277277096 -0.124237558762 
5.48710764404e-22 1.41595004268 0.943966695118 -0.102936207024 
0.19382744509 1.34438934811 0.896259565406 -0.037501938144 
0.405800922866 1.24111660657 0.827411071046 0.0250259904623 
0.585790559012 1.11790367862 0.745269119078 0.0667764823803 
0.729243160399 0.982770553534 0.655180369023 0.0838841590911 
0.846685984146 0.82581173777 0.550541158513 0.084281539697 
0.921275354721 0.639572283963 0.426381522642 0.0745290013742 
0.980246888558 0.422670944064 0.281780629376 0.0610574759618 
1.04871194631 0.244210022388 0.162806681592 0.0447736706555 
1.13241242776 0.204793062492 0.136528708328 0.025679350692 
1.18282232599 0.179614427594 0.119742951729 0.0125108789814 
1.22455672025 0.161427197536 0.107618131691 -0.000275768325297 
1.25405598263 0.149464727008 0.0996431513388 -0.00944333074272 
1.27529045396 0.141486964052 0.094324642701 -0.0154390818804 
1.2922571179 0.136114388384 0.0907429255897 -0.0214886667915 
1.30681760904 0.134334380983 0.0895562539885 -0.0215127885178 
1.33657599498 0.184724088902 0.123149392601 -0.0228237624818 
1.34405958032 0.183414748144 0.122276498763 -0.0237562687518 
1.3443578653 0.183232975573 0.122155317048 -0.0220580601396 
1.34895021092 0.18083245316 0.120554968774 -0.0208173672064 
1.34919182279 0.180499611674 0.120333074449 -0.0182725955946 
1.35364952753 0.177518576631 0.118345717754 -0.0194808998648 
1.35360104646 0.177209916758 0.118139944506 -0.0170713565561 
1.35343576267 0.176832654581 0.117888436387 -0.0160956313561 
1.3399652797 0.140637964235 0.0937586428235 -0.0178287169367 
1.33387656688 0.140891925685 0.093927950457 -0.019271017679 
1.33873903728 0.139547421387 0.0930316142577 -0.0166250442595 
1.33220177712 0.141988551684 0.0946590344559 -0.0142633402805 
1.32600590958 0.144764999358 0.0965099995718 -0.0138864916755 
1.31025539594 0.149503207684 0.0996688051228 -0.014101647335 
1.29558298831 0.153643312721 0.102428875148 -0.0161648298216 
1.27699221573 0.159059688915 0.10603979261 -0.0178376732007 
1.24999016713 0.168986530715 0.112657687143 -0.0172361480969 
1.22975663244 0.225315738221 0.150210492148 -0.0140572950725 
1.17932691464 0.243687264502 0.162458176335 -0.0111829670202 
1.11929121056 0.267705447299 0.178470298199 -0.00423685222684 
1.05184143482 0.295639054275 0.19709270285 0.00418550629532 
0.990621259795 0.32458650324 0.21639100216 0.0109178710062 
0.906614669121 0.366971076915 0.24464738461 0.0179720349432 
0.814511908603 0.415881169751 0.277254113167 0.0205430617759 
0.687519294665 0.400906250827 0.267270833884 0.0201381508227 
0.512659605184 0.319973070902 0.213315380602 0.0222282158314 
0.371556784231 0.254546117512 0.169697411675 0.0278278463832 
0.271987313213 0.197304351353 0.131536234235 -0.00390241879633 
0.191609151004 0.146305241445 0.0975368276298 -0.00559487577028 
0.141043572308 0.115114864236 0.0767432428241 -0.00113892662458 
0.107471541005 0.121943501934 0.0812956679557 -0.00339099063025 
0.0827279317805 0.104999688014 0.0699997920093 6.07038523381e-05 
0.0661944031654 0.0809993135479 0.0539995423653 0.00368549048641 
0.0537983741219 0.0681522912721 0.045434860848 0.00459238442811 
0.0505161682711 0.0398254525857 0.0265503017238 0.00650419960579 
0.0510308522393 0.0312479614297 0.0208319742864 0.00878453518997 
0.0472411524579 0.0462986728214 0.0308657818809 0.00731601777561 
0.0509329134183 0.0461122890896 0.0307415260598 0.00432301161479 
0.0563950760608 0.0514936465071 0.0343290976714 0.0025616265575 
0.0586672220563 0.0566351690288 0.0377567793526 0.000441563157895 
0.058694932994 0.078107830557 0.052071887038 -0.00529863403751 
0.0660320983956 0.0605214739305 0.040347649287 -0.00578513592618 
0.0686880507464 0.0657349812432 0.0438233208288 -0.00550366552449 
0.0730280147057 0.06512510978 0.0434167398533 -0.00561806317216 
0.0781825505269 0.0799371803187 0.0532914535458 -0.00670510650024 
0.0809958542219 0.0796386047561 0.0530924031707 -0.00673691303585 
0.0844681492829 0.0833879506753 0.0555919671168 -0.00619936333066 
0.0977545764764 0.100113180939 0.0667421206261 -0.00725797909221 
0.107846527983 0.0833154002791 0.055543600186 -0.00168488799986 
0.117999433967 0.0814428478964 0.054295231931 0.00450365617966 
0.140736918443 0.0780201859353 0.0520134572902 0.00366162737942 
0.165963126154 0.0739591947414 0.0493061298276 0.00326832238944 
0.19477226006 0.0815294134555 0.0543529423036 0.00143248106547 
0.236460858175 0.085153591585 0.0567690610567 -0.0144645853185 
0.30707249255 0.142019065636 0.0946793770908 -0.104814331929 
0.409216295117 0.180077922148 0.120051948098 0.0206758524884 
0.543387311345 0.157313811703 0.104875874469 0.059518132681 
0.671626393903 0.127331544395 0.0848876962637 0.0691392304271 
0.790148796253 0.0934380926749 0.0622920617832 0.0703820991187 
0.905899499082 0.0560399183958 0.0373599455972 0.0677648380053 
0.985559903589 1.64756159761e-17 1.09837439841e-17 0.0703836387497 
1.0709884853 1.07357266156e-22 7.15715107704e-23 0.0638909927046 
1.14573585405 -7.82899668564e-23 -5.21933112376e-23 0.0618387485574 
1.19111671952 2.51865796906e-22 1.67910531271e-22 0.0634815557185 
1.22073955561 3.14582406242e-22 2.09721604162e-22 0.0640460833487 
1.22029751571 5.98097658675e-22 3.9873177245e-22 0.068958586866 
1.2131183579 -3.505654001e-22 -2.33710266733e-22 0.073091822928 
1.19841459295 6.02775729249e-22 4.01850486166e-22 0.080449592762 
1.17260463323 2.04513362581e-20 1.36342241721e-20 0.0918976668454 
1.14103920625 0.00333085649066 0.00222057099377 0.100939971522 
1.09690745718 0.0163946372786 0.0109297581857 0.121743100118 
1.05024582438 0.0352452658687 0.0234968439125 0.138456457356 
1.02460490524 0.21843391883 0.145622612554 0.132071559799 
0.943625363305 0.260243780329 0.173495853553 0.149052222707 
0.949841676862 0.512425515967 0.341617010645 0.131120616251 
0.920234012427 0.642782468205 0.42852164547 0.129417470883 
0.868933590869 0.728541050596 0.48569403373 0.13084018191 
0.843616282977 0.79900766763 0.53267177842 0.129737095064 
0.824381068285 0.865635031819 0.577090021213 0.124966075903 
0.811548122477 0.913703704109 0.60913580274 0.122023105675 
0.769262524285 0.946598865648 0.631065910432 0.119163198087 
0.760322052233 0.984496148483 0.656330765655 0.115750288474 
0.714251991521 1.00519960429 0.670133069524 0.106730161246 
0.709044131196 1.03030200191 0.686868001274 0.104703240179 
0.671347145195 1.04592036598 0.697280243984 0.0934246570228 
0.667677372841 1.06407132194 0.709380881296 0.092443171215 
0.646289410221 1.07164979424 0.714433196157 0.0881187677473 
0.644530767113 1.08417165119 0.722781100793 0.0830241160353 
0.640299072161 1.09482370219 0.72988246813 0.0795389198873 
0.613439317087 1.10003870593 0.733359137287 0.0725316599521 
0.612283999878 1.11008799476 0.740058663173 0.0684462242864 
0.610870348741 1.11698617738 0.744657451588 0.0639004696864 
0.584982756974 1.12668481225 0.751123208168 0.056904167165 
0.584732185417 1.13356684059 0.755711227062 0.0529196195425 
0.583936896529 1.14140643534 0.760937623563 0.0480983234254 
0.559088176915 1.15384765807 0.769231772047 0.0410487217032 
0.55798662505 1.16536231938 0.776908212917 0.0366435501728 
0.529731979047 1.17789663111 0.785264420743 0.0282397735653 
0.52876960145 1.18693522537 0.791290150249 0.0252226055926 
0.504930069247 1.19627493886 0.797516625907 0.0172252883936 
0.504765450043 1.20054536252 0.800363575016 0.014471963683 
0.504503406042 1.20421091576 0.802807277173 0.0142082361551 
0.504227603967 1.20655283866 0.804368559108 0.00993751990598 
0.503556582794 1.21294056213 0.808627041423 0.0103850861339 
0.481473513214 1.21507495527 0.810049970179 0.00388218868464 
0.481741267149 1.21367971636 0.809119810904 0.00310755735272 
0.481781867744 1.21912725146 0.812751500971 0.000688671019928 
0.48158454809 1.22177122644 0.814514150963 0.00070259685588 
0.481271008477 1.22530892544 0.816872616962 0.000804986682691 
0.480194891364 1.22665102814 0.817767352092 -0.00181267708391 
0.456622515976 1.233288368 0.822192245331 -0.00446443393631 
0.457000322062 1.23291485649 0.821943237661 -0.00662763866284 
0.456745320247 1.23468372446 0.823122482972 -0.0062243670079 
0.456006274491 1.23366914076 0.822446093843 -0.00425056418766 
0.45579147104 1.23584675672 0.823897837813 -0.00406865040694 
0.455896357561 1.23095659806 0.820637732041 -0.00419824571475 
0.456352329361 1.22593457219 0.817289714791 -0.00182828692564 
0.489058097125 1.20587111023 0.803914073487 0.00828084960555 
0.585070786326 1.13044163712 0.753627758083 0.0377386788487 
0.694389919186 1.02219828338 0.681465522255 0.0630600446744 
0.798377274048 0.880035346213 0.586690230808 0.0722285811268 
0.87101144364 0.664317587192 0.442878391461 0.0644880945504 
0.927842406252 0.412777128681 0.275184752454 0.0562034041825 
1.0119913659 0.217544952012 0.145029968008 0.0425536675976 
1.11661280072 0.174365517616 0.116243678411 0.0174551132184 
1.17701093668 0.153822126628 0.102548084419 0.00490736018045 
1.24976050568 0.21049504653 0.14033003102 -0.00456002170191 
1.30004891957 0.243583269049 0.162388846033 -0.0111749558765 
1.31810431993 0.23641346175 0.1576089745 -0.0144861012886 
1.32750732124 0.232316724467 0.154877816312 -0.0159936341976 
1.33903464486 0.228782945492 0.152521963661 -0.0173126391715 
1.37799779147 0.285117932822 0.190078621882 -0.0158940874939 
1.38146795171 0.283379905167 0.188919936778 -0.0162551969013 
1.38660270785 0.281902924465 0.187935282976 -0.0167244911 
1.39042195253 0.281639622355 0.187759748237 -0.0158076438543 
1.39828703673 0.299933726168 0.199955817445 -0.0124429599978 
1.4007734298 0.299436475394 0.199624316929 -0.0122695673544 
1.39769979125 0.301024116132 0.200682744088 -0.0123790363813 
1.39327756186 0.303011154881 0.202007436588 -0.0122996203686 
1.36139454939 0.282446088256 0.188297392171 -0.00950531338947 
1.34172242587 0.316808076021 0.211205384014 -0.00876588148147 
1.29813382556 0.338117698127 0.225411798751 -0.00902453736914 
1.22943302529 0.373788078863 0.249192052575 -0.00812679548111 
1.16795717631 0.411298706011 0.27419913734 -0.00920110100642 
1.05803498619 0.389307893015 0.259538595343 -0.0140145781938 
0.992481145247 0.42836744359 0.285578295727 -0.0141917720077 
0.900922403598 0.369786857471 0.246524571647 -0.0228120610728 
0.823014192792 0.317224111496 0.211482740997 -0.0259194552375 
0.800418204684 0.327212822656 0.218141881771 -0.026920211363 
0.782145883925 0.33496365488 0.223309103254 -0.0261618966998 
0.775767317725 0.337929208259 0.22528613884 -0.0256349267064 
0.848952246099 0.476917559098 0.317945039398 -0.0283907838696 
0.844341977699 0.477810266322 0.318540177548 -0.0255172470214 
0.799294448301 0.396352254578 0.264234836386 -0.029129672603 
0.802650447368 0.394400410888 0.262933607259 -0.0286963132366 
0.809171873778 0.390928425537 0.260618950358 -0.0275785172556 
0.817918657958 0.387075567465 0.25805037831 -0.0274758040597 
0.818898698328 0.386555390583 0.257703593722 -0.0304859564682 
0.815004874158 0.387626985352 0.258417990235 -0.0254273320533 
0.78735954732 0.333569975094 0.222379983396 -0.0270247654606 
0.784211882579 0.333936213806 0.222624142537 -0.0233857599276 
0.789867101634 0.330879897082 0.220586598054 -0.0208941729012 
0.789563665202 0.330506810763 0.220337873842 -0.0165192906321 
0.797005196307 0.326007651952 0.217338434635 -0.0148057003569 
0.83660201777 0.379085621347 0.252723747564 -0.0102672879835 
0.845540613022 0.373655708837 0.249103805891 -0.0105423136724 
0.84710586385 0.371654101618 0.247769401079 -0.00785518042178 
0.856374068194 0.366551814831 0.244367876554 -0.00784515624071 
0.867342894324 0.360162011198 0.240108007465 -0.00675011407365 
0.865506089276 0.312696631928 0.208464421286 -0.00483054400341 
0.951037747299 0.337666802741 0.225111201828 0.000751923933715 
0.985880897689 0.24920610689 0.166137404593 0.00837395819988 
1.06690299533 0.213628230022 0.142418820015 0.00930707653673 
1.16421907519 0.174384370962 0.116256247308 0.00963450615161 
1.21678156972 0.0880612131836 0.0587074754557 0.0112553929595 
1.26540483534 0.0166791837005 0.0111194558003 0.00998531482907 
1.3201520512 8.03034986274e-21 5.35356657516e-21 0.00741259407784 
1.36107317234 -5.55530115616e-22 -3.7035341041e-22 0.0075818262255 
1.38951705397 3.50579345536e-23 2.33719563691e-23 0.00550970256205 
1.41008721354 6.14885544374e-22 4.09923696249e-22 0.00514527240685 
1.43575342544 -8.18963338681e-22 -5.45975559121e-22 0.00285252129598 
1.4472753964 1.41234869313e-21 9.41565795421e-22 0.00274357970082 
1.45693556252 4.03995278625e-22 2.6933018575e-22 0.00235830921036 
1.45865622172 -3.32952261388e-22 -2.21968174259e-22 0.00282490346619 
1.45928251461 -3.66307603557e-22 -2.44205069038e-22 0.00194257368525 
1.46188458053 -5.99027781194e-22 -3.99351854129e-22 0.00210824619292 
1.46292663463 1.04452952372e-21 6.96353015813e-22 0.00020267585432 
1.45683095871 -5.49655228208e-22 -3.66436818805e-22 0.00170341428619 
1.45369156948 9.37963402401e-22 6.25308934934e-22 0.00217882993972 
1.45015770202 1.00270469662e-21 6.68469797748e-22 0.00229609030093 
1.45191624834 1.25313238597e-21 8.35421590647e-22 0.00167759102547 
1.45022086252 -2.71322899937e-22 -1.80881933291e-22 0.00224487674699 
1.4502778539 -7.78746497436e-22 -5.19164331624e-22 0.00130589343058 
1.44488316374 -1.14492216767e-21 -7.63281445116e-22 -0.000244859410143 
1.43894554558 1.12040493195e-21 7.46936621303e-22 0.00163234299092 
1.43625271887 4.05421500913e-22 2.70281000608e-22 -0.000592006995067 
1.43407320274 -6.89812392657e-22 -4.59874928438e-22 -0.00137643318732 
1.42986336951 7.1515461286e-22 4.76769741907e-22 -0.00283307851906 
1.42765477239 9.78935022408e-22 6.52623348272e-22 -0.00230614295312 
1.42774590457 -3.81352394107e-23 -2.54234929405e-23 -0.00299412616629 
1.43554033143 1.17587427301e-22 7.83916182009e-23 -0.00454796911106 
1.43803811483 5.81198417438e-07 3.87465611626e-07 -0.00771092169047 
1.45886170695 0.0570217673811 0.0380145115874 -0.010202446544 
1.46141396219 0.0741927072255 0.049461804817 -0.0098851671828 
1.45974298459 0.0882601627744 0.0588401085163 -0.0104198070356 
1.46200951931 0.119733402207 0.079822268138 -0.0117300931044 
1.45700364077 0.134223716749 0.0894824778324 -0.0117419014171 
1.46440561943 0.16678171214 0.111187808093 -0.0121038020276 
1.46403132567 0.193360756625 0.128907171084 -0.0110550549888 
1.48071165305 0.243171491553 0.162114327702 -0.0125662600663 
1.4714660327 0.238102942618 0.158735295079 -0.0156495470705 
1.47039703903 0.238555862996 0.159037241997 -0.016313124746 
1.47517253692 0.248372120615 0.165581413743 -0.0152211510188 
1.46474654153 0.233216119513 0.155477413009 -0.0148646645904 
1.46471516135 0.233259183744 0.155506122496 -0.0138510469075 
1.44183532218 0.19809072887 0.132060485914 -0.0139179686379 
1.43255966216 0.183001917238 0.122001278159 -0.0139226823727 
1.44528229355 0.206160718799 0.137440479199 -0.0121410645325 
1.44615697133 0.206006794343 0.137337862895 -0.0104238886957 
1.45152166201 0.216104141909 0.144069427939 -0.0102849555119 
1.43937564966 0.192771759251 0.128514506167 -0.0100559742473 
1.43213072248 0.177612866045 0.118408577363 -0.00949628418693 
1.43387475623 0.177226431345 0.11815095423 -0.00898009524241 
1.42612694151 0.165207560258 0.110138373505 -0.00729395756359 
1.4253678245 0.165526103147 0.110350735431 -0.00747054679573 
1.42398056652 0.1654464294 0.1102976196 -0.00658671351606 
1.44773816646 0.210910305407 0.140606870271 -0.00627135644265 
1.44403921765 0.212345113189 0.141563408793 -0.00346817230714 
1.44012079754 0.203758131926 0.135838754618 -0.00279652329329 
1.43513266794 0.19549937009 0.130332913393 -0.00239967112807 
1.42518210763 0.176040207166 0.117360138111 -0.00200265252764 
1.41415319761 0.156348096289 0.104232064193 -0.00164994623442 
1.40716130132 0.140091371662 0.0933942477747 -0.0040238439006 
1.41572233229 0.154432960055 0.102955306703 0.00016212033204 
1.41802262712 0.154031652325 0.102687768217 -0.00102574296377 
1.41819230481 0.154232326585 0.102821551057 -0.00270456093443 
1.41743544232 0.19391991149 0.129279940993 -0.00171906554556 
1.40335139562 0.219468701694 0.146312467796 -0.00447389819349 
1.38766005787 0.264967503055 0.176645002037 -0.00604788507195 
1.34877020157 0.296771236175 0.197847490783 -0.00801823593396 
1.32417846813 0.338948664813 0.225965776542 -0.00962050566901 
1.28007917266 0.336502847408 0.224335231606 -0.0113883116524 
1.29427873204 0.410832731665 0.273888487776 -0.00766023385534 
1.27126600511 0.42612570745 0.284083804967 -0.00593920912604 
1.25409479708 0.438279497248 0.292186331499 -0.00745380508124 
1.25956310616 0.467950344433 0.311966896289 -0.00801711393381 
1.24042369522 0.458907945724 0.305938630483 -0.00859591621516 
1.23353872282 0.46314465928 0.308763106187 -0.00927256470695 
1.21980359621 0.445782682478 0.297188454985 -0.0113101110333 
1.21992008876 0.445771097952 0.297180731968 -0.0116539247472 
1.22084763076 0.445189453737 0.296792969158 -0.0121920484059 
1.17882426678 0.392666632439 0.26177775496 -0.0144022602447 
1.18340392673 0.390730215268 0.260486810179 -0.0140547953826 
1.2121417122 0.42693750982 0.284625006547 -0.0133930183311 
1.21251563711 0.425267316878 0.283511544585 -0.0113641707979 
1.19761027468 0.405287128359 0.270191418906 -0.00974400511189 
1.21525763444 0.424548080924 0.283032053949 -0.00950019238628 
1.21908917025 0.422055518538 0.281370345692 -0.00923785319143 
1.21908917025 0.422055518538 0.281370345692 -0.00923785319143 
1.21929654747 0.421996601992 0.281331067995 -0.00993396891222 
1.21296991457 0.42630910714 0.284206071427 -0.00931126196044 
1.2007210943 0.434117586713 0.289411724475 -0.008919499901 
1.16063479923 0.419245644806 0.279497096538 -0.00947057429831 
1.1215556998 0.445456228795 0.296970819196 -0.00774639373909 
1.00191080445 0.37592859136 0.250619060907 -0.00676745208993 
0.901291304143 0.317806958913 0.211871305942 -0.00747440861131 
0.750100007206 0.20666456688 0.13777637792 -0.0120608446676 
0.680654411763 0.231261575049 0.154174383366 -0.0146454557123 
0.607470641354 0.165536518894 0.110357679262 -0.0177277981637 
0.571419762844 0.177049431391 0.11803295426 -0.0227640257612 
0.554904003642 0.182151349693 0.121434233129 -0.0283853179409 
0.538676815539 0.18745321545 0.1249688103 -0.0314164591501 
0.529439817162 0.191022949127 0.127348632751 -0.0338683477467 
0.522628208584 0.194246288896 0.129497525931 -0.0342791932259 
0.523039718602 0.196022629333 0.130681752888 -0.0407832648646 
0.525197704853 0.196606079521 0.13107071968 -0.039964689531 
0.528595380748 0.196364344186 0.130909562791 -0.038853011273 
0.528540871558 0.198466621719 0.132311081146 -0.0326907801636 
0.541554179536 0.243114049365 0.16207603291 -0.028051493607 
0.543597313873 0.242360053762 0.161573369175 -0.0264268633857 
0.531403154081 0.246186713225 0.164124475483 -0.0253890857345 
0.514074336366 0.251205670181 0.167470446788 -0.0270397838557 
0.462077362669 0.209180087412 0.139453391608 -0.0321745980555 
0.382625564826 0.186676986485 0.124451324323 -0.0471291475988 
0.288680412832 0.170917804968 0.113945203312 -0.0862041371146 
0.166937336235 0.0612836257296 0.0408557504864 0.0175248330641 
0.0987876876152 0.0415278505891 0.0276852337261 0.0144818883227 
0.0454902074899 0.0233879674884 0.0155919783256 0.013115458579 
0.0144578920135 0.00356678460585 0.0023778564039 0.0116018789157 
-5.74044366227e-19 -1.51788304148e-18 -1.01192202765e-18 0.0123997353268 
-5.79427020239e-21 9.90858896053e-22 6.60572597369e-22 0.0161343596183 
4.76622728477e-21 7.07161625677e-22 4.71441083784e-22 0.0180565503886 
4.76622728477e-21 7.07161625677e-22 4.71441083784e-22 0.0180565503886 
9.49658034126e-21 2.34363439641e-21 1.56242293094e-21 0.0193566021293 
9.49658034126e-21 2.34363439641e-21 1.56242293094e-21 0.0193566021293 
1.08133348662e-21 8.70632177534e-22 5.80421451689e-22 0.0180260453634 
3.15890591282e-21 -7.03183456273e-22 -4.68788970849e-22 0.016584764639 
1.252091662e-21 6.05208008518e-22 4.03472005679e-22 0.0154822420455 
6.14570660637e-08 1.63334086007e-21 1.08889390672e-21 0.0162671601531 
0.00982682299889 1.27979210199e-21 8.5319473466e-22 0.0174973467313 
0.0139943744715 -1.03483584664e-21 -6.89890564428e-22 0.0187550689118 
0.0224444157124 1.04769852595e-21 6.98465683969e-22 0.0193642261133 
0.0285821982623 4.80193879593e-22 3.20129253062e-22 0.0189693104139 
0.032305162317 1.5573428555e-21 1.03822857033e-21 0.0191867827651 
0.0283631096102 -3.1017026925e-21 -2.067801795e-21 0.0206401068335 
0.0283631096102 -3.1017026925e-21 -2.067801795e-21 0.0206401068335 
0.0314793081596 1.08056474666e-21 7.20376497774e-22 0.017456239545 
0.027541774399 0.00644353232014 0.00429568821343 -0.027103595052 
0.025320889743 0.109207745869 0.072805163913 -0.111989380757 
0.0289321558525 0.150791597944 0.100527731962 -0.21665429262 
0.0376833016697 0.159497166589 0.106331444392 -0.314661120851 
0.040618864137 0.164523575329 0.109682383553 -0.391794143922 
0.0465955743909 0.154364484042 0.102909656028 -0.437798568842 
0.0518606472437 0.14790992146 0.0986066143066 -0.477498927124 
0.0432284362482 0.141060021496 0.094040014331 -0.485305410737 
0.061019674581 0.133231228336 0.0888208188907 -0.518923824925 
0.0660087602074 0.118996191766 0.0793307945105 -0.523424051318 
0.0632195776966 0.115328873851 0.0768859159007 -0.523598775598 
0.0706691310481 0.100184952062 0.0667899680412 -0.523598775598 
0.0661310251712 0.0967361369141 0.0644907579427 -0.523598775598 
0.0738268833109 0.0841021607954 0.0560681071969 -0.523598775598 
0.0741737761104 0.0787287903456 0.0524858602304 -0.523598775598 
0.0708494842903 0.0778270436434 0.0518846957623 -0.523598775598 
0.0764545427453 0.0685762706956 0.0457175137971 -0.523598775598 
0.0764545427453 0.0685762706956 0.0457175137971 -0.523598775598 
0.0816394339531 0.0638078639383 0.0425385759589 -0.523598775598 
0.0904811592506 0.0659946990942 0.0439964660628 -0.523598775598 
0.102170320606 0.0732236399296 0.048815759953 -0.515983652337 
0.128939594488 0.0910290376347 0.0606860250898 -0.495926961052 
0.129006463277 0.09182589045 0.0612172603 -0.389998615125 
0.134928823 0.100800763959 0.067200509306 -0.285069192825 
0.133587569878 0.106642974896 0.0710953165976 -0.182705500497 
0.126806060395 0.0935924728624 0.0623949819083 -0.0978986726577 
0.117621569621 0.0608473378137 0.0405648918758 -0.0458873991015 
0.10698069787 0.0234326240231 0.0156217493487 -0.0163442256984 
0.100114348504 4.14880845072e-20 2.76587230048e-20 0.00165968730906 
0.0946858694301 2.50612549587e-22 1.67075033058e-22 0.0152273444966 
0.0955971870181 -5.70823251816e-22 -3.80548834544e-22 0.0263185459929 
0.0955268089672 1.05937933841e-21 7.06252892277e-22 0.0323191645285 
0.0922590238649 -7.13935582458e-23 -4.75957054972e-23 0.0337207631507 
0.0946367663417 6.44022176179e-22 4.29348117453e-22 0.0352435910125 
0.0950138674424 2.95777476141e-21 1.97184984094e-21 0.0407269091124 
0.0967781202646 1.05273043023e-21 7.01820286818e-22 0.0416589900769 
0.0930949611055 -1.37857343088e-21 -9.19048953918e-22 0.0413245918409 
0.0972734596857 -1.79335041927e-21 -1.19556694618e-21 0.0414299168628 
0.0942876305076 -1.46098415291e-24 -9.73989435271e-25 0.0420203089896 
0.0942876305076 -1.46098415291e-24 -9.73989435271e-25 0.0420203089896 
0.091490731223 -1.52419273126e-21 -1.01612848751e-21 0.0379293076774 
0.0907459081751 -1.78180511591e-21 -1.18787007727e-21 0.0315766997193 
0.0834340842179 3.73004096573e-22 2.48669397716e-22 0.00797207115952 
0.0757553952474 0.0364507184277 0.0243004789518 -0.0371723743035 
0.0734277365968 0.120824142491 0.0805494283276 -0.126244547453 
0.0650213491402 0.151736806398 0.101157870932 -0.213641827561 
0.0572867549007 0.172684331526 0.115122887684 -0.292228544689 
0.0514926129887 0.177532102399 0.118354734933 -0.352166547845 
0.040297264292 0.161497493892 0.107664995928 -0.372791199479 
0.0420706226091 0.159763000671 0.106508667114 -0.408708095494 
0.0402089061038 0.148768277571 0.0991788517139 -0.425391726197 
0.0425422098158 0.137238398694 0.0914922657962 -0.438451885712 
0.0512104035252 0.122824562103 0.0818830414018 -0.446581949039 
0.0509221633482 0.132391250134 0.0882608334225 -0.468755174502 
0.0479291773861 0.129213666933 0.0861424446222 -0.472357096225 
0.0540816540501 0.123989661446 0.0826597742975 -0.479306593872 
0.0527757939156 0.123361160878 0.0822407739184 -0.480888221524 
0.0527757939156 0.123361160878 0.0822407739184 -0.480888221524 
0.0467209715024 0.133861264192 0.0892408427945 -0.489047493792 
0.0551329209366 0.125001104723 0.0833340698152 -0.491125443667 
0.0539423966263 0.124938649402 0.0832924329347 -0.492915027617 
0.0539423966263 0.124938649402 0.0832924329347 -0.492915027617 
0.0521729787379 0.125176661793 0.0834511078623 -0.495139998932 
0.0586465957672 0.119628068618 0.0797520457452 -0.497784226606 
0.0586465957672 0.119628068618 0.0797520457452 -0.497784226606 
0.0579275007751 0.127223236802 0.0848154912017 -0.506248250575 
0.0661229939224 0.118465716674 0.0789771444491 -0.507661573603 
0.0709123316826 0.113769061139 0.0758460407595 -0.51112441758 
0.0780932474262 0.106022675679 0.0706817837863 -0.511144000298 
0.0884480800605 0.103837195994 0.0692247973295 -0.523598775598 
0.0884480800605 0.103837195994 0.0692247973295 -0.523598775598 
0.0937022883712 0.10567372749 0.0704491516603 -0.520813965977 
0.104054497482 0.102979508503 0.0686530056688 -0.515302739066 
0.107341111547 0.11654879008 0.0776991933866 -0.501301757346 
0.101509168176 0.132089624196 0.0880597494639 -0.430635536793 
0.105901399407 0.146669628547 0.0977797523644 -0.360644028093 
0.109488159692 0.155329431963 0.103552954642 -0.280554504437 
0.107217860064 0.175056701237 0.116704467491 -0.206919111705 
0.103205449729 0.183687924432 0.122458616288 -0.135586422016 
0.0928916147469 0.193277690217 0.128851793478 -0.0875560195864 
0.0892547932153 0.167100598502 0.111400399001 -0.0495887307515 
0.0759391496635 0.171766324524 0.114510883016 -0.0302967878142 
0.071920164959 0.174083795881 0.11605586392 -0.0190444506666 
0.0624777415858 0.178200512618 0.118800341745 -0.0104353016837 
0.0623446467948 0.156027996987 0.104018664658 -0.00306762818624 
0.060772791936 0.161431093276 0.10762072885 -0.00666825401774 
0.0684398654528 0.182355135973 0.121570090648 -0.012421235959 
0.0726317000679 0.229815018249 0.153210012166 -0.0249101188455 
0.0849751901308 0.265038205337 0.176692136891 -0.0388779442867 
0.091167487962 0.334403547447 0.222935698298 -0.0591333853707 
0.101026757054 0.441286107553 0.294190738369 0.0887261909142 
0.109364497469 0.484753250466 0.323168833644 0.106405907424 
0.127577759227 0.565565216201 0.377043477467 0.0790221427747 
0.154529162243 0.645409300864 0.430272867242 0.0577918916521 
0.177082701165 0.722272022898 0.481514681932 0.0532368920995 
0.198682044365 0.799692578501 0.533128385667 0.052643137461 
0.215947152206 0.86399286864 0.57599524576 0.0568073970458 
0.231526366907 0.914205097859 0.609470065239 0.0618631403787 
0.244231727986 0.968340390615 0.64556026041 0.0687153677356 
0.253990671918 1.01482960084 0.676553067224 0.0769010086119 
0.246992047122 1.05753274041 0.705021826939 0.0859888392485 
0.239678231618 1.1084039967 0.7389359978 0.0956376363786 
0.231960780653 1.15318199608 0.768787997388 0.103269183577 
0.157911868234 1.2232856825 0.815523788334 0.104606582895 
0.0713147308092 1.29449463212 0.862996421416 0.0923926490539 
2.83175347838e-19 1.34822849768 0.898818998456 0.0722843139346 
3.32152255061e-21 1.38974909016 0.926499393441 0.0567625617793 
-8.97296441139e-23 1.43082141291 0.953880941938 0.0397649161812 
-9.89240405978e-22 1.46418364028 0.976122426852 0.0229799452477 
8.66099321042e-22 1.4909190036 0.993946002403 0.00553157730629 
-1.44098783158e-21 1.51645457005 1.01096971337 -0.0137662815935 
3.72388251063e-21 1.53964741508 1.02643161005 -0.0320551454047 
-2.56016189939e-21 1.56922361366 1.04614907577 -0.0543309957662 
-2.82062689383e-21 1.59177906218 1.06118604145 -0.0734102437482 
-1.10339300568e-21 1.61200418786 1.07466945858 -0.0865651462027 
-7.73739910073e-22 1.62737564038 1.08491709359 -0.0995512525746 
2.09903142722e-19 1.64204460723 1.09469640482 -0.107790352449 
2.49832765196e-20 1.65313763223 1.10209175482 -0.113940668627 
0.642377288733 1.62118452347 1.08078968232 0.0535953311493 
0.654948694528 1.62707895732 1.08471930488 0.0465380187421 
0.668058743044 1.62556258812 1.08370839208 0.0589439192605 
0.654816110615 1.61467767002 1.07645178001 0.0670692188098 
0.591992015632 1.59947162757 1.06631441838 0.0537409457456 
0.483266221805 1.58227916958 1.05485277972 0.0279731476605 
1.20886012854e-15 1.56863479295 1.04575652863 -0.0899348143354 
3.59088408036e-22 1.52910134104 1.01940089403 -0.071418325272 
1.70240865592e-21 1.48912416782 0.992749445216 -0.0517854599522 
3.32598017185e-22 1.4378432293 0.958562152867 -0.0245895654314 
0.105068264553 1.38111806558 0.920745377053 0.0230194526865 
0.217947853075 1.3209842942 0.880656196132 0.0641251272011 
0.310609466771 1.26482755999 0.843218373325 0.0917146472701 
0.408743647711 1.19629652409 0.797531016063 0.106872615291 
0.491145490028 1.13156218419 0.754374789458 0.111013263332 
0.555740998584 1.07444450401 0.716296336008 0.107479548828 
0.623291214598 1.00933624586 0.672890830573 0.0909476763452 
0.671596172236 0.954305375118 0.636203583412 0.0744703471794 
0.686789629405 0.898370087169 0.598913391446 0.0536960711996 
0.707406593671 0.842747286078 0.561831524052 0.0352374151078 
0.727298464136 0.798587611714 0.532391741143 0.0188010494899 
0.748352394812 0.756565133482 0.504376755655 0.00458663545118 
0.736897960649 0.704960278433 0.469973518955 -0.0107329906535 
0.715938722702 0.660065966035 0.440043977356 -0.0226416515154 
0.694492884463 0.615804398875 0.410536265917 -0.0345713075389 
0.674166984295 0.577666965983 0.385111310655 -0.0425534813793 
0.651208441461 0.538288015843 0.358858677229 -0.0506990953879 
0.632526554175 0.508896894887 0.339264596591 -0.0570396578789 
0.632825506628 0.508288631931 0.338859087954 -0.0599950210548 
0.601955518763 0.469500960442 0.313000640295 -0.064162345602 
0.601375270847 0.469368072145 0.312912048097 -0.0662967106928 
0.595880363017 0.470129938058 0.313419958706 -0.0650696372427 
0.580844554716 0.439506212215 0.293004141476 -0.0688441171033 
0.578261239492 0.440270577768 0.293513718512 -0.0702216981062 
0.5686361003 0.443673567668 0.295782378446 -0.0689929696367 
0.570230343273 0.442252692302 0.294835128201 -0.0666157527844 
0.580437560284 0.435514395169 0.290342930113 -0.0679685937372 
0.56870489726 0.439140791161 0.292760527441 -0.0652227813858 
0.567245870483 0.415150829871 0.276767219914 -0.0697270497097 
0.554651446797 0.420827531367 0.280551687578 -0.0663471609106 
0.548676449034 0.423626926123 0.282417950749 -0.0637059908738 
0.546605735948 0.425387940019 0.283591960012 -0.0632200124493 
0.549927611343 0.424399140468 0.282932760312 -0.0657358163595 
0.544396273447 0.428275792838 0.285517195225 -0.0618897058037 
0.540708021602 0.430225114978 0.286816743319 -0.0592775613022 
0.543123309776 0.429627081033 0.286418054022 -0.0630947119823 
0.540414751196 0.431054533889 0.28736968926 -0.0562829577245 
0.562086582219 0.470740961336 0.313827307558 -0.0491538024867 
0.561802556172 0.471727143708 0.314484762472 -0.0444942768763 
0.595842583755 0.526927507084 0.351285004722 -0.0377475128677 
0.616541870086 0.571838665874 0.381225777249 -0.0300525380682 
0.661006058714 0.619427634638 0.412951756426 -0.0212820471613 
0.700621324288 0.662592948879 0.441728632586 -0.0107936868834 
0.734522556227 0.700312462573 0.466874975049 -0.00131231016951 
0.758758878444 0.738971472066 0.492647648044 0.0136521461756 
0.752967425996 0.757079095363 0.504719396909 0.0272709441744 
0.783910320243 0.796096704324 0.530731136216 0.0429468128201 
0.768210683684 0.833681894729 0.55578792982 0.0607490017172 
0.756647386715 0.86901449939 0.579342999593 0.080887923261 
0.742379728522 0.915541014513 0.610360676342 0.0998716502467 
0.702056955432 0.95564427604 0.637096184027 0.115099103994 
0.690528409343 0.998345093274 0.665563395516 0.130245495733 
0.637889776099 1.0336957875 0.689130525 0.138498491604 
0.606514907734 1.06546297133 0.710308647551 0.144650837018 
0.603856398986 1.09147547407 0.727650316047 0.154793495858 
0.553020174038 1.11546519903 0.743643466021 0.152256483863 
0.547264472965 1.13444902272 0.756299348482 0.150955114922 
0.507421595058 1.15328098109 0.76885398739 0.149740317274 
0.506565241728 1.16824224871 0.778828165808 0.153216052209 
0.469033172441 1.18331598048 0.788877320322 0.146966700819 
0.468376681473 1.18943591929 0.792957279528 0.143379902657 
0.467517486466 1.20097797529 0.800651983525 0.145766752585 
0.429817057692 1.21032398399 0.806882655994 0.135798709905 
0.429482768792 1.21775758535 0.811838390233 0.136795151633 
0.42511016419 1.22521125206 0.816807501374 0.130642826845 
0.398806151763 1.23292646935 0.821950979564 0.124284289702 
0.398316437849 1.2398489178 0.8265659452 0.126096188384 
0.397787778066 1.24221526371 0.82814350914 0.12609244664 
0.373041918693 1.24773441234 0.831822941561 0.120153304894 
0.373041918693 1.24773441234 0.831822941561 0.120153304894 
0.373129035774 1.25011840418 0.833412269455 0.119499067295 
0.373436703916 1.25126956615 0.834179710764 0.114409883211 
0.373254214613 1.25363815618 0.835758770786 0.114405021188 
0.372136700231 1.25461663387 0.836411089244 0.10985021773 
0.371804666723 1.25659135871 0.837727572474 0.109912142236 
0.371358641283 1.25813931429 0.838759542857 0.109901174556 
0.370998403634 1.25668120349 0.837787468996 0.10940340381 
0.370998403634 1.25668120349 0.837787468996 0.10940340381 
0.370998403634 1.25668120349 0.837787468996 0.10940340381 
0.370998403634 1.25668120349 0.837787468996 0.10940340381 
0.370998403634 1.25668120349 0.837787468996 0.10940340381 
0.370747680224 1.25342526686 0.835616844574 0.109105534659 
0.370425092645 1.25163253616 0.834421690776 0.109399208458 
0.370390744939 1.24674362297 0.831162415312 0.10929851724 
0.373059432119 1.23936066967 0.826240446446 0.113625672217 
0.40491655428 1.22763634395 0.818424229303 0.119640704576 
0.438695311663 1.20515842141 0.803438947606 0.127179755178 
0.481703663021 1.17231998004 0.781546653358 0.134594586676 
0.531009156769 1.13288394523 0.755255963487 0.13932610344 
0.588639074639 1.0834692685 0.722312845666 0.141388252412 
0.652854334169 1.01837326996 0.678915513305 0.137594060269 
0.708769879098 0.952126479251 0.634750986168 0.122591090707 
0.7228294795 0.893350771029 0.595567180686 0.106845221433 
0.740314026645 0.841735296833 0.561156864555 0.0884582464258 
0.751509325175 0.812143521119 0.54142901408 0.0753520869752 
0.73021400154 0.782806183859 0.521870789239 0.060481999323 
0.682119711433 0.751480480823 0.500986987215 0.0428252695037 
0.601841516206 0.705832587319 0.470555058212 0.0272509145609 
0.498072313429 0.634007163526 0.42267144235 0.0141889074835 
0.386854003337 0.546195610733 0.364130407155 -0.000502568046505 
0.286524578195 0.435943560347 0.290629040231 -0.0256656897853 
0.220875625031 0.358392501096 0.238928334064 -0.073052283416 
0.184032138709 0.327876826268 0.218584550845 -0.112949637934 
0.153669034054 0.334458728572 0.222972485714 -0.120197548334 
0.0499786056332 0.00613489396277 0.00408992930851 0.053620535158 
0.0249840722971 -1.12413520654e-18 -7.49423471026e-19 0.0593748979072 
0.000886263515469 -1.49455810417e-21 -9.96372069448e-22 0.0620891420586 
-7.63400730332e-19 4.38916891251e-21 2.92611260834e-21 0.0693965797959 
6.60921039106e-21 -4.81196271598e-21 -3.20797514398e-21 0.0716373430529 
6.60921039106e-21 -4.81196271598e-21 -3.20797514398e-21 0.0716373430529 
6.60921039106e-21 -4.81196271598e-21 -3.20797514398e-21 0.0716373430529 
3.01122073147e-21 1.41548745596e-21 9.43658303972e-22 0.075145294353 
3.01122073147e-21 1.41548745596e-21 9.43658303972e-22 0.075145294353 
3.01122073147e-21 1.41548745596e-21 9.43658303972e-22 0.075145294353 
3.01122073147e-21 1.41548745596e-21 9.43658303972e-22 0.075145294353 
3.01122073147e-21 1.41548745596e-21 9.43658303972e-22 0.075145294353 
3.01122073147e-21 1.41548745596e-21 9.43658303972e-22 0.075145294353 
3.01122073147e-21 1.41548745596e-21 9.43658303972e-22 0.075145294353 
2.31007815086e-21 5.10583648935e-21 3.4038909929e-21 0.072433730184 
2.31007815086e-21 5.10583648935e-21 3.4038909929e-21 0.072433730184 
2.31007815086e-21 5.10583648935e-21 3.4038909929e-21 0.072433730184 
5.75011125242e-21 7.6297491419e-21 5.08649942793e-21 0.0707422949265 
5.75011125242e-21 7.6297491419e-21 5.08649942793e-21 0.0707422949265 
5.75011125242e-21 7.6297491419e-21 5.08649942793e-21 0.0707422949265 
9.64512324709e-05 4.75620286656e-22 3.17080191104e-22 0.0690536879651 
0.0025292757707 -4.32284861381e-21 -2.88189907587e-21 0.0675758541501 
0.00422884397832 2.43136697775e-22 1.6209113185e-22 0.0666858103095 
0.00941897479933 5.84343277925e-21 3.89562185283e-21 0.0663530888547 
0.00739741906026 -1.156249651e-21 -7.70833100668e-22 0.0664196272107 
0.0113023374228 6.15491593021e-21 4.10327728681e-21 0.066099380882 
0.0177083564338 1.9669586483e-21 1.31130576553e-21 0.065986833354 
0.0295593324965 -3.12504927035e-21 -2.08336618024e-21 0.0671470752788 
0.0550101899868 -7.32831626568e-22 -4.88554417712e-22 0.0705317045971 
0.082320159286 -1.4166104723e-21 -9.44406981531e-22 0.0720600005474 
0.119620500829 8.05769959977e-21 5.37179973318e-21 0.0759315098473 
0.160708863016 -6.02732809166e-21 -4.01821872777e-21 0.0803325920045 
0.205855059294 -6.91892789963e-22 -4.61261859975e-22 0.0778230887875 
0.268000611751 1.42554524321e-21 9.50363495475e-22 0.0745007883013 
0.339088153055 3.46166226754e-22 2.30777484502e-22 0.0156449506784 
0.482053822793 0.0370882812579 0.0247255208386 -0.221960683783 
0.548146495997 1.06012798284e-17 7.06751988559e-18 -0.120747319561 
0.656848484827 2.19467476515e-07 1.4631165101e-07 -0.0364776282441 
0.779085477981 0.00169882986467 0.00113255324311 -0.000602117275898 
0.924409027264 0.0206365650321 0.0137577100214 0.016221131281 
1.06054755232 6.19255776053e-19 4.12837184035e-19 0.0192015237774 
1.17755573393 2.78626178864e-22 1.85750785909e-22 0.0194687475736 
1.26624087258 7.42857548255e-22 4.95238365504e-22 0.0258797108641 
1.34225383581 -7.94745179575e-22 -5.29830119717e-22 0.024124660226 
1.40221578326 1.3777977434e-21 9.18531828936e-22 0.0224531438186 
1.44195149057 6.56985602079e-22 4.37990401386e-22 0.0225281690514 
1.4739950906 2.2943981608e-21 1.52959877387e-21 0.0238214826417 
1.48280568266 1.67240350664e-21 1.11493567109e-21 0.0279548840645 
1.49125267069 -1.33461556691e-22 -8.89743711271e-23 0.0291966477764 
1.50004212813 3.13287455218e-22 2.08858303479e-22 0.0295525022024 
1.50227803389 4.75623724251e-22 3.17082482834e-22 0.0289480020836 
1.50219249141 1.24253167526e-22 8.28354450171e-23 0.0302105983882 
1.50219249141 1.24253167526e-22 8.28354450171e-23 0.0302105983882 
1.50183144519 -1.06295763405e-21 -7.08638422702e-22 0.0319258023232 
1.50199597807 -1.68975318966e-21 -1.12650212644e-21 0.0343064924966 
1.49701887223 -1.43728923481e-21 -9.58192823206e-22 0.0351448509513 
1.49685857392 8.38026081093e-22 5.58684054062e-22 0.0332034096279 
1.48407625074 -1.16193927999e-21 -7.74626186662e-22 0.0351021362869 
1.47647460714 1.11039700049e-21 7.40264666992e-22 0.036120517069 
1.47650273957 2.44832217158e-21 1.63221478105e-21 0.0398045385351 
1.47062169045 -1.452977089e-21 -9.68651392668e-22 0.0408848105358 
1.46329770341 1.18852002358e-21 7.92346682389e-22 0.039493794894 
1.45988644222 2.20338591283e-21 1.46892394188e-21 0.0385155185079 
1.46238765424 -1.11122897105e-21 -7.40819314036e-22 0.0364399357794 
1.46239461768 -7.27036757754e-23 -4.84691171836e-23 0.0339734757205 
1.45206302874 4.91375475544e-22 3.27583650363e-22 0.0326660480594 
1.44895830277 -1.97627782709e-22 -1.3175185514e-22 0.033511506498 
1.44215043084 -2.01545834474e-21 -1.34363889649e-21 0.0336444088695 
1.43457622935 9.48983200971e-22 6.32655467314e-22 0.035116224323 
1.42944689624 5.1337331516e-22 3.42248876773e-22 0.0367615584242 
1.4157672087 8.30656668396e-22 5.53771112264e-22 0.0408727478979 
1.39537165988 1.73357753487e-21 1.15571835658e-21 0.0384624913328 
1.35579443299 -5.51067170672e-22 -3.67378113781e-22 0.0358542746145 
1.30191518336 3.08058853483e-18 2.05372568988e-18 0.0313856724756 
1.22869967137 8.07152112766e-19 5.38101408511e-19 0.0290751738694 
1.12864701705 0.0287588547888 0.0191725698592 0.0285213613319 
1.01202465247 0.0655641251126 0.0437094167417 0.0315930300186 
0.907266050874 0.174801216944 0.116534144629 0.0270126373386 
0.749095388434 0.233791021721 0.155860681147 0.0180905927098 
0.563742679928 0.183197403872 0.122131602581 0.00557799322019 
0.394356269246 0.127800257577 0.0852001717178 -0.0332895414594 
0.251425201605 0.065495036652 0.043663357768 0.0180241128123 
0.163259419239 0.0276101957366 0.0184067971577 0.0260594868684 
0.104687266184 0.012601193127 0.008400795418 0.030617344027 
0.0659767368545 0.0182067651697 0.0121378434464 0.0318796649573 
0.0430440908063 0.0126782770555 0.00845218470367 0.0330575715011 
0.0328744603616 0.00280635243156 0.00187090162104 0.0366142901772 
0.0272666981647 0.00337005988515 0.0022467065901 0.0376459203976 
0.0245716706754 0.00379237664679 0.00252825109786 0.0381452600942 
0.0272465170062 0.0172775913719 0.0115183942479 0.0353240796096 
0.0468323997883 0.0392479685037 0.0261653123358 0.0325843758735 
0.0760621368219 0.098636320922 0.0657575472813 0.028768388232 
0.111642458725 0.185388826268 0.123592550845 0.0241584846072 
0.131817513558 0.266958437414 0.177972291609 0.0494419906801 
