0.0 0.0 0.0 0.0 
1.01855663423e-21 0.820990211753 0.547326807835 0.0472561973929 
1.01855663423e-21 0.820990211753 0.547326807835 0.0472561973929 
-1.37831762175e-21 0.796116844632 0.530744563088 0.0450831143372 
-1.37831762175e-21 0.796116844632 0.530744563088 0.0450831143372 
2.70565662826e-21 0.786813629019 0.524542419346 0.0473485762093 
7.50502622699e-22 0.803862604803 0.535908403202 0.0517022286795 
7.50502622699e-22 0.803862604803 0.535908403202 0.0517022286795 
9.2656883999e-21 0.826291047313 0.550860698209 0.0539086645364 
2.53945672377e-21 0.840369866619 0.560246577746 0.0544264042957 
5.23092621353e-22 0.849991656373 0.566661104249 0.0548951809153 
5.36789185067e-21 0.857356623668 0.571571082445 0.0550391552195 
2.13232537138e-21 0.838724694106 0.559149796071 0.0530003494445 
2.13232537138e-21 0.838724694106 0.559149796071 0.0530003494445 
-4.97138926975e-21 0.840745294726 0.56049686315 0.0580824841233 
2.15205863178e-21 0.829715422041 0.553143614694 0.0658392676486 
2.78366421586e-21 0.816717898112 0.544478598742 0.079784278487 
0.00988805764782 0.834672456458 0.556448304305 0.0811244875932 
0.0537553302251 0.859606070662 0.573070713775 0.0641174370392 
0.103080346333 0.883475095001 0.588983396668 0.053075473133 
0.139041589217 0.889634058161 0.593089372108 0.0467048802184 
0.168660908396 0.903673476294 0.602448984196 0.0425104870601 
0.191453639839 0.909544395482 0.606362930321 0.039579547039 
0.21750997716 0.92442711162 0.61628474108 0.0377468562776 
0.228961001682 0.923726176577 0.615817451051 0.0361247246407 
0.242839407733 0.931366422166 0.620910948111 0.0346094452273 
0.256279421013 0.941380595963 0.627587063975 0.0342653465027 
0.258674764289 0.931785379992 0.621190253328 0.0329689023494 
0.264195774737 0.934726555498 0.623151036999 0.032080385424 
0.281864645988 0.950315459412 0.633543639608 0.0322233685787 
0.281227335133 0.94083123354 0.62722082236 0.0311784271915 
0.283967561531 0.938472482313 0.625648321542 0.0307865467551 
0.292158624406 0.949462246026 0.632974830684 0.0312170427227 
0.294159774793 0.942679689429 0.628453126286 0.0311239001656 
0.30072819922 0.941503443144 0.627668962096 0.0321537234955 
0.315455110494 0.95719452423 0.63812968282 0.0334806319559 
0.304458954143 0.944650064618 0.629766709745 0.033870030742 
0.286587766025 0.923403379904 0.615602253269 0.0336415384408 
0.283854055523 0.927660914143 0.618440609428 0.0354965989207 
0.260198285888 0.896271294623 0.597514196415 0.0382827446101 
0.27611547788 0.918747720281 0.612498480188 0.0444660131698 
0.297497430704 0.949836281336 0.633224187557 0.0491947911477 
0.301853349617 0.9557669809 0.637177987267 0.0526213622849 
0.301140148114 0.953975111499 0.635983407666 0.0547728090634 
0.295765481385 0.948622348431 0.632414898954 0.056466170033 
0.310092306124 0.96959843053 0.646398953687 0.0576421354537 
0.32028042641 0.979783957713 0.653189305142 0.0585356973961 
0.328599112216 0.991080237756 0.660720158504 0.0589000583443 
0.3236660116 0.987584464523 0.658389643015 0.0588484355576 
0.31702651803 0.983521354991 0.655680903327 0.0589157155292 
0.325077588578 0.996913493485 0.664608995656 0.058902496373 
0.315489952329 0.992533627793 0.661689085195 0.0588897781761 
0.305678843436 0.982661499336 0.655107666224 0.0584105712024 
0.296330069929 0.972500961729 0.648333974486 0.0592304583639 
0.30133934354 0.983688665063 0.655792443376 0.059794768309 
0.291712932349 0.977825378983 0.651883585988 0.0596066124384 
0.297995880566 0.984341314304 0.65622754287 0.0598018909899 
0.297100578468 0.987835536033 0.658557024022 0.0603958656014 
0.283799750096 0.978358190893 0.652238793928 0.0614808541607 
0.279047030277 0.979519838651 0.653013225767 0.0623936248895 
0.272231299405 0.975297098575 0.650198065717 0.0629217775172 
0.268515458848 0.970934514426 0.647289676284 0.0625996911457 
0.286694223914 0.984998077631 0.656665385087 0.0618080408845 
0.297099241605 0.984104019217 0.656069346145 0.0604620300455 
0.324275265221 0.981096683199 0.654064455466 0.0586579621088 
0.398926709929 1.00522607158 0.670150714384 0.0569081135998 
0.543628631425 1.02371622801 0.682477485337 0.0547963465873 
0.614630942904 1.01448155052 0.676321033677 0.057083240761 
0.619977934189 0.991886243941 0.661257495961 0.0600105176466 
0.628911122015 0.961554127804 0.641036085203 0.0619819711922 
0.643978062337 0.921469106595 0.61431273773 0.0657013804612 
0.664806452961 0.877510434489 0.585006956326 0.0672497087807 
0.682040551948 0.852404058589 0.568269372392 0.0717326620078 
0.707332652266 0.810125995364 0.54008399691 0.0703486523922 
0.738817477575 0.759515416699 0.506343611132 0.0695369201486 
0.773287015625 0.705989936408 0.470659957606 0.071061781895 
0.763604053762 0.392228673688 0.261485782459 0.0918356078425 
0.89622375367 0.333144229963 0.222096153309 0.0679028301885 
0.972912142126 5.71917704439e-18 3.81278469626e-18 0.0672289019973 
1.0840144013 2.54641255518e-22 1.69760837012e-22 0.0561586915324 
1.17616208008 2.48773176899e-22 1.65848784599e-22 0.0360919820274 
1.26553500534 8.36858673018e-23 5.57905782012e-23 0.0254406596683 
1.31232402337 8.93289572176e-23 5.95526381451e-23 0.02233694965 
1.3616238281 -1.15731963003e-22 -7.71546420018e-23 0.0164549869815 
1.3923490716 -6.92290266782e-23 -4.61526844521e-23 0.013750125085 
1.41455873493 6.83736930713e-22 4.55824620475e-22 0.0128822749976 
1.42965820059 8.27227408348e-22 5.51484938898e-22 0.0123417621517 
1.43504406125 1.0416609332e-21 6.94440622131e-22 0.0130204355075 
1.43926183936 -5.25905801557e-22 -3.50603867705e-22 0.013296256787 
1.44334086297 -5.74547975643e-22 -3.83031983762e-22 0.0126686163984 
1.44654631068 -2.52903404054e-22 -1.68602269369e-22 0.0119455436112 
1.45087478787 7.39148062377e-22 4.92765374918e-22 0.00898639973365 
1.43469824861 9.21387579388e-22 6.14258386259e-22 0.0116580425677 
1.43739243808 6.51701525117e-22 4.34467683411e-22 0.00890486402146 
1.44026456398 1.09226438592e-22 7.2817625728e-23 0.00713498334921 
1.43639510564 -1.6146517822e-21 -1.07643452147e-21 0.00682300008328 
1.4390229687 7.51523885231e-22 5.01015923488e-22 0.00564926250146 
1.44936978974 -3.9239204962e-22 -2.61594699747e-22 0.00283020374783 
1.44284789422 -6.44631574219e-22 -4.29754382813e-22 0.00415403662038 
1.44674921611 3.16088378706e-22 2.10725585804e-22 0.00284367571046 
1.44513901407 -1.61333132904e-23 -1.07555421936e-23 0.00254577671572 
1.45320457028 6.03730693574e-22 4.02487129049e-22 9.68689772196e-05 
1.45092260951 7.23877743591e-22 4.82585162394e-22 -0.000235240658887 
1.45958498934 5.24399755425e-22 3.4959983695e-22 -0.00303941752045 
1.47265622234 0.063214633492 0.0421430889947 -0.00418589529941 
1.4513237468 2.24311006703e-17 1.49540671135e-17 -0.00312176409417 
1.44470587681 -1.15004472661e-21 -7.66696484404e-22 -0.00211100017014 
1.43701424512 -7.03644266262e-22 -4.69096177508e-22 -0.00228364724397 
1.42093333563 1.81238310787e-22 1.20825540525e-22 -0.000657109397109 
1.3985228996 1.0648745847e-21 7.09916389799e-22 0.00189733295527 
1.37141097192 4.96991097583e-22 3.31327398388e-22 0.00224735271791 
1.31922215162 -6.58302275986e-20 -4.3886818399e-20 0.00609017257619 
1.26706814465 7.73569869814e-19 5.15713246543e-19 0.00775153604136 
1.19734198819 1.23020623519e-18 8.20137490125e-19 0.00967212337766 
1.11861017489 6.07867139182e-18 4.05244759455e-18 0.0104718515003 
1.00988373134 0.0157559782164 0.0105039854776 0.011645310436 
0.836762499273 0.0511324977832 0.0340883318555 0.0179405943266 
0.758786105674 0.498788496086 0.332525664058 0.0120731066755 
0.587257295887 0.576259597762 0.384173065175 0.0110379024254 
0.350319319564 0.455598381034 0.303732254023 0.0185528834605 
0.221302039375 0.447868401871 0.29857893458 0.0248100460096 
0.136601094282 0.436551294436 0.29103419629 0.0429881697826 
0.0867671295535 0.355121013677 0.236747342452 -0.0619960123944 
0.0559101036204 0.267103177961 0.178068785307 -0.0127051497251 
0.0387848405981 0.320339017131 0.213559344754 -0.0194655537725 
0.0335301007779 0.291433410702 0.194288940468 -0.0195065096357 
0.0355369149008 0.235911606072 0.157274404048 -0.0165059813102 
0.0406566649671 0.194494906067 0.129663270711 -0.0152376059187 
0.044987950387 0.195358163674 0.130238775782 -0.0163781494934 
0.0526880433882 0.175818767952 0.117212511968 -0.0172931824054 
0.0553393875934 0.236707337449 0.157804891633 -0.0249449896716 
0.0603006400984 0.2750770813 0.183384720867 -0.0334435542118 
0.0672797679528 0.232512682427 0.155008454951 -0.0274109754726 
0.0708863853042 0.2205722463 0.1470481642 -0.0238609483456 
0.0728722867436 0.305274244172 0.203516162781 -0.0446843303406 
0.0746618169834 0.289703386072 0.193135590715 -0.0428323218101 
0.0797078422472 0.248857560174 0.165905040116 -0.0330652051757 
0.0838454821307 0.244425383629 0.162950255752 -0.0336305596659 
0.0905330571008 0.167982069557 0.111988046371 -0.0214243070968 
0.088688972539 0.279719114956 0.18647940997 -0.0415215349517 
0.0922795386556 0.33450652576 0.223004350506 -0.0808032141437 
0.0928811590685 0.341079809747 0.227386539831 -0.0793127511809 
0.0997728428683 0.314236035623 0.209490690416 -0.0875785385866 
0.100598599989 0.198486989908 0.132324659938 -0.0251286010922 
0.104571494682 0.24383508491 0.162556723274 -0.03573488063 
0.114486437248 0.223575195121 0.149050130081 -0.0301586568305 
0.128436433596 0.26902282906 0.179348552706 -0.0586602030071 
0.150178090425 0.190695720453 0.127130480302 -0.0343431047955 
0.187936809437 0.257181800677 0.171454533785 -0.0353067900704 
0.250801927325 0.216606261795 0.14440417453 0.18816515209 
0.32729149953 0.221257676607 0.147505117738 0.0421379063241 
0.451996170268 0.221626403733 0.147750935822 0.0198938144681 
0.761066079225 0.653010842718 0.435340561812 0.00848956141349 
0.760276178646 0.413878617187 0.275919078124 0.0103812847599 
0.832140975214 0.166837134975 0.11122475665 0.0135633170844 
0.959609884302 0.134201882806 0.0894679218705 0.00977361398074 
1.03965946359 8.8268163236e-18 5.88454421573e-18 0.0123520288304 
1.15110383823 1.81621973257e-22 1.21081315504e-22 0.00395199835246 
1.22991660162 2.05122692123e-22 1.36748461415e-22 0.00247520468505 
1.30964664101 0.0774665341544 0.051644356103 0.000745005168142 
1.38136217222 0.171569149764 0.114379433176 -0.000407343456144 
1.43781560528 0.24212763156 0.16141842104 -0.0012076689818 
1.46878218469 0.272034638592 0.181356425728 -0.00138510572809 
1.48691640923 0.284136383804 0.189424255869 -0.0014565867838 
1.51972779974 0.323618502211 0.21574566814 -0.00213869840541 
1.54061391107 0.349588887816 0.233059258544 -0.00277897229633 
1.52813775418 0.323890107745 0.215926738496 -0.00241544639662 
1.49416513708 0.255921558986 0.170614372657 -0.00137315042052 
1.50854487947 0.28567845615 0.1904523041 -0.00228998996329 
1.49079151806 0.245050056833 0.163366704555 -0.0021243799663 
1.4617407829 0.179219255532 0.119479503688 -0.00136540266688 
1.47479867617 0.2125027043 0.141668469533 -0.00230861278345 
1.49109501345 0.249303551735 0.166202367823 -0.00304042168471 
1.49983363418 0.26650036992 0.17766691328 -0.00375200081384 
1.50499772121 0.27585163894 0.183901092627 -0.00405164466407 
1.52129746144 0.307352877461 0.204901918307 -0.0050131247222 
1.49890061387 0.260419239458 0.173612826305 -0.0046171055785 
1.47553775144 0.205546378367 0.137030918911 -0.00371785023858 
1.48519710283 0.231164237966 0.154109491977 -0.00416950123231 
1.52408235258 0.313118036495 0.208745357663 -0.00509233592198 
1.50967556893 0.287083495951 0.1913889973 -0.00457131321047 
1.52196672399 0.311269607265 0.20751307151 -0.00500945474397 
1.50166152469 0.266530383996 0.177686922664 -0.00436062997365 
1.47506782543 0.202633787537 0.135089191691 -0.00363556510835 
1.49192403827 0.241592793407 0.161061862272 -0.00427605271561 
1.50220727378 0.262495872489 0.174997248326 -0.00454666806694 
1.50180914856 0.259961297411 0.173307531607 -0.00436109091737 
1.51778866872 0.289998477641 0.193332318427 -0.00481287477275 
1.50410624165 0.260716690847 0.173811127231 -0.00437952495546 
1.50567365068 0.265963708906 0.17730913927 -0.00446445687502 
1.49882398432 0.251972786789 0.167981857859 -0.00421457659246 
1.46899404283 0.177693146802 0.118462097868 -0.00333608704886 
1.45382175556 0.147974502108 0.0986496680721 -0.00236122939296 
1.46038295665 0.17850969906 0.11900646604 -0.00244959442304 
1.46853206508 0.216219711046 0.144146474031 -0.00251134624187 
1.47889590322 0.259996306887 0.173330871258 -0.00256518555454 
1.45126475081 0.220310367047 0.146873578031 -0.00149012981071 
1.46414006856 0.276458897655 0.18430593177 -0.00210942770956 
1.42612498313 0.246041646293 0.164027764195 -0.00164350684993 
1.37427449999 0.188995835027 0.125997223351 0.000280499593038 
1.30561010765 0.0879922530049 0.0586615020033 0.0022001300226 
1.29507020745 0.209661006966 0.139774004644 0.00156069800757 
1.26335499658 0.33919188237 0.22612792158 0.00108534024607 
1.17321051427 0.405976949104 0.270651299402 0.00288996885327 
1.16923621233 0.564688890801 0.376459260534 0.00295711938146 
1.17405677741 0.68878852964 0.459192353093 0.00480512471299 
1.19549996068 0.808466783637 0.538977855758 0.00965364288714 
1.21545819487 0.893275887883 0.595517258589 0.0157329957869 
1.25278972282 0.952514371574 0.63500958105 0.0223309646206 
1.27221052994 0.993998012182 0.662665341455 0.029096875683 
1.27621224868 1.02284288405 0.681895256031 0.0349047113186 
1.28388062792 1.04156201633 0.694374677554 0.0393223985186 
1.28755437173 1.05483542393 0.703223615951 0.0426849095034 
1.2787181137 1.06658661625 0.711057744168 0.0456325628078 
1.28861455594 1.07116223912 0.71410815941 0.0473853343342 
1.28281700447 1.07739519393 0.718263462621 0.0488896079513 
1.27834803645 1.08204899164 0.721365994425 0.0504762423188 
1.27282414421 1.08572230166 0.723814867776 0.051978427505 
1.28224141008 1.08547425049 0.723649500325 0.051736382722 
1.28149216858 1.08621811412 0.724145409411 0.0518901089473 
1.28119433443 1.08657402707 0.724382684713 0.0517968120786 
1.2804718624 1.0872537894 0.7248358596 0.051674010808 
1.29534391322 1.0838314002 0.722554266802 0.0507109161882 
1.28790922212 1.08469324261 0.723128828409 0.0505838181431 
1.29421153683 1.08296544507 0.72197696338 0.0504001057851 
1.28675415331 1.08462472181 0.723083147876 0.0503867722069 
1.3001542287 1.08099292409 0.720661949396 0.0496153635229 
1.30074305147 1.08021914571 0.720146097138 0.0493374934321 
1.29292450424 1.0813860817 0.720924054469 0.0494372114354 
1.29380784813 1.08055024192 0.720366827949 0.0491767237067 
1.2918647042 1.08012147379 0.72008098253 0.0489164310147 
1.28259823926 1.08162691361 0.721084609071 0.0494893290047 
1.28370112392 1.08084325845 0.720562172299 0.0492858308692 
1.27424791945 1.08208464591 0.72138976394 0.0495701402537 
1.28116865341 1.08023825472 0.720158836481 0.0488856637347 
1.28687124032 1.07848811258 0.71899207505 0.048334840442 
1.30129538372 1.07496389953 0.716642599686 0.0475094440474 
1.30649432095 1.07366013214 0.715773421425 0.0473175773529 
1.29978192007 1.07490258698 0.716601724654 0.047433375375 
1.29463649189 1.07601244717 0.717341631448 0.0479395401687 
1.31015308578 1.07214646359 0.714764309059 0.0470084991307 
1.29597950715 1.07494650708 0.71663100472 0.0479194738941 
1.29181331829 1.07506062419 0.716707082797 0.0477175209065 
1.28308209057 1.07609828591 0.717398857274 0.0478808674814 
1.27906880619 1.07592004396 0.717280029308 0.0476651335157 
1.28565477624 1.07365769357 0.71577179571 0.0469223321655 
1.27571931648 1.07498658064 0.71665772043 0.0469607825976 
1.27459938522 1.07398884461 0.715992563073 0.0465425986672 
1.28211808796 1.0708055482 0.713870365466 0.045423924454 
1.28325308098 1.06690242806 0.711268285371 0.0442276506852 
1.28638940341 1.05936959109 0.706246394057 0.0424216077893 
1.28517865098 1.04790977083 0.698606513886 0.0390980182278 
1.26413210122 1.02140235236 0.680934901575 0.0321902398953 
1.22127287082 0.980394497086 0.653596331391 0.0245601400936 
1.1575725465 0.914977527425 0.609985018284 0.0161376282213 
1.03379906666 0.770193133072 0.513462088714 0.00811712246128 
0.814707873682 0.204351500735 0.136234333824 0.0084462925445 
0.960253529864 0.166656925025 0.111104616683 0.00804506909084 
1.05524587413 -1.14399418712e-17 -7.62662791416e-18 0.0116923643525 
1.16516536867 1.42647133911e-23 9.50980892743e-24 0.0104824319601 
1.25120250242 2.39281659552e-22 1.59521106368e-22 0.00944958416008 
1.31543369811 -3.79569831919e-22 -2.53046554613e-22 0.00924056808141 
1.37163296195 1.22485562027e-21 8.16570413514e-22 0.00630761163859 
1.41393566421 9.18842467594e-22 6.12561645062e-22 0.0038907513819 
1.41924820362 1.33629341197e-21 8.90862274646e-22 0.0062475665168 
1.43798312938 9.46019734836e-22 6.30679823224e-22 0.00465455022032 
1.4508582752 -1.06749490993e-21 -7.11663273288e-22 0.0034411101201 
1.46129844904 -5.86640986185e-22 -3.9109399079e-22 0.00149391359793 
1.47084327028 -7.56454614982e-23 -5.04303076655e-23 -0.000659948251813 
1.48041582634 6.47953438122e-22 4.31968958748e-22 -0.00245734821467 
1.48054240846 -3.91605115622e-22 -2.61070077081e-22 -0.00267710547246 
1.48808885867 1.99252963778e-22 1.32835309185e-22 -0.00419005634627 
1.48752699004 7.98922307424e-22 5.32614871616e-22 -0.00390742387027 
1.49052523734 9.10852625584e-23 6.07235083723e-23 -0.00478420561642 
1.49578435677 0.00677136762593 0.00451424508395 -0.00591895876524 
1.50355306904 0.0361012452424 0.0240674968283 -0.00628827571987 
1.50290091798 0.0391825355507 0.0261216903671 -0.00656530907647 
1.48057158656 -2.72650350935e-17 -1.81766900624e-17 -0.00328353069614 
1.47821191588 -6.55383594332e-22 -4.36922396221e-22 -0.00319667527462 
1.47458399527 1.86395798312e-22 1.24263865541e-22 -0.00329078350711 
1.48294553087 2.35961052896e-22 1.57307368597e-22 -0.00482091290212 
1.48480255796 -7.44241508989e-22 -4.96161005993e-22 -0.00533578139912 
1.48140905813 -2.14790317657e-22 -1.43193545105e-22 -0.00549748679192 
1.47778911932 6.42789798823e-22 4.28526532548e-22 -0.00474908493838 
1.46912742455 2.78727661415e-22 1.85818440943e-22 -0.00295116451545 
1.46814562651 8.24338144728e-22 5.49558763152e-22 -0.00263792788278 
1.46129525697 -4.95631932063e-22 -3.30421288042e-22 -0.000651412759058 
1.46825405539 1.95381383699e-22 1.30254255799e-22 -0.00199599789259 
1.46737824419 5.56110472197e-22 3.70740314798e-22 -0.00187067890944 
1.46080296314 1.88637734641e-22 1.25758489761e-22 0.000194947260212 
1.46170246795 -3.25923658571e-22 -2.17282439048e-22 0.000238719210154 
1.45933409357 -7.75103088129e-23 -5.16735392086e-23 6.45024849608e-05 
1.46417889466 1.39667959316e-21 9.31119728774e-22 -0.000578769542971 
1.4686315423 -3.00075986128e-22 -2.00050657419e-22 -0.0016390330655 
1.46531390815 1.11765714501e-21 7.45104763337e-22 -0.000892545209717 
1.47882301866 4.7100580992e-22 3.1400387328e-22 -0.00315009526545 
1.47347411948 1.71109758041e-21 1.14073172027e-21 -0.0024202178245 
1.47244861908 -2.76802156662e-22 -1.84534771108e-22 -0.00261625483158 
1.46821226941 -2.19207085768e-22 -1.46138057178e-22 -0.00173143250996 
1.46825917881 -1.0964773479e-21 -7.30984898601e-22 -0.00195461386525 
1.47107718182 7.20633053866e-22 4.80422035911e-22 -0.0023851058611 
1.46064175966 -2.96179454736e-22 -1.97452969824e-22 -4.50619567742e-05 
1.45215485763 -5.03432158805e-23 -3.35621439203e-23 0.000314165532336 
1.43782650374 -3.18995864485e-22 -2.12663909657e-22 0.00272700421254 
1.42442937226 -7.71463746439e-22 -5.14309164293e-22 0.00384401717867 
1.39845173087 7.46257480434e-22 4.97504986956e-22 0.00584562751948 
1.29921445091 -4.30932277989e-18 -2.87288185326e-18 0.0103515273592 
1.18028387113 1.69584681693e-17 1.13056454462e-17 0.0136058766226 
1.06152939165 0.0200836172755 0.0133890781837 0.0129416490925 
0.912209676463 0.0504484501712 0.0336323001141 0.0176457537748 
0.770632048467 0.333838523187 0.222559015458 0.0146548037689 
0.522286960645 0.0202449118657 0.0134966079104 0.0608643916007 
0.384349093309 0.0765486892314 0.0510324594876 0.164570276627 
0.288204643355 0.169183506925 0.112789004616 0.282455869446 
0.245963837613 0.202220503085 0.134813668723 0.475402581866 
0.202201007999 0.248205769513 0.165470513009 0.523598775598 
0.162624362729 0.290858073806 0.193905382537 0.523598775598 
0.145457700552 0.302605308313 0.201736872209 0.523598775598 
0.128898253216 0.318541155407 0.212360770271 0.523598775598 
0.113566866541 0.337159197957 0.224772798638 0.523598775598 
0.100529315782 0.355739939769 0.237159959846 0.523598775598 
0.0991457886003 0.35419222666 0.236128151106 0.523598775598 
0.0947446016784 0.35965283333 0.239768555553 0.523598775598 
0.0967619929027 0.354189316964 0.236126211309 0.523598775598 
0.107048262484 0.335051901923 0.223367934615 0.523598775598 
0.0940299503223 0.356747635474 0.237831756983 0.523598775598 
0.0843606211476 0.373989312316 0.24932620821 0.523598775598 
0.0783590688968 0.385164545754 0.256776363836 0.523598775598 
0.0783590688968 0.385164545754 0.256776363836 0.523598775598 
0.0758044834003 0.389828110501 0.259885407 0.523598775598 
0.0807620513996 0.381531798643 0.254354532429 0.523598775598 
0.0919313255877 0.36108822151 0.240725481007 0.523598775598 
0.106404020509 0.336687608233 0.224458405489 0.523598775598 
0.105199556678 0.336688732504 0.224459155003 0.523598775598 
0.105199556678 0.336688732504 0.224459155003 0.523598775598 
0.116434729045 0.318938356595 0.212625571063 0.523598775598 
0.116434729045 0.318938356595 0.212625571063 0.523598775598 
0.11042955278 0.329126807691 0.219417871794 0.523598775598 
0.100111073489 0.347473740788 0.231649160525 0.523598775598 
0.100111073489 0.347473740788 0.231649160525 0.523598775598 
0.101750686049 0.346870620216 0.231247080144 0.523598775598 
0.107593090805 0.337899725346 0.225266483564 0.523598775598 
0.100212037096 0.355582403311 0.237054935541 0.523598775598 
0.103910701574 0.356840837755 0.237893891837 0.523598775598 
0.107841637391 0.358178508512 0.238785672341 0.523598775598 
0.112951629445 0.360420056031 0.240280037354 0.523598775598 
0.136976299002 0.332753307071 0.221835538047 0.523598775598 
0.128216697908 0.36617625071 0.244117500473 0.229070786693 
0.177310023157 0.518463588251 0.345642392167 0.0203734035849 
0.237774131942 0.614818114244 0.40987874283 0.0112142143853 
0.302097838355 0.686410330073 0.457606886716 0.0102044669822 
0.410372510668 0.792191788879 0.528127859253 0.0102629834899 
0.518294915662 0.842752155124 0.561834770083 0.0104660909178 
0.674997544445 0.934658520138 0.623105680092 0.0188921540755 
0.67151576927 0.944560753579 0.629707169053 0.0243879545924 
0.666894413235 0.958186528494 0.638791018996 0.031518471939 
0.662470184574 0.97158236788 0.647721578586 0.0384008792814 
0.657703201654 0.986145209815 0.657430139877 0.0461198813529 
0.650443401489 0.996083199751 0.664055466501 0.0599520633315 
0.64680737582 1.00599128375 0.670660855833 0.0651785620097 
0.643176908094 1.01437768162 0.676251787748 0.0713758964574 
0.597441748499 1.02443414564 0.68295609709 0.0927673989717 
0.588750958739 1.04200903357 0.694672689045 0.113332984557 
0.58710593675 1.04637896975 0.697585979833 0.116367405977 
0.583870889084 1.05936192978 0.706241286518 0.124122843765 
0.563715504432 1.05733563945 0.704890426298 0.153327509479 
0.560747154407 1.06935652604 0.712904350695 0.158673050883 
0.557966640851 1.07486140156 0.716574267705 0.162704759816 
0.519744382219 1.0640377047 0.709358469797 0.191097915022 
0.5181838963 1.07341437615 0.7156095841 0.195420903635 
0.515543853478 1.08986514262 0.726576761746 0.203634771079 
0.427233124379 1.08600712284 0.724004748559 0.260740909825 
0.426140225572 1.10820616655 0.738804111031 0.272513846411 
0.42466541374 1.12686118731 0.751240791543 0.281168644958 
0.381418221862 1.16633351905 0.777555679366 0.26990446815 
0.38062064645 1.1959001629 0.797266775269 0.282342301083 
0.350629141218 1.25248117698 0.834987451319 0.23520467302 
0.317466198804 1.29372891561 0.862485943742 0.205482125151 
0.295268818971 1.32844334626 0.885628897504 0.173448343289 
0.226338141408 1.36840516697 0.912270111316 0.135931325332 
0.186359058722 1.40030638699 0.933537591325 0.0996738125669 
0.147228697895 1.42807663898 0.952051092651 0.0700997722472 
0.106862278465 1.45467944702 0.969786298013 0.0423146390424 
0.0779742649293 1.47261968553 0.981746457017 0.023201417243 
0.0525646589562 1.48829133929 0.99219422619 0.00915406646966 
0.0538338037739 1.49881116396 0.999207442639 0.00129374459855 
0.314093848353 1.49946902889 0.999646019263 0.0398632504927 
0.391132873963 1.50139949602 1.00093299735 0.0528279033611 
0.44645791651 1.50403563581 1.00269042387 0.0666122939418 
0.4937790373 1.50848337703 1.00565558469 0.0859434763266 
0.527539122288 1.51072728375 1.0071515225 0.100519514118 
0.551472838576 1.51145507753 1.00763671835 0.111629970384 
0.570995583972 1.51244684999 1.00829789999 0.123997807736 
0.585520837375 1.51231425878 1.00820950585 0.132046656127 
0.595845762598 1.51219578505 1.00813052337 0.138094802831 
0.60305540942 1.51188602504 1.00792401669 0.142163197547 
0.610913558932 1.51206930941 1.00804620627 0.149043236599 
0.61969952909 1.51232844277 1.00821896185 0.159127505895 
0.624264352591 1.5117985702 1.00786571347 0.163527214582 
0.623557803338 1.51110354151 1.00740236101 0.159744966078 
0.619998605177 1.5100818041 1.00672120273 0.151787092173 
0.625215279819 1.51087867986 1.00725245324 0.1637704322 
0.626692123776 1.51130986832 1.00753991221 0.169314639458 
0.62927197544 1.51162464711 1.00774976474 0.179382754879 
0.625642956109 1.5110529305 1.00736862033 0.175653338703 
0.616620846447 1.51031022478 1.00687348319 0.16700216462 
0.60236906941 1.50908167975 1.00605445316 0.151348264492 
0.595658320001 1.50878582342 1.00585721561 0.148298554367 
0.582804512863 1.50709990226 1.00473326817 0.137956536126 
0.565037099763 1.50686934541 1.0045795636 0.129523541827 
0.537321973735 1.50461303224 1.00307535483 0.114873165831 
0.431657514381 1.49402509812 0.996016732081 0.0714948561855 
0.283217201931 1.48220094555 0.988133963702 0.0390315224211 
0.0884741504275 1.46391293187 0.975941954582 0.0174996997641 
0.13422086608 1.43447243995 0.956314959969 0.0422693746132 
0.177452795614 1.40505959711 0.936706398072 0.0684192705862 
0.220173171425 1.37363557225 0.915757048165 0.102003482634 
0.234337290232 1.33706189446 0.891374596307 0.14327532403 
0.265216575608 1.30229123435 0.868194156234 0.195779124399 
0.301155441425 1.25659398697 0.837729324647 0.249685511853 
0.326384285935 1.20204732239 0.801364881591 0.318353431065 
0.334885383888 1.13159157819 0.754394385461 0.396800636767 
0.0664657052165 1.06736868882 0.711579125882 0.523598775598 
0.154060959852 1.00214199832 0.668094665547 0.523598775598 
0.220518873244 0.948168207525 0.63211213835 0.523598775598 
0.274767906029 0.885257433696 0.590171622464 0.523598775598 
0.326110614927 0.799629096872 0.533086064581 0.523598775598 
0.369687561853 0.706484240708 0.470989493806 0.523598775598 
0.405308508087 0.623513684969 0.415675789979 0.523598775598 
0.430070650991 0.54814734763 0.365431565087 0.514852685744 
0.721901572534 0.800978337875 0.533985558583 0.0925279801591 
0.737377042659 0.769231469831 0.512820979887 0.0585700360543 
0.74349632732 0.759329102755 0.506219401836 0.0406522629332 
0.745604125823 0.756134960253 0.504089973502 0.027351757018 
0.743497143496 0.75922608614 0.506150724093 0.015934010999 
0.719571622744 0.793822386358 0.529214924239 0.0115407537366 
0.705129731552 0.818212802352 0.545475201568 0.00626320133946 
0.69470793975 0.837144644815 0.558096429877 0.00239724841045 
0.679260019276 0.865897192978 0.577264795319 0.00145547023708 
0.667299033451 0.889477840792 0.592985227195 0.00092495957557 
0.662262319294 0.899572478624 0.599714985749 -5.59631085151e-05 
0.653646599134 0.915494983165 0.610329988777 -0.000495668100281 
0.649219180823 0.92448777176 0.616325181174 0.000908082294174 
0.646494968601 0.929122055014 0.619414703342 0.000346573918786 
0.642172515746 0.938198294293 0.625465529529 0.00118143738691 
0.643459543318 0.931588955302 0.621059303535 -8.58469556624e-05 
0.640836182168 0.935280684572 0.623520456382 0.00100746285851 
0.640836182168 0.935280684572 0.623520456382 0.00100746285851 
0.638373606711 0.93787916333 0.625252775553 -0.000654317157426 
0.635562882651 0.941146105859 0.627430737239 -0.00101059594113 
0.629838515527 0.953443372361 0.635628914907 0.000694557367692 
0.627311231951 0.95552027514 0.63701351676 0.000150644287686 
0.627654292355 0.949983205964 0.633322137309 -0.00120456025595 
0.628827349942 0.941469532442 0.627646354961 -0.00229746509459 
0.625518277155 0.944820144244 0.629880096162 -0.000563562767389 
0.626728244087 0.935958541721 0.623972361148 -0.00086784949891 
0.15219823659 0.303525174054 0.202350116036 0.0962963813511 
0.170730630863 0.317812021387 0.211874680925 0.0966701039711 
0.221686260955 0.414933526792 0.276622351194 0.00297554940374 
0.297461795918 0.56252197426 0.375014649507 0.0035203044443 
0.42320705644 0.702105886097 0.468070590731 0.00433277884971 
0.712354447259 0.865429750627 0.576953167085 0.0101373735558 
0.723656146284 0.840573103659 0.560382069106 0.0139541427639 
0.731191553419 0.825404487722 0.550269658481 0.0209540653074 
0.748913713475 0.791160964205 0.527440642803 0.0222347445155 
0.768272305102 0.75602257103 0.504015047353 0.0241039380266 
0.780435138102 0.73513689031 0.490091260206 0.02844759054 
0.800843688648 0.702597760413 0.468398506942 0.0275488332101 
0.811484125625 0.680740659462 0.453827106308 0.0387019851276 
0.758607398095 0.604349521987 0.402899681324 0.0497147215239 
0.758607398095 0.604349521987 0.402899681324 0.0497147215239 
0.771957753037 0.594448618006 0.396299078671 0.0646296370567 
0.771957753037 0.594448618006 0.396299078671 0.0646296370567 
0.745370477313 0.615094138231 0.410062758821 0.0947299303115 
0.715188339602 0.64625310372 0.43083540248 0.120226487559 
0.638389014649 0.742154281659 0.494769521106 0.18751606083 
0.596290095751 0.838104597145 0.558736398096 0.251212065439 
0.527374827093 0.922761054022 0.615174036015 0.267262308009 
0.441354270541 1.02654047673 0.684360317819 0.303061814614 
0.378012299793 1.12763759806 0.751758398706 0.308199387313 
0.353537360302 1.22399394715 0.81599596477 0.239425458519 
0.27437878379 1.32383781618 0.882558544123 0.166778268422 
0.199228836916 1.39027568934 0.926850459563 0.103325035988 
0.125544378309 1.44306528551 0.962043523676 0.0579663485193 
0.060596899315 1.48517264779 0.990115098525 0.022746300331 
0.428626163999 1.49916199734 0.999441331562 0.0883735413574 
0.564823497814 1.50458491082 1.00305660721 0.148674255428 
0.67870101329 1.4952716676 0.996847778398 0.244949729243 
0.749549899682 1.48352048784 0.989013658559 0.330258255051 
0.762826428129 1.49377582652 0.995850551015 0.326186032705 
0.76397053253 1.50575385826 1.00383590551 0.302299202151 
0.770561568197 1.51166254313 1.00777502875 0.300381602524 
0.777442332655 1.51198670544 1.00799113696 0.29704042926 
0.768303419811 1.52385193149 1.01590128766 0.273382779227 
0.772397132018 1.52392788729 1.01595192486 0.271816428735 
0.774409303932 1.52433597537 1.01622398358 0.271101111561 
0.776326876323 1.52594220331 1.01729480221 0.270446851922 
0.776533088136 1.52752513578 1.01835009052 0.270704430127 
0.778227314294 1.52849877789 1.01899918526 0.269490340606 
0.778420737705 1.53039793063 1.02026528708 0.269800571472 
0.779844148811 1.53132566177 1.02088377451 0.267508832597 
0.779675660347 1.52984489232 1.01989659488 0.267217966329 
0.779810524906 1.53097851702 1.02065234468 0.267380399073 
0.779890837936 1.53160310893 1.02106873929 0.267446024321 
0.78179474366 1.53048304854 1.02032203236 0.265572864567 
0.781913107033 1.5315082378 1.02100549187 0.265714798223 
0.775887735074 1.53704704961 1.02469803307 0.24488622503 
0.775966340754 1.53757325059 1.02504883373 0.244960612198 
0.778934236182 1.53684364597 1.02456243065 0.243832662933 
0.780731799736 1.53597842607 1.02398561738 0.243233005248 
0.783713243645 1.5347325569 1.02315503793 0.242371332024 
0.783867162303 1.5357577884 1.0238385256 0.24252676678 
0.786326882952 1.53615364348 1.02410242899 0.241823126723 
0.786495093407 1.53751195575 1.0250079705 0.242022184019 
0.786685078594 1.53883158424 1.02588772283 0.242195042075 
0.789322272452 1.53811023256 1.02540682171 0.240747643405 
0.791792617968 1.53630112636 1.02420075091 0.239564287398 
0.791870219599 1.53666929675 1.02444619783 0.239605330445 
0.795042800922 1.53694476892 1.02462984594 0.238415634068 
0.798116606267 1.53805042141 1.02536694761 0.237112532559 
0.802672262309 1.54023113399 1.02682075599 0.234914510199 
0.803457188733 1.55311887057 1.03541258038 0.182512490502 
0.815105749365 1.56463768702 1.04309179135 0.118230281895 
0.827959111883 1.57721216789 1.05147477859 -0.0340312842374 
0.858043433229 1.48733724429 0.99155816286 -0.523598775598 
0.878191245727 1.50520328525 1.00346885683 -0.523598775598 
0.898867130658 1.52198548397 1.01465698932 -0.523598775598 
0.919549186955 1.53835336606 1.02556891071 -0.523598775598 
0.937835580945 1.55630899021 1.0375393268 -0.504463939579 
0.958601433953 1.57821634613 1.05214423075 -0.454873909186 
0.978099701143 1.59038909108 1.06025939405 -0.422557854905 
0.991811297535 1.59893490433 1.06595660288 -0.401143657387 
1.00206811274 1.60445228657 1.06963485771 -0.386665770688 
1.00810704852 1.60756122476 1.07170748318 -0.379446249403 
1.01117156563 1.60903667816 1.07269111878 -0.376095765836 
1.01179561181 1.61073479043 1.07382319362 -0.373779659825 
1.009461858 1.6105512868 1.07370085787 -0.376441363729 
1.00576768318 1.61247452234 1.0749830149 -0.376998579125 
1.00120714971 1.61125781915 1.07417187943 -0.382075475474 
0.994580895643 1.60844552868 1.07229701912 -0.39105958544 
0.98673652425 1.60494716252 1.06996477502 -0.401868082414 
0.975221414626 1.59973407826 1.06648938551 -0.418355860086 
0.953501494974 1.5900039585 1.060002639 -0.449295173709 
0.929254896036 1.57520736037 1.05013824025 -0.490312392531 
0.906395415535 1.55431147423 1.03620764949 -0.523598775598 
0.885290837832 1.53634343503 1.02422895669 -0.523598775598 
0.862344183257 1.51339583391 1.00893055594 -0.523598775598 
0.838504588644 1.48916753783 0.992778358552 -0.523598775598 
0.812710624489 1.45856749302 0.972378328682 -0.523598775598 
0.785399127956 1.42755765224 0.951705101491 -0.523598775598 
0.761030163388 1.3957791513 0.930519434198 -0.523598775598 
0.732663534845 1.35475620657 0.90317080438 -0.523598775598 
0.697272907988 1.32084528368 0.880563522452 -0.518744726844 
0.308042102512 1.45773329317 0.971822195445 0.0607542731095 
0.162872858398 1.41484400759 0.943229338396 0.0560682840276 
0.230579536567 1.36496289182 0.909975261215 0.0875140311176 
0.297196846109 1.30909197384 0.872727982562 0.124353480668 
0.373188924799 1.23175670042 0.821171133611 0.164507664821 
0.417692813386 1.14216585179 0.761443901196 0.214326448946 
0.481864413079 1.03436313121 0.68957542081 0.234870045606 
0.545445532214 0.93049290688 0.620328604587 0.237988088088 
0.606570067951 0.8333699256 0.5555799504 0.222767428211 
0.6746822793 0.728256795587 0.485504530392 0.179454366052 
0.746489188578 0.627290823077 0.418193882051 0.134464543668 
0.793247791867 0.573385032299 0.3822566882 0.105234300256 
0.791232047488 0.313644970737 0.209096647158 0.113339349833 
0.842242169736 0.291647076379 0.194431384252 0.0903378090326 
0.878319705936 0.269405558305 0.179603705536 0.0703636646083 
0.905621310474 0.247258279208 0.164838852805 0.0593067078004 
0.905621310474 0.247258279208 0.164838852805 0.0593067078004 
0.905621310474 0.247258279208 0.164838852805 0.0593067078004 
0.905621310474 0.247258279208 0.164838852805 0.0593067078004 
0.88131316759 0.238870876972 0.159247251314 0.0699512253543 
0.88131316759 0.238870876972 0.159247251314 0.0699512253543 
0.88131316759 0.238870876972 0.159247251314 0.0699512253543 
0.851030632404 0.238380837132 0.158920558088 0.0727344637989 
0.851030632404 0.238380837132 0.158920558088 0.0727344637989 
0.830739300694 0.239389233018 0.159592822012 0.0815312915087 
0.830739300694 0.239389233018 0.159592822012 0.0815312915087 
0.830739300694 0.239389233018 0.159592822012 0.0815312915087 
0.830739300694 0.239389233018 0.159592822012 0.0815312915087 
0.830739300694 0.239389233018 0.159592822012 0.0815312915087 
0.830739300694 0.239389233018 0.159592822012 0.0815312915087 
0.830739300694 0.239389233018 0.159592822012 0.0815312915087 
0.830739300694 0.239389233018 0.159592822012 0.0815312915087 
0.830739300694 0.239389233018 0.159592822012 0.0815312915087 
0.847681213063 0.230445647133 0.153630431422 0.0730653591189 
0.847681213063 0.230445647133 0.153630431422 0.0730653591189 
0.868824424799 0.220512631694 0.147008421129 0.0829208167096 
0.903919427968 0.202753209098 0.135168806065 0.0759992944344 
0.926168068951 0.0461630938819 0.0307753959212 0.0566586697956 
0.963773564502 0.0373483427794 0.0248988951863 0.0670390782307 
1.00706195707 0.0223764284721 0.0149176189814 0.0582980955382 
1.04475152699 0.00499183492852 0.00332788995235 0.0506574716251 
1.09414672929 4.25223706942e-20 2.83482471295e-20 0.0371147194807 
1.13120340422 5.43425878192e-23 3.62283918795e-23 0.0266011658671 
1.1656135828 -5.99109829997e-22 -3.99406553331e-22 0.0168142558664 
1.18613089385 4.38208218706e-22 2.92138812471e-22 0.0143392919504 
1.21931876452 2.52384845969e-23 1.68256563979e-23 0.00224501536166 
1.23449514903 -6.91806280334e-22 -4.61204186889e-22 0.00340725908851 
1.22819943206 2.45712235074e-22 1.63808156716e-22 0.00675719845813 
1.23589319917 -2.1169217892e-22 -1.4112811928e-22 0.00261942861753 
1.23589319917 -2.1169217892e-22 -1.4112811928e-22 0.00261942861753 
1.24285194858 -3.42812840741e-22 -2.28541893827e-22 0.00310224636726 
1.25202712829 5.96295075678e-22 3.97530050452e-22 -0.00121590291157 
1.24959836775 -6.86881372901e-22 -4.57920915267e-22 0.00240758766257 
1.24959836775 -6.86881372901e-22 -4.57920915267e-22 0.00240758766257 
1.24224608713 1.69534858704e-22 1.13023239136e-22 0.00720620020725 
1.24491975247 -1.14410492825e-21 -7.62736618831e-22 0.0031104325072 
1.25197888013 8.85180486733e-22 5.90120324489e-22 0.000936610502344 
1.24627032829 -1.19145930797e-22 -7.94306205314e-23 0.00501672794936 
1.24627032829 -1.19145930797e-22 -7.94306205314e-23 0.00501672794936 
1.23052561187 -1.31426889077e-22 -8.76179260513e-23 0.00671609718308 
1.21322013452 -1.41611315435e-22 -9.4407543623e-23 0.0101159836972 
1.20102715719 8.67373319269e-23 5.78248879513e-23 0.0106320703747 
1.20102715719 8.67373319269e-23 5.78248879513e-23 0.0106320703747 
1.20239489986 2.94010689455e-22 1.96007126303e-22 0.00470080892281 
1.18825279984 3.74834655017e-22 2.49889770011e-22 0.0078468910671 
1.17424313292 -1.14920402274e-22 -7.66136015158e-23 0.00386374760924 
1.13557072738 1.41066186479e-22 9.40441243194e-23 0.0109661150855 
1.09553273914 0.0 0.0 0.00889500836344 
1.0509163126 0.00349579515171 0.00233053010114 0.0113179067654 
0.989391790724 0.0123695202133 0.00824634680884 0.0128542544457 
0.940862425243 0.0207159445599 0.0138106297066 0.0122743479284 
0.885073255674 0.0320105082916 0.0213403388611 0.0126251820845 
0.828686325714 0.0447750290654 0.0298500193769 0.0128070155533 
0.808430259155 0.21822966878 0.145486445853 0.00847453517351 
0.755675618078 0.232098368915 0.154732245944 0.0066509949902 
0.704879052081 0.246340512228 0.164227008152 0.00408921044547 
0.667053788339 0.257960047921 0.171973365281 0.00364086938549 
0.761295778622 0.577314564814 0.384876376543 0.00214133375799 
0.745004623801 0.589508754419 0.393005836279 0.00286800396705 
0.734663107152 0.597855024976 0.398570016651 0.00433174624506 
0.744536201485 0.591107585437 0.394071723624 -0.000864710162415 
0.759649338302 0.579911135944 0.386607423963 -0.00427283947365 
0.758205513372 0.581004003718 0.387336002479 -0.00517832206947 
0.755268739609 0.583202174336 0.388801449557 -0.00494675589788 
0.747300606878 0.589333272169 0.392888848113 -0.00365211103731 
0.747300606878 0.589333272169 0.392888848113 -0.00365211103731 
0.744293064119 0.591911978964 0.394607985976 -0.0023629825766 
0.749262956803 0.58876022034 0.39250681356 -0.00331540330202 
0.751364638015 0.587478104021 0.391652069348 -0.00379444349097 
0.756400347284 0.584002773866 0.389335182577 -0.0044129317528 
0.766402416853 0.576636155416 0.38442410361 -0.00554377655707 
0.768275392381 0.575174371686 0.383449581124 -0.00499091586072 
0.768275392381 0.575174371686 0.383449581124 -0.00499091586072 
0.780774626427 0.565922421256 0.37728161417 -0.00646239215459 
0.783858754515 0.563511142417 0.375674094945 -0.0063942251037 
0.788708749119 0.559770017974 0.373180011983 -0.00692479995355 
0.788708749119 0.559770017974 0.373180011983 -0.00692479995355 
0.781337245593 0.564232944131 0.376155296087 -0.00507278718415 
0.776266773857 0.567166230874 0.378110820583 -0.00389854749478 
0.786697758809 0.559281330979 0.372854220653 -0.00472312300536 
0.781466148003 0.562028854902 0.374685903268 -0.00189500642853 
0.791122069992 0.554528183598 0.369685455732 -0.00251830919147 
0.799699698725 0.548050551096 0.365367034064 -0.00283490345806 
0.81158200004 0.539329110509 0.359552740339 -0.00264511154087 
0.82673510489 0.52840652706 0.35227101804 -0.00437225994832 
0.843453206209 0.517014485517 0.344676323678 -0.00392678365859 
0.772546976668 0.334431159025 0.222954106016 -0.0016596630463 
0.827168931129 0.315602696236 0.210401797491 -0.00351520789889 
0.883855454469 0.29555146019 0.197034306794 -0.000578770966369 
0.896258022821 0.0589068829559 0.0392712553039 0.00240472803798 
0.97577187698 0.0416980324765 0.0277986883177 0.00382886975873 
1.05605798662 1.24470307947e-17 8.29802052978e-18 0.00553772946174 
1.12107739709 9.88069871834e-23 6.58713247889e-23 0.00992988070519 
1.18739416316 2.44192659964e-22 1.62795106643e-22 0.00827092484938 
1.23154021627 -1.70109212222e-22 -1.13406141481e-22 0.00788851288912 
1.2521758749 7.85456927483e-22 5.23637951655e-22 0.0113643605337 
1.27035066703 -2.34947864983e-22 -1.56631909988e-22 0.0136451453631 
1.29038346404 -3.83318117136e-22 -2.55545411424e-22 0.0106111982134 
1.30023304445 9.07910941532e-22 6.05273961022e-22 0.00977215911477 
1.30023304445 9.07910941532e-22 6.05273961022e-22 0.00977215911477 
1.30431589438 -2.50992765527e-22 -1.67328510351e-22 0.0087215107039 
1.31255799118 2.66818621739e-22 1.77879081159e-22 0.00714500241672 
1.31218301009 5.1031963993e-22 3.40213093287e-22 0.00637935041913 
1.31164263362 -6.62518337387e-22 -4.41678891591e-22 0.00505721706327 
1.30456573041 -3.56798851904e-22 -2.37865901269e-22 0.00611394174142 
1.30082686885 3.39654623576e-23 2.26436415717e-23 0.00567554864315 
1.30027438848 -4.5443553922e-23 -3.02957026147e-23 0.00459053713592 
1.28738552419 -1.51942356319e-22 -1.01294904213e-22 0.00645872995753 
1.28600617666 -3.03463337327e-23 -2.02308891552e-23 0.00546931350976 
1.28000727043 2.98880931855e-22 1.9925395457e-22 0.00608531890157 
1.26718209894 6.73907855482e-22 4.49271903655e-22 0.00817425948539 
1.25608441222 7.56939496938e-22 5.04626331292e-22 0.0104844003947 
1.24642206555 -2.14007719254e-22 -1.42671812836e-22 0.011290139989 
1.2337307499 -2.7904247392e-22 -1.86028315946e-22 0.0131004642732 
1.22380904893 4.54068287127e-22 3.02712191418e-22 0.0116003953379 
1.21221542595 3.67129656585e-22 2.4475310439e-22 0.0109678757233 
1.19634127041 -1.80461768852e-22 -1.20307845901e-22 0.00869663767157 
1.1572200794 -6.14979064078e-20 -4.09986042719e-20 0.0129937310339 
1.13558088333 9.32459472931e-19 6.21639648621e-19 0.0070537434697 
1.06451428781 3.03958642558e-18 2.02639095038e-18 0.00808168882714 
0.987253910225 0.0142475984828 0.00949839898856 0.0120385375911 
0.90265816516 0.031258786116 0.020839190744 0.0140898477641 
0.797171301467 0.0541267257407 0.0360844838272 0.0176547440609 
0.767100052091 0.352679201305 0.235119467537 0.0137332571911 
0.676024002331 0.386566777148 0.257711184766 0.012723177769 
0.634662724562 0.579526934373 0.386351289582 0.0122478081642 
0.478760642811 0.552253597939 0.368169065292 0.0198762809732 
0.347156220289 0.458906789616 0.305937859744 0.0348420210886 
0.253856376124 0.408052646397 0.272035097598 0.0655634627068 
0.193366522233 0.404685300411 0.269790200274 0.106366405666 
0.149639960901 0.369616321032 0.246410880688 0.291030176945 
0.116734460071 0.406223833452 0.270815888968 0.293531703611 
0.0954287821934 0.423917668024 0.282611778683 0.295081928093 
0.089070463696 0.415102341908 0.276734894605 0.295478878057 
0.0728569052572 0.441410622108 0.294273748072 0.296267492669 
0.0663253789647 0.446650122963 0.297766748642 0.296600110113 
0.0688327721553 0.432322416665 0.288214944444 0.296234090349 
0.0649512891716 0.43702441966 0.291349613106 0.296460580451 
0.0582984841674 0.44932292123 0.299548614153 0.296539201758 
0.0757078114005 0.408008636716 0.272005757811 0.29506844603 
0.069585845933 0.425140750753 0.283427167168 0.295073244561 
0.0713861866771 0.425320286456 0.283546857637 0.295102232186 
0.0854914567343 0.395437711898 0.263625141265 0.294801492438 
0.0906208493145 0.39283325698 0.261888837987 0.295504781197 
0.099551134979 0.38269786619 0.255131910793 0.2958887861 
0.111347005241 0.364859021747 0.243239347831 0.295993975663 
0.113250083111 0.377233505874 0.251489003916 0.295282897856 
0.129310382553 0.365196669522 0.243464446348 0.291726891292 
0.201878332002 0.571628260576 0.381085507051 0.0029263556408 
0.253186116267 0.63459920021 0.423066133473 0.00169390222902 
0.316143581967 0.720905427147 0.480603618098 0.00378886482875 
0.380518664193 0.778016896807 0.518677931205 0.00471475854684 
0.410388365626 0.777128797862 0.518085865241 0.00341573526964 
0.495648472137 0.852788096544 0.568525397696 0.00667545933804 
0.498293430865 0.843429949273 0.562286632849 0.00613051926686 
0.492353380912 0.824593235914 0.549728823943 0.006342025614 
0.506642248573 0.833963503185 0.55597566879 0.010373644011 
0.487332796231 0.828891012586 0.552594008391 0.0206414158312 
0.483560186064 0.842498017692 0.561665345128 0.0354293473651 
0.507167499419 0.889745553737 0.593163702492 0.0515897010426 
0.422677000114 0.851780696482 0.567853797655 0.0723139440213 
0.398942790124 0.868567745078 0.579045163386 0.0908282178046 
0.33392919257 0.827379128418 0.551586085612 0.115213129327 
0.321600230571 0.847994070846 0.565329380564 0.127335375167 
0.287403597072 0.824640421217 0.549760280811 0.147224568094 
0.256641824509 0.79184716005 0.5278981067 0.169815450093 
0.256813954789 0.814569261773 0.543046174515 0.172034866904 
0.259447330851 0.832098229431 0.554732152954 0.17346050311 
0.262196916096 0.842188553549 0.5614590357 0.174299896074 
0.242372901731 0.807743609325 0.53849573955 0.190457797424 
0.232551504524 0.787765254731 0.525176836487 0.202385524086 
0.230125539012 0.78549803566 0.523665357107 0.205663174777 
0.232546302732 0.787036664653 0.524691109769 0.206288625531 
0.241050662361 0.8025273976 0.535018265067 0.199684384782 
0.252446132314 0.821152040856 0.547434693904 0.191787011143 
0.252119427848 0.816398226885 0.54426548459 0.193291602751 
0.253080522342 0.810666817056 0.540444544704 0.194617865808 
0.241262515231 0.775456652187 0.516971101458 0.209768205333 
0.226410285411 0.732004494626 0.488002996417 0.234121007843 
0.227269359264 0.72152838503 0.481018923354 0.239409342351 
0.23638549588 0.729238194409 0.486158796272 0.231501834773 
0.25904621048 0.768714121824 0.512476081216 0.2067022873 
0.253327857208 0.752051444723 0.501367629816 0.213613825415 
0.262230273831 0.770055823034 0.513370548689 0.203230676364 
0.26601780451 0.784162034127 0.522774689418 0.195813259943 
0.249924348497 0.758235946437 0.505490630958 0.206371827032 
0.263353907433 0.802255897162 0.534837264775 0.180237546088 
0.248147978963 0.7963611977 0.530907465134 0.163359666358 
0.238765369803 0.792044093387 0.528029395591 0.136887931316 
0.222056191881 0.750316768712 0.500211179141 0.11691457604 
0.224873054179 0.758699424716 0.505799616477 0.0859598091547 
0.216796842288 0.742863260218 0.495242173479 0.0667475322121 
0.206494117112 0.723778163647 0.482518775765 0.0520153630187 
0.187623258864 0.670408530949 0.446939020633 0.0434393482851 
0.178044571461 0.640267614174 0.426845076116 0.035847485068 
0.157938884907 0.54043306466 0.360288709773 0.0366955162957 
0.16457595999 0.604336003604 0.402890669069 0.0217877724961 
0.162403217161 0.591452708423 0.394301805615 0.0184004695391 
0.164306307333 0.613173359003 0.408782239336 0.0141544127139 
0.155664533489 0.573138628411 0.38209241894 0.0133233916832 
0.153824067934 0.563697826788 0.375798551192 0.0126870557362 
0.14959476666 0.537101903847 0.358067935898 0.0105929717514 
0.157198889707 0.590480754798 0.393653836532 0.00873258886766 
0.150974265184 0.538741287118 0.359160858079 0.00747331844652 
0.149040067564 0.527751949331 0.351834632887 0.00420776164282 
0.157539048311 0.595255726637 0.396837151092 0.0037739655973 
0.154944997165 0.583720898013 0.389147265342 0.00440370839444 
0.149678828731 0.562598215134 0.375065476756 0.00280141035146 
0.149941174849 0.576725853358 0.384483902238 0.00280551033105 
0.158546832626 0.641954209728 0.427969473152 0.00621516979602 
0.167702908127 0.681124496475 0.45408299765 0.00706924597136 
0.156581121375 0.607133960053 0.404755973368 0.00818877659591 
0.155381879668 0.617358222615 0.41157214841 0.017985793446 
0.154425227018 0.637015875753 0.424677250502 0.0330259596643 
0.149541093722 0.622718857168 0.415145904778 0.0590896772623 
0.166267946009 0.689492491589 0.459661661059 0.0700521398487 
0.17024468909 0.695911805036 0.463941203357 0.0916157961096 
0.183626445199 0.743157897688 0.495438598459 0.105540086656 
0.192408219515 0.765501817247 0.510334544832 0.121411612703 
0.177674514875 0.728630670925 0.485753780617 0.155444929029 
0.172895533943 0.704309552816 0.469539701878 0.188558108307 
0.171908337963 0.689702876868 0.459801917912 0.214924320089 
0.170630780405 0.687225607264 0.458150404843 0.233149076501 
0.174914640323 0.680200233475 0.453466822317 0.247991363107 
0.191278654846 0.718252586985 0.47883505799 0.228227914266 
0.19536764579 0.704655880087 0.469770586725 0.242691250034 
0.216290160791 0.731804636782 0.487869757855 0.224503787058 
0.230457642305 0.741304576136 0.494203050757 0.219418907437 
0.240027783344 0.740136959006 0.493424639337 0.218497964459 
0.241705927447 0.728078647662 0.485385765108 0.224819404787 
0.2621278466 0.752021226053 0.501347484035 0.209320990296 
0.29326739242 0.79930892119 0.532872614127 0.187317485694 
0.249262737002 0.689318036202 0.459545357468 0.24274290663 
0.263453040232 0.712048573857 0.474699049238 0.226701943832 
0.271414904692 0.712816707523 0.475211138349 0.224290053422 
0.266973773755 0.694542917183 0.463028611455 0.234404383776 
0.2845408255 0.728025247255 0.485350164837 0.21481997128 
0.265463552255 0.676697890006 0.451131926671 0.244967838612 
0.275381289437 0.695299347789 0.463532898526 0.231281468443 
0.297152243222 0.735606536261 0.490404357507 0.208372876122 
0.276396967627 0.683295581392 0.455530387595 0.236579886066 
0.293503437328 0.726032243507 0.484021495671 0.213182294211 
0.310683050725 0.757277479285 0.504851652856 0.197985074009 
0.319709724033 0.77258223606 0.51505482404 0.191100501923 
0.322781910741 0.77803352595 0.5186890173 0.18983412186 
0.338446704395 0.802688913536 0.535125942357 0.179156394723 
0.311524894347 0.758225521721 0.505483681147 0.195192507901 
0.304243563245 0.7531230966 0.5020820644 0.199576489941 
0.297616369678 0.74606550866 0.497377005774 0.202896112901 
0.291607181669 0.75982152377 0.506547682513 0.197424867635 
0.244672695751 0.68258457429 0.45505638286 0.240716402741 
0.24278411557 0.719508411031 0.479672274021 0.217712820141 
0.225432246621 0.751147290795 0.50076486053 0.19531519446 
0.204922812515 0.751089398438 0.500726265625 0.179433829587 
0.174624206787 0.699127406298 0.466084937532 0.17984843469 
0.159092822768 0.668586961257 0.445724640838 0.161392139428 
0.163565378418 0.716901239333 0.477934159555 0.112846395424 
0.152552530511 0.69992452023 0.46661634682 0.0971255145722 
0.143550099269 0.678437797765 0.452291865177 0.0827470155807 
0.140842432355 0.678012444628 0.452008296419 0.0674771132053 
0.135958414045 0.679759813772 0.453173209181 0.05662827857 
0.134802100035 0.695941163118 0.463960775412 0.0467451753625 
0.126696990889 0.66369842333 0.442465615553 0.0443469181849 
0.123923720192 0.660731343807 0.440487562538 0.0401051744576 
0.121673892486 0.661804180552 0.441202787034 0.0352487656195 
0.126375437582 0.690372044263 0.460248029508 0.0299849721175 
0.124318162551 0.684065756957 0.456043837971 0.0275936236745 
0.142017215043 0.711664437163 0.474442958109 0.0243638022142 
0.168969661242 0.739872377263 0.493248251509 0.0234207739531 
0.199734610065 0.744511534605 0.49634102307 0.0216257261379 
0.269941889951 0.802029523169 0.534686348779 0.0197340378753 
0.360862202061 0.861635645239 0.574423763493 0.0202405662653 
0.656123227072 0.962891942202 0.641927961468 0.0251140508719 
0.661508552645 0.944730472458 0.629820314972 0.0315723184751 
0.666829797535 0.929887940073 0.619925293382 0.038425944325 
0.674630709118 0.911141441803 0.607427627868 0.0463247631931 
0.675599142187 0.911700165459 0.607800110306 0.0581959941041 
0.679258417682 0.905794136414 0.60386275761 0.0724985944744 
0.684434514376 0.895786429114 0.597190952743 0.0900143434064 
0.68160614994 0.905155998215 0.603437332143 0.110038500315 
0.674189205758 0.892619780019 0.595079853346 0.166753993884 
0.379734409431 0.67656686194 0.451044574627 0.523598775598 
0.392701225205 0.700449442159 0.466966294773 0.523598775598 
0.401132572053 0.717899058646 0.478599372431 0.523598775598 
0.409190105765 0.769052152155 0.51270143477 0.523598775598 
0.375744968793 0.805261526278 0.536841017519 0.523598775598 
0.379799997706 0.846820415512 0.564546943675 0.523598775598 
0.324052132867 0.902012920119 0.601341946746 0.523598775598 
0.326871125125 0.930986310436 0.620657540291 0.523598775598 
0.327295039687 0.954578810271 0.636385873514 0.523598775598 
0.326970077388 0.977374872623 0.651583248416 0.523598775598 
0.250697161538 1.00463394213 0.669755961423 0.523598775598 
0.252400990797 1.01803799655 0.678691997697 0.523598775598 
0.253731080734 1.03187719211 0.687918128076 0.523598775598 
0.25342357666 1.0365777145 0.691051809666 0.523598775598 
0.251737551358 1.03351603241 0.689010688272 0.523598775598 
0.251552587216 1.04070764918 0.693805099453 0.523598775598 
0.251552587216 1.04070764918 0.693805099453 0.523598775598 
0.250889026583 1.0445130493 0.696342032865 0.523598775598 
0.251158514134 1.05403524772 0.702690165146 0.523598775598 
0.251158514134 1.05403524772 0.702690165146 0.523598775598 
0.249493549388 1.05150319871 0.701002132475 0.523598775598 
0.248968305767 1.05482330611 0.703215537405 0.523598775598 
0.248968305767 1.05482330611 0.703215537405 0.523598775598 
0.247658175747 1.05127518794 0.700850125294 0.523598775598 
0.2461884768 1.04588973842 0.69725982561 0.523598775598 
0.244550689947 1.03743973532 0.691626490215 0.523598775598 
0.244074878887 1.03295475168 0.68863650112 0.523598775598 
0.242725546347 1.01669377206 0.677795848038 0.523598775598 
0.325837834867 0.959298124256 0.639532082838 0.523598775598 
0.390837232065 0.883291627448 0.588861084966 0.523598775598 
0.460380023247 0.784413911061 0.522942607374 0.523598775598 
0.52814747898 0.65336488678 0.435576591187 0.523598775598 
0.607367217072 0.481488412714 0.320992275143 0.491067568028 
0.739994780433 0.498764172825 0.33250944855 0.183864725012 
0.754723088429 0.474181257568 0.316120838378 0.136100367688 
0.764108418845 0.458846726467 0.305897817644 0.0956704367441 
0.772224000395 0.447963254855 0.298642169903 0.0642666607267 
0.75054126697 0.45525705274 0.303504701827 0.0563178748888 
0.71850975076 0.47186744595 0.3145782973 0.0546904483146 
0.671038385067 0.502806237066 0.335204158044 0.0625162540591 
0.753572505513 0.709987292668 0.473324861779 0.0378685296571 
0.730193877722 0.738611004283 0.492407336189 0.0446624959723 
0.716941501732 0.760195514093 0.506797009395 0.0383534945416 
0.706582570282 0.780847889064 0.520565259376 0.0349325796932 
0.69899775857 0.799269366398 0.532846244266 0.0311656425433 
0.7020036068 0.799907360941 0.533271573961 0.0234409864607 
0.705576944407 0.798962535418 0.532641690279 0.0190266732518 
0.703970186134 0.806608648068 0.537739098712 0.0186832233801 
0.700873659921 0.816298634582 0.544199089721 0.0191802604167 
0.698319679138 0.825450480841 0.550300320561 0.0184063623948 
0.696928319499 0.832738087353 0.555158724902 0.0182405310214 
0.703872557692 0.823395231264 0.548930154176 0.0130160865844 
0.711963539651 0.811857784931 0.541238523287 0.00973787300011 
0.709573630244 0.818351010412 0.545567340275 0.0130713616996 
0.709573630244 0.818351010412 0.545567340275 0.0130713616996 
0.703061992933 0.832592725353 0.555061816902 0.0172470603271 
0.706749484966 0.828565042055 0.552376694704 0.0139609015617 
0.706749484966 0.828565042055 0.552376694704 0.0139609015617 
0.706749484966 0.828565042055 0.552376694704 0.0139609015617 
0.710701308318 0.824114609422 0.549409739615 0.0135355815257 
0.714249728104 0.820128972692 0.546752648461 0.0126913461651 
0.711663678256 0.826806050908 0.551204033938 0.0162043001819 
0.719221342304 0.815164829228 0.543443219485 0.0125169470366 
0.722591818 0.811048559592 0.540699039728 0.0177971419266 
0.734588624438 0.791982835436 0.527988556958 0.0186141797692 
0.747955283624 0.771135811408 0.514090540939 0.0219389343183 
0.761190989734 0.750670650419 0.50044710028 0.0257571073397 
0.775283878528 0.728643758683 0.485762505789 0.0279522477579 
0.782294956764 0.715031474682 0.476687649788 0.0366640657516 
0.799793076778 0.687221723488 0.458147815659 0.0329526381725 
0.822863470774 0.651332584498 0.434221722999 0.0410813193757 
0.755322569283 0.503036028148 0.335357352099 0.0650464641781 
0.786321482258 0.485868806397 0.323912537598 0.0736674259724 
0.808020829952 0.468536050977 0.312357367318 0.0879073314951 
0.813279907784 0.454287126761 0.302858084508 0.113052021706 
0.813279907784 0.454287126761 0.302858084508 0.113052021706 
0.795857817718 0.454660691795 0.303107127863 0.169494767318 
0.778344809235 0.461056135224 0.307370756816 0.216549819228 
0.734514097461 0.508756065102 0.339170710068 0.31139525256 
0.617685607598 0.513876984676 0.34258465645 0.523598775598 
0.628492827318 0.545750918195 0.363833945463 0.523598775598 
0.628756043409 0.59638020256 0.397586801707 0.523598775598 
0.571595394283 0.65905091223 0.43936727482 0.523598775598 
0.572551852403 0.685184937957 0.456789958638 0.523598775598 
0.569481752124 0.719867454962 0.479911636641 0.523598775598 
0.502084100384 0.768714789505 0.512476526337 0.523598775598 
0.505586284288 0.803088078583 0.535392052389 0.523598775598 
0.505586284288 0.803088078583 0.535392052389 0.523598775598 
0.50176268408 0.822663024436 0.548442016291 0.523598775598 
0.496374237666 0.839011217733 0.559340811822 0.523598775598 
0.437411646675 0.85301540556 0.56867693704 0.523598775598 
0.437411646675 0.85301540556 0.56867693704 0.523598775598 
0.437411646675 0.85301540556 0.56867693704 0.523598775598 
0.437017049136 0.861357443126 0.574238295417 0.523598775598 
0.436525174645 0.871988352271 0.581325568181 0.523598775598 
0.436525174645 0.871988352271 0.581325568181 0.523598775598 
0.436525174645 0.871988352271 0.581325568181 0.523598775598 
0.431651356785 0.862273730892 0.574849153928 0.523598775598 
0.431651356785 0.862273730892 0.574849153928 0.523598775598 
0.429505735756 0.871260397534 0.580840265022 0.523598775598 
0.429505735756 0.871260397534 0.580840265022 0.523598775598 
0.427074053763 0.880525526895 0.58701701793 0.523598775598 
0.424033560376 0.888006338836 0.59200422589 0.523598775598 
0.424033560376 0.888006338836 0.59200422589 0.523598775598 
0.424033560376 0.888006338836 0.59200422589 0.523598775598 
0.418513692926 0.882208341368 0.588138894245 0.523598775598 
0.415852241922 0.890123628048 0.593415752032 0.523598775598 
0.411032490512 0.881264402304 0.587509601536 0.523598775598 
0.40968486488 0.891981403548 0.594654269032 0.523598775598 
0.40968486488 0.891981403548 0.594654269032 0.523598775598 
0.408726745479 0.904202370015 0.60280158001 0.523598775598 
0.403031692164 0.887870723891 0.591913815927 0.523598775598 
0.403031692164 0.887870723891 0.591913815927 0.523598775598 
0.399750345571 0.895298804541 0.596865869694 0.523598775598 
0.399750345571 0.895298804541 0.596865869694 0.523598775598 
0.396396336247 0.903410890297 0.602273926865 0.523598775598 
0.396396336247 0.903410890297 0.602273926865 0.523598775598 
0.396396336247 0.903410890297 0.602273926865 0.523598775598 
0.39452482591 0.917351758541 0.611567839027 0.523598775598 
0.348232485825 0.920013317773 0.613342211849 0.523598775598 
0.348232485825 0.920013317773 0.613342211849 0.523598775598 
0.346367948767 0.912529153985 0.608352769323 0.523598775598 
0.346367948767 0.912529153985 0.608352769323 0.523598775598 
0.346367948767 0.912529153985 0.608352769323 0.523598775598 
0.346966573758 0.922052809666 0.614701873111 0.523598775598 
0.344847968841 0.91613199008 0.610754660053 0.523598775598 
0.344847968841 0.91613199008 0.610754660053 0.523598775598 
0.344847968841 0.91613199008 0.610754660053 0.523598775598 
0.344847968841 0.91613199008 0.610754660053 0.523598775598 
0.344942230696 0.927185190988 0.618123460658 0.523598775598 
0.342184339323 0.91826954672 0.612179697813 0.523598775598 
0.34012279888 0.901477997719 0.600985331812 0.523598775598 
0.398442761102 0.849051918908 0.566034612605 0.523598775598 
0.495544902643 0.719179884062 0.479453256041 0.523598775598 
0.603487973197 0.56404819627 0.376032130847 0.523598775598 
0.781012871772 0.415324985661 0.276883323774 0.277623378316 
0.905826583149 0.266339735331 0.177559823554 0.111313196778 
0.959407888513 1.85121140204e-18 1.2341409347e-18 0.0762374859427 
1.02311508007 9.34259883852e-23 6.22839922568e-23 0.0591067406487 
1.06436175267 1.26335447435e-22 8.42236316231e-23 0.0422171269039 
1.06436175267 1.26335447435e-22 8.42236316231e-23 0.0422171269039 
1.10420546028 4.81464081567e-22 3.20976054378e-22 0.0309284814507 
1.10420546028 4.81464081567e-22 3.20976054378e-22 0.0309284814507 
1.12916703428 -2.27368208649e-22 -1.51578805766e-22 0.0231438482951 
1.12916703428 -2.27368208649e-22 -1.51578805766e-22 0.0231438482951 
1.12916703428 -2.27368208649e-22 -1.51578805766e-22 0.0231438482951 
1.12916703428 -2.27368208649e-22 -1.51578805766e-22 0.0231438482951 
1.12916703428 -2.27368208649e-22 -1.51578805766e-22 0.0231438482951 
1.145593628 -2.80158272837e-22 -1.86772181891e-22 0.020087854458 
1.145593628 -2.80158272837e-22 -1.86772181891e-22 0.020087854458 
1.145593628 -2.80158272837e-22 -1.86772181891e-22 0.020087854458 
1.145593628 -2.80158272837e-22 -1.86772181891e-22 0.020087854458 
1.12633642977 -5.09762003199e-22 -3.39841335466e-22 0.0309977071861 
1.12633642977 -5.09762003199e-22 -3.39841335466e-22 0.0309977071861 
1.12633642977 -5.09762003199e-22 -3.39841335466e-22 0.0309977071861 
1.12633642977 -5.09762003199e-22 -3.39841335466e-22 0.0309977071861 
1.11074710206 4.50747894914e-22 3.00498596609e-22 0.0336765456786 
1.08360657904 -9.89167779804e-23 -6.59445186536e-23 0.041685036614 
1.03885670911 -1.33575936068e-22 -8.90506240454e-23 0.057127169738 
0.972222914264 0.00328545796886 0.00219030531258 0.0801645711426 
0.874474386231 0.160706840035 0.107137893357 0.184415116369 
0.768651913502 0.410634225861 0.273756150574 0.317870426182 
0.616070489473 0.514425527578 0.342950351719 0.523598775598 
0.519698514839 0.664675500951 0.443117000634 0.523598775598 
0.44054878011 0.775444550573 0.516963033715 0.523598775598 
0.377547486043 0.849323407534 0.566215605023 0.523598775598 
0.319120864166 0.913832652245 0.609221768163 0.523598775598 
0.320052236223 0.943069982851 0.628713321901 0.523598775598 
0.241212966494 0.969545579951 0.646363719967 0.523598775598 
0.242637297726 0.992302865091 0.661535243394 0.523598775598 
0.182581637879 1.02158653356 0.681057689041 0.523598775598 
0.18222512457 1.02850436743 0.685669578286 0.523598775598 
0.129078637168 1.05520140715 0.703467604767 0.523598775598 
0.128530461417 1.05920867014 0.706139113427 0.523598775598 
0.0807678753249 1.08752548504 0.725016990027 0.523598775598 
0.0807678753249 1.08752548504 0.725016990027 0.523598775598 
0.0808274895611 1.09708827164 0.731392181096 0.523598775598 
0.0799833363785 1.10442401936 0.736282679573 0.523598775598 
0.0799833363785 1.10442401936 0.736282679573 0.523598775598 
0.0315602080855 1.11073637424 0.740490916161 0.523598775598 
0.0325435502036 1.12093119385 0.747287462569 0.523598775598 
0.0325435502036 1.12093119385 0.747287462569 0.523598775598 
0.0311708298314 1.11747642597 0.744984283981 0.523598775598 
0.0299084548875 1.1142153534 0.7428102356 0.523598775598 
0.029102571779 1.10959889471 0.739732596472 0.523598775598 
0.0294550034955 1.10528151228 0.736854341522 0.523598775598 
0.0700830562809 1.0933886477 0.728925765132 0.523598775598 
0.0692593815467 1.07814289771 0.718761931805 0.523598775598 
0.129579196788 1.05851537422 0.705676916146 0.523598775598 
0.128971632256 1.04667388439 0.697782589593 0.523598775598 
0.17421161988 1.03152666037 0.687684440246 0.523598775598 
0.17312705182 1.01725335447 0.678168902979 0.523598775598 
0.174193558242 1.00804377883 0.672029185889 0.523598775598 
0.224746494372 0.981551386225 0.654367590816 0.523598775598 
0.226051994117 0.986824480306 0.65788298687 0.523598775598 
0.225490144123 0.973754964003 0.649169976002 0.523598775598 
0.269581889996 0.951160756134 0.634107170756 0.523598775598 
0.26763742461 0.928368159345 0.61891210623 0.523598775598 
0.309493841082 0.909613538634 0.606409025756 0.523598775598 
0.308575277142 0.89471040365 0.596473602434 0.523598775598 
0.308575277142 0.89471040365 0.596473602434 0.523598775598 
0.369602612379 0.862761745592 0.575174497061 0.523598775598 
0.368545698015 0.835758033034 0.557172022022 0.523598775598 
0.442006115453 0.777735868464 0.518490578976 0.523598775598 
0.488152703648 0.717683588143 0.478455725429 0.523598775598 
0.538674450197 0.644209350133 0.429472900089 0.523598775598 
0.588134691591 0.572510716619 0.381673811079 0.523598775598 
0.647815328753 0.468669237608 0.312446158405 0.521764254298 
0.770882076076 0.427717116723 0.285144744482 0.291940586674 
0.821334999794 0.357348485417 0.238232323611 0.212861953533 
0.882153885719 0.301156412209 0.200770941473 0.137594058042 
0.917167197998 0.264564137173 0.176376091449 0.09894406486 
0.901380870254 0.0978056352142 0.0652037568095 0.0948800643417 
0.901380870254 0.0978056352142 0.0652037568095 0.0948800643417 
0.894099580248 0.095409967223 0.0636066448153 0.0723828321313 
0.87570904908 0.0976368506784 0.0650912337856 0.063274336514 
0.830982854872 0.107901974095 0.0719346493966 0.0622618863584 
0.752404499887 0.13005496156 0.0867033077064 0.0707349335754 
0.756518373537 0.485908933553 0.323939289035 0.0476708987075 
0.758070821841 0.679321221925 0.452880814617 0.0373111149002 
0.695610758355 0.749668767258 0.499779178172 0.0381214333668 
0.719970504524 0.846592420373 0.564394946915 0.0318586648923 
0.701370703373 0.884785696023 0.589857130682 0.0282090506683 
0.687336788499 0.918455628241 0.612303752161 0.0274703238474 
0.682452306599 0.932194014698 0.621462676465 0.0250300120838 
0.67854368119 0.944161270878 0.629440847252 0.023627115858 
0.676236647913 0.95216270508 0.63477513672 0.0224666916151 
0.676186983515 0.953018958663 0.635345972442 0.0208655810014 
0.675099304917 0.95714574813 0.63809716542 0.0205882185458 
0.675807652033 0.95567327677 0.637115517847 0.018592879333 
0.676895073508 0.95296209444 0.63530806296 0.0171465116736 
0.678358951113 0.949062902957 0.632708601972 0.0159584441479 
0.679958147403 0.944742018338 0.629828012225 0.0152466998529 
0.67551656901 0.958547178457 0.639031452305 0.0213213942656 
0.673422719338 0.965655556379 0.643770370919 0.0273853652394 
0.671208896397 0.974073237594 0.649382158396 0.0371598382335 
0.669401801925 0.981178754439 0.654119169626 0.0493923627753 
0.670794221446 0.97671665416 0.651144436106 0.0587768021561 
0.670149102859 0.979673472308 0.653115648205 0.0698580734623 
0.669900870129 0.98079237117 0.65386158078 0.0799135033766 
0.669025595545 0.983663896382 0.655775930921 0.090168889382 
0.668500297405 0.984587290164 0.656391526776 0.0979599794815 
0.668658155738 0.982149871656 0.654766581104 0.103792689403 
0.626222207262 0.975112094645 0.650074729764 0.112407603535 
0.627514636218 0.970754365032 0.647169576688 0.116668324976 
0.631733280166 0.955188693664 0.636792462443 0.116496024598 
0.632874996896 0.952040036691 0.634693357794 0.119134156855 
0.634519410734 0.947365815499 0.631577210333 0.122342124564 
0.63645924791 0.941731772333 0.627821181555 0.12462054796 
0.637313173463 0.939910907091 0.626607271394 0.128038334014 
0.637995463583 0.938631419209 0.625754279473 0.131196439753 
0.641065393198 0.928964882228 0.619309921485 0.130317086185 
0.64001514718 0.933449846 0.622299897334 0.135048585814 
0.644478163765 0.919786238565 0.61319082571 0.135020961402 
0.646881226531 0.913696688682 0.609131125788 0.13717522212 
0.649140641217 0.908435730434 0.605623820289 0.140500354804 
0.653834858965 0.896548086092 0.597698724061 0.14407942648 
0.655267621999 0.894180875927 0.596120583951 0.15074511465 
0.65956535083 0.883652682109 0.589101788073 0.158832563864 
0.667014513765 0.86419166297 0.576127775313 0.163876336905 
0.671761966016 0.85170955652 0.567806371014 0.17243458613 
0.673437880333 0.843977958787 0.562651972525 0.187093937986 
0.667355770633 0.84017551567 0.560117010447 0.211586721537 
0.567422490483 0.789268214762 0.526178809841 0.273090848177 
0.568062445718 0.800845387517 0.533896925011 0.291988857253 
0.38239515429 0.664562317937 0.443041545291 0.523598775598 
0.393740122529 0.703846129778 0.469230753185 0.523598775598 
0.401443201541 0.744886899845 0.496591266564 0.523598775598 
0.408004993381 0.789196536122 0.526131024081 0.523598775598 
0.412145367022 0.824529057107 0.549686038072 0.523598775598 
0.383749558957 0.877337952664 0.584891968443 0.523598775598 
0.391915246311 0.928354809182 0.618903206121 0.523598775598 
0.397169183144 0.967637019984 0.645091346656 0.523598775598 
0.403922300461 1.01943160635 0.679621070901 0.523598775598 
0.410127529368 1.068719746 0.712479830668 0.523598775598 
0.418606682783 1.13302052064 0.755347013757 0.523598775598 
0.42467599547 1.17989920232 0.78659946821 0.523598775598 
0.430061612838 1.22120468043 0.814136453618 0.523598775598 
0.435014323617 1.25807320038 0.838715466922 0.523598775598 
0.449946499727 1.29306578892 0.862043859277 0.523598775598 
0.461912667552 1.31904592906 0.879363952708 0.523598775598 
0.474177212638 1.33997564957 0.893317099716 0.523598775598 
0.485548701038 1.35796050216 0.905307001437 0.523598775598 
0.47770311204 1.38283818603 0.921892124018 0.509950339116 
0.431349772889 1.42284139151 0.948560927671 0.461342869 
0.372313126869 1.46320676687 0.975471177914 0.39960337047 
0.199363903119 1.52643255962 1.01762170642 0.27086880548 
0.280746781383 1.52340098764 1.01560065842 0.288635549826 
0.333516278719 1.52580931879 1.01720621253 0.294785925594 
0.383832745745 1.52659028162 1.01772685442 0.298642815123 
0.446412551842 1.52936316391 1.01957544261 0.299962961577 
0.505100340767 1.52879053896 1.01919369264 0.300340399379 
0.55983849937 1.52701407528 1.01800938352 0.29995466237 
0.61746145107 1.52108873361 1.01405915574 0.301439524855 
0.660827260219 1.519284976 1.01285665066 0.299402857678 
0.703202893916 1.51219972833 1.00813315222 0.302484935578 
0.733023107442 1.51405171762 1.00936781174 0.287661727581 
0.759856309105 1.51616208107 1.01077472071 0.277608297355 
0.781162667129 1.5187695805 1.01251305367 0.271019361907 
0.799472266424 1.52211255402 1.01474170268 0.264990551416 
0.815996003642 1.52556214161 1.01704142774 0.258265550427 
0.830770367334 1.52586766044 1.01724510696 0.251658233393 
0.831223703645 1.53536764865 1.02357843243 0.218293284919 
0.839538655492 1.53840735637 1.02560490425 0.213799014275 
0.836168715389 1.54857162323 1.03238108215 0.166927156689 
0.836534705128 1.55081830895 1.03387887263 0.167095594811 
0.83677364309 1.55222311414 1.03481540943 0.167138185636 
0.828520522699 1.5509338261 1.03395588407 0.167715190505 
0.819426657963 1.53942473728 1.02628315819 0.214301240048 
0.80549033358 1.52162543423 1.01441695615 0.265516866456 
0.768876359511 1.49522047752 0.99681365168 0.315512189308 
0.725817953109 1.46773953715 0.978493024766 0.337666608695 
0.688035139518 1.4411375453 0.960758363536 0.359687449622 
0.656546292133 1.41602984708 0.944019898051 0.379022249206 
0.633971169924 1.3875523493 0.925034899531 0.390538335325 
0.61574635879 1.35315236697 0.90210157798 0.395403196621 
0.200452926522 1.39711772962 0.931411819745 0.212373621846 
0.267874273641 1.32263052924 0.881753686157 0.255109285782 
0.278645582184 1.23293276904 0.821955179361 0.307478321341 
0.323374087265 1.09778026845 0.731853512302 0.372250327107 
0.170941442664 0.919090548094 0.612727032063 0.523598775598 
0.278899215146 0.777681247557 0.518454165038 0.523598775598 
0.36421428052 0.620851132649 0.413900755099 0.523598775598 
0.703441959036 0.804273124286 0.536182082857 0.129015402502 
0.738053348116 0.738946847326 0.492631231551 0.0937048759791 
0.778814275575 0.676069625401 0.450713083601 0.0642373116708 
0.807115709189 0.634103638478 0.422735758986 0.0473555880701 
0.757409999057 0.443979524362 0.295986349574 0.0385298827632 
0.796072417541 0.422968940254 0.281979293503 0.0240978191329 
0.817921584327 0.4087222087 0.272481472466 0.0174623924293 
0.836587585934 0.396146396345 0.264097597564 0.0110505672709 
0.847904116372 0.387473260647 0.258315507098 0.00632116331675 
0.85555626287 0.380804357914 0.253869571943 0.00381930597395 
0.857116597932 0.378605959489 0.252403972993 0.00183107330153 
0.854595536892 0.378105544618 0.252070363079 0.00402956951779 
0.848755725584 0.378358413637 0.252238942425 0.00513094364039 
0.85944299286 0.371799671655 0.24786644777 0.0065935352339 
0.856932050797 0.370386349231 0.24692423282 0.00974107288148 
0.833584514586 0.373918617177 0.249279078118 0.0131091622775 
0.84029037324 0.36849709649 0.245664730993 0.0178898972093 
0.785488039687 0.384676050825 0.25645070055 0.0564578477364 
0.670653962776 0.468863120386 0.31257541359 0.159330372338 
0.575520301653 0.613440527893 0.408960351929 0.310004432033 
0.405280097729 0.705936831544 0.470624554363 0.523598775598 
0.358538814343 0.823810931282 0.549207287521 0.523598775598 
0.366172415798 0.88803150199 0.592021001327 0.523598775598 
0.30183232525 0.940198497186 0.626798998124 0.523598775598 
0.304782617348 0.968321927294 0.64554795153 0.523598775598 
0.252123935534 0.9979418642 0.665294576133 0.523598775598 
0.253573371761 1.01477832758 0.676518885054 0.523598775598 
0.253853759949 1.03080991213 0.687206608084 0.523598775598 
0.25302133845 1.04261046038 0.695073640254 0.523598775598 
0.160700088366 1.07283539679 0.715223597862 0.523598775598 
0.161894715237 1.08384262874 0.722561752496 0.523598775598 
0.163476827663 1.10041476474 0.733609843162 0.523598775598 
0.163476827663 1.10041476474 0.733609843162 0.523598775598 
0.16383121511 1.11137435388 0.740916235917 0.523598775598 
0.163887285639 1.12010555308 0.746737035386 0.523598775598 
0.163929032099 1.12836011146 0.752240074304 0.523598775598 
0.164139583864 1.13694839758 0.757965598384 0.523598775598 
0.164939696643 1.14889468227 0.765929788177 0.523598775598 
0.164427847411 1.15153086167 0.767687241111 0.523598775598 
0.164427847411 1.15153086167 0.767687241111 0.523598775598 
0.16510664938 1.161242086 0.774161390665 0.523598775598 
0.16510664938 1.161242086 0.774161390665 0.523598775598 
0.165342639089 1.16661350496 0.777742336639 0.523598775598 
0.165109510197 1.1681174014 0.778744934266 0.523598775598 
0.165109510197 1.1681174014 0.778744934266 0.523598775598 
0.165109510197 1.1681174014 0.778744934266 0.523598775598 
0.165109510197 1.1681174014 0.778744934266 0.523598775598 
0.165894712401 1.17556986483 0.783713243217 0.523598775598 
0.164877921625 1.17033545167 0.78022363445 0.523598775598 
0.164877921625 1.17033545167 0.78022363445 0.523598775598 
0.164877921625 1.17033545167 0.78022363445 0.523598775598 
0.164877921625 1.17033545167 0.78022363445 0.523598775598 
0.163885166206 1.16486566802 0.776577112011 0.523598775598 
0.164272553713 1.16942659976 0.779617733174 0.523598775598 
0.163672323789 1.16683539932 0.777890266215 0.523598775598 
0.164425077649 1.17371183359 0.782474555727 0.523598775598 
0.16477291275 1.1765759401 0.784383960069 0.523598775598 
0.164455514637 1.1748056775 0.783203785002 0.523598775598 
0.164047170896 1.17289029777 0.78192686518 0.523598775598 
0.164047170896 1.17289029777 0.78192686518 0.523598775598 
0.164047170896 1.17289029777 0.78192686518 0.523598775598 
0.163423881633 1.16985517536 0.779903450241 0.523598775598 
0.162755410097 1.16673823572 0.777825490478 0.523598775598 
0.161688455934 1.16136287566 0.774241917109 0.523598775598 
0.16050946121 1.15711716978 0.771411446518 0.523598775598 
0.158200418921 1.15023499934 0.766823332891 0.523598775598 
6.50521303491e-19 1.16462275582 0.776415170547 0.523598775598 
-8.19512940995e-20 1.1472638458 0.764842563864 0.523598775598 
-3.44141720697e-22 1.13578827889 0.757192185925 0.518442997088 
0.32857191552 1.27037315519 0.846915436793 0.178416326265 
0.330887147357 1.28662307829 0.857748718858 0.115503146391 
0.32994982741 1.30110579834 0.867403865559 0.0815204511816 
0.327090204749 1.31201700338 0.874678002252 0.0620239323665 
0.279946479651 1.32486816904 0.883245446024 0.0477091139285 
0.279622579399 1.33655335469 0.891035569794 0.0376046816515 
0.244810925168 1.35002409686 0.900016064574 0.0286356212778 
0.245028457271 1.35470210865 0.903134739102 0.0235109776491 
0.244772815626 1.36428111751 0.909520745009 0.0211280097095 
0.244716053224 1.36861170344 0.912407802292 0.0187714695076 
0.269693680533 1.37890914996 0.919272766638 0.0211049159484 
0.331899074278 1.39269545815 0.928463638765 0.0323636561906 
0.334023460112 1.39529374164 0.930195827758 0.0330868220762 
0.328275711118 1.39806962342 0.932046415617 0.0335762426464 
0.31995370354 1.40267533071 0.935116887138 0.0353207983987 
0.279189816717 1.4058232609 0.937215507265 0.0328151626813 
0.168896055432 1.40620751575 0.937471677168 0.0241793632685 
0.168051251727 1.40196102374 0.934640682491 0.0350178878372 
0.168001360556 1.39309914737 0.928732764911 0.0562344476504 
0.22659810551 1.36829755156 0.912198367707 0.0971240571019 
0.228618639636 1.34554895762 0.897032638413 0.143853283896 
0.249759240252 1.30043646727 0.86695764485 0.225699844224 
0.284661491303 1.23288763653 0.82192509102 0.323695303639 
0.29967909173 1.15761878497 0.771745856644 0.42293636377 
0.0596353155227 1.10206130418 0.734707536121 0.523598775598 
0.12288225869 1.06588502413 0.710590016088 0.523598775598 
0.159121422341 1.03920233415 0.692801556099 0.523598775598 
0.157767405454 1.02436739206 0.682911594708 0.523598775598 
0.157745533224 1.01436253113 0.676241687421 0.523598775598 
0.158601937329 1.01008598724 0.673390658158 0.523598775598 
0.160625372318 1.01750928636 0.678339524242 0.523598775598 
0.160625372318 1.01750928636 0.678339524242 0.523598775598 
0.160625372318 1.01750928636 0.678339524242 0.523598775598 
0.160625372318 1.01750928636 0.678339524242 0.523598775598 
0.160809441831 1.0220473347 0.681364889797 0.523598775598 
0.161064728697 1.0284095288 0.685606352533 0.523598775598 
0.162137146535 1.04246594878 0.694977299186 0.523598775598 
0.162056902156 1.04967173134 0.699781154224 0.523598775598 
0.162056902156 1.04967173134 0.699781154224 0.523598775598 
0.161678640218 1.05551653385 0.703677689235 0.523598775598 
0.161678640218 1.05551653385 0.703677689235 0.523598775598 
0.16219973071 1.06566296921 0.710441979473 0.523598775598 
0.161622638459 1.06857758624 0.712385057494 0.523598775598 
0.161622638459 1.06857758624 0.712385057494 0.523598775598 
0.15880220637 1.05476446556 0.703176310375 0.523598775598 
0.155893020452 1.03731410939 0.691542739594 0.523598775598 
0.150692889651 0.999021646514 0.666014431009 0.523598775598 
0.203274178554 0.917058912476 0.611372608318 0.523598775598 
0.227877951626 0.837351869739 0.558234579826 0.523598775598 
0.249414195915 0.745118135087 0.496745423392 0.523598775598 
0.252381236991 0.647518750423 0.431679166948 0.523598775598 
0.263921528609 0.560373780436 0.373582520291 0.505938222393 
0.235460013079 0.53630225569 0.357534837127 0.490192548636 
0.671798011253 0.937782016894 0.625188011262 0.0401112082234 
0.671047481932 0.94033111562 0.626887410413 0.0289721071583 
0.6654620901 0.957596879896 0.638397919931 0.0236898872359 
0.662428779273 0.968579378603 0.645719585735 0.0175657968906 
0.66347355369 0.966209600016 0.644139733344 0.0119040498999 
0.661616202128 0.973702636219 0.649135090812 0.00922856018316 
0.659549452829 0.982564610935 0.655043073957 0.00740966419566 
0.660805042404 0.980532596838 0.653688397892 0.00395154684076 
0.660828366804 0.983065738082 0.655377158721 0.00261756545299 
0.660157013005 0.988075487118 0.658716991412 0.00231313021085 
0.659446085789 0.993657459701 0.662438306468 0.0022006349933 
0.658643626652 0.999996868739 0.666664579159 0.00247465959985 
0.660483458675 0.996811634808 0.664541089872 0.00130089281865 
0.660483458675 0.996811634808 0.664541089872 0.00130089281865 
0.665097903578 0.982980141959 0.655320094639 -0.00101863733679 
0.667235109529 0.978590747564 0.652393831709 -0.00153701541247 
0.665557887451 0.987523267134 0.658348844756 -8.03150105988e-05 
0.665557887451 0.987523267134 0.658348844756 -8.03150105988e-05 
0.66830546576 0.981285527228 0.654190351486 -0.00136239969204 
0.672115744924 0.971386437424 0.647590958283 -0.00297148942271 
0.672115744924 0.971386437424 0.647590958283 -0.00297148942271 
0.672244691081 0.97439556544 0.649597043626 -0.00198089908016 
0.674055424859 0.972213656085 0.64814243739 -0.00226955467628 
0.672844603315 0.979588974896 0.653059316597 -0.000179844641737 
0.674802184684 0.977637459981 0.651758306654 0.000138959101222 
0.674802184684 0.977637459981 0.651758306654 0.000138959101222 
0.678734766495 0.966851947047 0.644567964698 0.00102977392219 
0.687724101071 0.939019321107 0.626012880738 -0.00018230400229 
0.700557955054 0.902588862947 0.601725908631 0.0012588021917 
0.719138716902 0.855515628267 0.570343752178 0.00468993478378 
0.751395952317 0.788044471791 0.525362981194 0.00918340465924 
0.806745884992 0.69804675993 0.46536450662 0.0137302491631 
0.772322784681 0.323258751869 0.21550583458 0.0268406516803 
0.873511070097 0.0961416634883 0.0640944423255 0.0444435091221 
1.01663795566 -3.6328216822e-18 -2.42188112147e-18 0.0420060932203 
1.14492064502 7.15031691017e-22 4.76687794011e-22 0.0414183069381 
1.25816671064 3.11080138814e-22 2.0738675921e-22 0.0412205739278 
1.35381601545 -9.39024482745e-23 -6.2601632183e-23 0.035161945087 
1.41751003758 2.52537558185e-22 1.68358372123e-22 0.0341074612369 
1.45706174545 -6.37877990209e-22 -4.25251993473e-22 0.0348905803348 
1.48008410628 2.34726481449e-21 1.56484320966e-21 0.0360880858859 
1.49833115276 -2.48536287946e-22 -1.65690858631e-22 0.0360208278506 
1.51041758758 8.69368287361e-22 5.79578858241e-22 0.0362510661249 
1.52051088168 -1.67974221003e-22 -1.11982814002e-22 0.0351528014183 
1.53320019349 2.5884458148e-22 1.7256305432e-22 0.0317952803332 
1.53894828378 -8.07507792248e-22 -5.38338528165e-22 0.0306545514356 
1.54061063078 -1.68811485172e-22 -1.12540990114e-22 0.02973433905 
1.54061063078 -1.68811485172e-22 -1.12540990114e-22 0.02973433905 
1.53897272551 -4.07792636968e-23 -2.71861757979e-23 0.0308594162811 
1.53190122963 7.53169694353e-22 5.02113129569e-22 0.0317533268456 
1.53190122963 7.53169694353e-22 5.02113129569e-22 0.0317533268456 
1.53773249886 7.28427398832e-23 4.85618265888e-23 0.0284967555971 
1.53105372104 5.3611679332e-22 3.57411195547e-22 0.029847408324 
1.53586904501 3.52960750416e-22 2.35307166944e-22 0.0284307379984 
1.53657061085 6.8533376606e-23 4.56889177373e-23 0.0272866073118 
1.53380677499 -4.33426165772e-22 -2.88950777181e-22 0.0281376755832 
1.51877857724 1.6365029968e-23 1.09100199786e-23 0.0311229025301 
1.51708905949 1.13217015411e-21 7.54780102737e-22 0.0321215881436 
1.51642293995 1.43535033539e-22 9.56900223596e-23 0.0308159499919 
1.51292009148 2.47097519597e-22 1.64731679731e-22 0.0330605862719 
1.51290111167 -3.9881417874e-22 -2.6587611916e-22 0.0310729043364 
1.50695351156 -3.87659012599e-22 -2.58439341733e-22 0.0325396405241 
1.50695351156 -3.87659012599e-22 -2.58439341733e-22 0.0325396405241 
1.50938512988 -1.40615716002e-21 -9.37438106679e-22 0.0287910259512 
1.50563119369 -3.58238251001e-22 -2.38825500667e-22 0.0303421339032 
1.49922772048 5.62106697835e-22 3.74737798557e-22 0.0283989400528 
1.48360170058 -2.44522830971e-22 -1.63015220647e-22 0.0330101849137 
1.47547497544 -2.19887805323e-22 -1.46591870215e-22 0.0339185200802 
1.47515918375 -1.19482317285e-22 -7.96548781898e-23 0.0294780229992 
1.44957317469 -7.52142974882e-23 -5.01428649921e-23 0.0332979507671 
1.41123676316 -4.81787749165e-22 -3.21191832776e-22 0.0338352612787 
1.35752748189 3.18080622012e-22 2.12053748008e-22 0.03377825804 
1.27614347383 9.63509024167e-22 6.42339349444e-22 0.036222489814 
1.11413859216 3.8255962904e-19 2.55039752693e-19 0.0400334197193 
0.913927460001 0.0347166458244 0.0231444305496 0.0529978184416 
0.763055206842 0.374075449595 0.249383633063 0.0431761873249 
0.757202196968 0.700633041892 0.467088694595 0.0245869563663 
0.674560538096 0.795529048311 0.530352698874 0.0211239352487 
0.33694760199 0.564791408382 0.376527605588 0.0348213385659 
0.241520683686 0.557460964417 0.371640642945 0.0439637372316 
0.17811010711 0.52631321321 0.350875475473 0.0594747623888 
0.144646617007 0.558399471031 0.37226631402 0.0606505889072 
0.119040573601 0.541325375523 0.360883583682 0.0748782470356 
0.100977823262 0.498671088974 0.332447392649 0.11479199049 
0.0878215141534 0.434998055256 0.289998703504 0.373982732313 
0.0859645917133 0.437589287655 0.29172619177 0.374187552207 
0.0895848291584 0.430871504361 0.287247669574 0.373908331611 
0.0841644101249 0.443476602981 0.295651068654 0.374647878786 
0.0935341367952 0.426717712012 0.284478474675 0.373427621283 
0.0894270987172 0.440873526208 0.293915684139 0.374034206051 
0.0922772784292 0.438011505878 0.292007670585 0.373428257611 
0.100464562435 0.424088470808 0.282725647205 0.371945255604 
0.102485671248 0.42461684353 0.283077895687 0.371904909064 
0.106255319095 0.420029827822 0.280019885214 0.370874673175 
0.118391170095 0.39475256685 0.2631683779 0.368434754262 
0.13678480595 0.360437764835 0.240291843223 0.505111590563 
0.160319085951 0.321260912372 0.214173941581 0.523598775598 
0.168053789529 0.309607976509 0.206405317673 0.523598775598 
0.160065322176 0.325458245034 0.216972163356 0.523598775598 
0.155622439643 0.335326085927 0.223550723951 0.504284595902 
0.148334925648 0.349781542542 0.233187695028 0.432067401757 
0.15309099871 0.343062481338 0.228708320892 0.436953822978 
0.161331583108 0.330770256443 0.220513504295 0.45190014819 
0.168179795076 0.319653369831 0.213102246554 0.464561163348 
0.16791119946 0.324142007335 0.216094671557 0.424149421491 
0.186147663692 0.296852429965 0.197901619977 0.469762842359 
0.187176368535 0.30110778821 0.200738525473 0.404471362802 
0.200524037035 0.287399144227 0.191599429485 0.35789735591 
0.213070805151 0.280645872694 0.187097248463 0.263744629358 
0.260579750838 0.235035792151 0.156690528101 0.185043718209 
0.337090226459 0.290063983857 0.193375989238 0.051387200243 
0.44872784591 0.324819659464 0.216546439642 0.0282510509753 
0.761565942654 0.628437710827 0.418958473885 0.0146121106552 
0.77200387491 0.326313210161 0.217542140107 0.0223422458276 
0.869277524286 0.0992087174426 0.0661391449617 0.0310557812956 
1.02594576472 0.0616151674143 0.0410767782762 0.0220403266342 
1.13786469274 -1.28410647218e-17 -8.56070981451e-18 0.0221817870542 
1.22431909868 5.61530769842e-22 3.74353846561e-22 0.0261944486814 
1.30535504693 2.67693290723e-22 1.78462193815e-22 0.021474220699 
1.36336682226 -9.83052938481e-23 -6.55368625654e-23 0.024347416713 
1.41829144354 5.18472015012e-22 3.45648010008e-22 0.0205130251273 
1.44519980631 -3.71810674492e-22 -2.47873782995e-22 0.0218023616884 
1.48526076279 -4.57940479977e-22 -3.05293653318e-22 0.016058333041 
1.49341046723 1.08860323676e-22 7.25735491175e-23 0.0172613637586 
1.50930316982 -3.03980162892e-22 -2.02653441928e-22 0.0150413619209 
1.51727028385 -3.25907817833e-22 -2.17271878555e-22 0.013989785629 
1.52230888308 -4.690629103e-22 -3.12708606866e-22 0.0135273486469 
1.52026747246 -1.6779412354e-22 -1.11862749026e-22 0.0142326170554 
1.51538583706 1.57985589834e-21 1.05323726556e-21 0.014737859801 
1.52506001264 1.27166951415e-21 8.477796761e-22 0.0122706241368 
1.51941520438 -1.07732242262e-22 -7.18214948415e-23 0.0132259849103 
1.52013679958 1.16457502188e-21 7.76383347921e-22 0.0123927259963 
1.5201309356 -1.43384723858e-22 -9.5589815905e-23 0.0129354538816 
1.52311493699 2.59761972897e-22 1.73174648598e-22 0.0117130779086 
1.51704983564 1.93535950834e-22 1.29023967223e-22 0.0129892574285 
1.52572345936 -1.43734816601e-22 -9.58232110671e-23 0.0109496220612 
1.52302694876 -3.11224917191e-22 -2.07483278127e-22 0.0105239438795 
1.50964015854 3.2447569695e-22 2.163171313e-22 0.0136140414496 
1.50012076799 -3.07206166581e-22 -2.04804111054e-22 0.0159527047516 
1.49542915415 6.19813751533e-23 4.13209167689e-23 0.0169762123097 
1.49021253728 -1.18479061452e-22 -7.89860409683e-23 0.0182706478737 
1.49600425728 1.51494783249e-21 1.00996522166e-21 0.0170927309493 
1.50857539149 -3.36669521807e-22 -2.24446347871e-22 0.0133295449283 
1.50276132858 -2.67793087089e-22 -1.78528724726e-22 0.0142455878601 
1.48920863624 4.49449498069e-23 2.99632998713e-23 0.0176065267436 
1.49471028093 6.31642489699e-22 4.21094993133e-22 0.0155986556982 
1.4933164456 -8.80797770695e-22 -5.87198513797e-22 0.0157929330043 
1.49930559914 -2.24173549231e-23 -1.4944903282e-23 0.0139861398567 
1.4928997473 1.18756106967e-21 7.91707379783e-22 0.0155890731531 
1.4928997473 1.18756106967e-21 7.91707379783e-22 0.0155890731531 
1.50150846818 4.58659330495e-22 3.05772886996e-22 0.0129311985779 
1.49516544758 -5.86445452374e-22 -3.90963634916e-22 0.0140388352842 
1.49475816131 8.92755277835e-22 5.95170185223e-22 0.0134618936018 
1.49391196545 -9.17569981105e-23 -6.11713320737e-23 0.013965804561 
1.49391196545 -9.17569981105e-23 -6.11713320737e-23 0.013965804561 
1.48596260765 -1.46450143473e-21 -9.76334289818e-22 0.0147927437427 
1.47305362545 -1.37853465445e-22 -9.19023102967e-23 0.0179242159023 
1.45631336996 2.48983647226e-22 1.65989098151e-22 0.0216223646208 
1.44351472397 -1.54014216323e-23 -1.02676144215e-23 0.0230524911127 
1.4376985868 3.92783444172e-22 2.61855629448e-22 0.0216256182313 
1.42317417391 -1.20512221462e-22 -8.03414809744e-23 0.0216815559267 
1.41284893046 6.49372546327e-22 4.32915030885e-22 0.0181666527419 
1.39149516546 4.5640357933e-22 3.04269052887e-22 0.0158546820158 
1.35109527014 5.58433336141e-22 3.72288890761e-22 0.0154597156929 
1.30650043681 -1.05991094801e-18 -7.06607298676e-19 0.013901344343 
1.25624154888 8.67457196635e-19 5.78304797757e-19 0.0135211836346 
1.19824988238 1.93806438219e-19 1.29204292146e-19 0.0149454601826 
1.17094396407 2.01585459945e-19 1.3439030663e-19 0.0117202648238 
1.13998032965 2.68215605639e-18 1.78810403759e-18 0.0140783774564 
1.13605473631 -2.25492312057e-22 -1.50328208038e-22 0.00730250310931 
1.1290256241 3.85895467571e-22 2.57263645047e-22 0.00415234662202 
1.11220036431 6.08300308166e-20 4.05533538777e-20 0.00713768744925 
1.09999902498 1.14075511786e-22 7.60503411903e-23 0.00850720733308 
1.09595689146 -2.68366527631e-22 -1.7891101842e-22 0.00851297749934 
1.09595689146 -2.68366527631e-22 -1.7891101842e-22 0.00851297749934 
1.09595689146 -2.68366527631e-22 -1.7891101842e-22 0.00851297749934 
1.10167322571 -2.34359784066e-22 -1.56239856044e-22 0.00719929782581 
1.09557790645 -9.05852496125e-23 -6.03901664083e-23 0.0108449213556 
1.09557790645 -9.05852496125e-23 -6.03901664083e-23 0.0108449213556 
1.09888007719 5.69115790036e-23 3.7941052669e-23 0.00878176148316 
1.09028880892 9.16832918323e-24 6.11221945548e-24 0.0114822783943 
1.09717411948 -1.27212126598e-22 -8.48080843984e-23 0.0067186152514 
1.0769594021 -3.52365706058e-19 -2.34910470705e-19 0.0106925370888 
1.06285424682 0.000352656228996 0.000235104152664 0.00684622501148 
1.0275979319 0.00515950778235 0.0034396718549 0.00947437692113 
0.974784207715 0.0142675565953 0.00951170439688 0.0102782257967 
0.915068032921 0.0259629593098 0.0173086395399 0.0106266045363 
0.852347307355 0.0393845478331 0.0262563652221 0.0103243925121 
0.791620681164 0.0529735913219 0.035315727548 0.00740604869964 
0.785319071862 0.283908241976 0.189272161317 0.00126297341051 
0.740749732593 0.297353345363 0.198235563575 -0.000655337113862 
0.710072916696 0.306790608623 0.204527072415 -0.00200256706694 
0.688117383292 0.313723493895 0.20914899593 -0.0014528614073 
0.657045031171 0.324164465954 0.216109643969 0.00359092798431 
0.64571764403 0.329361179965 0.219574119977 0.0058107132237 
0.761359504471 0.581593144206 0.387728762804 0.00432027877344 
0.761359504471 0.581593144206 0.387728762804 0.00432027877344 
0.773260148825 0.572693206943 0.381795471295 0.00173814972052 
0.780276382995 0.5674804 0.378320266666 0.00171453192717 
0.777040512153 0.569409888991 0.379606592661 0.0024832234454 
0.779200963486 0.567616933063 0.378411288709 0.00292154061328 
0.782767591128 0.564699083834 0.37646605589 0.00239992086499 
0.779961616026 0.566412818236 0.37760854549 0.00185895498761 
0.758017262721 0.581910595228 0.387940396818 0.00298865503748 
0.704330985349 0.621361178785 0.414240785856 0.00359096982134 
0.431037595357 0.106379318236 0.0709195454909 0.0363213736065 
0.343731082916 0.119782349658 0.079854899772 0.166110711555 
0.29945544296 0.140929517473 0.0939530116486 0.402917671451 
0.253565686288 0.194864887548 0.129909925032 0.513938787423 
0.201884127648 0.256941055122 0.171294036748 0.523598775598 
0.177177450091 0.281168598433 0.187445732289 0.523598775598 
0.150538971557 0.314406156744 0.209604104496 0.523598775598 
0.146281173603 0.312490823645 0.208327215763 0.523598775598 
0.143807211697 0.31159653982 0.207731026547 0.523598775598 
0.127227679292 0.337549411312 0.225032940875 0.523598775598 
0.137655056686 0.316084605915 0.21072307061 0.523598775598 
0.140659956599 0.308739354096 0.205826236064 0.523598775598 
0.152922345922 0.287417755934 0.191611837289 0.523598775598 
0.141124175947 0.310266404272 0.206844269515 0.523598775598 
0.136511802607 0.318362272131 0.212241514754 0.523598775598 
0.142170688904 0.311089264613 0.207392843076 0.523598775598 
0.143461075188 0.311463489695 0.207642326464 0.523598775598 
0.133388025688 0.330914833993 0.220609889328 0.523598775598 
0.155145967842 0.295061748046 0.19670783203 0.523598775598 
0.151931386267 0.304649529146 0.203099686098 0.523598775598 
0.145648867353 0.320630006167 0.213753337444 0.523598775598 
0.152474744914 0.314221142095 0.209480761396 0.523598775598 
0.16131365025 0.304271987966 0.202847991977 0.523598775598 
0.169171541222 0.29637461831 0.197583078873 0.451107007487 
0.174879146875 0.293722591344 0.195815060896 0.303229947908 
