0.0 0.0 0.0 0.0 
-1.15642026342e-19 0.535077924852 0.356718616568 -0.523598775598 
-1.15642026342e-19 0.535077924852 0.356718616568 -0.523598775598 
-1.15642026342e-19 0.535077924852 0.356718616568 -0.523598775598 
-1.15642026342e-19 0.535077924852 0.356718616568 -0.523598775598 
-1.15642026342e-19 0.535077924852 0.356718616568 -0.523598775598 
-1.15642026342e-19 0.535077924852 0.356718616568 -0.523598775598 
1.47967383233e-20 0.530602453488 0.353734968992 -0.523598775598 
1.47967383233e-20 0.530602453488 0.353734968992 -0.523598775598 
1.47967383233e-20 0.530602453488 0.353734968992 -0.523598775598 
1.47967383233e-20 0.530602453488 0.353734968992 -0.523598775598 
7.93461195335e-21 0.522928467801 0.348618978534 -0.523598775598 
4.07257957558e-21 0.517712334978 0.345141556652 -0.523598775598 
4.07257957558e-21 0.517712334978 0.345141556652 -0.523598775598 
4.07257957558e-21 0.517712334978 0.345141556652 -0.523598775598 
-4.76178092601e-21 0.511897517297 0.341265011532 -0.523598775598 
-4.76178092601e-21 0.511897517297 0.341265011532 -0.523598775598 
-4.76178092601e-21 0.511897517297 0.341265011532 -0.523598775598 
6.91025098823e-21 0.506831579112 0.337887719408 -0.523598775598 
5.6253484242e-21 0.503763158139 0.335842105426 -0.523598775598 
5.6253484242e-21 0.503763158139 0.335842105426 -0.523598775598 
4.2145129131e-21 0.499116791817 0.332744527878 -0.523598775598 
4.2145129131e-21 0.499116791817 0.332744527878 -0.523598775598 
-5.45282035826e-21 0.501369629647 0.334246419764 -0.523598775598 
-5.45282035826e-21 0.501369629647 0.334246419764 -0.523598775598 
-5.45282035826e-21 0.501369629647 0.334246419764 -0.523598775598 
5.0308620014e-22 0.506773383082 0.337848922054 -0.523598775598 
-3.67424033238e-21 0.504357441292 0.336238294195 -0.523598775598 
-3.67424033238e-21 0.504357441292 0.336238294195 -0.523598775598 
-3.87605470984e-21 0.510244816591 0.340163211061 -0.523598775598 
-3.87605470984e-21 0.510244816591 0.340163211061 -0.523598775598 
-3.87605470984e-21 0.510244816591 0.340163211061 -0.523598775598 
2.13560457192e-21 0.512767203215 0.341844802143 -0.523598775598 
2.13560457192e-21 0.512767203215 0.341844802143 -0.523598775598 
2.13560457192e-21 0.512767203215 0.341844802143 -0.523598775598 
1.35807339046e-20 0.518139638766 0.345426425844 -0.523598775598 
1.35807339046e-20 0.518139638766 0.345426425844 -0.523598775598 
1.35807339046e-20 0.518139638766 0.345426425844 -0.523598775598 
1.07897088397e-21 0.515673033996 0.343782022664 -0.523598775598 
1.07897088397e-21 0.515673033996 0.343782022664 -0.523598775598 
1.07897088397e-21 0.515673033996 0.343782022664 -0.523598775598 
1.0318051228e-20 0.513313821343 0.342209214229 -0.523598775598 
3.04912245828e-21 0.510354391958 0.340236261306 -0.523598775598 
4.84612068482e-21 0.502019598564 0.334679732376 -0.523598775598 
2.27515512808e-21 0.489771792375 0.32651452825 -0.523598775598 
0.0229103824685 0.452749172666 0.301832781777 -0.523598775598 
0.0489413532381 0.415216863289 0.276811242193 -0.523598775598 
0.0671769424343 0.380994867242 0.253996578161 -0.523598775598 
0.105477824826 0.323860543158 0.215907028772 -0.523598775598 
0.143849945365 0.266450455992 0.177633637328 -0.523598775598 
0.199801532572 0.192291919163 0.128194612775 -0.523598775598 
0.252770044109 0.117120620853 0.0780804139021 -0.523598775598 
0.314132097164 0.0239936230213 0.0159957486809 -0.523598775598 
0.354805012942 -1.33166438705e-17 -8.87776258035e-18 -0.513549995664 
0.540654107051 -5.16295960205e-22 -3.44197306803e-22 0.503135131434 
0.600869727757 1.45055802449e-22 9.67038682993e-23 0.354962068797 
0.674192387637 2.16932658111e-06 1.44621772074e-06 0.250533768433 
0.751284671995 2.02657834501e-06 1.35105223001e-06 0.184565402564 
0.824496003119 1.76158219657e-06 1.17438813105e-06 0.145585689349 
0.89382619261 3.55640380061e-07 2.37093586707e-07 0.119041401569 
0.979535330357 5.84687965801e-23 3.89791977201e-23 0.0932185638608 
1.05936584157 -4.57989026585e-22 -3.05326017723e-22 0.0718207853811 
1.15640001224 2.68631612895e-22 1.7908774193e-22 0.0569180018534 
1.23733408442 -2.39995519568e-23 -1.59997013045e-23 0.0462128603991 
1.29130873436 7.65216709239e-22 5.10144472826e-22 0.044390570124 
1.33950492479 -9.47456014263e-22 -6.31637342842e-22 0.0415972713097 
1.37517658123 -4.72080375055e-22 -3.14720250036e-22 0.0377622732081 
1.4154841762 -1.9899986167e-22 -1.32666574447e-22 0.0317850949295 
1.43968251877 5.44972608663e-22 3.63315072442e-22 0.0290589103499 
1.45234980564 3.63352477365e-22 2.4223498491e-22 0.0241793827786 
1.46207620497 -4.86107802479e-23 -3.24071868319e-23 0.0245061230631 
1.47013013696 2.15683311852e-21 1.43788874568e-21 0.0211390030724 
1.48290586475 9.20679814521e-22 6.13786543014e-22 0.0167639432791 
1.48268979222 6.3828804416e-22 4.25525362774e-22 0.0161151567076 
1.48464062071 1.3535211946e-21 9.02347463066e-22 0.0164353750814 
1.47929764245 1.50660310083e-21 1.00440206722e-21 0.018235201927 
1.48256893511 2.47995578058e-21 1.65330385372e-21 0.0167449410256 
1.47192284197 -8.08398522001e-22 -5.38932348e-22 0.019569883109 
1.47146081579 7.73667128872e-22 5.15778085915e-22 0.0185103602462 
1.46846775966 -3.84489060402e-22 -2.56326040268e-22 0.0195624702059 
1.47017384898 1.78017163247e-21 1.18678108831e-21 0.0182140544099 
1.47582711936 1.00831952082e-21 6.72213013879e-22 0.0181735467887 
1.48045533079 -6.61134152213e-22 -4.40756101475e-22 0.0183816711125 
1.47728390202 5.66962885433e-22 3.77975256955e-22 0.0178512039839 
1.47476561412 1.4038576013e-21 9.35905067532e-22 0.0180975340238 
1.47291060573 9.64885926163e-22 6.43257284109e-22 0.0173510436046 
1.47664988657 8.60868681868e-22 5.73912454579e-22 0.0162549939842 
1.47404248042 2.26861298695e-21 1.51240865797e-21 0.0178025711339 
1.47642240066 1.36060008793e-21 9.07066725288e-22 0.0161538970926 
1.47483749911 -1.0748759545e-22 -7.16583969664e-23 0.0156915748488 
1.47622800331 7.6470042881e-22 5.09800285874e-22 0.0150344204465 
1.46921794925 -7.55921456112e-22 -5.03947637408e-22 0.0184655485881 
1.46175545187 1.11164793759e-21 7.41098625061e-22 0.0208268450951 
1.45337958477 -5.78232750076e-22 -3.85488500051e-22 0.0230038594142 
1.45346291078 -8.43542229536e-23 -5.62361486357e-23 0.0201633876329 
1.45016848092 -2.58841811803e-22 -1.72561207869e-22 0.0203925219267 
1.44367548881 5.46312174412e-22 3.64208116275e-22 0.0214063970177 
1.43757137927 -4.77599313745e-22 -3.18399542496e-22 0.0196301539616 
1.42384667491 -2.59353404973e-22 -1.72902269982e-22 0.020131258819 
1.41011772166 -9.41426584487e-22 -6.27617722992e-22 0.0197005578929 
1.38983746174 -9.01536260467e-23 -6.01024173644e-23 0.0203730795352 
1.35592855994 -7.70401391593e-23 -5.13600927729e-23 0.0213978766948 
1.327155279 1.29741933085e-21 8.6494622057e-22 0.017738885651 
1.29803666315 1.20141855993e-22 8.00945706623e-23 0.0146815025707 
1.25643729552 -9.26300722698e-19 -6.17533815132e-19 0.0143777248468 
1.21694790933 -6.50521303491e-19 -4.33680868994e-19 0.01161724911 
1.16697457575 2.08375467761e-18 1.38916978507e-18 0.0147263834259 
1.10246995913 2.26830186502e-18 1.51220124334e-18 0.0160547950677 
1.05042696282 -1.87148915885e-17 -1.24765943923e-17 0.0156643507916 
0.991057683412 0.0135399014238 0.00902660094919 0.0189044267466 
0.928132283435 0.0289817164981 0.0193211443321 0.0141597105669 
0.859228986614 0.0464819744854 0.0309879829903 0.0145447420149 
0.796236582944 0.062474717866 0.0416498119106 0.0104473735646 
0.710049588329 0.0840575799315 0.056038386621 0.00761734044847 
0.622528160866 0.104077284342 0.0693848562278 -0.00142771806668 
0.519077707458 0.0419471515392 0.0279647676928 -0.0156738043576 
0.421653884915 0.0316686686079 0.0211124457386 -0.0797189682119 
0.382477602319 0.0575353731241 0.0383569154161 -0.311495822492 
0.333494786503 0.129925660105 0.0866171067368 -0.333941907206 
0.249164427605 0.22327013031 0.14884675354 -0.201036154219 
0.199284321402 0.278457225957 0.185638150638 -0.194550392277 
0.0950967308023 0.0324054450408 0.0216036300272 0.01690939669 
0.060821420846 0.015670810135 0.0104472067567 0.0111679916296 
0.0309411322447 0.0510662044806 0.0340441363204 0.00696047735045 
0.016192230124 0.037016211071 0.0246774740473 0.00335423219073 
0.00450199328887 0.0334238978115 0.022282598541 0.00112412710007 
0.00114132007781 3.66533301698e-18 2.44355534466e-18 0.00253423325056 
-8.81682578032e-19 0.022412243163 0.014941495442 0.00224039859603 
1.75465023657e-21 0.0541270493127 0.0360846995418 0.000705832808547 
-1.58095988624e-18 0.0087785604687 0.0058523736458 0.00042093738355 
3.9274535484e-20 1.32878293601e-19 8.8585529067e-20 -1.16305824331e-08 
2.20052056709e-21 0.0423425711967 0.0282283807978 -6.82201952811e-05 
0.00225494821959 0.0680412027609 0.0453608018406 -0.000997507772598 
0.0101381013706 0.0212682368508 0.0141788245672 0.00338150414285 
0.0136617223787 0.0454217236422 0.0302811490948 0.00613059728213 
0.0139903896264 0.0973259418164 0.0648839612109 0.00588014667846 
0.0167438988398 0.122644776553 0.0817631843685 0.00872870260004 
0.0193323450208 0.11243514102 0.0749567606801 0.0114331399366 
0.0195175912333 0.141266163638 0.0941774424256 0.00794427834864 
0.0219789820775 0.137255537603 0.091503691735 0.00859177615463 
0.0329609216346 0.148801318374 0.0992008789161 0.010553733308 
0.0413484685563 0.149332923608 0.0995552824055 0.0115645482517 
0.0519041810046 0.15011430216 0.10007620144 0.0130439751675 
0.0702467970588 0.197007498222 0.131338332148 0.0137226489343 
0.0971445098761 0.234437409838 0.156291606558 0.0064408104506 
0.126661495815 0.267002407142 0.178001604761 0.00370413774489 
0.170540843695 0.244731964882 0.163154643255 -0.00810862223936 
0.222731634303 0.265106314567 0.176737543045 0.00224997623613 
0.283466571254 0.256774525324 0.171183016883 0.0272998996849 
0.361961211236 0.256281492776 0.170854328517 0.0453520479249 
0.497700471094 0.371610929919 0.247740619946 0.021093720128 
0.659293967683 0.492579414262 0.328386276174 0.0180816908156 
0.757349074291 0.439812077714 0.293208051809 0.0208577299559 
0.858575818057 0.388634935849 0.259089957233 0.0223877209814 
0.876380197976 0.134463466625 0.0896423110835 0.0285401258407 
0.938880825892 -1.71286641916e-18 -1.14191094611e-18 0.0305375769841 
1.04115966905 8.04806036644e-23 5.36537357763e-23 0.0232832957266 
1.1266324393 3.51904602019e-22 2.34603068013e-22 0.0178681405028 
1.1917939977 2.66908201926e-22 1.77938801284e-22 0.0158861668743 
1.25287972906 7.56966785358e-22 5.04644523572e-22 0.0164380197711 
1.29873983662 -2.24605313618e-22 -1.49736875746e-22 0.0177741493097 
1.34268579548 1.73112194005e-21 1.15408129336e-21 0.0145320385986 
1.37450943159 1.04836878951e-21 6.98912526338e-22 0.0154351917543 
1.40392303382 3.01106293962e-22 2.00737529308e-22 0.0145444765564 
1.42290211818 7.79466970783e-22 5.19644647189e-22 0.0141590648118 
1.43815781623 1.18964715676e-22 7.93098104506e-23 0.0126546467816 
1.45511685749 -1.815082578e-22 -1.210055052e-22 0.0100138379655 
1.46791678071 1.20030584581e-21 8.00203897208e-22 0.00971876785436 
1.46765437702 3.71819884054e-22 2.47879922703e-22 0.0114295554724 
1.47163722567 -4.4548633351e-22 -2.96990889007e-22 0.00692224939271 
1.48463989359 5.30586758078e-22 3.53724505385e-22 0.00332930500557 
1.48450009715 -1.90688887842e-22 -1.27125925228e-22 0.00354484301049 
1.47432667535 6.83846165465e-22 4.55897443643e-22 0.00480899664247 
1.47289160972 -2.11168731691e-23 -1.40779154461e-23 0.00294182705128 
1.46968833029 1.11374996562e-23 7.42499977077e-24 0.0019551780011 
1.46380881395 -5.5009518404e-23 -3.66730122693e-23 0.00146849393686 
1.45653417228 2.32125732477e-22 1.54750488318e-22 -0.00349586891316 
1.4523685176 8.88035172853e-23 5.92023448568e-23 -0.00741678958995 
1.45542634033 1.65114839492e-22 1.10076559661e-22 -0.00943109248872 
1.4652677433 0.0224391955441 0.0149594636961 -0.00813752410878 
1.47534724218 0.0759884439634 0.0506589626423 -0.00567039783782 
1.47122632318 0.0766197941032 0.0510798627355 -0.00335949723983 
1.46124311048 0.0479942969621 0.0319961979748 -0.00330771988657 
1.44969354163 0.0131379743528 0.00875864956855 -0.00376642123165 
1.45832303156 0.0453047322074 0.0302031548049 -0.0047693891007 
1.45111654358 0.0173274621012 0.0115516414008 -0.00488968998857 
1.45763784554 0.0474648540088 0.0316432360058 -0.00523697086696 
1.44140033357 1.45212967823e-19 9.68086452154e-20 -0.00505220419517 
1.43606464994 8.47032947254e-22 5.64688631503e-22 -0.00330878547264 
1.43731173724 6.16379566138e-23 4.10919710759e-23 -0.00223320908702 
1.43411126369 6.97028134389e-23 4.64685422926e-23 -0.000777703771824 
1.42596978344 -4.83597450841e-23 -3.22398300561e-23 0.00086949056801 
1.42870968067 1.38091039869e-22 9.20606932459e-23 -0.000598778193969 
1.4204903661 5.60300348592e-19 3.73533565728e-19 -0.00226231519784 
1.41153613908 1.65657362975e-18 1.10438241983e-18 0.000774049669739 
1.41376492579 0.0438487482338 0.0292324988225 0.00425040389542 
1.39775776704 0.0472964604812 0.0315309736541 0.00790655275311 
1.39389240757 0.100802386602 0.0672015910677 0.00788889667826 
1.3694220915 0.106629854723 0.0710865698155 0.00975507155764 
1.33617240467 0.114319266351 0.0762128442342 0.013730707006 
1.30008715422 0.122629236818 0.0817528245453 0.0176447813754 
1.27228864118 0.130478548539 0.0869856990261 0.0226822591949 
1.2377359778 0.138458703537 0.0923058023581 0.0320889471975 
1.18276458992 0.0711951897806 0.0474634598537 0.0382695215549 
1.14406465921 0.079718585265 0.05314572351 0.0447916448359 
1.10081839385 0.0896747341341 0.0597831560894 0.0509730933102 
1.05751947195 0.101080644995 0.0673870966634 0.0515996182663 
0.993632077447 0.116946362457 0.0779642416383 0.063467978797 
0.937441001213 0.131414647279 0.0876097648529 0.0718458107303 
0.885128493213 0.146365978036 0.0975773186908 0.0804258072288 
0.834813383998 0.162513974094 0.108342649396 0.091213741892 
0.784823006757 0.180053496678 0.120035664452 0.103879863946 
0.735349149811 0.197233162375 0.131488774917 0.116875224291 
0.767225725768 0.453905485472 0.302603656981 0.0756230610896 
0.711185769187 0.48304550474 0.322030336493 0.0730489109545 
0.568962205287 0.360567256362 0.240378170908 0.110575165772 
0.46890633591 0.247120747485 0.16474716499 0.182312971484 
0.401576373506 0.276829176751 0.184552784501 0.207632482885 
0.331895758719 0.312172111409 0.20811474094 0.231425186315 
0.278510520527 0.387177203923 0.258118135948 0.199677985215 
0.236232812917 0.409331115165 0.27288741011 0.208701166626 
0.194641220455 0.446142351784 0.297428234523 0.222821985048 
0.171693464911 0.468169092378 0.312112728252 0.184761129392 
0.156813947194 0.470901259734 0.313934173156 0.185159839902 
0.145672115563 0.474478119429 0.316318746286 0.185789382118 
0.137999547105 0.492562729894 0.328375153262 0.187895690278 
0.129648489046 0.494907671114 0.329938447409 0.188035998844 
0.129648489046 0.494907671114 0.329938447409 0.188035998844 
0.12778169088 0.482343118499 0.321562078999 0.174248361944 
0.123403771138 0.49651741602 0.33101161068 0.175700622287 
0.119295386807 0.506906712524 0.337937808349 0.179153179561 
0.123032827367 0.504335902175 0.336223934783 0.177462326351 
0.119955298294 0.515748684401 0.343832456268 0.183471621242 
0.129832436517 0.502023294332 0.334682196221 0.17526113781 
0.129832436517 0.502023294332 0.334682196221 0.17526113781 
0.139072515609 0.49865739684 0.33243826456 0.173899167054 
0.144556643103 0.483781079895 0.32252071993 0.168600205566 
0.150199877747 0.490921077522 0.327280718348 0.177095881042 
0.156864983353 0.489880425866 0.326586950577 0.177521476991 
0.1602002752 0.49405114172 0.329367427813 0.184403279216 
0.161787541942 0.50746608671 0.338310724473 0.196933212504 
0.17135303189 0.506555879964 0.337703919976 0.198037200341 
0.189713457686 0.502175708182 0.334783805454 0.197630046779 
0.199429733507 0.503747414166 0.335831609444 0.203371820148 
0.210581789367 0.505948873955 0.337299249303 0.208300429989 
0.21717157524 0.515260297388 0.343506864925 0.218845451127 
0.225184746071 0.520362228927 0.346908152618 0.224342866595 
0.230063440233 0.520675443936 0.347116962624 0.225331906614 
0.23097239453 0.529124101066 0.35274940071 0.232493770291 
0.236422823767 0.528455591118 0.352303727412 0.232306581036 
0.245484989071 0.517440099654 0.344960066436 0.22231993347 
0.277827735791 0.594525960122 0.396350640081 0.155707572084 
0.27871426888 0.593445984145 0.395630656096 0.155119287595 
0.274556898382 0.603007415653 0.402004943769 0.161872945045 
0.309836992283 0.642837807102 0.428558538068 0.135366345303 
0.329921013342 0.628755385251 0.419170256834 0.130585103569 
0.366376091839 0.602155096822 0.401436731215 0.11993382628 
0.408818685149 0.505139848874 0.336759899249 0.122401318958 
0.470573127332 0.474134330658 0.316089553772 0.10586032989 
0.548132539457 0.439235235636 0.292823490424 0.0927761154074 
0.741561337189 0.518643210725 0.345762140483 0.0666585936075 
0.84246573055 0.44989695066 0.29993130044 0.0613169004705 
0.847483337972 0.147523393854 0.0983489292363 0.0910159179002 
0.936963717961 8.92472763882e-18 5.94981842588e-18 0.090795038474 
1.07121127385 -4.63296932058e-22 -3.08864621372e-22 0.0727352898176 
1.18509730906 6.13052636184e-22 4.08701757456e-22 0.0574275666361 
1.26902745553 -2.98515552193e-22 -1.99010368129e-22 0.0497641123728 
1.33058093576 1.05589265475e-21 7.03928436498e-22 0.0439637937941 
1.39605811441 3.16605239617e-22 2.11070159744e-22 0.0356046269203 
1.42961691212 1.27037503908e-21 8.46916692718e-22 0.0338458229218 
1.4592022925 7.59362635806e-22 5.06241757204e-22 0.0305820397629 
1.48355639182 1.09205003485e-21 7.28033356565e-22 0.0255484891944 
1.50269016552 7.73058294086e-23 5.15372196058e-23 0.0225098441517 
1.51267984855 -1.20727468883e-22 -8.04849792551e-23 0.0202358146018 
1.5199155806 1.44129604234e-21 9.60864028225e-22 0.0183557111105 
1.5179088485 1.00540887414e-21 6.70272582759e-22 0.0193976271563 
1.51756884434 -4.95225393123e-22 -3.30150262082e-22 0.0203981863299 
1.51506339615 2.66472757342e-21 1.77648504895e-21 0.0224133526612 
1.51291408995 1.97956264759e-21 1.31970843173e-21 0.0232793582106 
1.51458345482 1.75106766369e-21 1.16737844246e-21 0.0220914930415 
1.51461207239 -5.18082532044e-22 -3.45388354696e-22 0.0210482311393 
1.50792767985 -3.33778134014e-22 -2.22518756009e-22 0.022921914869 
1.50960553248 2.53019179601e-21 1.68679453067e-21 0.0193241095122 
1.50733408245 -5.97200978841e-22 -3.98133985894e-22 0.0185893034641 
1.50378981644 8.18687522636e-22 5.45791681758e-22 0.0181005829682 
1.50577526231 -5.96922533342e-22 -3.97948355561e-22 0.0148238667091 
1.50820409552 -7.49717880533e-22 -4.99811920355e-22 0.0121747893813 
1.50568528689 -5.95986264883e-22 -3.97324176589e-22 0.0149048128901 
1.50399978099 9.07958213726e-22 6.05305475818e-22 0.0161845534655 
1.49995243258 2.80907247999e-22 1.87271498666e-22 0.016688814576 
1.49538057894 1.90132825173e-21 1.26755216782e-21 0.0186528622249 
1.49409609352 2.28481708353e-22 1.52321138902e-22 0.0188364566546 
1.49469423232 2.43509564862e-21 1.62339709908e-21 0.0156918790396 
1.49149518782 -3.73370006835e-22 -2.4891333789e-22 0.0159235816091 
1.49173254607 -4.08111398563e-22 -2.72074265708e-22 0.0143887980829 
1.49200201032 -3.06781670405e-22 -2.04521113603e-22 0.0127376253112 
1.48207141641 7.1791529944e-22 4.78610199626e-22 0.0172434673811 
1.48052850663 -5.36181779537e-22 -3.57454519691e-22 0.0178066440432 
1.48031701198 1.05944638917e-21 7.06297592777e-22 0.0141704811484 
1.47544780509 6.71318000436e-22 4.47545333624e-22 0.0183313198597 
1.4786080238 5.29552018701e-22 3.53034679134e-22 0.0189027939347 
1.47402814129 -9.99873683219e-22 -6.66582455479e-22 0.0192095187774 
1.4688433634 -5.90057650141e-22 -3.93371766761e-22 0.0240595312936 
1.47300420249 1.20306329481e-21 8.02042196542e-22 0.0207824705625 
1.47850158929 -5.21592155058e-22 -3.47728103372e-22 0.0195037183019 
1.46984941039 -1.96845021445e-22 -1.31230014297e-22 0.0232120334889 
1.46308143444 6.52437646128e-22 4.34958430752e-22 0.0221705117243 
1.45705252579 1.47276434565e-21 9.81842897097e-22 0.0227601735245 
1.44891141374 9.8203450293e-22 6.5468966862e-22 0.0234135546098 
1.42819486549 -3.40149548679e-22 -2.26766365786e-22 0.0267745247538 
1.41330310123 1.44653418765e-21 9.64356125102e-22 0.0308741350805 
1.39114181899 -5.49245473634e-22 -3.6616364909e-22 0.0360912203396 
1.35963537109 -3.51981462973e-22 -2.34654308649e-22 0.0413020612364 
1.32825175876 5.75748193662e-23 3.83832129108e-23 0.0465560394876 
1.28873580162 4.48902035757e-22 2.99268023838e-22 0.0537511685104 
1.23654688952 -3.25959162089e-22 -2.17306108059e-22 0.0674236741394 
1.17991503226 -4.67864452097e-23 -3.11909634731e-23 0.0816565403331 
1.11030987291 -1.46823628848e-22 -9.78824192323e-23 0.104348808833 
1.03601854486 2.92038484432e-19 1.94692322955e-19 0.135017608085 
0.958801242278 0.0132908631452 0.00886057543016 0.161519344515 
0.871417949161 0.0419148491083 0.0279432327388 0.196618309408 
0.866232837408 0.5342833428 0.3561888952 0.146330509619 
0.840635182543 0.722440808418 0.481627205612 0.147930510821 
0.790380051192 0.816226166531 0.544150777687 0.147027332219 
0.76034997748 0.906622867487 0.604415244992 0.146392624225 
0.739255122485 0.975874312956 0.650582875304 0.143850088432 
0.674683407025 1.0276324339 0.685088289264 0.140942612999 
0.629494843578 1.07704958413 0.718033056084 0.13076667386 
0.586740127243 1.11929623948 0.746197492989 0.121518030606 
0.580158508726 1.1493765015 0.766251001001 0.11581071744 
0.532888586169 1.16884817992 0.779232119945 0.10439750301 
0.529910059534 1.18491604605 0.789944030702 0.0991208489657 
0.50051313119 1.19517218771 0.796781458474 0.0920887379143 
0.500111959002 1.20309943214 0.802066288095 0.0928456330952 
0.499724548686 1.20664980122 0.804433200813 0.0930131839333 
0.49916365394 1.21115104174 0.807434027824 0.0934284788094 
0.49916365394 1.21115104174 0.807434027824 0.0934284788094 
0.498847825328 1.20812785774 0.805418571823 0.0930925540046 
0.498714701581 1.20426311741 0.802842078273 0.0922274719541 
0.498380691272 1.20641261242 0.804275074945 0.0923299863157 
0.498380691272 1.20641261242 0.804275074945 0.0923299863157 
0.498239944311 1.20445981038 0.802973206917 0.0916411684866 
0.498250669536 1.20259713648 0.801731424322 0.0900799687473 
0.497935679889 1.20695379316 0.804635862109 0.089954634821 
0.497558069702 1.20907185368 0.806047902452 0.0898003245453 
0.497017643693 1.21028522796 0.806856818637 0.0898542459336 
0.496697753108 1.20818067557 0.805453783711 0.089478815381 
0.496229471616 1.20944855702 0.806299038011 0.0897881940523 
0.496229471616 1.20944855702 0.806299038011 0.0897881940523 
0.496001239652 1.20793506496 0.805290043308 0.0890532295703 
0.496001239652 1.20793506496 0.805290043308 0.0890532295703 
0.496001239652 1.20793506496 0.805290043308 0.0890532295703 
0.496224656909 1.19417586443 0.796117242954 0.0877811856897 
0.500649253901 1.17606823711 0.784045491407 0.095793937023 
0.546838136933 1.15374996888 0.769166645923 0.104279669592 
0.601178186755 1.10408164638 0.73605443092 0.111100444251 
0.658040583446 1.04428583571 0.696190557139 0.120053247116 
0.716727873235 0.970713592207 0.647142394805 0.123195489819 
0.786740600629 0.860755570424 0.573837046949 0.12384625396 
0.839555955504 0.719712109858 0.479808073239 0.120624504922 
0.859949359161 0.446198767997 0.297465845331 0.125326384495 
0.921418426258 0.0739976724609 0.0493317816406 0.144173442159 
1.02186407692 3.28631337239e-17 2.1908755816e-17 0.110439977914 
1.11467907753 -3.00005437196e-23 -2.00003624797e-23 0.0812087688812 
1.1888698634 1.62787633861e-22 1.0852508924e-22 0.0604909164956 
1.24704535585 1.09202365519e-21 7.28015770129e-22 0.0465873320107 
1.28142992906 -4.05791805091e-22 -2.70527870061e-22 0.0403617626099 
1.31292587467 -5.15704389939e-22 -3.43802926626e-22 0.0346962967426 
1.33486834575 1.05940923982e-21 7.06272826547e-22 0.0301260363562 
1.34790567439 -3.42381643178e-22 -2.28254428785e-22 0.0279499702502 
1.36130442725 5.50417467467e-23 3.66944978311e-23 0.0244167252777 
1.3698167068 3.44454683941e-22 2.2963645596e-22 0.0208751195509 
1.37143686438 -3.89577478338e-22 -2.59718318892e-22 0.0232576099126 
1.36681504923 -1.21525949668e-21 -8.10172997787e-22 0.0241475138361 
1.37470783021 -2.02454291794e-22 -1.34969527862e-22 0.0221583195336 
1.38338121793 1.38502757708e-22 9.23351718055e-23 0.0209755253055 
1.37581735189 2.47578523617e-22 1.65052349078e-22 0.0237462740485 
1.3736139001 1.86743948808e-22 1.24495965872e-22 0.0221970512202 
1.36155038641 -9.1567970284e-22 -6.10453135227e-22 0.0249913093779 
1.36182983456 -7.226102176e-22 -4.81740145067e-22 0.0229437129555 
1.36841898718 -3.85485551779e-22 -2.56990367852e-22 0.0184393809903 
1.36365406756 -1.41803142172e-22 -9.45354281145e-23 0.0195641785644 
1.35536672783 4.99602136255e-23 3.33068090837e-23 0.0238538705757 
1.35870366488 1.32670797049e-22 8.84471980326e-23 0.0200707590821 
1.3563625509 1.07726990988e-23 7.18179939919e-24 0.0215215308285 
1.35043281039 -9.78891688844e-22 -6.52594459229e-22 0.0217143231475 
1.34887928191 1.12069497214e-21 7.47129981429e-22 0.0212502837288 
1.33255414847 1.21462346081e-22 8.09748973871e-23 0.0261971034088 
1.31672970354 5.52996259615e-22 3.68664173076e-22 0.0313928526792 
1.29255099542 1.96584476448e-22 1.31056317632e-22 0.0388107254153 
1.26466626505 8.14230617347e-22 5.42820411564e-22 0.0437314221205 
1.22073319706 4.6640641492e-22 3.10937609946e-22 0.0560894936784 
1.18673126749 1.85413185718e-22 1.23608790479e-22 0.0685269236277 
1.12074862104 1.63619319585e-19 1.0907954639e-19 0.0893952072164 
1.06403738295 9.84793011647e-20 6.56528674431e-20 0.107681667305 
1.01747504298 0.0059421574744 0.00396143831627 0.134889494501 
0.955363195452 0.0187989069121 0.0125326046081 0.153711352584 
0.876581475907 0.0468133444194 0.0312088962796 0.190759977138 
0.879214424379 0.450744217271 0.300496144848 0.139318552467 
0.864161547368 0.658619379475 0.439079586317 0.138209229948 
0.830079331948 0.781190752487 0.520793834991 0.14608493805 
0.774880905986 0.907899836803 0.605266557869 0.150013056416 
0.708247138125 0.994958009273 0.663305339515 0.146911772567 
0.643030794069 1.06873192524 0.712487950158 0.138870569774 
0.563231157813 1.14160441985 0.761069613234 0.122250522423 
0.498467906042 1.19411514691 0.796076764604 0.10255298076 
0.437669075218 1.23620635768 0.824137571789 0.0803732836422 
0.382055503803 1.27030645897 0.846870972647 0.0580449472805 
0.317965861646 1.30198730963 0.867991539756 0.0373683204009 
0.247274235608 1.32683012632 0.884553417544 0.0163229998062 
0.105430512025 1.34638251892 0.897588345948 -0.0174469741933 
-2.97558320786e-17 1.36381247341 0.909208315604 -0.0463554003859 
3.37757771566e-21 1.38496412212 0.923309414747 -0.056727999579 
-9.97379537212e-22 1.40871627065 0.939144180433 -0.0706012178883 
-1.87748617455e-21 1.43424164097 0.956161093978 -0.080451218148 
1.49449303559e-21 1.45168579433 0.967790529551 -0.090743588914 
-5.13851162342e-22 1.47756780936 0.985045206239 -0.101773401495 
-8.86987011755e-22 1.49844886938 0.998965912917 -0.108755275026 
6.51155210318e-22 1.51839658977 1.01226439318 -0.110410967505 
1.75630404475e-22 1.53138236892 1.02092157928 -0.120124854558 
-1.13882773121e-22 1.54234679641 1.02823119761 -0.121163109031 
0.00123191280487 1.55057518863 1.03371679242 -0.128081562842 
0.00150425447643 1.556528799 1.037685866 -0.128664919727 
0.929207690909 1.51205354491 1.00803569661 0.0829184754093 
0.932612692733 1.51503969243 1.01002646162 0.0799863915607 
0.935905670654 1.5166709792 1.01111398613 0.0762267809745 
0.936083222443 1.51720432082 1.01146954721 0.0761350637497 
0.941931043421 1.5176119862 1.01174132413 0.0708035279364 
0.942054972256 1.51860118531 1.01240079021 0.0707738360025 
0.941947852795 1.51719668144 1.01146445429 0.070643241323 
0.94466752599 1.51760113063 1.01173408709 0.0674929400728 
0.94461371541 1.51719008798 1.01146005866 0.0674641660234 
0.944543598353 1.51662004405 1.01108002937 0.067430406391 
0.944610872016 1.51744472429 1.01162981619 0.0674463062327 
0.944461363733 1.51722917569 1.01148611713 0.0674768561696 
0.944312863794 1.51660072233 1.01106714822 0.0674747678833 
0.944091315922 1.51508986743 1.01005991162 0.0674662476885 
0.944239169698 1.51667125933 1.01111417288 0.0675515988202 
0.944089573038 1.51618250881 1.01078833921 0.0675933571716 
0.944045357104 1.51664246503 1.01109497668 0.0676807331579 
0.940701042253 1.51759190234 1.01172793489 0.0698280153787 
0.940620859034 1.51702827947 1.01135218631 0.0698264795302 
0.940700209765 1.51733599534 1.01155733023 0.069819818436 
0.940676073894 1.51689610295 1.01126406864 0.0697739848851 
0.940762067438 1.51708671607 1.01139114404 0.0697279628559 
0.940879229991 1.51746975118 1.01164650079 0.0696905981992 
0.940963842511 1.51777638634 1.01185092423 0.0696435687523 
0.940932849798 1.51707015953 1.01138010635 0.0695724508872 
0.940955949875 1.51681048946 1.01120699297 0.0695156095703 
0.940895050023 1.51627344788 1.01084896525 0.0695106980027 
0.940918476936 1.51647374772 1.01098249848 0.0695427929097 
0.94074680639 1.5155911884 1.0103941256 0.069582000755 
0.940492984166 1.51423692797 1.00949128531 0.069627291572 
0.937455519277 1.51547205111 1.01031470074 0.0725347041738 
0.937077226879 1.51267700835 1.0084513389 0.0725206751192 
0.934236814866 1.51202009241 1.00801339494 0.0765822319489 
0.934043584286 1.51044807884 1.0069653859 0.076594140987 
0.933870129231 1.5092822894 1.00618819293 0.0766751808472 
0.931976389527 1.50846889522 1.00564593014 0.0810600594866 
0.931979879674 1.50819677759 1.00546451839 0.0811055319397 
0.931884112498 1.50723772789 1.00482515193 0.0811400124457 
0.931884112498 1.50723772789 1.00482515193 0.0811400124457 
0.931737991953 1.50660817177 1.00440544785 0.0812294541264 
0.929423073762 1.50671711488 1.00447807659 0.0848931821683 
0.929240293664 1.50581088344 1.00387392229 0.0849706500886 
0.922603087222 1.50454430755 1.00302953837 0.0921377044641 
0.910492925003 1.49698376937 0.997989179578 0.103695484556 
0.902437577433 1.48331897683 0.988879317888 0.133335944492 
0.875637281764 1.4595644583 0.973042972198 0.154183718324 
0.812708323108 1.4336464512 0.955764300798 0.14038322757 
0.692295027544 1.41136594584 0.940910630563 0.095094223411 
-1.46879867509e-17 1.38078894315 0.920525962098 -0.0490236375027 
0.261549039293 1.33395809578 0.889305397188 0.0172338209402 
0.388361038669 1.27062783952 0.847085226349 0.0607568483016 
0.481043493165 1.20800324854 0.805335499027 0.0903732055251 
0.566764086728 1.13719232182 0.758128214546 0.111584327337 
0.637152569623 1.06983568678 0.713223791187 0.118503936059 
0.689623155311 1.01130211056 0.674201407041 0.121538957154 
0.732546311694 0.956830601534 0.637887067689 0.117990805786 
0.747061557988 0.905005747067 0.603337164711 0.113485235507 
0.767172153697 0.858589993595 0.572393329063 0.108735748902 
0.783587579741 0.833070924154 0.555380616103 0.109153628653 
0.797147593682 0.813591299847 0.542394199898 0.108096909469 
0.804675722486 0.800271251694 0.533514167796 0.100275104404 
0.811902495927 0.790901888157 0.527267925438 0.105804220304 
0.815639341116 0.785994876093 0.523996584062 0.101806041452 
0.819556304106 0.780041737945 0.520027825297 0.098115718765 
0.819556304106 0.780041737945 0.520027825297 0.098115718765 
0.81585861357 0.788165535537 0.525443690358 0.102525777491 
0.812292989072 0.797272203352 0.531514802235 0.105593677698 
0.811717444449 0.799578620398 0.533052413599 0.0999646670042 
0.808384049142 0.80842340585 0.538948937234 0.106701471978 
0.802682373984 0.822451150839 0.548300767226 0.111293655117 
0.802682373984 0.822451150839 0.548300767226 0.111293655117 
0.799085046063 0.833423631415 0.555615754276 0.112807456117 
0.799996388997 0.832339554884 0.554893036589 0.107906946241 
0.799996388997 0.832339554884 0.554893036589 0.107906946241 
0.80307091904 0.826574020906 0.551049347271 0.105728172635 
0.822024593838 0.784472108148 0.522981405432 0.106738588435 
0.854842533591 0.717450755525 0.478300503683 0.101188047683 
0.860572030502 0.539760340014 0.359840226676 0.0933521405246 
0.870439413144 0.214645708017 0.143097138678 0.102028625132 
0.968520673757 0.173622714292 0.115748476195 0.0744092111153 
1.00367004017 -2.67980311574e-17 -1.7865354105e-17 0.0690726748989 
1.06991121723 5.50363101401e-23 3.66908734267e-23 0.0428342497651 
1.12484426081 4.57014173064e-23 3.04676115376e-23 0.0245247049843 
1.15157493711 -3.22907307729e-22 -2.15271538486e-22 0.0163851222755 
1.17964454945 1.80035330757e-22 1.20023553838e-22 0.00730720294669 
1.20137169704 2.05665857276e-06 1.37110571518e-06 9.23330165673e-05 
1.24115504843 0.126819114958 0.0845460766384 0.0013572963257 
1.26941997201 0.204517465143 0.136344976762 4.66954346246e-05 
1.27879337036 0.203134540411 0.13542302694 -0.00273918453457 
1.30438286058 0.269294059265 0.179529372843 -0.000885458168799 
1.30803785661 0.268795341318 0.179196894212 -0.00152449065565 
1.32381833288 0.303383467228 0.202255644819 0.00120926349013 
1.32381114755 0.303404351191 0.20226956746 0.00287062315049 
1.32391643235 0.303600564841 0.202400376561 0.00386742618127 
1.32064541467 0.303698263528 0.202465509018 0.00342256073318 
1.3451129049 0.337469050653 0.224979367102 0.00412324319861 
1.34807124871 0.337311200459 0.224874133639 0.00478497847729 
1.33096273122 0.315063428006 0.210042285337 0.00498952468513 
1.36271450391 0.369930914642 0.246620609762 0.0059441840573 
1.36097885442 0.370587171161 0.247058114107 0.0068566873825 
1.35958432862 0.370882097193 0.247254731462 0.00685284394446 
1.33266401996 0.329126516865 0.21941767791 0.00659240205228 
1.33278025328 0.32922883667 0.219485891114 0.00588006215866 
1.32628328702 0.331823393903 0.221215595936 0.00370215185296 
1.31884080454 0.334662817567 0.223108545045 0.0032312972661 
1.27017050645 0.271320593086 0.180880395391 0.00245758100374 
1.26398833894 0.318452939974 0.212301959983 0.00444373610176 
1.25579210075 0.36333962102 0.242226414013 0.00574781719165 
1.27894748857 0.451829792316 0.301219861544 0.00771557849304 
1.27217252743 0.501933992219 0.33462266148 0.00752983095727 
1.24164245411 0.524512111642 0.349674741094 0.00921155737149 
1.21861525899 0.542541385117 0.361694256745 0.00782877635569 
1.14299358751 0.504825442707 0.336550295138 0.00445027524801 
1.14494485969 0.529298573449 0.352865715633 0.00320927315731 
1.13570612909 0.536904696469 0.357936464313 0.00396263807361 
1.13073908243 0.540929658776 0.360619772517 0.00240692580783 
1.1023846107 0.505846228834 0.337230819223 0.000430643864709 
1.03118829594 0.400394568557 0.266929712371 -0.00539406138229 
1.08972394856 0.492011919629 0.328007946419 -0.0034874988634 
1.03679088216 0.42411075017 0.282740500113 -0.00429611910151 
1.03502203793 0.425221105478 0.283480736985 -0.00423206437328 
1.03398432416 0.425769417702 0.283846278468 -0.00516267946248 
1.08763661 0.499643477575 0.333095651717 -0.00418447051359 
1.1116217339 0.52532756638 0.350218377587 -0.00334898311256 
1.10684791431 0.528426445399 0.352284296932 -0.00191985910188 
1.08743737007 0.496250536494 0.330833690996 -0.0062761071815 
1.11350669709 0.529935268365 0.35329017891 -0.00515149836275 
1.1089206674 0.533172628198 0.355448418799 -0.00199307945675 
1.09465003817 0.515769055214 0.34384603681 -0.0028170152262 
1.09933290964 0.512933701399 0.341955800932 -0.00218192196909 
1.09758959786 0.513699058949 0.3424660393 -0.00394180260224 
1.07028806957 0.480851223427 0.320567482285 -0.00618465626048 
1.07188029277 0.480180199174 0.320120132783 -0.00537800202737 
1.06929431642 0.481545340164 0.321030226776 -0.00609552503106 
1.07045159166 0.48112632813 0.32075088542 -0.00525750909622 
1.06535782027 0.484846725096 0.323231150064 -0.00362869170315 
1.01074378281 0.414109266699 0.276072844466 -0.00713232911547 
1.00004202921 0.419597341642 0.279731561095 -0.00673717371303 
0.983335813788 0.429116542787 0.286077695191 -0.00487747336815 
1.00809702367 0.509618528063 0.339745685375 -0.00207212607271 
0.990036824848 0.522594954994 0.348396636663 -0.0025117393793 
1.00873931129 0.602048434726 0.401365623151 0.00234553391941 
0.986645353484 0.624463612841 0.416309075228 0.000859036539066 
0.964914127478 0.64722659064 0.43148439376 0.00126014890701 
0.949281367811 0.665648664278 0.443765776185 0.00281681697899 
0.934174418144 0.68419601701 0.456130678007 0.00459441985472 
1.00086703948 0.739742705243 0.493161803495 0.00715452841899 
0.945007515864 0.717991767688 0.478661178459 0.00559439302058 
0.944844832601 0.718669867114 0.479113244743 0.00505814976072 
0.94892942477 0.713528912895 0.47568594193 0.00230420248527 
0.942850285325 0.721501466325 0.48100097755 0.00543336410101 
0.758106091408 0.561418021138 0.374278680759 0.0013028231668 
0.761254132791 0.558635573364 0.372423715576 -0.00166609281728 
0.75690572 0.56100295721 0.374001971474 -0.00176480316278 
0.691966764861 0.431030293938 0.287353529292 -0.00441486428971 
0.696974852686 0.429006029385 0.28600401959 -0.00338322998331 
0.698083493103 0.428674711656 0.285783141104 -0.00434997285935 
0.69891582302 0.428442995284 0.285628663523 -0.005327226451 
0.696528976457 0.430496097948 0.286997398632 -0.00302686101716 
0.696528976457 0.430496097948 0.286997398632 -0.00302686101716 
0.705651174125 0.426019478083 0.284012985389 -0.00611763374638 
0.703384576737 0.428068218118 0.285378812079 -0.00225249215884 
0.705971658285 0.427110341654 0.284740227769 -0.00363640759181 
0.703889606823 0.428199974729 0.28546664982 -0.00311783685422 
0.713262765032 0.423048591321 0.282032394214 -0.00759561396608 
0.710956568458 0.423869059187 0.282579372792 -0.0042097267132 
0.7051047485 0.426453769732 0.284302513154 -0.00334554437928 
0.708529223678 0.424692007102 0.283128004735 -0.00414219607687 
0.644290929235 0.246256284641 0.164170856427 -0.00645103409571 
0.623042648179 0.179097235028 0.119398156686 -0.00766298870431 
0.616714232148 0.181406670763 0.120937780509 -0.00448948551006 
0.606383913879 0.184580964966 0.123053976644 -0.00288578413101 
0.589029664414 0.189936599422 0.126624399615 0.00182122765809 
0.568339772166 0.195280847179 0.130187231453 0.000316967037559 
0.544364195969 0.266254878627 0.177503252418 -0.000988134248316 
0.511603785762 0.274601229323 0.183067486215 -0.00180005120225 
0.444078437714 0.159838682542 0.106559121695 -0.00236130054584 
0.400399302994 0.235858034354 0.157238689569 -0.00200232932895 
0.352533876526 0.152701010219 0.10180067348 -0.00148543427523 
0.321168243921 0.176071059273 0.117380706182 0.0117103733273 
0.303323125421 0.178884624395 0.119256416263 0.0110325024334 
0.295622136037 0.179815972811 0.119877315208 0.0108600685548 
0.290949654883 0.135001385953 0.0900009239685 -0.00682762365621 
0.289786915219 0.158596981781 0.105731321188 0.0255793909646 
0.289117027808 0.174605582484 0.116403721656 0.047318821454 
0.294583167891 0.12480070157 0.083200467713 0.0275127565846 
0.294595551267 0.150275871836 0.100183914558 0.0602096832828 
0.296908426552 0.150129707183 0.100086471455 0.0610900380328 
0.305601121582 0.148332251096 0.0988881673975 0.0614441813915 
0.306038187395 0.0895361613021 0.0596907742014 0.131287107812 
0.307094647239 0.0897902322932 0.0598601548621 0.131222859918 
0.303701443386 0.125939873287 0.0839599155244 0.14474783417 
0.305305361192 0.132899458281 0.0885996388539 0.152089145159 
0.305620809944 0.130033881916 0.0866892546109 0.216795905774 
0.307284326721 0.11879158646 0.0791943909736 0.212035369826 
0.3093321084 0.116950726136 0.0779671507574 0.221535933375 
0.315153875229 0.104465950457 0.0696439669716 0.213634391322 
0.314611246958 0.101883872757 0.0679225818382 0.177848367374 
0.312026599131 0.115765013256 0.0771766755042 0.18301263253 
0.322333952492 0.0807480327073 0.0538320218048 0.111262426416 
0.321267672097 0.10974192254 0.0731612816934 0.126452484207 
0.318633005159 0.12135042937 0.0809002862464 0.138304121461 
0.316168802356 0.130401900956 0.0869346006372 0.148765090453 
0.315662427133 0.115864505616 0.0772430037439 0.202175569344 
0.315662427133 0.115864505616 0.0772430037439 0.202175569344 
0.301307918077 0.150641505959 0.10042767064 0.136622807656 
0.274161125596 0.204294857895 0.13619657193 0.152651465805 
0.247628253296 0.31776864478 0.211845763187 0.0622216750438 
0.208517065438 0.324818664946 0.216545776631 0.0626467559689 
0.152826192177 0.343163668814 0.228775779209 0.0309329950432 
0.0962664982214 0.235519060611 0.157012707074 -0.0767380698699 
0.0339755281756 0.156986732456 0.104657821637 -0.0449312721077 
-1.03012451242e-18 0.115343159108 0.0768954394053 -0.035508502349 
6.00447841124e-21 0.252547103981 0.168364735987 -0.0454771289366 
-6.98890034143e-21 0.390975700321 0.260650466881 -0.0962298775984 
2.92889553288e-21 0.454739617936 0.303159745291 -0.119882214396 
-2.22072782147e-21 0.476546607467 0.317697738311 -0.184392092684 
-2.22072782147e-21 0.476546607467 0.317697738311 -0.184392092684 
-2.22072782147e-21 0.476546607467 0.317697738311 -0.184392092684 
-2.22072782147e-21 0.476546607467 0.317697738311 -0.184392092684 
-2.22072782147e-21 0.476546607467 0.317697738311 -0.184392092684 
-2.22072782147e-21 0.476546607467 0.317697738311 -0.184392092684 
-2.22072782147e-21 0.476546607467 0.317697738311 -0.184392092684 
-2.22072782147e-21 0.476546607467 0.317697738311 -0.184392092684 
-2.22072782147e-21 0.476546607467 0.317697738311 -0.184392092684 
-2.22072782147e-21 0.476546607467 0.317697738311 -0.184392092684 
4.29734385083e-21 0.498733735617 0.332489157078 -0.19873784997 
4.29734385083e-21 0.498733735617 0.332489157078 -0.19873784997 
4.29734385083e-21 0.498733735617 0.332489157078 -0.19873784997 
4.41127817444e-21 0.480692810529 0.320461873686 -0.200084725426 
4.41127817444e-21 0.480692810529 0.320461873686 -0.200084725426 
2.25597286751e-21 0.504164284751 0.336109523167 -0.22177896105 
2.25597286751e-21 0.504164284751 0.336109523167 -0.22177896105 
9.54985510705e-21 0.487411018055 0.324940678703 -0.240485510053 
8.263576044e-21 0.47933084791 0.319553898607 -0.326251534658 
-1.85309039972e-21 0.461240969234 0.30749397949 -0.384679266756 
-7.51904638281e-21 0.44898438351 0.29932292234 -0.455489803275 
-4.13482252347e-22 0.43095828945 0.2873055263 -0.512305089449 
4.10497936667e-20 0.402609818631 0.268406545754 -0.523598775598 
4.44223674169e-21 0.368379756408 0.245586504272 -0.523598775598 
-7.18168116514e-21 0.342410170392 0.228273446928 -0.523598775598 
-1.00980662848e-20 0.320560388151 0.213706925434 -0.523598775598 
1.29868582467e-20 0.299978413245 0.19998560883 -0.523598775598 
-5.05226649293e-22 0.282376636043 0.188251090696 -0.523598775598 
2.01477798312e-21 0.268824701403 0.179216467602 -0.523598775598 
1.7243549894e-21 0.256608024897 0.171072016598 -0.523598775598 
1.85378367742e-21 0.244785282844 0.163190188563 -0.523598775598 
1.85378367742e-21 0.244785282844 0.163190188563 -0.523598775598 
-4.49444583565e-22 0.237112464651 0.158074976434 -0.523598775598 
-7.68770934445e-22 0.229410566957 0.152940377971 -0.523598775598 
-7.68770934445e-22 0.229410566957 0.152940377971 -0.523598775598 
-7.68770934445e-22 0.229410566957 0.152940377971 -0.523598775598 
-7.68770934445e-22 0.229410566957 0.152940377971 -0.523598775598 
-7.68770934445e-22 0.229410566957 0.152940377971 -0.523598775598 
5.80973772235e-21 0.221629033058 0.147752688705 -0.523598775598 
5.80973772235e-21 0.221629033058 0.147752688705 -0.523598775598 
5.80973772235e-21 0.221629033058 0.147752688705 -0.523598775598 
5.80973772235e-21 0.221629033058 0.147752688705 -0.523598775598 
5.80973772235e-21 0.221629033058 0.147752688705 -0.523598775598 
5.80973772235e-21 0.221629033058 0.147752688705 -0.523598775598 
5.80973772235e-21 0.221629033058 0.147752688705 -0.523598775598 
5.80973772235e-21 0.221629033058 0.147752688705 -0.523598775598 
5.80973772235e-21 0.221629033058 0.147752688705 -0.523598775598 
5.80973772235e-21 0.221629033058 0.147752688705 -0.523598775598 
1.47570860232e-21 0.233532808265 0.155688538843 -0.523598775598 
4.07647799936e-21 0.244330186618 0.162886791078 -0.523598775598 
-3.5512569458e-21 0.251040347551 0.1673602317 -0.523598775598 
2.22975133613e-21 0.262331068027 0.174887378685 -0.523598775598 
2.22975133613e-21 0.262331068027 0.174887378685 -0.523598775598 
-1.72648249648e-21 0.267423127988 0.178282085325 -0.523598775598 
8.61204985436e-21 0.27520036972 0.183466913146 -0.523598775598 
-4.27487750981e-21 0.283610118648 0.189073412432 -0.523598775598 
-9.2708340839e-21 0.290466451191 0.193644300794 -0.523598775598 
9.19474838286e-21 0.298510540287 0.199007026858 -0.523598775598 
9.19474838286e-21 0.298510540287 0.199007026858 -0.523598775598 
1.59772972559e-21 0.30468016739 0.203120111593 -0.520136819357 
9.66576475184e-21 0.311153311179 0.207435540786 -0.51844293788 
3.70388919417e-21 0.314228613546 0.209485742364 -0.513875221336 
3.70388919417e-21 0.314228613546 0.209485742364 -0.513875221336 
3.93139423553e-21 0.317988645701 0.211992430467 -0.513644609729 
-7.87509945261e-22 0.300172850884 0.200115233923 -0.480481572176 
-7.87509945261e-22 0.300172850884 0.200115233923 -0.480481572176 
7.09273775967e-21 0.308299687517 0.205533125011 -0.480883715828 
7.09273775967e-21 0.308299687517 0.205533125011 -0.480883715828 
-6.96147124356e-21 0.303706056493 0.202470704329 -0.483715811304 
-6.96147124356e-21 0.303706056493 0.202470704329 -0.483715811304 
-2.19474776705e-21 0.316318892256 0.210879261504 -0.508646149971 
-2.19474776705e-21 0.316318892256 0.210879261504 -0.508646149971 
-2.19474776705e-21 0.316318892256 0.210879261504 -0.508646149971 
-1.35830736688e-21 0.312103070444 0.208068713629 -0.50888232698 
-1.35830736688e-21 0.312103070444 0.208068713629 -0.50888232698 
-1.35830736688e-21 0.312103070444 0.208068713629 -0.50888232698 
-6.37141743496e-22 0.319554782965 0.213036521977 -0.523598775598 
-6.37141743496e-22 0.319554782965 0.213036521977 -0.523598775598 
-6.37141743496e-22 0.319554782965 0.213036521977 -0.523598775598 
-2.0187210159e-21 0.316213470085 0.210808980057 -0.523598775598 
1.38744145366e-20 0.323728426981 0.215818951321 -0.523598775598 
1.38744145366e-20 0.323728426981 0.215818951321 -0.523598775598 
2.7269013991e-21 0.330146805028 0.220097870019 -0.523598775598 
-1.29859612302e-21 0.340077331856 0.226718221237 -0.523598775598 
7.20055340672e-21 0.352887470217 0.235258313478 -0.523598775598 
5.99745373744e-22 0.367135901015 0.244757267343 -0.523598775598 
5.33543407968e-21 0.387862726577 0.258575151051 -0.523598775598 
-8.83992287323e-21 0.409242819005 0.272828546003 -0.523598775598 
8.22619116675e-22 0.450013221599 0.300008814399 -0.523598775598 
-2.78445959876e-21 0.526114068601 0.3507427124 -0.523598775598 
0.2266943686 1.27804581216 0.852030541439 0.255680958554 
0.160531490663 1.3273188543 0.884879236198 0.254725120495 
0.0775087764114 1.3777171963 0.918478130866 0.240711383842 
7.95121192122e-19 1.42035819777 0.946905465183 0.220232145336 
-5.59695733147e-22 1.45680015027 0.971200100177 0.200356123463 
-1.96866199567e-21 1.49638425665 0.997589504436 0.17427971167 
1.41338342684e-23 1.52715343671 1.01810229114 0.152139698881 
-1.94288690664e-22 1.55194411578 1.03462941052 0.132752919627 
4.01278776779e-21 1.5734175054 1.0489450036 0.115125828596 
1.50970229564e-21 1.59211469915 1.06140979943 0.101103208052 
1.27383717877e-21 1.60474243031 1.06982828688 0.0914568823996 
-3.39596337626e-22 1.61215701596 1.07477134397 0.0848183044476 
-1.10980414429e-21 1.6195753834 1.07971692226 0.0795662186707 
-8.88929976379e-22 1.62414615487 1.08276410325 0.0753975241739 
2.04938668759e-21 1.62853281683 1.08568854455 0.0716779788797 
-1.05419254185e-21 1.63106696295 1.0873779753 0.0716839629483 
1.79709076759e-21 1.63191693847 1.08794462565 0.0716744354233 
-1.26930499107e-22 1.62934061593 1.08622707729 0.0716972469604 
2.83349801676e-22 1.62254295717 1.08169530478 0.0823215281482 
-3.31670988961e-22 1.60268988474 1.06845992316 0.102854898358 
-3.22677051218e-21 1.58174373367 1.05449582245 0.123820639261 
2.56176643921e-21 1.5602046015 1.040136401 0.142767205077 
-1.14482895542e-21 1.53103514929 1.02069009953 0.163726678882 
2.71299833147e-22 1.50431392281 1.00287594854 0.18208694792 
4.96161640406e-23 1.47563990091 0.983759933939 0.199458117789 
-1.30710659028e-22 1.43607102666 0.95738068444 0.221444926502 
0.0544866354575 1.39307029219 0.928713528126 0.243723108617 
0.142359786597 1.34090842056 0.893938947043 0.257475942041 
0.225346221295 1.27850515492 0.852336769947 0.259860850256 
0.273222778541 1.22096006304 0.813973375357 0.251006533502 
0.274718782868 1.17082557087 0.780550380579 0.242519512046 
0.252499217154 1.11695697641 0.744637984272 0.236671758419 
0.196735313196 1.05821531119 0.70547687413 0.245945520539 
0.14734333595 0.986361237512 0.657574158341 0.26531842128 
0.0880511631486 0.900529004288 0.600352669526 0.319277726553 
0.0536663533592 0.814504637988 0.543003091992 0.400580458686 
0.0527793993417 0.793784385604 0.529189590402 0.390403907787 
0.0509990199177 0.776719844322 0.517813229548 0.381844000594 
0.0488189568028 0.761972649023 0.507981766015 0.373541007456 
0.0502896069009 0.748221433311 0.498814288874 0.366084879334 
0.0588153451607 0.733583892069 0.489055928046 0.358356677741 
0.055784740691 0.738472165639 0.492314777093 0.36122171327 
0.057780188455 0.733555578285 0.48903705219 0.358358800196 
0.0657124599332 0.719550258832 0.479700172555 0.350204533942 
0.0659026855652 0.712277403188 0.474851602125 0.345474827797 
0.070865250997 0.693455004981 0.462303336654 0.333707046659 
0.0681456926725 0.673221273032 0.448814182021 0.319210649964 
0.0582159969676 0.6592723675 0.439514911666 0.265398831594 
0.0485751278847 0.620866287567 0.413910858378 0.240141644254 
0.0357934992707 0.603007265888 0.402004843925 0.18268449465 
0.0197091942524 0.572093906395 0.381395937597 0.158946395863 
-1.49098663579e-17 0.326495343068 0.217663562045 -0.18765818847 
1.76935310978e-21 0.341401693042 0.227601128695 -0.171128678004 
-2.76612615668e-21 0.309753281338 0.206502187559 -0.134274303054 
4.85250832619e-21 0.314139614634 0.209426409756 -0.121635465502 
-3.08204113036e-21 0.304046232198 0.202697488132 -0.103237237257 
-3.08204113036e-21 0.304046232198 0.202697488132 -0.103237237257 
1.08942023601e-20 0.202343859576 0.134895906384 -0.0705464110159 
1.08942023601e-20 0.202343859576 0.134895906384 -0.0705464110159 
4.05361486653e-22 0.262331336761 0.174887557841 -0.0905150068956 
1.43659612444e-20 0.261099648063 0.174066432042 -0.114403205671 
-3.1052479127e-22 0.336241447243 0.224160964829 -0.204643536332 
-6.1944069463e-22 0.363979866075 0.24265324405 -0.303851263544 
7.14938603929e-21 0.376683359324 0.251122239549 -0.392300657178 
8.2382111173e-21 0.378076935363 0.252051290242 -0.442700179609 
-6.01097495669e-22 0.374688033032 0.249792022021 -0.464570998509 
-4.76987642314e-21 0.384300709983 0.256200473322 -0.500035853477 
-8.97999592794e-25 0.378324447886 0.252216298591 -0.500459527164 
-8.97999592794e-25 0.378324447886 0.252216298591 -0.500459527164 
-8.97999592794e-25 0.378324447886 0.252216298591 -0.500459527164 
-6.62167109131e-21 0.385101618306 0.256734412204 -0.523598775598 
6.49875800959e-21 0.388949663771 0.259299775848 -0.523598775598 
-2.04679829782e-21 0.394135603614 0.262757069076 -0.523598775598 
8.76825907498e-22 0.399464317964 0.266309545309 -0.523598775598 
8.76825907498e-22 0.399464317964 0.266309545309 -0.523598775598 
-2.72766858234e-21 0.403760902292 0.269173934861 -0.523598775598 
-1.42967988e-21 0.409718337637 0.273145558425 -0.523598775598 
-2.38572841538e-21 0.413401545172 0.275601030115 -0.523598775598 
-7.44605996641e-22 0.417359517142 0.278239678095 -0.523598775598 
-7.44605996641e-22 0.417359517142 0.278239678095 -0.523598775598 
-7.44605996641e-22 0.417359517142 0.278239678095 -0.523598775598 
3.33699403629e-21 0.425655886955 0.283770591303 -0.523598775598 
2.44959272628e-22 0.442746246602 0.295164164401 -0.523598775598 
-1.80153495397e-21 0.465753775163 0.310502516775 -0.523598775598 
9.43359632956e-21 0.504934704449 0.336623136299 -0.523598775598 
-2.0833650206e-22 0.584487642454 0.389658428302 -0.523598775598 
-5.08946497293e-21 0.815202116469 0.543468077646 -0.523598775598 
0.312840260929 1.2707930703 0.847195380199 0.171545947427 
0.264023570953 1.31091376741 0.873942511605 0.170377010422 
0.205508425097 1.34923111716 0.899487411442 0.165855275143 
0.138781527093 1.38541666622 0.923611110816 0.151001708858 
0.0426088551428 1.42792662942 0.951951086281 0.12004785698 
6.91056660364e-18 1.46060804422 0.973738696145 0.092889997407 
-2.65589552626e-23 1.48680149767 0.991200998449 0.0738998988148 
-2.9365530431e-21 1.51307417126 1.00871611418 0.0538138491543 
5.11764521222e-21 1.53459372625 1.02306248417 0.0360168596925 
3.61233592486e-21 1.55294341379 1.03529560919 0.0187079966947 
-4.73923975053e-22 1.57053332571 1.04702221714 0.00345143359501 
-2.35242312402e-21 1.58444461169 1.05629640779 -0.00765910871529 
-3.80770258184e-23 1.5972790545 1.064852703 -0.0168211669733 
-2.13227734687e-22 1.60671496871 1.07114331247 -0.0241159524346 
-2.64513375535e-20 1.61618038111 1.0774535874 -0.0285331179241 
1.39712996049e-20 1.62208438538 1.08138959026 -0.0342083837837 
0.00189245021072 1.62747663594 1.08498442396 -0.0389959807857 
0.482753685151 1.60150676431 1.06767117621 0.115560878402 
0.483144439874 1.60449502028 1.06966334685 0.115612529648 
0.489470157577 1.60662200531 1.07108133687 0.111495751816 
0.489816975368 1.60956020121 1.07304013414 0.111676155043 
0.489914799962 1.60988326469 1.07325550979 0.111744166993 
0.487314729573 1.60780447207 1.07186964804 0.116877338048 
0.480918232531 1.60620314571 1.07080209714 0.122834435345 
0.471874861858 1.60429796299 1.06953197533 0.129571079694 
0.420286302968 1.60407960169 1.06938640113 0.111425177535 
0.367522711915 1.59886894126 1.0659126275 0.0985038929795 
-4.34017293529e-14 1.60626769365 1.0708451291 -0.0035410114733 
2.34511797738e-21 1.58937498083 1.05958332055 0.00954570318618 
-1.82708553218e-22 1.57007215263 1.04671476842 0.023185577374 
2.37947011073e-21 1.54632956289 1.03088637526 0.0380806934542 
2.64044139463e-21 1.52362810437 1.01575206958 0.0511524355857 
-2.16091488251e-21 1.49678658385 0.997857722568 0.0657848087261 
-3.13400964013e-23 1.46442277048 0.976281846986 0.08362711352 
0.103906048263 1.41875092585 0.94583395057 0.117085554307 
0.190313571512 1.37327090907 0.915513939377 0.140171176769 
0.275544712019 1.32124402242 0.880829348283 0.152335648355 
0.360497228558 1.25844612183 0.838964081217 0.149795555032 
0.40768165899 1.21316986296 0.808779908643 0.144504412824 
0.44039404805 1.17467292575 0.783115283833 0.133383889258 
0.44529336514 1.13889811978 0.759265413184 0.121353520278 
0.448933579139 1.10283359103 0.735222394019 0.111683230096 
0.481370153192 1.0751692979 0.716779531935 0.101014984845 
0.436289560831 1.04150074508 0.694333830051 0.0893222076811 
0.354459307238 0.99630562547 0.664203750313 0.0814194267538 
0.265542923554 0.921688444144 0.614458962763 0.0776410555544 
0.146659221309 0.833883325954 0.555922217303 0.0919943240746 
0.0603607712315 0.725162771971 0.48344184798 0.146952375368 
0.0214982722508 0.655752732306 0.437168488204 0.201510098962 
0.000547297883038 0.653937325428 0.435958216952 0.196337675527 
-1.14004216502e-19 0.65854666521 0.43903111014 0.160024523234 
-7.83731163946e-22 0.674219571487 0.449479714325 0.16080610272 
-5.27092581831e-22 0.68863061003 0.459087073354 0.15567914682 
3.64906609257e-21 0.684872805134 0.456581870089 0.137566297941 
3.97307138954e-21 0.675620190435 0.45041346029 0.129011674886 
-1.21550547309e-21 0.693435651259 0.462290434173 0.124749546565 
4.13145360114e-21 0.709317349287 0.472878232858 0.116397944713 
4.13145360114e-21 0.709317349287 0.472878232858 0.116397944713 
-3.68808213614e-21 0.69841161184 0.465607741227 0.100317907984 
-7.27705264815e-21 0.716838022498 0.477892014999 0.0973805725416 
-7.27705264815e-21 0.716838022498 0.477892014999 0.0973805725416 
-3.29088091572e-21 0.745866485185 0.497244323456 0.0988932243924 
-4.13472170326e-21 0.73407922083 0.48938614722 0.0912744366209 
-4.13472170326e-21 0.73407922083 0.48938614722 0.0912744366209 
1.727753223e-21 0.750140609073 0.500093739382 0.093710612652 
6.47597233882e-21 0.759223425287 0.506148950191 0.0957598102263 
-5.29437097574e-21 0.769581735758 0.513054490505 0.097246975562 
-5.29437097574e-21 0.769581735758 0.513054490505 0.097246975562 
1.15897659871e-21 0.793568831774 0.529045887849 0.097967772948 
-1.81361841485e-21 0.825203562814 0.550135708542 0.0989419059102 
0.0545584190013 0.914455949989 0.609637299993 0.0696442269747 
0.120091371101 0.988666106893 0.659110737928 0.0626967225048 
0.188249849175 1.03945224374 0.692968162495 0.0630828937528 
0.268331161426 1.11068985681 0.740459904538 0.072933772717 
0.306133399241 1.17925096061 0.786167307072 0.0911272507474 
0.30032546335 1.23202091263 0.821347275085 0.106623844251 
0.254947783045 1.27541626808 0.850277512055 0.113986218373 
0.18561018526 1.327572172 0.885048114668 0.114074679236 
0.108214363296 1.37362818541 0.915752123606 0.105033734407 
0.0198638644713 1.41615052527 0.94410035018 0.0873466231509 
-1.44663971211e-18 1.45640289377 0.970935262515 0.0698413355106 
-2.04809407228e-21 1.48904860361 0.992699069072 0.0540002561447 
6.68010227441e-23 1.51672948703 1.01115299135 0.038288992831 
1.42930084395e-22 1.54148260828 1.02765507219 0.0201694336836 
1.23065169612e-21 1.56060470529 1.04040313686 0.0047654043219 
2.18268290411e-21 1.58096298565 1.05397532377 -0.00844006182927 
2.65265527518e-22 1.59787914343 1.06525276229 -0.0233465043782 
5.35861090343e-21 1.61483341283 1.07655560855 -0.0345279515714 
0.000279956098218 1.62578893233 1.08385928822 -0.0445069173392 
0.494425030647 1.60781230073 1.07187486715 0.115980058972 
0.530795261734 1.61643431539 1.07762287693 0.122650673287 
0.546785815953 1.6261882853 1.08412552353 0.112636685256 
0.579725607461 1.63130104665 1.0875340311 0.121162667904 
0.596872262069 1.64127946695 1.0941863113 0.110028793754 
0.612589891902 1.64966516499 1.09977677666 0.102071919902 
0.629315826687 1.65849638953 1.10566425969 0.0943715931762 
0.659132018956 1.67039894194 1.11359929463 0.0797568457851 
0.685971323559 1.67898786758 1.11932524505 0.0642308925654 
0.703960384862 1.68641168765 1.12427445843 0.0363337932952 
0.729679843255 1.69381395469 1.12920930312 0.0247252092826 
0.754548774781 1.69929868177 1.13286578785 0.0133076162067 
0.76974271917 1.70338337883 1.13558891922 -0.00935489785459 
0.785206262468 1.7059923922 1.13732826147 -0.0145950002045 
0.796212530514 1.70816237561 1.13877491707 -0.0212863279884 
0.804233563762 1.70978490026 1.13985660017 -0.0272064917132 
0.809547700492 1.71184597031 1.14123064687 -0.0300428461898 
0.813628602454 1.71170417187 1.14113611458 -0.0333116456652 
0.813700038981 1.71226047353 1.14150698235 -0.0333894275475 
0.808870987424 1.71013325303 1.14008883535 -0.0334685080856 
0.795765661783 1.70507036138 1.13671357425 -0.0293399662657 
0.773315730696 1.69857964035 1.1323864269 -0.00650208811606 
0.740448592108 1.68878272324 1.12585514883 0.0185761567564 
0.690447007086 1.66889401767 1.11259601178 0.0706179590308 
0.637761205451 1.64769445227 1.09846296818 0.10137201121 
0.589694055589 1.61944579671 1.07963053114 0.13471247088 
0.499199886518 1.59272564664 1.06181709776 0.118960397224 
-2.49039445209e-14 1.57978627858 1.05319085239 -0.033582382321 
1.36682924687e-21 1.54061319038 1.02707546025 -0.00490214031022 
-2.57739839129e-22 1.49968757297 0.999791715314 0.0249274854112 
-1.76985062438e-22 1.45486410266 0.969909401771 0.0598666024659 
0.10832704086 1.40359425429 0.935729502863 0.106698949211 
0.22451504243 1.33871528511 0.892476856741 0.139189803312 
0.300705321362 1.28383491354 0.85588994236 0.154312281534 
0.359911150483 1.23520952298 0.823473015321 0.159820264634 
0.399402477082 1.18937664075 0.792917760497 0.155010535411 
0.426373152644 1.14789329901 0.765262199342 0.147425775558 
0.428944642639 1.11229812111 0.741532080742 0.137107296037 
0.431667217629 1.08290481601 0.721936544007 0.127049401078 
0.360581966016 1.03623132538 0.690820883585 0.118713201641 
0.29830378081 0.990105140358 0.660070093572 0.117133919217 
0.217340272507 0.932371925891 0.621581283927 0.123136924675 
0.149807510158 0.860980113022 0.573986742015 0.139564377807 
0.0845620690674 0.792587007195 0.52839133813 0.177082433789 
0.0203060912917 0.715707080474 0.47713805365 0.271423048048 
-3.16852307271e-19 0.714676838972 0.476451225982 0.247624788896 
2.0575902677e-21 0.715325494742 0.476883663162 0.196257339127 
3.65358277653e-21 0.742272761301 0.494848507534 0.14887984584 
-3.2713219258e-21 0.750226001712 0.500150667808 0.115018710252 
1.33519247634e-20 0.76324176357 0.50882784238 0.0934696985312 
-1.26313422406e-20 0.775386783424 0.516924522283 0.0797454415749 
-1.09566141772e-20 0.762416550963 0.508277700642 0.0713491887859 
-1.09566141772e-20 0.762416550963 0.508277700642 0.0713491887859 
3.1793971631e-21 0.746336148592 0.497557432395 0.0582387354825 
-2.0706102212e-21 0.714470631787 0.476313754525 0.0444886245395 
1.3298613466e-21 0.682233536853 0.454822357902 0.031699342225 
4.47897683401e-21 0.705739609492 0.470493072995 0.0261816187281 
9.23280906203e-21 0.723188015602 0.482125343735 0.0281841830586 
9.23280906203e-21 0.723188015602 0.482125343735 0.0281841830586 
9.23280906203e-21 0.723188015602 0.482125343735 0.0281841830586 
5.10320172187e-22 0.709595275795 0.473063517197 0.0386325427925 
5.10320172187e-22 0.709595275795 0.473063517197 0.0386325427925 
2.85485532544e-21 0.731726689501 0.487817793001 0.0520748088092 
4.35726996464e-21 0.759875307033 0.506583538022 0.065480937999 
-4.99790760809e-21 0.769978787897 0.513319191931 0.0751099659118 
-4.99790760809e-21 0.769978787897 0.513319191931 0.0751099659118 
7.0982289171e-22 0.764281609956 0.509521073304 0.0970802883586 
5.17598199997e-21 0.78011870369 0.520079135793 0.10107801103 
-1.30262768269e-21 0.761386603448 0.507591068965 0.0985063508415 
-1.30262768269e-21 0.761386603448 0.507591068965 0.0985063508415 
-1.30262768269e-21 0.761386603448 0.507591068965 0.0985063508415 
-1.07672588638e-21 0.754362886672 0.502908591115 0.124317787315 
-8.54367010795e-21 0.745178543007 0.496785695338 0.130211682353 
-4.22106495871e-21 0.728308820955 0.48553921397 0.164729740078 
4.27670472272e-21 0.716440177138 0.477626784759 0.197724434384 
0.00202721402177 0.688884520424 0.459256346949 0.268373185797 
0.04869215131 0.662753573676 0.441835715784 0.25878395775 
0.0904870487278 0.651430757026 0.434287171351 0.255834161821 
0.295387394477 0.814746619055 0.543164412703 0.0786211235424 
0.457224756223 0.838062404544 0.558708269696 0.0616881120192 
0.614544335431 0.838732676741 0.559155117827 0.0555479310688 
0.736379446856 0.803496089664 0.535664059776 0.0554585856415 
0.793950799566 0.700529657124 0.467019771416 0.0542318788799 
0.873799449434 0.597910305581 0.398606870387 0.0491465341816 
0.849017370571 0.344976455973 0.229984303982 0.0604153633587 
0.931594286233 0.304747497987 0.203164998658 0.0483486284553 
0.939896670828 1.00170606083e-18 6.6780404055e-19 0.0599029788555 
1.00243607307 9.46976337738e-24 6.31317558492e-24 0.0409303687242 
1.04416852851 -1.89109871007e-22 -1.26073247338e-22 0.0345072940061 
1.08346237896 2.54416231107e-22 1.69610820738e-22 0.0280464767532 
1.10978942739 3.48195992845e-22 2.32130661897e-22 0.0227645547127 
1.13278224584 7.7946481676e-22 5.19643211174e-22 0.0177853426352 
1.15013769019 1.68511918766e-22 1.12341279177e-22 0.0153132480072 
1.15013769019 1.68511918766e-22 1.12341279177e-22 0.0153132480072 
1.15851476351 2.13580735607e-22 1.42387157071e-22 0.0141776396785 
1.16955877247 3.02657152242e-22 2.01771434828e-22 0.0139282427097 
1.17452663934 -2.9449728698e-22 -1.96331524653e-22 0.0135944952524 
1.1787612674 9.34417366235e-23 6.22944910824e-23 0.0135422459287 
1.18727112126 3.42692524957e-22 2.28461683305e-22 0.0117789153359 
1.1838392041 1.92144793898e-22 1.28096529266e-22 0.0151875213316 
1.19468871539 2.31100624202e-22 1.54067082801e-22 0.0117215451363 
1.19172344797 -3.20265897737e-22 -2.13510598491e-22 0.0088418020777 
1.18694983056 3.53679834254e-22 2.35786556169e-22 0.0115577397287 
1.18700177882 -2.38788255914e-22 -1.59192170609e-22 0.00828794130715 
1.18693314909 -6.20945684432e-22 -4.13963789621e-22 0.0113435012943 
1.18693314909 -6.20945684432e-22 -4.13963789621e-22 0.0113435012943 
1.19255249745 5.28340916062e-22 3.52227277375e-22 0.00980525340935 
1.17795689843 -1.58312031513e-22 -1.05541354342e-22 0.0153041831871 
1.15100937379 4.29916889549e-22 2.86611259699e-22 0.0201101132849 
1.09187740497 -2.234534152e-19 -1.48968943467e-19 0.04107225005 
1.01315973298 1.65880259272e-18 1.10586839514e-18 0.0695341908546 
0.926280666592 0.0182863054136 0.0121908702757 0.110319131047 
0.831218650428 0.0482012960691 0.0321341973794 0.148800672198 
0.854869439261 0.529297147262 0.352864764841 0.106206707955 
0.803623331002 0.579554428632 0.386369619088 0.111944870136 
0.835202696541 0.729118222531 0.486078815021 0.111786341977 
0.801983909724 0.789702667282 0.526468444855 0.119409081634 
0.79081132711 0.823621994405 0.549081329603 0.118001941054 
0.780769772032 0.857179774656 0.571453183104 0.118218152002 
0.768380695019 0.894768159974 0.596512106649 0.122317847147 
0.754174890569 0.932562793558 0.621708529039 0.127208897986 
0.738543196813 0.966883768968 0.644589179312 0.130608166205 
0.693828604179 0.993881271372 0.662587514248 0.132270766449 
0.691917034532 1.00579919428 0.670532796189 0.134555381954 
0.689267652922 1.0195055881 0.67967039207 0.137286561799 
0.685488610369 1.03775871237 0.691839141579 0.141957257971 
0.650862832471 1.04793126086 0.698620840574 0.134296412283 
0.649564436161 1.0576932133 0.705128808866 0.135588367046 
0.648390398412 1.06379593083 0.70919728722 0.134630106769 
0.646754127245 1.07160115221 0.714400768143 0.134885522915 
0.638821318291 1.07986853988 0.719912359918 0.12570293383 
0.636942709249 1.08237206855 0.721581379033 0.12684916739 
0.635218528254 1.08465447445 0.723102982969 0.127680079264 
0.633277292309 1.09183265088 0.727888433922 0.129967969866 
0.605452295588 1.09574926228 0.730499508184 0.124318782505 
0.604551970587 1.10273313381 0.73515542254 0.126761868449 
0.604551970587 1.10273313381 0.73515542254 0.126761868449 
0.604407182619 1.09942637972 0.732950919817 0.12630377026 
0.605679513123 1.08324520658 0.722163471054 0.124360385516 
0.615376258704 1.0590658768 0.706043917866 0.1346849726 
0.679277188264 1.01323695705 0.675491304699 0.131560798984 
0.742983120567 0.929998393306 0.61999892887 0.126264154859 
0.779662258041 0.812586432574 0.541724288383 0.114197278204 
0.843122435261 0.690960969848 0.460640646565 0.103203333039 
0.851223649292 0.435708461092 0.290472307395 0.0959447849847 
0.88987666729 0.110064713484 0.073376475656 0.100439019248 
0.96278781024 0.0857416550027 0.0571611033351 0.0725970318569 
1.0258233477 3.56879244329e-17 2.37919496219e-17 0.0564638476613 
1.07478013782 1.7002208006e-22 1.13348053373e-22 0.0417957336673 
1.12939573914 -5.59344916438e-22 -3.72896610959e-22 0.0276104045718 
1.15981585488 -3.15496094182e-23 -2.10330729455e-23 0.0177881109533 
1.18503139192 4.37885155755e-22 2.9192343717e-22 0.00878169350026 
1.1959196677 1.06805166663e-22 7.12034444422e-23 0.00646631030738 
1.21029395496 -1.92838327163e-22 -1.28558884775e-22 0.00434355175044 
1.20373742116 7.9627416617e-22 5.30849444113e-22 0.00618207811257 
1.2025826103 3.62727729924e-22 2.41818486616e-22 0.00815237785991 
1.20832490778 8.62491418376e-23 5.74994278917e-23 0.00229394963136 
1.20832490778 8.62491418376e-23 5.74994278917e-23 0.00229394963136 
1.20721692766 1.06127262173e-22 7.07515081151e-23 0.00586968020969 
1.20850088682 1.02973809772e-22 6.86492065147e-23 0.00176473524116 
1.20619978615 -8.33480331269e-23 -5.55653554179e-23 0.00443566930916 
1.19783709938 2.33108016536e-22 1.55405344357e-22 0.00411598015722 
1.18479244331 -3.65925423774e-22 -2.43950282516e-22 0.0088299736742 
1.16803452951 3.70679671401e-22 2.47119780934e-22 0.0137000498532 
1.15352105498 1.56026091492e-22 1.04017394328e-22 0.0196517118925 
1.11099003918 9.03519153366e-20 6.02346102244e-20 0.0317839429416 
1.07048708491 1.33415350101e-19 8.89435667338e-20 0.0414995354825 
1.02345873166 1.50927631245e-19 1.0061842083e-19 0.0597037168722 
0.946078283395 0.0167501679805 0.0111667786537 0.0975495083358 
0.828953964198 0.0522821856946 0.0348547904631 0.147598814813 
0.8569676518 0.61259644279 0.408397628527 0.104198495949 
0.811323761741 0.826717983486 0.551145322324 0.130701093272 
0.7554384602 0.981850897185 0.65456726479 0.161500127912 
0.600526881561 1.11726930952 0.744846206349 0.180446709263 
0.385592286665 1.27643042958 0.850953619722 0.155767139746 
1.56804514602e-17 1.40022936751 0.933486245004 0.06771235612 
5.63423083693e-22 1.48195230681 0.987968204542 0.0229431966406 
-4.30084506373e-22 1.55025860634 1.03350573756 -0.00878898511982 
0.656510858128 1.56068243456 1.04045495638 0.100661627373 
0.706487722097 1.59617711793 1.06411807862 0.0440887194129 
0.755206541335 1.62281021927 1.08187347951 -0.0638361031801 
0.811362774071 1.63034359065 1.0868957271 -0.179279846466 
0.856069020433 1.62980170954 1.08653447303 -0.267779564472 
0.892607046001 1.63059589784 1.0870639319 -0.324696287263 
0.91743584854 1.63528402853 1.09018935235 -0.343698907459 
0.935279704123 1.64105698253 1.09403798835 -0.346074660481 
0.947898598425 1.64460251007 1.09640167338 -0.348946646338 
0.956550391934 1.64709818418 1.09806545612 -0.349862517809 
0.962526505494 1.64842193722 1.09894795814 -0.349863486039 
0.967030323432 1.64963193178 1.09975462119 -0.350442767801 
0.969608890232 1.65013153472 1.10008768981 -0.351048320541 
0.969752335316 1.6508287216 1.10055248106 -0.351207757985 
0.969581252319 1.65006766118 1.10004510745 -0.350994453309 
0.962355574043 1.64871689309 1.09914459539 -0.349994637854 
0.953038701479 1.64447709533 1.09631806355 -0.349362131125 
0.933192362748 1.63456152242 1.08970768162 -0.34744970109 
0.892057097854 1.62835691748 1.08557127832 -0.28362235935 
0.838856335954 1.62372713367 1.08248475578 -0.1705232809 
0.776304252448 1.60420888817 1.06947259212 -0.0226077628022 
0.736828248502 1.56271205771 1.04180803848 0.0770988269971 
0.695847802465 1.51067501337 1.00711667558 0.122775198414 
0.645393891277 1.45402870308 0.969352468721 0.131001165702 
6.95075145689e-16 1.39456274932 0.929708499543 -0.001373269515 
0.324937485254 1.29927372527 0.866182483516 0.0750851379713 
0.498345846884 1.19256312445 0.795042082964 0.110622223105 
0.642695362696 1.06249606229 0.708330708196 0.117589135589 
0.75105813518 0.930311824923 0.620207883282 0.106040732591 
0.797216105825 0.776841200545 0.517894133697 0.0897977770939 
0.878141442906 0.635777767788 0.423851845192 0.0732787434008 
0.859806261688 0.323109174462 0.215406116308 0.0738383598244 
0.901864534361 0.0987320340852 0.0658213560568 0.0731673143317 
0.981508618502 0.0724421112921 0.0482947408614 0.0457819604444 
1.04773646404 0.0519795601937 0.0346530401291 0.0262466132345 
1.09682894615 0.0392428003658 0.0261618669105 0.0113190279411 
1.11882194471 0.0348731514918 0.0232487676612 0.00650491108238 
1.20558610936 0.249869551703 0.166579701135 0.00472134059076 
1.23960228151 0.303636048891 0.202424032594 0.00455064060417 
1.26255605465 0.332263809911 0.221509206607 0.00510895929096 
1.25180144716 0.304428570327 0.202952380218 0.00195664135483 
1.24728683874 0.305069877528 0.203379918352 0.00435085555477 
1.20676634251 0.202847615274 0.135231743516 0.00365749727621 
1.22311820199 0.251112752305 0.167408501537 0.00686656851106 
1.22245664356 0.251251840985 0.167501227323 0.00791310099241 
1.18236890152 0.156004426959 0.104002951306 0.00724516426598 
1.17757309076 0.156389146478 0.104259430986 0.0105700237513 
1.16641216044 0.159296013554 0.106197342369 0.0129185721054 
1.10796024528 0.0308126050759 0.0205417367173 0.0188367380356 
1.09336680974 0.0347349230639 0.0231566153759 0.0211299310731 
1.06364583249 0.0429234066759 0.0286156044506 0.0291293328725 
1.02514825144 0.0531340948842 0.0354227299228 0.0356920460833 
0.973759014727 0.0672556329936 0.0448370886624 0.045290282444 
0.901306490176 0.0884990031869 0.0589993354579 0.0594598966335 
0.975144264743 0.474563659158 0.316375772772 0.0408759365405 
1.07752948218 0.667878553856 0.445252369238 0.0386551519019 
1.15987463854 0.789086701114 0.526057800743 0.0463708198588 
1.17439759221 0.85721796732 0.57147864488 0.0521802720046 
1.24355355865 0.915163544175 0.61010902945 0.0633850182251 
1.27593085264 0.963102080382 0.642068053588 0.074026383743 
1.31279058942 0.997797019883 0.665198013255 0.0865454406942 
1.34488247326 1.02402254787 0.682681698579 0.099417526315 
1.34314392774 1.04811962178 0.698746414522 0.10531762113 
1.37229267654 1.06352116992 0.709014113282 0.114337302919 
1.39214189989 1.07315328576 0.715435523837 0.121238155703 
1.39188488292 1.08278350928 0.721855672852 0.124870796117 
1.39397704516 1.08908226654 0.726054844361 0.124047928028 
1.40559051237 1.09204870246 0.728032468303 0.129614605413 
1.40356240336 1.09649529121 0.730996860804 0.132686513559 
1.40551958331 1.09814658833 0.732097725553 0.131075190373 
1.40552404697 1.10025129029 0.733500860191 0.131686011125 
1.40557217231 1.10126390559 0.734175937058 0.13197153985 
1.40541888886 1.10264638565 0.735097590431 0.132399062349 
1.40541888886 1.10264638565 0.735097590431 0.132399062349 
1.40692920145 1.10186091055 0.734573940369 0.130050415042 
1.40707164793 1.10129526246 0.73419684164 0.129733762668 
1.40680912177 1.10266610282 0.735110735216 0.130384910791 
1.40458031965 1.10368247605 0.735788317366 0.133584888893 
1.40436944227 1.10471021245 0.736473474966 0.133838451034 
1.40420541318 1.1039804722 0.735986981467 0.133801117308 
1.40420541318 1.1039804722 0.735986981467 0.133801117308 
1.40403158179 1.10334974188 0.73556649459 0.133761690993 
1.38965482827 1.10650774921 0.737671832804 0.130717901587 
1.38932031642 1.10766661421 0.738444409474 0.13121564168 
1.39011066061 1.10597718717 0.737318124778 0.128621748737 
1.39018133356 1.10424805479 0.736165369863 0.128175112066 
1.39074461542 1.10233096447 0.734887309647 0.125174761519 
1.38073415656 1.10057936408 0.733719576055 0.118428618172 
1.38138131838 1.09653777655 0.731025184368 0.114120697643 
1.36644974085 1.09259920911 0.728399472739 0.107920805831 
1.36808490855 1.08074948223 0.720499654819 0.102130660552 
1.3453589468 1.06937931077 0.712919540515 0.0925526707041 
1.31866470169 1.04883851203 0.699225674689 0.0773635503725 
1.27651320672 1.02332578139 0.682217187596 0.0625005517748 
1.24929330903 0.982925765029 0.655283843353 0.0500120494957 
1.15718685399 0.916062024155 0.610708016103 0.033618648952 
0.518870347799 -8.53423452515e-18 -5.68948968344e-18 0.112058314891 
0.654800318474 4.63704527359e-07 3.09136351573e-07 0.060567143463 
0.79335162079 4.97826821571e-23 3.31884547714e-23 0.0272036079958 
0.897584082308 -6.90598565298e-23 -4.60399043532e-23 0.0215204978502 
0.997597709897 4.6138486738e-23 3.07589911587e-23 0.0153958051654 
1.09219589614 -1.76439981379e-23 -1.17626654253e-23 0.0124431906232 
1.1688640148 1.78477042931e-22 1.18984695287e-22 0.0131150565313 
1.23817513513 -6.51166273463e-22 -4.34110848975e-22 0.00844636652283 
1.28370590786 4.57511010135e-22 3.0500734009e-22 0.00756765620845 
1.32170253155 7.64939626425e-22 5.0995975095e-22 0.00883591654386 
1.34383119639 -1.41611875438e-21 -9.44079169584e-22 0.00979777196794 
1.3785004352 -1.0809259446e-22 -7.20617296401e-23 0.00649308398766 
1.39202445369 1.22376554214e-22 8.15843694758e-23 0.0065734742853 
1.39813681049 4.57600491265e-22 3.05066994177e-22 0.00623243318648 
1.40376713857 6.09031007451e-22 4.06020671634e-22 0.00741261215832 
1.40691623458 -5.67785541571e-22 -3.78523694381e-22 0.00667089154536 
1.41028732298 8.84125966691e-22 5.89417311127e-22 0.00574534698745 
1.41479685434 6.3511833217e-22 4.23412221447e-22 0.0029395720373 
1.41181338659 1.04256229651e-21 6.95041531004e-22 0.00338245326801 
1.40361498859 5.70533648069e-23 3.80355765379e-23 0.00405675197895 
1.40361498859 5.70533648069e-23 3.80355765379e-23 0.00405675197895 
1.39764964419 -8.72200125745e-22 -5.81466750496e-22 0.00831347281614 
1.40266237361 8.52058330061e-22 5.68038886707e-22 0.00580471951967 
1.40290654505 1.31271976905e-21 8.75146512698e-22 0.00526170583279 
1.40256729937 -2.81877120839e-22 -1.87918080559e-22 0.00586432407116 
1.39575298583 1.5582280208e-21 1.03881868054e-21 0.00589697707993 
1.39366046705 4.47595371869e-22 2.98396914579e-22 0.00328106304588 
1.39427754069 8.53017142981e-22 5.6867809532e-22 0.00124911684084 
1.39575687688 8.83068568974e-22 5.88712379316e-22 0.00289363243723 
1.38824810219 1.42524105217e-21 9.50160701445e-22 0.00446194209132 
1.39334440242 7.62285619247e-22 5.08190412831e-22 0.00516129512561 
1.39650286368 8.54929026304e-23 5.69952684203e-23 0.0059729777866 
1.3990182796 -3.62033974457e-23 -2.41355982971e-23 0.00555060636284 
1.39652092968 -1.07472301806e-21 -7.16482012043e-22 0.00574105876988 
1.38604963987 -3.09577150509e-22 -2.06384767006e-22 0.00532100881641 
1.38163215777 8.62667567524e-22 5.75111711683e-22 0.00721602215498 
1.3724823364 4.04959141298e-23 2.69972760865e-23 0.0078650910634 
1.36908687914 -7.71738201553e-22 -5.14492134368e-22 0.0102186818689 
1.36171702793 -1.27560897349e-22 -8.50405982325e-23 0.0124475962566 
1.34811146644 -3.42569533306e-23 -2.28379688871e-23 0.0156353190973 
1.35043903942 1.49327736553e-22 9.95518243685e-23 0.0141163195725 
1.3176011388 8.27422432671e-22 5.51614955114e-22 0.0217865303103 
1.28044736736 8.39623336934e-22 5.59748891289e-22 0.0245048826858 
1.22429299921 -4.48800092085e-19 -2.9920006139e-19 0.0261929421246 
1.14683265524 -9.79819824992e-18 -6.53213216661e-18 0.0303501750003 
1.04559483778 2.6800804099e-19 1.78672027326e-19 0.0426618635056 
0.940694079538 0.0234334378228 0.0156222918819 0.0487010448935 
0.784597240873 0.0643636201306 0.0429090800871 0.0679148826463 
0.799183090701 0.538624784547 0.359083189698 0.032683421222 
0.560838417956 0.3916332299 0.261088819933 0.0475339393356 
0.38850388554 0.293147067822 0.195431378548 0.103280007754 
0.28810028926 0.333210500765 0.222140333843 0.131260084735 
0.211004410619 0.369400379577 0.246266919718 0.147042921441 
0.162818263662 0.407927958664 0.271951972443 0.11859659267 
0.126523814499 0.425125606704 0.283417071136 0.0936487850202 
0.0872852516917 0.276239284336 0.184159522891 -0.154335237289 
0.0695681427487 0.250618831037 0.167079220691 -0.10490695704 
0.0556901139129 0.262921727308 0.175281151539 -0.0972964198183 
0.0493247778677 0.250736434253 0.167157622835 -0.0856536077682 
0.0432814125836 0.274205950468 0.182803966979 -0.0894997115892 
0.0421787035156 0.294536709674 0.196357806449 -0.0985984643283 
0.0421787035156 0.294536709674 0.196357806449 -0.0985984643283 
0.0409873188132 0.294589565183 0.196393043455 -0.0989123578215 
0.0379945838252 0.329139572721 0.219426381814 -0.122543794799 
0.0399722024095 0.335790178519 0.223860119013 -0.119946689909 
0.0408834684239 0.309572670515 0.206381780344 -0.0968552247866 
0.0385478457069 0.334189180537 0.222792787024 -0.116427370901 
0.039113586489 0.352209492889 0.234806328592 -0.130617902404 
0.041900086362 0.347642474472 0.231761649648 -0.13805743237 
0.0487889712637 0.3538093015 0.235872867667 -0.164628285553 
0.0519696688716 0.323041060258 0.215360706838 -0.124132852017 
0.053646474146 0.323156987409 0.215437991606 -0.123893419639 
0.0598080942937 0.335028989511 0.223352659674 -0.119269347559 
0.0687685983088 0.333676378162 0.222450918775 -0.118146971324 
0.072627234855 0.285795034217 0.190530022811 -0.0752934829056 
0.0771174034991 0.301166116678 0.200777411119 -0.0808286457035 
0.0822116756979 0.308600941593 0.205733961062 -0.103840796215 
0.0858236692234 0.282955962969 0.188637308646 -0.0772899208662 
0.0867475435616 0.253436269623 0.168957513082 -0.0626508271239 
0.0861381058977 0.228771789913 0.152514526608 -0.0458134191816 
0.0902923570919 0.203963238638 0.135975492426 -0.041371139162 
0.105403934177 0.238199086355 0.158799390903 -0.0477987609938 
0.1245749216 0.232126687741 0.154751125161 -0.0536007629545 
0.150091088973 0.228881820715 0.152587880477 -0.0521297266359 
0.191179492101 0.21118527741 0.14079018494 -0.0535207772264 
0.24706964364 0.258522369559 0.172348246373 0.0479871182268 
0.318192466006 0.246056064284 0.164037376189 0.0404082292395 
0.457828450659 0.346292294447 0.230861529631 0.0144412841761 
0.639219166261 0.480498827574 0.320332551716 0.0120341382322 
0.80781162181 0.545945139355 0.363963426237 0.0186635910928 
0.851999669838 0.326198297773 0.217465531849 0.0280738250561 
0.90479001651 0.045413118534 0.030275412356 0.0496984803141 
1.02036875691 4.00549981376e-18 2.67033320918e-18 0.0481504976082 
1.13775113696 -1.28643108653e-22 -8.57620724352e-23 0.0357652261387 
1.22009309398 2.38661218565e-22 1.59107479044e-22 0.0334495298035 
1.29915861003 -5.59168235417e-22 -3.72778823611e-22 0.0287464564626 
1.36025601177 8.52106162381e-22 5.68070774921e-22 0.0262340697505 
1.40754952584 2.86470795585e-22 1.9098053039e-22 0.023512525448 
1.43324718393 -1.05473738518e-21 -7.03158256789e-22 0.0263115636705 
1.46132013821 -9.69993815081e-22 -6.46662543387e-22 0.0256872090709 
1.47956198592 -3.7218893891e-22 -2.48125959273e-22 0.0258842007878 
1.49112582278 -1.29793190134e-21 -8.65287934229e-22 0.0269171056635 
1.49605886001 -1.92828870614e-23 -1.2855258041e-23 0.0261813926307 
1.49606862386 -2.06923616238e-22 -1.37949077492e-22 0.0268748700493 
1.49765600204 9.16748934635e-22 6.11165956423e-22 0.0275564110608 
1.49845365343 -5.49711440174e-22 -3.66474293449e-22 0.0268390797526 
1.49845365343 -5.49711440174e-22 -3.66474293449e-22 0.0268390797526 
1.497230473 3.48011794213e-22 2.32007862808e-22 0.0275659891214 
1.4938599677 1.67607421183e-21 1.11738280789e-21 0.026082966589 
1.48666011797 -9.50755610127e-23 -6.33837073418e-23 0.0287649615158 
1.48675994976 4.81882888299e-22 3.21255258866e-22 0.0294726543497 
1.48772733089 -8.43906609122e-22 -5.62604406081e-22 0.0275250897717 
1.48780673087 2.40642180388e-21 1.60428120258e-21 0.0269582238807 
1.4875665086 5.19700470489e-22 3.46466980326e-22 0.0276423720872 
1.48074035547 1.07992652426e-21 7.1995101617e-22 0.0301240478953 
1.47336300651 1.34269039208e-21 8.95126928051e-22 0.0311506654411 
1.47757537798 1.36125493621e-21 9.07503290805e-22 0.0287530159541 
1.47290849248 -2.70338873988e-22 -1.80225915992e-22 0.0285566169352 
1.46692474485 3.09632445176e-22 2.06421630117e-22 0.0276911517744 
1.47399751612 1.51946271182e-21 1.01297514121e-21 0.0263692181825 
1.47414466949 -8.39074737104e-22 -5.5938315807e-22 0.0272803291403 
1.47800837285 -1.40961315853e-22 -9.39742105686e-23 0.0243973272084 
1.47473042326 2.3379102523e-22 1.55860683486e-22 0.0273456096974 
1.47865451008 -9.39718298255e-23 -6.26478865504e-23 0.0274494643025 
1.47972917714 -1.1443874583e-21 -7.62924972198e-22 0.0259444008945 
1.46970721965 8.48755426e-22 5.65836950667e-22 0.0290783601386 
1.44952944411 5.41692377007e-23 3.61128251338e-23 0.0350116078348 
1.43386744261 -3.91575836834e-22 -2.61050557889e-22 0.0368621792293 
1.40932793262 9.41016063594e-22 6.27344042396e-22 0.0414570218281 
1.37217444381 -3.60232188841e-22 -2.40154792561e-22 0.0466217451017 
1.33174466037 7.41179142811e-23 4.94119428541e-23 0.0492775183396 
1.27217358412 6.11057546189e-22 4.07371697459e-22 0.0537219403871 
1.17600377309 -4.41799192592e-18 -2.94532795061e-18 0.0599226612032 
1.08513225641 -8.25325463959e-19 -5.50216975973e-19 0.0627358145829 
0.98063850775 4.63510878464e-18 3.09007252309e-18 0.0763072460327 
0.864965249989 0.0296284895126 0.0197523263417 0.101866020837 
0.750739598214 0.0709773381874 0.0473182254583 0.140850889429 
0.636965482732 0.11537030456 0.0769135363731 0.174802657043 
0.522800468043 0.170310830915 0.113540553943 0.223264429899 
0.429076834724 0.219818603116 0.146545735411 0.270342384151 
0.404318767217 0.120916513909 0.080611009273 0.502972432567 
0.330612140257 0.221757163065 0.14783810871 0.429185669373 
0.281993375118 0.282628283793 0.188418855862 0.398347572863 
0.272166463715 0.507170736645 0.33811382443 0.127994620543 
0.25136250069 0.516688155759 0.344458770506 0.131480360092 
0.238616279261 0.520027897372 0.346685264915 0.130677407708 
0.224017920244 0.531101123299 0.354067415533 0.136832049942 
0.218934754339 0.533072360349 0.355381573566 0.136814755361 
0.21718439011 0.532436392148 0.354957594766 0.132559973034 
0.215119793947 0.528150083598 0.352100055732 0.12749785262 
0.213340856415 0.528134827752 0.352089885168 0.126721779095 
0.210286393336 0.529600826563 0.353067217709 0.12690218767 
0.216535158518 0.523020484758 0.348680323172 0.119517866794 
0.220959575594 0.519168475197 0.346112316798 0.114955632024 
0.214829875456 0.532906779959 0.355271186639 0.123589518185 
0.246971151774 0.619771961722 0.413181307815 0.0764234991294 
0.262964699438 0.634681094182 0.423120729455 0.0661440399976 
0.26882833739 0.631845910964 0.421230607309 0.0652766199338 
0.281029825607 0.625922029973 0.417281353316 0.0645088336693 
0.304702677407 0.655137361693 0.436758241128 0.0521335983258 
0.327149538211 0.68910997245 0.4594066483 0.0411092480073 
0.345325403094 0.718573965869 0.479049310579 0.0336628258147 
0.346824847479 0.750508635432 0.500339090288 0.0261858716836 
0.305049196125 0.728449099949 0.4856327333 0.0230894510142 
