0.0 0.0 0.0 0.0 
-1.09913079878e-19 0.357976304481 0.238650869654 0.523598775598 
-1.09913079878e-19 0.357976304481 0.238650869654 0.523598775598 
-1.09913079878e-19 0.357976304481 0.238650869654 0.523598775598 
-1.09913079878e-19 0.357976304481 0.238650869654 0.523598775598 
-1.09913079878e-19 0.357976304481 0.238650869654 0.523598775598 
-1.09913079878e-19 0.357976304481 0.238650869654 0.523598775598 
-1.09913079878e-19 0.357976304481 0.238650869654 0.523598775598 
-1.09913079878e-19 0.357976304481 0.238650869654 0.523598775598 
-1.09913079878e-19 0.357976304481 0.238650869654 0.523598775598 
-1.09913079878e-19 0.357976304481 0.238650869654 0.523598775598 
-1.09913079878e-19 0.357976304481 0.238650869654 0.523598775598 
-1.09913079878e-19 0.357976304481 0.238650869654 0.523598775598 
5.84790418435e-21 0.37301331592 0.248675543947 0.523070936174 
5.84790418435e-21 0.37301331592 0.248675543947 0.523070936174 
5.84790418435e-21 0.37301331592 0.248675543947 0.523070936174 
5.84790418435e-21 0.37301331592 0.248675543947 0.523070936174 
2.36253263988e-21 0.389097569949 0.259398379966 0.519847206909 
2.36253263988e-21 0.389097569949 0.259398379966 0.519847206909 
1.38150679512e-20 0.413244714738 0.275496476492 0.512979691355 
-3.16131693306e-21 0.622727357418 0.415151571612 -0.274793051464 
-5.56842590027e-21 0.59915485998 0.39943657332 -0.271022308176 
0.00602782657305 0.552818830029 0.368545886686 -0.423811386915 
0.0303867670335 0.522843589486 0.34856239299 -0.421244652702 
0.037946265638 0.517162744243 0.344775162829 -0.41909419366 
0.0425270853573 0.52325487815 0.348836585433 -0.30171304483 
0.0386392829745 0.535006517523 0.356671011682 -0.300959166822 
0.036349051148 0.550757467045 0.367171644697 -0.23235745163 
0.0353910416363 0.554851751799 0.369901167866 -0.231564695043 
0.0399269323752 0.545135169317 0.363423446211 -0.230103443977 
0.0360191010928 0.550282714646 0.366855143097 -0.230272679877 
0.0375503761964 0.549812300976 0.366541533984 -0.230354968715 
0.0397806076193 0.537532992163 0.358355328109 -0.233252769753 
0.0427187410459 0.521046860494 0.347364573662 -0.343585229848 
0.0464892968691 0.51523983134 0.343493220893 -0.345370869634 
0.0497417044293 0.507121261569 0.338080841046 -0.476188693824 
0.0446732721934 0.515707284277 0.343804856185 -0.476129441424 
0.0505367712262 0.506023431104 0.337348954069 -0.474955783118 
0.052179017415 0.506310029521 0.337540019681 -0.474801852573 
0.0721833045388 0.478345143488 0.318896762326 -0.472835095333 
0.085896305154 0.460586063045 0.307057375364 -0.473576805157 
0.100487003492 0.442001947794 0.294667965196 -0.474736540267 
0.119730201266 0.417829637793 0.278553091862 -0.523598775598 
0.137015088068 0.394686042835 0.263124028557 -0.5197194129 
0.158774292943 0.371740523916 0.247827015944 -0.447941407515 
0.185111666935 0.343518377066 0.229012251377 -0.38685981743 
0.223019791712 0.296657623581 0.197771749054 -0.370265890118 
0.267686977432 0.258331118253 0.172220745502 -0.255494428374 
0.334187513459 0.190584192304 0.127056128203 -0.206907613371 
0.398116821503 0.13526991134 0.0901799408935 -0.147527244024 
0.48773144385 0.0389683062408 0.0259788708272 -0.12745751677 
0.579725688243 1.23771571667e-18 8.25143811113e-19 -0.0909620278466 
0.680410454439 1.03663166255e-22 6.91087775033e-23 -0.054459658197 
0.78873312884 7.8410582798e-23 5.22737218653e-23 -0.0287868741825 
0.891395552166 9.24256504063e-09 6.16171002709e-09 -0.0141383986174 
0.99717445321 -1.0195364984e-24 -6.79690998933e-25 -0.0153787060393 
1.08627174369 -6.11549588739e-24 -4.07699725826e-24 -0.00503599222021 
1.16644434431 2.28706113472e-23 1.52470742315e-23 -0.00699045252838 
1.23180229906 5.3547068615e-23 3.56980457434e-23 -0.00914844349521 
1.29270655048 2.06566780907e-22 1.37711187271e-22 -0.0113967637503 
1.33775622588 -4.56993116014e-22 -3.04662077343e-22 -0.00800949715527 
1.37022427848 3.57417799193e-22 2.38278532795e-22 -0.00604516605573 
1.39599489924 -1.00888677051e-22 -6.72591180343e-23 -0.00629323304412 
1.40987386918 9.07855893251e-22 6.05237262168e-22 -0.0039243613383 
1.4242828063 4.05134502622e-22 2.70089668414e-22 -0.00767499835557 
1.42714774402 1.19752156909e-21 7.98347712725e-22 -0.00226663141526 
1.44052598152 2.92594372481e-22 1.95062914987e-22 -0.00735915691054 
1.44508236966 3.43608743195e-22 2.29072495464e-22 -0.00680411474635 
1.44833815152 4.17535604344e-22 2.78357069563e-22 -0.0108279891388 
1.44622252516 9.50238810044e-22 6.33492540029e-22 -0.0101422727786 
1.44480615815 4.56572803617e-22 3.04381869078e-22 -0.010041256063 
1.4455251376 -1.14302990947e-22 -7.62019939644e-23 -0.0112217094203 
1.4409435462 1.18477479573e-21 7.89849863823e-22 -0.0110111088404 
1.43969715692 8.77581079923e-22 5.85054053282e-22 -0.011855551753 
1.43199745268 7.79191482924e-22 5.19460988616e-22 -0.0127381796577 
1.43569846448 2.58794524428e-22 1.72529682952e-22 -0.0110678704666 
1.43735377734 7.09146360237e-22 4.72764240158e-22 -0.0102114504975 
1.43935225418 -3.8128433497e-22 -2.54189556647e-22 -0.0107236808578 
1.43202349359 6.16205237732e-22 4.10803491821e-22 -0.0112825618304 
1.4233158493 -2.05175087628e-22 -1.36783391752e-22 -0.00720237077925 
1.42197706659 5.48583315551e-22 3.65722210367e-22 -0.00706075617538 
1.42393271342 6.90857689516e-23 4.60571793011e-23 -0.00814945229794 
1.41498518281 2.03090230228e-21 1.35393486819e-21 -0.00517227629706 
1.41867685556 -4.88479150747e-22 -3.25652767165e-22 -0.00847190293721 
1.4176205345 -7.49565710305e-22 -4.99710473537e-22 -0.00808204456693 
1.40896374778 1.71088033458e-21 1.14058688972e-21 -0.00749686057379 
1.40539970744 8.52241767962e-22 5.68161178642e-22 -0.00569247686095 
1.40138216909 1.33021430526e-22 8.86809536841e-23 -0.00307803289266 
1.39614839045 -2.98575082029e-22 -1.99050054686e-22 -0.00274003718322 
1.39811461105 -3.85890890268e-23 -2.57260593512e-23 -0.00619337124508 
1.39829307993 9.89298621477e-23 6.59532414318e-23 -0.00472153652159 
1.40056264119 -5.59790674485e-22 -3.7319378299e-22 -0.00268738538081 
1.39661501289 8.83730278985e-22 5.89153519323e-22 -0.000592065112897 
1.38731636445 1.92003306711e-21 1.28002204474e-21 0.00446429829641 
1.38370833383 -9.20307347687e-23 -6.13538231791e-23 0.00506488468846 
1.38202576177 1.38596694224e-22 9.23977961494e-23 0.00220347511577 
1.38221538824 8.85379195748e-22 5.90252797165e-22 0.00341944062776 
1.37392519783 2.09215909618e-22 1.39477273078e-22 0.00405316100868 
1.37069702005 1.89015627271e-22 1.26010418181e-22 0.00347521215969 
1.36457888056 5.85236911131e-22 3.90157940754e-22 0.0044139301258 
1.35860903601 6.36832487788e-22 4.24554991858e-22 0.000916438835229 
1.34817445756 5.13171112557e-22 3.42114075038e-22 0.00193727101387 
1.34817445756 5.13171112557e-22 3.42114075038e-22 0.00193727101387 
1.33923552731 9.58504720534e-22 6.39003147023e-22 -0.000263135599754 
1.33447493762 5.95784579981e-22 3.97189719987e-22 0.000763125090186 
1.33582379806 1.40011385809e-21 9.33409238728e-22 -0.00244497040139 
1.33582379806 1.40011385809e-21 9.33409238728e-22 -0.00244497040139 
1.34097447262 -4.45063986731e-23 -2.96709324487e-23 -0.00564369589009 
1.33495165543 -6.48111101272e-22 -4.32074067515e-22 -0.00670007397351 
1.33952992285 3.45224173499e-23 2.30149448999e-23 -0.00934506507447 
1.33428381881 -3.17031221239e-22 -2.11354147493e-22 -0.0080198971963 
1.33605570135 -1.99775162293e-23 -1.33183441528e-23 -0.010205325861 
1.30762704649 0.00610290403015 0.00406860268676 -0.0117550518216 
1.25676004667 1.96241574983e-17 1.30827716655e-17 -0.00697440781867 
1.20581557407 -7.93961903935e-18 -5.29307935957e-18 -0.00513155472255 
1.12724608821 0.0162641458945 0.0108427639297 -0.00391294864306 
1.04083136765 0.0369910730291 0.0246607153527 -0.00538672355132 
0.913363070066 0.0671441628323 0.0447627752215 -0.00291876980335 
0.760806804463 0.104300427017 0.0695336180114 -0.00562975133496 
0.561905377569 1.92406464819e-16 1.28270976546e-16 -0.0378183220161 
0.397109316578 0.0206578858776 0.0137719239184 -0.228508850261 
0.309125730706 0.126756051643 0.0845040344289 -0.382936985208 
0.239606212828 0.215599974857 0.143733316572 -0.494737436344 
0.192578548047 0.273845689489 0.182563792993 -0.523598775598 
0.158530211544 0.315636041289 0.210424027526 -0.523598775598 
0.135672125112 0.342367754728 0.228245169819 -0.523598775598 
0.109264484336 0.377760139762 0.251840093175 -0.523598775598 
0.092452844188 0.399982757532 0.266655171688 -0.523598775598 
0.0914265992843 0.399132069209 0.266088046139 -0.523598775598 
0.0914265992843 0.399132069209 0.266088046139 -0.523598775598 
0.0914265992843 0.399132069209 0.266088046139 -0.523598775598 
0.0852202403219 0.406658072657 0.271105381771 -0.523598775598 
0.0852202403219 0.406658072657 0.271105381771 -0.523598775598 
0.0822052817758 0.406732653909 0.271155102606 -0.523598775598 
0.0841633731617 0.405749896833 0.270499931222 -0.523598775598 
0.0827363518986 0.405125690598 0.270083793732 -0.523598775598 
0.0846534421345 0.399801554689 0.266534369793 -0.523598775598 
0.0832562012385 0.400168237133 0.266778824755 -0.523598775598 
0.0844516811089 0.400400620669 0.266933747113 -0.523598775598 
0.0833022571053 0.399694771432 0.266463180955 -0.523598775598 
0.0821025971207 0.400127153984 0.266751435989 -0.523598775598 
0.0858842867704 0.393225424305 0.26215028287 -0.523598775598 
0.0831717356355 0.398427805964 0.265618537309 -0.523598775598 
0.0907486522142 0.388558160609 0.259038773739 -0.523598775598 
0.0922981374736 0.388476495465 0.25898433031 -0.523598775598 
0.0968191581482 0.379398265015 0.252932176677 -0.523598775598 
0.0918775980525 0.386107266349 0.257404844232 -0.523598775598 
0.0846753810625 0.396816861758 0.264544574505 -0.523598775598 
0.0922121324387 0.389832841259 0.25988856084 -0.523598775598 
0.100255367123 0.380352750472 0.253568500315 -0.523598775598 
0.104938256253 0.373064471018 0.248709647346 -0.523598775598 
0.110840991453 0.367572621083 0.245048414055 -0.523598775598 
0.121336110234 0.354463544992 0.236309029995 -0.523598775598 
0.162710013654 0.300800765359 0.200533843573 -0.523598775598 
0.21254408481 0.223804491585 0.14920299439 -0.36473456884 
0.26726348189 -3.13745105373e-18 -2.09163403582e-18 -0.0490664913846 
0.415161315414 0.079754333832 0.053169555888 0.135194175637 
0.637840437943 0.263959345992 0.175972897328 0.0394972553234 
0.80475257597 0.217493693249 0.1449957955 0.0457406210437 
0.929025084916 9.29536632971e-20 6.19691088648e-20 0.0467999627708 
1.08559443185 -2.3529579278e-22 -1.56863861854e-22 0.0311167732551 
1.2042303275 -1.13737720765e-22 -7.58251471764e-23 0.0195195192137 
1.29251775646 9.05946130712e-22 6.03964087141e-22 0.0118064730058 
1.35259576015 1.78003178839e-23 1.18668785893e-23 0.00545701852597 
1.39841548715 9.68014792833e-23 6.45343195222e-23 0.000732951466292 
1.42425321765 4.51459606739e-22 3.00973071159e-22 -0.00171639387113 
1.4436035133 1.49847411004e-22 9.98982740028e-23 -0.00369208486611 
1.46681489159 0.0229424267891 0.0152949511928 -0.00591290231006 
1.47037145947 0.00913170824912 0.00608780549941 -0.00824450074528 
1.48547939548 0.0336358993079 0.022423932872 -0.00881782433854 
1.49206734175 0.0479577312578 0.0319718208385 -0.0095953971289 
1.48195467295 -1.77745258689e-20 -1.18496839126e-20 -0.00692595239218 
1.47970914548 -9.78808581017e-24 -6.52539054012e-24 -0.00585363996553 
1.48598991818 8.66370452589e-23 5.77580301726e-23 -0.00841823291036 
1.47873318244 2.88061444424e-22 1.92040962949e-22 -0.00565233457308 
1.47945364337 -1.8660063895e-21 -1.24400425967e-21 -0.00736745479367 
1.46990059441 1.42617445954e-21 9.50782973026e-22 -0.00381882528508 
1.4641190787 -6.45968557781e-22 -4.30645705188e-22 -0.00241986276604 
1.464494109 -8.89530608488e-22 -5.93020405658e-22 -0.0025814956945 
1.46908223557 -1.71544855977e-22 -1.14363237318e-22 -0.00154875791519 
1.47306944644 1.40746117477e-21 9.38307449849e-22 -0.00208775337214 
1.46732819775 6.01915141036e-23 4.0127676069e-23 0.00155072753458 
1.47097797247 4.59590129164e-22 3.06393419442e-22 0.000382107128536 
1.47367517816 6.9727023237e-22 4.6484682158e-22 -0.00254468056099 
1.47860773037 1.65929161862e-21 1.10619441241e-21 -0.00208461741393 
1.46918161346 -2.55358894769e-22 -1.7023926318e-22 0.00232729976556 
1.46475938566 -1.025768072e-21 -6.83845381335e-22 0.00111975403379 
1.45465465193 1.9193052729e-21 1.2795368486e-21 0.00287211846544 
1.45583940421 -7.03864269169e-22 -4.69242846112e-22 0.00440884475333 
1.44895242105 2.78884170889e-21 1.85922780593e-21 0.00357073993791 
1.45653776691 4.10979478158e-22 2.73986318772e-22 -0.000625306723102 
1.44076360364 1.11232665313e-21 7.41551102089e-22 0.00374714365706 
1.4294239784 -3.87347100688e-22 -2.58231400459e-22 0.00450978102117 
1.3969605719 5.45304195242e-22 3.63536130161e-22 0.00776779381705 
1.36865289013 1.12217136826e-21 7.48114245507e-22 0.00655228888652 
1.32105817428 1.27837309137e-18 8.52248727579e-19 0.00567681335106 
1.24039293297 1.63708478572e-17 1.09138985714e-17 0.00795857800198 
1.13445432046 -1.69115664379e-17 -1.12743776252e-17 0.0104554011108 
0.887180285526 0.0562142778077 0.0374761852051 0.018643896279 
0.574400689614 2.1547671301e-16 1.43651142007e-16 0.0465850573195 
0.368056011492 1.23960117499e-16 8.26400783328e-17 -0.166381443654 
0.222771793342 0.0892687919219 0.059512527948 -0.127256828191 
0.101966900324 -1.47036868445e-16 -9.80245789634e-17 -0.0146464228991 
0.0349984619605 2.27175842344e-18 1.51450561563e-18 -0.00605664129138 
1.90900959595e-19 -5.42101086243e-19 -3.61400724162e-19 -0.00250831308978 
1.22369711564e-20 1.0807631552e-22 7.20508770133e-23 0.00567029750263 
1.20971826392e-21 -5.15320600358e-22 -3.43547066905e-22 0.0114683802136 
1.20971826392e-21 -5.15320600358e-22 -3.43547066905e-22 0.0114683802136 
1.20971826392e-21 -5.15320600358e-22 -3.43547066905e-22 0.0114683802136 
1.20971826392e-21 -5.15320600358e-22 -3.43547066905e-22 0.0114683802136 
-4.45269616917e-22 0.0232594258392 0.0155062838928 0.00688059772424 
3.75224927254e-20 0.0 0.0 0.00726142605764 
-1.23225920516e-20 0.00152332321491 0.00101554880994 -0.000410559517434 
-3.3797782763e-22 0.000763429424689 0.000508952949793 -0.00257244448537 
3.8652569151e-21 8.02964138555e-20 5.35309425703e-20 -0.00579900718608 
0.00610591036999 -8.57915473223e-23 -5.71943648816e-23 -0.0067385209666 
0.0173566008374 -7.02281594435e-23 -4.68187729623e-23 -0.00700133103556 
0.0203586679176 -2.44943480648e-22 -1.63295653765e-22 -0.00680216362176 
0.028879221948 1.97771100034e-23 1.31847400022e-23 -0.00709133845244 
0.0305449431061 0.0132658698921 0.00884391326138 -0.00647165730899 
0.037825271962 2.03552113713e-18 1.35701409142e-18 -0.00470360890949 
0.0493594376559 -9.91535586474e-23 -6.61023724316e-23 -0.00525424678408 
0.0503861603194 0.00280050129102 0.00186700086068 -0.0110646395382 
0.0559533644056 0.0257796533 0.0171864355333 -0.0109004907835 
0.0626005890513 0.0404591297484 0.0269727531656 -0.0134620029286 
0.0799028775909 0.0391637306771 0.0261091537848 -0.0175099736437 
0.095060985765 0.0601959423559 0.0401306282373 -0.0219365192006 
0.114668693348 0.0728742521617 0.0485828347745 -0.0249920151036 
0.150666838161 0.114149871162 0.0760999141079 -0.0352631535488 
0.194303171544 0.180048865571 0.120032577047 -0.0535773575263 
0.239640347461 0.281333472479 0.187555648319 0.133166453512 
0.305761359353 0.391311891544 0.260874594363 0.0469531554711 
0.383897263716 0.514444056221 0.342962704147 0.0315913319671 
0.492434347892 0.66231797975 0.441545319833 0.0320597672076 
0.6184646806 0.752123983029 0.501415988686 0.0370070580595 
0.692562031754 0.765750705319 0.510500470213 0.0437246323686 
0.707428019871 0.747927392814 0.498618261876 0.0532693364379 
0.722127062439 0.735313161029 0.490208774019 0.0668624241809 
0.731113311666 0.7348618659 0.4899079106 0.0840998241061 
0.733133885692 0.736637731061 0.491091820707 0.0952087286378 
0.727954036518 0.751771513587 0.501181009058 0.118169933657 
0.706862782321 0.800601834301 0.5337345562 0.141087101642 
0.679453643977 0.867325370774 0.578216913849 0.168927264946 
0.639442067382 0.965421953218 0.643614635479 0.202459572774 
0.529760571991 1.0361659604 0.690777306932 0.242667061005 
0.511315052148 1.11014948957 0.740099659711 0.253495489067 
0.413889376511 1.18459239566 0.789728263775 0.244853557134 
0.340663491343 1.26694776178 0.844631841186 0.210059707205 
0.240579317859 1.34018775611 0.893458504074 0.157794338986 
0.0985038722502 1.40315815238 0.935438768253 0.0978998676904 
1.09409425842e-16 1.46040253852 0.973601692344 0.035247949971 
-8.50668954098e-22 1.50442622497 1.00295081665 0.00218336555916 
-8.37742135761e-22 1.53755529148 1.02503686099 -0.0223393074694 
4.61011685609e-23 1.56422151675 1.0428143445 -0.0439771229602 
0.72364043799 1.53521922658 1.02347948439 0.175204258975 
0.754821330422 1.55033752643 1.03355835095 0.15749974115 
0.783717486452 1.56009455483 1.04006303656 0.141334336958 
0.8044223415 1.56599141779 1.04399427853 0.128752859841 
0.81397365739 1.56974368381 1.04649578921 0.0975944052479 
0.830924523113 1.57112125474 1.04741416983 0.089405128307 
0.842818030724 1.57167531992 1.04778354661 0.082110536394 
0.851263128212 1.57226890661 1.04817927108 0.0758394184665 
0.85762811032 1.57353458381 1.04902305588 0.069895813533 
0.861518731469 1.57445385599 1.04963590399 0.0627806584194 
0.861590548663 1.57505251425 1.0500350095 0.0626909535827 
0.864995075479 1.57482013994 1.0498800933 0.0566502555761 
0.865025423307 1.57516264071 1.05010842714 0.0566162332305 
0.86496039162 1.57444557505 1.04963038337 0.0565610115505 
0.864911691063 1.57393801504 1.04929201002 0.0565122119629 
0.864898544453 1.57377886471 1.04918590981 0.0564775679785 
0.864773429651 1.57306578664 1.04871052443 0.0564520837147 
0.864591558832 1.57253872858 1.04835915238 0.0564904550719 
0.85866478056 1.57247230054 1.04831486702 0.0586865158935 
0.858399024941 1.57073355167 1.04715570111 0.0587061954401 
0.858224971742 1.57005698059 1.04670465373 0.0587684878672 
0.853617468698 1.56984346228 1.04656230818 0.0616635357154 
0.853424503109 1.5688901651 1.04592677673 0.0617256109514 
0.847808341737 1.56709391743 1.04472927828 0.0665129270384 
0.847571406803 1.56586349389 1.04390899593 0.0666194140335 
0.839856206947 1.56543683223 1.04362455482 0.0748674615055 
0.845033409216 1.55786188032 1.03857458688 0.104202865874 
0.837182163177 1.55023183403 1.03348788935 0.110286727472 
0.837741329575 1.54107718498 1.02738478999 0.139149100166 
0.834725927712 1.52509514096 1.01673009397 0.167031166375 
0.818501836234 1.50817477643 1.00544985095 0.178792038278 
0.823003873802 1.47562219322 0.983748128812 0.217727939298 
0.75954049979 1.44535365022 0.963569100148 0.168944017112 
0.548383489802 1.42013660518 0.946757736784 0.071802549991 
0.102060775123 1.35970963305 0.906473088701 -0.00198122037569 
0.387158370804 1.25516319542 0.836775463616 0.0728737960547 
0.546541691028 1.12301288359 0.748675255723 0.11479419437 
0.666175522066 0.973145147763 0.648763431842 0.130470011333 
0.734182105639 0.758056881581 0.505371254387 0.131315716057 
0.795012055425 0.399718311392 0.266478874261 0.131414974008 
0.907685979386 0.0737270436418 0.0491513624279 0.0992905773605 
1.02978099773 2.78761613492e-17 1.85841075661e-17 0.0530990642463 
1.11899854075 6.85437806018e-22 4.56958537345e-22 0.0225597738997 
1.17338592233 5.23066496913e-22 3.48710997942e-22 0.00855850864344 
1.21997330472 5.43534888508e-22 3.62356592339e-22 -0.00509335265806 
1.25217937577 4.61850181738e-22 3.07900121159e-22 -0.0150645298151 
1.27429675479 -1.27144632718e-22 -8.47630884789e-23 -0.0161854976972 
1.29170834472 -4.24931575061e-22 -2.83287716707e-22 -0.020924087338 
1.30902078981 4.30332723399e-23 2.86888482266e-23 -0.0254299367288 
1.32175562212 -2.29709175241e-22 -1.53139450161e-22 -0.0279901505694 
1.33034786697 -9.66237153723e-23 -6.44158102482e-23 -0.027904903093 
1.33024111408 3.6966057317e-23 2.46440382113e-23 -0.0239603473203 
1.33360724465 9.10159403477e-22 6.06772935651e-22 -0.0222874074729 
1.33529999693 -7.54238139962e-23 -5.02825426641e-23 -0.0188193598562 
1.33812775397 8.88587873899e-22 5.92391915933e-22 -0.0215053193376 
1.34097102799 -4.13803034251e-22 -2.75868689501e-22 -0.0225207511415 
1.3384805008 8.36248572529e-22 5.57499048352e-22 -0.0220352133018 
1.33659148925 1.19084633964e-21 7.93897559763e-22 -0.0219033729002 
1.32780864503 -6.5602427638e-22 -4.37349517587e-22 -0.022132642392 
1.33537517099 1.1364758576e-21 7.57650571736e-22 -0.0203210690805 
1.32924456769 2.05838091982e-22 1.37225394655e-22 -0.0194516174954 
1.32208842339 1.1053935192e-21 7.36929012797e-22 -0.0184969427453 
1.30207350845 -1.22613355501e-20 -8.17422370006e-21 -0.0160110274625 
1.28454585753 -1.81567483141e-19 -1.21044988761e-19 -0.0169108858907 
1.26219587974 -5.12172239469e-20 -3.41448159646e-20 -0.0182423526317 
1.23288567471 -1.15748845686e-18 -7.71658971237e-19 -0.0183476610895 
1.19240946339 3.61361986164e-18 2.40907990776e-18 -0.019775729838 
1.12992661615 2.65195217106e-18 1.76796811404e-18 -0.0140622711132 
1.06257751264 0.0133009120742 0.00886727471613 -0.00714505500956 
0.984108512122 0.0299345025493 0.0199563350328 0.0050052888848 
0.91470097069 0.0469848765414 0.0313232510276 0.0144365257959 
0.819522038737 0.0713688982629 0.0475792655086 0.0276369859917 
0.834691317827 0.46041027431 0.306940182873 0.019728836975 
0.746347226519 0.511623097446 0.341082064964 0.0173647909589 
0.523542039073 0.342127916347 0.228085277564 0.0234485318487 
0.370642047715 0.241543601638 0.161029067758 0.0507020862652 
0.267260646208 0.163872146709 0.109248097806 0.017240971073 
0.190587193166 0.124770917208 0.0831806114721 -0.0607227290158 
0.135820490626 0.0842953598951 0.0561969065967 -0.0274015444172 
0.101266122114 0.0869893863991 0.0579929242661 -0.0190691440874 
0.0762085480049 0.0756154545408 0.0504103030272 -0.0158149792694 
0.0589815426141 0.0693812009925 0.046254133995 -0.0116620373636 
0.0459541317875 0.0642239731012 0.0428159820674 -0.0083490857144 
0.0433217736295 0.0161683973545 0.0107789315696 -0.00481066684628 
0.0465743847947 1.12594467132e-17 7.5062978088e-18 -0.000150280448741 
0.0412149855434 0.0266852580713 0.0177901720475 -0.00244389849681 
0.045217368457 0.0261687300439 0.0174458200292 -0.00375287857056 
0.0507149018154 0.00456252645845 0.00304168430563 -0.0030013288778 
0.0530589071576 0.0124115590762 0.00827437271744 -0.00474109098666 
0.0523838273368 0.061810180826 0.0412067872174 -0.00908593058686 
0.0608433834623 0.0277095040259 0.018473002684 -0.00908455754004 
0.063561992842 0.0440997931631 0.0293998621088 -0.00862809704085 
0.0678947940829 0.0192951249031 0.012863416602 -0.00684505354396 
0.0732106909686 0.018635505261 0.012423670174 -0.00671233755014 
0.0751917152058 0.00031879704997 0.000212531366647 -0.00476139961482 
0.0784927575701 0.0221605440387 0.0147736960258 -0.0050976866016 
0.0916340259133 0.0209606754838 0.0139737836559 -0.00561965180194 
0.10201075687 0.0337559577351 0.0225039718234 -0.006831156819 
0.112595738328 0.0336482771152 0.0224321847435 -0.0017454764144 
0.137078864231 0.0312799270604 0.0208532847069 -0.00235419514479 
0.1620202628 -4.09287847475e-18 -2.72858564984e-18 0.00161098080589 
0.189198351934 0.000301950092404 0.000201300061603 -0.0012856960514 
0.230837977362 -2.66560035477e-22 -1.77706690318e-22 -0.00224074962008 
0.282118229596 6.98191741956e-22 4.65461161304e-22 -0.0136823777032 
0.397602603372 0.0905571323236 0.0603714215491 0.022497400073 
0.528122279192 0.077752020127 0.0518346800846 0.0473223503102 
0.650953446056 0.0576363442897 0.0384242295265 0.0544263652624 
0.767836277402 0.0348904842615 0.023260322841 0.0464849235086 
0.884103096343 0.00933469032907 0.00622312688605 0.0433089176965 
0.97397532667 8.1029186242e-21 5.40194574947e-21 0.0390262962423 
1.0572070693 2.30731471129e-22 1.53820980752e-22 0.035336814393 
1.13575614058 -4.59058202324e-22 -3.06038801549e-22 0.0318737797841 
1.18394162506 -2.70953751087e-22 -1.80635834058e-22 0.0345474341941 
1.21803831242 4.40881748055e-22 2.9392116537e-22 0.0341749424801 
1.21787587565 1.6362129016e-22 1.09080860107e-22 0.0419719076002 
1.21787587565 1.6362129016e-22 1.09080860107e-22 0.0419719076002 
1.2142066303 1.49822338217e-21 9.98815588116e-22 0.048539336006 
1.1903624007 1.51202340901e-21 1.00801560601e-21 0.0584560007344 
1.16376975077 1.74751273998e-22 1.16500849332e-22 0.0659158568769 
1.12099233467 -1.2655006631e-22 -8.43667108732e-23 0.0865376393582 
1.07853402901 1.51072143711e-22 1.00714762474e-22 0.113696482802 
1.01224010305 0.0109324864619 0.00728832430791 0.145833552765 
0.933474772869 0.0351070101744 0.0234046734496 0.171663337422 
0.869926457013 0.256486725849 0.170991150566 0.19753074423 
0.769768750656 0.313392784988 0.208928523326 0.252229652153 
0.735736720543 0.52926052776 0.35284035184 0.236150889547 
0.670544648502 0.596801564923 0.397867709949 0.260077341398 
0.712800460399 0.770588342967 0.513725561978 0.200613665164 
0.681674906312 0.833279901795 0.55551993453 0.19760971104 
0.665571211914 0.88386538875 0.5892435925 0.190937729497 
0.650962752781 0.936570506915 0.624380337944 0.184970271591 
0.643486899226 0.969790410184 0.646526940123 0.173519549245 
0.635108428227 1.00166096586 0.667773977238 0.170229800068 
0.626904274983 1.02698397181 0.684655981206 0.159136774459 
0.61755069464 1.04912721782 0.699418145213 0.155875017097 
0.615990437173 1.05578838289 0.703858921926 0.157297822278 
0.607397538425 1.07498367902 0.716655786015 0.145219356353 
0.572117626964 1.08614977658 0.724099851056 0.142842989804 
0.571229078176 1.09431531702 0.729543544678 0.13259430054 
0.568328771057 1.10690817568 0.737938783784 0.126754650534 
0.56541860682 1.11488106804 0.74325404536 0.121056124731 
0.559850116196 1.12781573148 0.751877154319 0.11547765851 
0.554250999055 1.13590053464 0.757267023092 0.109572036687 
0.549452418541 1.14411135328 0.762740902188 0.103319261304 
0.513550852655 1.15815543132 0.772103620879 0.0980386032163 
0.512101036044 1.17093029593 0.780620197288 0.0904144550367 
0.481394909813 1.18536278986 0.790241859903 0.0834568120994 
0.480475941318 1.19464453683 0.796429691222 0.078521586658 
0.477621097895 1.20615405063 0.804102700423 0.0728376789489 
0.450953159016 1.20923238304 0.806154922028 0.0653427884989 
0.450795932532 1.21302372755 0.808682485032 0.0653328356386 
0.450338491041 1.21648798966 0.810991993105 0.0607596976871 
0.44979459716 1.22318709852 0.815458065677 0.0617582533067 
0.44777075049 1.22594274987 0.817295166579 0.0569399105145 
0.447572194022 1.22426875914 0.81617917276 0.0564932225821 
0.422707220675 1.22989275757 0.819928505045 0.051142537295 
0.422620647635 1.23208877192 0.821392514612 0.0511108392753 
0.422362121502 1.23610626762 0.82407084508 0.0515104997719 
0.421568479975 1.23752367877 0.825015785847 0.0474620473643 
0.396966827842 1.2460721966 0.830714797735 0.0476578422711 
0.397429199279 1.24570778452 0.830471856348 0.0442139322519 
0.397382930008 1.24673225743 0.831154838285 0.0442560711461 
0.397409219227 1.24544481006 0.830296540038 0.0444002975773 
0.396438259717 1.24898808211 0.832658721405 0.0482734963297 
0.396585500664 1.24385505438 0.829236702921 0.0479185633187 
0.397258251818 1.2385865744 0.82572438293 0.0532451770055 
0.43947109075 1.21708418085 0.811389453899 0.0644840783793 
0.530229179663 1.13949002179 0.759660014524 0.0935896928907 
0.628910063172 1.02304308343 0.68202872229 0.119306193361 
0.679537098658 0.843983640652 0.562655760435 0.138070204256 
0.805251579439 0.593429460433 0.395619640289 0.116150913698 
0.85996850411 0.155710445828 0.103806963885 0.108895611203 
0.989461908406 -2.39067704467e-18 -1.59378469645e-18 0.0661902418624 
1.10840819336 4.05718119765e-22 2.7047874651e-22 0.0225213044967 
1.17434077448 7.20667453966e-22 4.8044496931e-22 0.00362209285788 
1.22614603241 -1.13916714256e-22 -7.59444761705e-23 -0.00783300757255 
1.26229273822 2.3832037373e-22 1.58880249153e-22 -0.0146032682391 
1.28009292047 -1.18297999247e-22 -7.88653328311e-23 -0.0154616118311 
1.28878734115 -9.26967672077e-24 -6.17978448052e-24 -0.0149904887104 
1.31792559334 0.0748121955134 0.0498747970089 -0.0147561717641 
1.36142990227 0.186066160807 0.124044107204 -0.0129395043455 
1.36501023884 0.185083115755 0.123388743836 -0.0137174203604 
1.3777363964 0.213746773951 0.1424978493 -0.0134207064799 
1.3866142426 0.229976672696 0.153317781798 -0.012381129763 
1.38791219453 0.229095360268 0.152730240178 -0.0124059900873 
1.3906466486 0.228573294037 0.152382196025 -0.0132704227567 
1.38317925766 0.213878231272 0.142585487515 -0.0155051194068 
1.3802543866 0.226573430095 0.151048953397 -0.014926371814 
1.34708077018 0.201973136389 0.134648757593 -0.00991033929041 
1.33140799714 0.269228046557 0.179485364371 -0.00910950615434 
1.28530958787 0.299445316122 0.199630210748 -0.00751013552018 
1.20744774623 0.328334887941 0.218889925294 -0.00275416501565 
1.18525437626 0.445187690533 0.296791793689 -0.00144203041098 
1.09361185746 0.456690034594 0.304460023063 -0.00303306785479 
1.06577544284 0.543089811009 0.362059874006 -0.00251621746987 
1.03425681398 0.570850711082 0.380567140722 -0.00752510404607 
1.00426877422 0.59921796517 0.399478643447 -0.00753057852642 
1.05613020748 0.672213825277 0.448142550185 -0.0046169699881 
1.04732886516 0.683403832977 0.455602555318 -0.00325146907575 
1.08208211668 0.711194409232 0.474129606154 -0.000767909648784 
1.14420476713 0.742535142871 0.495023428581 0.00236691983705 
1.12699514464 0.739980419987 0.493320279992 0.00281384870443 
1.12699514464 0.739980419987 0.493320279992 0.00281384870443 
1.12867590821 0.737889077779 0.491926051853 0.00117856490365 
1.15961576905 0.749788973943 0.499859315962 0.00332797370721 
1.17785732244 0.7506421221 0.5004280814 0.00299674875065 
1.15299403766 0.739943663446 0.493295775631 0.000298393520921 
1.12370149201 0.727641136346 0.485094090897 0.00137964142767 
1.09369903113 0.710874658227 0.473916438818 -0.00154063476429 
1.05016313177 0.687184899577 0.458123266385 -0.00152855041054 
1.05393646943 0.681506712626 0.454337808417 -0.0016573421661 
0.699433982278 1.9950372286e-16 1.33002481907e-16 -0.022492878804 
0.708256526807 5.92897358891e-24 3.95264905927e-24 -0.0234606856346 
0.726731916041 3.03825386222e-22 2.02550257481e-22 -0.0275073593964 
0.73759465908 -3.37509952779e-22 -2.25006635186e-22 -0.0280061556151 
0.737748637484 -1.63284516598e-22 -1.08856344399e-22 -0.0188442805446 
0.748000439729 1.89994550994e-22 1.26663033996e-22 -0.019737983314 
0.758278630149 -6.35266263794e-23 -4.23510842529e-23 -0.0169475186198 
0.776887667764 4.32515826661e-23 2.88343884441e-23 -0.0106672067243 
0.843109866483 -6.5816810894e-24 -4.38778739294e-24 -0.00801026606439 
0.910863931649 7.89375161731e-07 5.2625010782e-07 -0.00011969108989 
1.00148091848 3.25020828208e-07 2.16680552139e-07 -0.00390577794072 
1.22436040678 0.361898635283 0.241265756856 0.00295733410245 
1.24657726218 0.214533700821 0.143022467214 0.000271520469498 
1.29744834336 0.16382651289 0.10921767526 -0.00133715272131 
1.34523420543 0.129092875779 0.0860619171862 -0.00287295933868 
1.37094034601 0.0715987393825 0.0477324929217 -0.00474014112978 
1.38270511073 3.01634366956e-18 2.01089577971e-18 -0.00727632006428 
1.40091102792 1.8760551275e-22 1.25070341834e-22 -0.00541038066788 
1.43825205453 0.054926489092 0.0366176593947 -0.00664059390626 
1.44085721877 0.0131819138024 0.00878794253496 -0.00744839858559 
1.45573982702 0.0358186927665 0.023879128511 -0.00746389339861 
1.4493187852 2.27170790538e-19 1.51447193692e-19 -0.00582449890133 
1.44900267612 -2.03107727818e-22 -1.35405151879e-22 -0.00606300307683 
1.45282001528 2.72316289585e-22 1.81544193057e-22 -0.00522840568545 
1.4539000375 5.87552061852e-22 3.91701374568e-22 -0.00551164807662 
1.44826860408 -2.31762607746e-22 -1.54508405164e-22 -0.00510981302033 
1.44577661362 5.29011402584e-22 3.5267426839e-22 -0.00486359891617 
1.44273195893 7.69620213376e-22 5.1308014225e-22 -0.00521386260185 
1.44706035825 5.42978796338e-22 3.61985864225e-22 -0.00783914061433 
1.44563983379 1.08209575309e-22 7.21397168725e-23 -0.00782926083733 
1.44737109357 -1.35899329954e-23 -9.05995533029e-24 -0.00809683129103 
1.4411553232 5.13434709613e-20 3.42289806409e-20 -0.00891308610688 
1.43523270267 -1.32137139772e-19 -8.80914265144e-20 -0.00563924440077 
1.44103623336 0.0393874267364 0.0262582844909 -0.00529752688508 
1.44302552962 0.0493575149576 0.0329050099717 -0.00779795449414 
1.43791842226 0.0504799350827 0.0336532900551 -0.00758720362832 
1.43215454134 0.0254227426658 0.0169484951105 -0.00870863136475 
1.42939999548 0.00292564520688 0.00195043013792 -0.00898054453232 
1.44832645514 0.0482289617058 0.0321526411372 -0.00790512094491 
1.45552595782 0.0640829434791 0.0427219623194 -0.0099661722965 
1.47443060486 0.110748796131 0.0738325307541 -0.0118347305664 
1.47283089116 0.092725094186 0.0618167294573 -0.0126852367721 
1.46415136172 0.0544506323432 0.0363004215621 -0.0163919216381 
1.46402438917 0.0755448679789 0.0503632453193 -0.0142649511156 
1.45717535005 0.076903955614 0.0512693037427 -0.0128852215194 
1.46500333204 0.108068251021 0.0720455006808 -0.0133487955803 
1.4610742166 0.116099811711 0.0773998744741 -0.0132125415259 
1.47918853985 0.179184584847 0.119456389898 -0.013885333146 
1.46781022164 0.159688627053 0.106459084702 -0.0164648217389 
1.46585971672 0.153134563117 0.102089708744 -0.0183603855197 
1.47061154709 0.167564338242 0.111709558828 -0.0153831250438 
1.45776116117 0.13115350827 0.0874356721799 -0.0155166799851 
1.46062318848 0.137002793613 0.0913351957419 -0.0141139974377 
1.4312063762 0.0656540951774 0.0437693967849 -0.0129685338863 
1.41924789896 0.0281311379303 0.0187540919535 -0.0130446748122 
1.43635040646 0.0851700708127 0.0567800472085 -0.0123556158595 
1.43798926612 0.0850025414869 0.0566683609913 -0.0113309098022 
1.44503123315 0.105460214817 0.0703068098779 -0.0120133063891 
1.42964320775 0.0529157130882 0.0352771420588 -0.0127634418521 
1.41968383515 0.0131247440273 0.00874982935151 -0.0142942599499 
1.42339987515 0.0227707409213 0.0151804939476 -0.0137551045451 
1.41500222549 -3.09719322233e-18 -2.06479548156e-18 -0.0114795190473 
1.41398484469 7.46189937194e-23 4.97459958129e-23 -0.0120229736177 
1.41187512924 6.96556714468e-23 4.64371142979e-23 -0.0115974866939 
1.44193263099 0.101074216669 0.0673828111128 -0.0103587250439 
1.43484193686 0.0795126405774 0.0530084270516 -0.0104623542935 
1.43038247734 0.065373333714 0.043582222476 -0.00977943339909 
1.42613131732 0.065904381957 0.043936254638 -0.00671672018762 
1.41295899056 0.0188425453359 0.0125616968906 -0.00743441834985 
1.4040046229 7.3513462201e-19 4.90089748007e-19 -0.00779979969517 
1.39968633947 1.3256398347e-22 8.83759889801e-23 -0.0108182426966 
1.40573341349 -6.47236587058e-23 -4.31491058039e-23 -0.00980191672574 
1.4065411548 1.63850503327e-07 1.09233668885e-07 -0.0101790675175 
1.41606364844 0.0668663648532 0.0445775765688 -0.00835175488922 
1.41295974553 0.134648543421 0.0897656956138 -0.00646754355159 
1.40236696929 0.203961550824 0.135974367216 -0.00504400025731 
1.39499086104 0.294631514449 0.196421009633 -0.00493094467551 
1.35848982338 0.341115366047 0.227410244031 -0.00399622438658 
1.34066702991 0.398230688649 0.265487125766 -0.00485172460869 
1.30038264417 0.405116689003 0.270077792668 -0.00354264605369 
1.32069110141 0.4796704911 0.3197803274 -0.00139332095387 
1.29957270832 0.494042939902 0.329361959935 -0.00104054396957 
1.2906146403 0.514768936565 0.343179291043 -0.00152903032351 
1.29783603593 0.542958052128 0.361972034752 -0.00123810617357 
1.28973308176 0.54879211255 0.365861408366 -0.000578677874719 
1.26815221808 0.533979561312 0.355986374208 -0.00345265111329 
1.26691285577 0.534934022506 0.35662268167 -0.00417699187897 
1.26699632037 0.534813827705 0.356542551803 -0.00488101581016 
1.26708730947 0.534024080225 0.356016053484 -0.00376498744967 
1.22976468233 0.500474761183 0.333649840788 -0.00373030542332 
1.23567269075 0.49700296529 0.331335310193 -0.00595185244146 
1.2590427929 0.519026317321 0.346017544881 -0.00722532258842 
1.2473764789 0.502237591247 0.334825060831 -0.00710700577227 
1.23942501123 0.494404446485 0.329602964323 -0.00556937585653 
1.26258214888 0.519394478866 0.346262985911 -0.00531027122395 
1.27123022078 0.523556854673 0.349037903116 -0.00476509979769 
1.26453097724 0.517846448361 0.345230965574 -0.00422102882542 
1.27353960092 0.526329867528 0.350886578352 -0.00434568722467 
1.26734589752 0.53094495019 0.353963300127 -0.00260250093719 
1.25611533905 0.539284920163 0.359523280109 -0.00201464505738 
1.22634022716 0.535495599715 0.356997066477 -0.00358481632557 
1.21079465729 0.581251308232 0.387500872155 -0.00105589801697 
1.15484597619 0.600902832817 0.400601888545 0.00180051705399 
1.14444448325 0.653882489311 0.43592165954 0.00481394476771 
1.14316449444 0.730554156896 0.487036104597 0.00817828122554 
1.14546104273 0.781361836874 0.520907891249 0.0112924987275 
1.15440800705 0.81328185914 0.542187906093 0.0143343420666 
1.14691252044 0.832523736591 0.555015824394 0.0140272043272 
1.18474373606 0.852902737066 0.568601824711 0.0166416862242 
1.18113107426 0.861482103278 0.574321402185 0.0170929199955 
1.16189634034 0.861308879389 0.574205919593 0.0150986235348 
1.16064617756 0.864429791207 0.576286527471 0.015797482435 
1.16112424732 0.864408951686 0.576272634457 0.0129681467107 
1.18170150173 0.868450017209 0.578966678139 0.0138899400308 
1.18204340884 0.866813858703 0.577875905802 0.0143097541029 
1.18158797283 0.867166254223 0.578110836149 0.0156110329017 
1.18158797283 0.867166254223 0.578110836149 0.0156110329017 
1.18162596914 0.865973289442 0.577315526295 0.0169651802431 
1.17903031697 0.871536583549 0.581024389033 0.0190845583404 
1.17682913366 0.879151744847 0.586101163232 0.0195491370618 
1.20885759374 0.901891364785 0.601260909857 0.0261843171057 
1.21859741744 0.934079490849 0.622719660566 0.0334267600132 
1.26587447134 0.97604898706 0.650699324707 0.0482767221093 
1.28715328713 1.00925943573 0.672839623817 0.0616112997714 
1.31135370155 1.0321689335 0.688112622331 0.0734046847017 
1.32211796058 1.04985475797 0.699903171983 0.0830689668047 
1.34306008575 1.05819644801 0.705464298672 0.0914432807091 
1.35276615071 1.06369671445 0.70913114297 0.0941988072182 
1.36444635132 1.06540598305 0.710270655367 0.0968484930573 
1.36740055454 1.0658399972 0.710559998135 0.0936339014138 
1.36814433021 1.06677131443 0.711180876289 0.0961144907501 
1.36822286435 1.06747900268 0.711652668451 0.0959150547616 
1.36891657885 1.06602630854 0.710684205691 0.09362230665 
1.36688464705 1.06626030709 0.710840204727 0.0953120892843 
1.35491624591 1.06582155219 0.710547701457 0.0906669217265 
1.35503471893 1.06405270695 0.7093684713 0.0906016913638 
1.35536758118 1.06294949978 0.708632999856 0.0899514927821 
1.35772519708 1.05980084874 0.706533899162 0.0880316234112 
1.3577941113 1.05835257528 0.70556838352 0.0879752141833 
1.35980026633 1.05539321489 0.703595476595 0.0858918013422 
1.36027088803 1.05334037493 0.702226916623 0.085173875431 
1.36067307735 1.05187768983 0.701251793221 0.0846376819996 
1.36056620312 1.05386462888 0.702576419253 0.0850722258918 
1.35996646865 1.05411514734 0.702743431557 0.0857402031279 
1.35957757236 1.05251509728 0.701676731521 0.0870403322561 
1.35486524284 1.05016318876 0.70010879251 0.0995247135469 
1.31502073237 1.05063129995 0.700420866631 0.117338531246 
1.29386703606 1.04364329071 0.695762193808 0.134937272603 
1.26989020487 1.03410492138 0.689403280917 0.151329741906 
1.23867814801 1.02736457014 0.684909713424 0.161990370116 
1.23502821021 1.0182960841 0.678864056068 0.174475808783 
1.23097683015 1.00989148289 0.673260988593 0.184966472708 
1.20586008732 1.00491995315 0.669946635435 0.185816496412 
1.20488039261 0.998033149554 0.665355433036 0.190160312109 
1.20592906212 0.990652839682 0.660435226455 0.191027364861 
1.20678156995 0.987688882508 0.658459255005 0.192522951339 
1.20771324698 0.982570298926 0.655046865951 0.192047382048 
1.20591388672 0.981088984865 0.654059323244 0.196412875076 
1.20653311177 0.976907305448 0.651271536966 0.194194753983 
1.20830766407 0.972886936322 0.648591290881 0.194924542972 
1.20746364798 0.975021610671 0.650014407114 0.197428138797 
1.20787043915 0.970848888851 0.647232592567 0.195275155064 
1.20702768841 0.969834219768 0.646556146512 0.197850734923 
1.20724479058 0.968403521185 0.645602347457 0.195535132222 
1.2090120946 0.971950133361 0.647966755574 0.187345206663 
1.23492868233 0.978650194789 0.652433463193 0.181172026143 
1.24139119506 0.990173139484 0.660115426322 0.158220036981 
1.26332573215 1.00165682073 0.667771213822 0.138686800983 
1.28912429616 1.00875505153 0.672503367686 0.118306073058 
1.31848813325 1.01499312113 0.676662080755 0.105529487208 
1.33420001662 1.02000743276 0.680004955173 0.0954417234702 
1.33691764434 1.02323135789 0.682154238596 0.0871585460964 
1.33911471339 1.02623138622 0.68415425748 0.0828775977861 
1.34026613808 1.02864342695 0.685762284636 0.0793055464218 
1.34000704783 1.03156220834 0.687708138897 0.0761507645636 
1.34173760658 1.03184099358 0.68789399572 0.0722231022987 
1.35027600894 1.03243483695 0.688289891301 0.073278621534 
1.35002589827 1.03369155402 0.689127702678 0.0737094073929 
1.35165848998 1.03256429477 0.688376196511 0.0713298392938 
1.35200017982 1.03224307391 0.688162049272 0.0705370367855 
1.35410507839 1.03240870277 0.688272468512 0.0679084862638 
1.35352966462 1.03312943512 0.688752956748 0.0706202235919 
1.35608419216 1.0314968271 0.6876645514 0.0674569341271 
1.35630501159 1.0326261842 0.688417456133 0.0706333851063 
1.36480464463 1.03223579489 0.688157196596 0.0726585337134 
1.36333010573 1.03366614599 0.689110763997 0.0750146722028 
1.36322649394 1.03286058235 0.688573721569 0.0761116972012 
1.36059011527 1.03329472044 0.68886314696 0.0853335833039 
1.35616940584 1.0337674742 0.689178316131 0.098211219766 
1.33509728756 1.03318411563 0.688789410422 0.114685981197 
1.31658542365 1.03205621787 0.688037478583 0.129926711538 
1.31027841649 1.02987563539 0.686583756927 0.146431300358 
1.28405678077 1.02748617245 0.684990781634 0.155450193238 
1.27839740367 1.02456515397 0.683043435983 0.168338471984 
1.25070745998 1.02157419987 0.681049466583 0.172293024966 
1.24828124216 1.01614347251 0.677428981674 0.179767642756 
1.24704141753 1.01088241099 0.673921607329 0.184096268766 
1.26337368538 1.00407549462 0.669383663081 0.187926318805 
1.26159090636 1.00158177423 0.667721182822 0.19114992808 
1.23416888375 1.00183119395 0.667887462632 0.187784693027 
1.23422342086 1.00063001877 0.667086679181 0.187398076722 
1.23379833324 0.999683680389 0.666455786926 0.189056015363 
1.23405052144 0.999130437265 0.666086958177 0.188662531684 
1.2328359475 1.00000211704 0.66666807803 0.192826952358 
1.23349063947 0.997019870202 0.664679913468 0.190498122508 
1.23349063947 0.997019870202 0.664679913468 0.190498122508 
1.23349063947 0.997019870202 0.664679913468 0.190498122508 
1.23240198503 0.997268161509 0.664845441006 0.194169879749 
1.23259893994 0.994991841511 0.663327894341 0.192758015289 
1.23259893994 0.994991841511 0.663327894341 0.192758015289 
1.23186314 0.995250200519 0.663500133679 0.194114341791 
1.23226215137 0.992543122224 0.661695414816 0.192298886677 
1.23214739523 0.99078083329 0.660520555527 0.19218325317 
1.23206479402 0.988964500162 0.659309666775 0.19118384826 
1.21473755517 0.98559245779 0.657061638526 0.185864236206 
1.21473755517 0.98559245779 0.657061638526 0.185864236206 
1.21529274265 0.985729723313 0.657153148875 0.181616425457 
1.21627850472 0.988085000142 0.658723333428 0.175602465379 
1.21778794354 0.995495210837 0.663663473891 0.167503418264 
1.22145430196 1.00855616301 0.672370775337 0.149533547138 
1.22663663679 1.01620380935 0.677469206232 0.130867917818 
1.24939028399 1.02169463079 0.681129753859 0.118001427135 
1.25352739899 1.02659913377 0.68439942251 0.103702290884 
1.2736284423 1.03058834755 0.687058898367 0.0967086283805 
1.27400872001 1.03594391575 0.690629277168 0.0917078310814 
1.27662263188 1.03647350462 0.690982336416 0.0856692092899 
1.27626863184 1.0417788501 0.694519233398 0.0867335217683 
1.27641717585 1.04291884333 0.695279228889 0.0863537542523 
1.27689958593 1.04630136403 0.697534242685 0.0854056445628 
1.2782323412 1.04629892797 0.697532618648 0.0838253577945 
1.28655421943 1.04621426474 0.697476176491 0.0872234786912 
1.28682583279 1.04362212001 0.695748080008 0.0868476387329 
1.26026056427 1.04413667254 0.696091115029 0.0846351460227 
1.26035199921 1.04086060991 0.693907073275 0.08403142033 
1.22491641164 1.04145980342 0.69430653561 0.0827189407331 
1.17364945457 1.04220286903 0.694801912684 0.0772164428813 
1.14370089665 1.03958455672 0.693056371147 0.0776327096579 
1.07691405389 1.03737096354 0.691580642361 0.0728724094646 
1.00592846551 1.03218186526 0.688121243505 0.0659388764555 
0.269867238413 0.826431664575 0.55095444305 0.0480826364535 
0.342946946333 0.913030504815 0.60868700321 0.0498830520198 
0.407669124656 0.969491404283 0.646327602855 0.055967480989 
0.457346945753 1.01002082489 0.673347216595 0.0651127627864 
0.483704570742 1.04876798904 0.699178659359 0.0800237382849 
0.47945116864 1.07533136972 0.716887579815 0.0922442792516 
0.475469929494 1.10526566947 0.736843779647 0.111310398405 
0.469578942515 1.14113963228 0.760759754854 0.131665855804 
0.425166772334 1.17192619717 0.781284131446 0.148370772405 
0.353370389363 1.233349026 0.822232683999 0.163492754591 
0.262342301221 1.30255025929 0.868366839528 0.162890981547 
0.179384213091 1.35954778134 0.906365187557 0.14713193531 
0.0995770004912 1.40409266225 0.936061774834 0.123150943314 
3.69389628989e-18 1.4488231636 0.965882109066 0.087103016303 
-6.28571602667e-22 1.48325973865 0.988839825764 0.0642870897079 
1.35249509959e-21 1.51054614264 1.00703076176 0.0433202657777 
1.92648262261e-21 1.53576170761 1.02384113841 0.0220189000387 
-6.06328068524e-22 1.55824931317 1.03883287545 0.00438178983579 
6.82826932458e-22 1.58770881313 1.05847254209 -0.0160555881147 
0.00295014262021 1.61010828459 1.07340552306 -0.0327561933378 
0.633981507787 1.5820799889 1.0547199926 0.182411392931 
0.664128790143 1.5972079689 1.0648053126 0.164020910856 
0.679377688444 1.61368463579 1.07578975719 0.124350305202 
0.704292066485 1.62306702424 1.08204468283 0.109694944285 
0.714529693249 1.63028572505 1.08685715003 0.0684264296638 
0.725841974335 1.63655859711 1.09103906474 0.0455096588431 
0.725950868308 1.63675708947 1.09117139298 0.045590644317 
0.715807457563 1.62538580634 1.08359053756 0.0916970567548 
0.691192550072 1.60429677788 1.06953118526 0.140636400963 
0.652074320003 1.5793431016 1.05289540107 0.166917906082 
0.616307539162 1.54324021132 1.02882680755 0.190799287871 
0.467308671166 1.52560583617 1.01707055745 0.116460416426 
5.48727807691e-16 1.51277866969 1.00851911312 -0.00537508852426 
7.1844893519e-22 1.46225875896 0.974839172642 0.0253414833173 
0.149850121093 1.40311585806 0.93541057204 0.0906640278999 
0.270656257626 1.3347185298 0.889812353198 0.15023838571 
0.352909998843 1.26960035273 0.846400235151 0.188676916891 
0.427284285298 1.19531831379 0.796878875861 0.206749222937 
0.490594112645 1.12609299026 0.750728660171 0.207657831831 
0.547594281884 1.06752871559 0.711685810396 0.191799688823 
0.618956298977 1.00849903415 0.672332689434 0.152147384739 
0.669435762853 0.958242190188 0.638828126792 0.122173801796 
0.680739402563 0.907164446054 0.604776297369 0.0872247328571 
0.707271179605 0.85186231024 0.567908206827 0.0666599534179 
0.730504554856 0.811855442702 0.541236961801 0.0446905002416 
0.756178910594 0.77012516755 0.513416778367 0.024502340816 
0.77452604422 0.742625683647 0.495083789098 0.0102174452027 
0.784361754136 0.727387729489 0.484925152993 -0.000491981371777 
0.794018079325 0.712137588421 0.474758392281 -0.0108166593299 
0.753490723805 0.663283263689 0.442188842459 -0.0179919011838 
0.7572296835 0.658758213253 0.439172142169 -0.0219439565728 
0.673601870922 0.556090650674 0.370727100449 -0.03221178172 
0.630372838392 0.479020649394 0.319347099596 -0.040994322847 
0.620606731045 0.483573101469 0.322382067646 -0.0391448776678 
0.593683785996 0.432391920697 0.288261280465 -0.0442493025945 
0.591362645941 0.433112753034 0.288741835356 -0.0442182669233 
0.566627203354 0.368072868965 0.245381912643 -0.0503260566391 
0.561246202014 0.369640363689 0.246426909126 -0.0506003017249 
0.566388436537 0.43362933332 0.289086222213 -0.0421974134215 
0.574194317668 0.430011621718 0.286674414479 -0.0416381496346 
0.539166821346 0.273862642417 0.182575094945 -0.0597081496784 
0.556772167839 0.387944084099 0.258629389399 -0.0405694460021 
0.538706127099 0.286137926373 0.190758617582 -0.0536949289155 
0.552282267765 0.388072278579 0.258714852386 -0.0389915644606 
0.54709462295 0.389701948925 0.259801299283 -0.0371358276171 
0.547065130438 0.389404635229 0.259603090153 -0.0403873729549 
0.525451109843 0.30507685854 0.20338457236 -0.0530056836073 
0.535723403355 0.363253929812 0.242169286541 -0.0433357939228 
0.556490282311 0.446829584309 0.29788638954 -0.0315774285869 
0.554537761393 0.448015274504 0.298676849669 -0.0317458358552 
0.593726948733 0.536104808788 0.357403205858 -0.0221392074501 
0.625909319226 0.576521727343 0.384347818228 -0.0177936340812 
0.665314829033 0.629619875523 0.419746583682 -0.0134109068203 
0.669241299313 0.628446110878 0.418964073918 -0.0113838472537 
0.735293137312 0.707663512327 0.471775674885 -0.00512510917899 
0.741342226426 0.702506814477 0.468337876318 -0.00137804916393 
0.779313575346 0.731774629794 0.487849753196 0.00748272715454 
0.778857848268 0.732179500509 0.488119667006 0.0100310889968 
0.770415067192 0.745417064608 0.496944709739 0.024689967623 
0.765104659698 0.754777115044 0.503184743363 0.0416613194039 
0.756864115585 0.77525095421 0.516833969473 0.0515582832492 
0.737573320235 0.818647464681 0.545764976454 0.0765532096166 
0.726433190773 0.848337813724 0.565558542482 0.107345091473 
0.707011042453 0.896656952518 0.597771301679 0.130890851517 
0.69509198109 0.937871329058 0.625247552705 0.161568013433 
0.625118478853 0.969044771292 0.646029847528 0.191110334859 
0.619830496332 1.0040645247 0.669376349801 0.214149829426 
0.560247140376 1.03130252227 0.687535014847 0.231151795233 
0.55833158749 1.05555706148 0.703704707657 0.24589099105 
0.556215319059 1.07632203326 0.717548022173 0.256977372332 
0.513402899791 1.10275530323 0.735170202154 0.249022700221 
0.512324204293 1.11951166404 0.746341109357 0.258302446409 
0.511145174645 1.13388175447 0.755921169649 0.265446005955 
0.461096597939 1.15218844197 0.768125627982 0.261109057776 
0.461087133843 1.15621561826 0.77081041217 0.262217447163 
0.460919042032 1.16764771774 0.778431811824 0.266354432844 
0.456639729815 1.18421392525 0.789475950168 0.245006196651 
0.456189847757 1.19121914098 0.794146093985 0.247679802305 
0.444627650883 1.20376915903 0.802512772687 0.235142641211 
0.444152412987 1.21040684713 0.806937898088 0.237771640864 
0.443547372966 1.21721906376 0.811479375837 0.240511727517 
0.426648862766 1.22533467138 0.816889780919 0.224765777829 
0.426184822317 1.22949504486 0.819663363243 0.226771553484 
0.425634933603 1.22841849141 0.818945660938 0.226338617223 
0.425213855476 1.23102046913 0.820680312754 0.226934291899 
0.425213855476 1.23102046913 0.820680312754 0.226934291899 
0.418519581048 1.23882081344 0.82588054229 0.212942596749 
0.418519581048 1.23882081344 0.82588054229 0.212942596749 
0.418090346687 1.24119739179 0.827464927863 0.213498558106 
0.417527977372 1.24265656769 0.828437711796 0.213493404249 
0.416938180686 1.2416367488 0.827757832536 0.212603104482 
0.40866043681 1.24479833911 0.82986555941 0.202320139659 
0.40866043681 1.24479833911 0.82986555941 0.202320139659 
0.40866043681 1.24479833911 0.82986555941 0.202320139659 
0.40866043681 1.24479833911 0.82986555941 0.202320139659 
0.404235693308 1.23876838262 0.825845588412 0.210563359771 
0.40407513591 1.23712950928 0.824753006187 0.21004206404 
0.403900610489 1.23283109284 0.821887395228 0.209097903651 
0.404080904183 1.22368948257 0.815792988377 0.218969905014 
0.408245501508 1.20929589507 0.806197263381 0.228726718723 
0.419644740202 1.18143171396 0.78762114264 0.242119360879 
0.438555981185 1.1411753717 0.760783581133 0.257748426542 
0.463637290209 1.09272185758 0.728481238386 0.269286475748 
0.496358397622 1.03281936225 0.688546241503 0.269800405971 
0.539784221049 0.956851667588 0.637901111725 0.257294061859 
0.656804780402 0.919924910403 0.613283273602 0.185889091821 
0.682800642769 0.863476468125 0.57565097875 0.154997282698 
0.740032340072 0.835541857417 0.557027904945 0.106894433786 
0.750081370623 0.811501798375 0.541001198917 0.0849082892751 
0.753216355163 0.802918616066 0.535279077377 0.0644874922903 
0.750888906813 0.805509262724 0.537006175149 0.0434388211481 
0.74382868243 0.81591258147 0.54394172098 0.0293941921987 
0.617755657645 0.759966747869 0.506644498579 0.015106527961 
0.403472922319 0.574948825038 0.383299216692 0.0025686117255 
0.274796891929 0.42073515856 0.280490105707 -0.0100847380558 
0.198966302104 0.320790335691 0.213860223794 -0.0619146168413 
0.154855673605 0.279206757957 0.186137838638 -0.107191520608 
0.115650212714 0.295185294289 0.196790196193 -0.0997208030384 
0.0493035531325 -3.47303757316e-17 -2.31535838211e-17 0.0399257616669 
0.0240998613553 -8.95824406385e-22 -5.97216270923e-22 0.0481295462737 
-1.08420217249e-18 2.73320926523e-21 1.82213951015e-21 0.0515743852317 
5.36603125528e-21 2.9385513931e-21 1.95903426207e-21 0.0591970575727 
7.94637292743e-21 3.73258696586e-22 2.48839131057e-22 0.0634933661573 
7.94637292743e-21 3.73258696586e-22 2.48839131057e-22 0.0634933661573 
7.94637292743e-21 3.73258696586e-22 2.48839131057e-22 0.0634933661573 
-3.6346575923e-21 8.73433310226e-24 5.82288873484e-24 0.0688070796985 
-3.6346575923e-21 8.73433310226e-24 5.82288873484e-24 0.0688070796985 
-3.6346575923e-21 8.73433310226e-24 5.82288873484e-24 0.0688070796985 
-3.6346575923e-21 8.73433310226e-24 5.82288873484e-24 0.0688070796985 
-3.6346575923e-21 8.73433310226e-24 5.82288873484e-24 0.0688070796985 
-3.6346575923e-21 8.73433310226e-24 5.82288873484e-24 0.0688070796985 
-3.6346575923e-21 8.73433310226e-24 5.82288873484e-24 0.0688070796985 
-3.6346575923e-21 8.73433310226e-24 5.82288873484e-24 0.0688070796985 
-3.6346575923e-21 8.73433310226e-24 5.82288873484e-24 0.0688070796985 
-3.6346575923e-21 8.73433310226e-24 5.82288873484e-24 0.0688070796985 
2.34459559802e-21 4.35042757656e-21 2.90028505104e-21 0.0648664511002 
2.34459559802e-21 4.35042757656e-21 2.90028505104e-21 0.0648664511002 
2.34459559802e-21 4.35042757656e-21 2.90028505104e-21 0.0648664511002 
2.34459559802e-21 4.35042757656e-21 2.90028505104e-21 0.0648664511002 
0.00065745423621 8.86380050511e-22 5.90920033674e-22 0.0588524818007 
0.00347877977237 1.02168571738e-22 6.81123811587e-23 0.0582799767517 
0.0108995947174 1.35541901344e-21 9.03612675625e-22 0.0582844932434 
0.00676220064883 -3.01737555026e-21 -2.01158370017e-21 0.0584458687579 
0.0105302178343 -1.2857906428e-21 -8.57193761866e-22 0.0585300729054 
0.0152303931096 1.72252259405e-21 1.14834839603e-21 0.0583229620697 
0.0270947757814 3.89087995535e-22 2.59391997023e-22 0.0566792202157 
0.0566015448525 2.96314819866e-21 1.97543213244e-21 0.0633958132327 
0.0850458791259 -5.36962964853e-22 -3.57975309902e-22 0.0597292722009 
0.126387996069 5.78978998458e-22 3.85985998972e-22 0.0691672762611 
0.170347282095 1.38071141305e-21 9.20474275366e-22 0.0797087931269 
0.221235531214 8.11928196392e-22 5.41285464261e-22 0.106213275745 
0.282750829843 8.50070650449e-22 5.66713766966e-22 0.101562550224 
0.348265728625 -1.88626639315e-21 -1.25751092876e-21 0.0989189179737 
0.466592226111 1.09476696655e-21 7.29844644364e-22 -0.265126547712 
0.549276535309 3.41371349884e-21 2.27580899923e-21 -0.130409097041 
0.667829948601 4.5844334558e-23 3.05628897054e-23 -0.0495599390098 
0.786797216865 4.26663740774e-22 2.84442493849e-22 -0.0223804613216 
0.91692029782 1.198566224e-23 7.99044149332e-24 -0.00542988520884 
1.04825432244 1.07843430249e-22 7.18956201662e-23 0.0048788138371 
1.16173623687 -4.57612617941e-22 -3.05075078628e-22 0.00371652822275 
1.25025020947 -1.03929292201e-22 -6.92861948009e-23 0.0090015400491 
1.32595116317 1.97825305863e-22 1.31883537242e-22 0.00679338636862 
1.38486709539 4.1152290326e-23 2.74348602173e-23 0.00647365077858 
1.42503159203 6.96848402534e-22 4.64565601689e-22 0.00487199904803 
1.45771904785 6.92460650949e-22 4.61640433966e-22 0.00647647558603 
1.46456719488 -9.46017592952e-23 -6.30678395302e-23 0.0097295826 
1.47183615675 -6.52897625493e-22 -4.35265083662e-22 0.0109844747816 
1.48125049135 1.29148530239e-21 8.60990201594e-22 0.0111574303993 
1.48411799192 3.51445938131e-22 2.34297292088e-22 0.00923949254454 
1.48532225647 -1.03332017727e-21 -6.88880118179e-22 0.00941548985201 
1.48897787693 -7.12367795113e-22 -4.74911863408e-22 0.006461768073 
1.48848754351 6.2528648227e-22 4.16857654847e-22 0.00738715569452 
1.49288355766 -1.72482987966e-21 -1.14988658644e-21 0.0073567921412 
1.48730601586 1.40152881817e-22 9.34352545445e-23 0.00835050138333 
1.48730601586 1.40152881817e-22 9.34352545445e-23 0.00835050138333 
1.47394490575 1.51956822064e-21 1.01304548043e-21 0.0109195665257 
1.46606310751 -7.77832619736e-22 -5.18555079824e-22 0.0139510917249 
1.46940764117 2.87926655436e-22 1.91951103624e-22 0.014643689951 
1.46273166083 1.31102970786e-21 8.74019805243e-22 0.0160683005538 
1.45540479398 -7.45379778945e-22 -4.9691985263e-22 0.0113405142784 
1.45314357751 -2.04206636724e-22 -1.36137757816e-22 0.0117009505435 
1.45795123276 9.67534035923e-22 6.45022690616e-22 0.00852839521524 
1.45856723479 7.19967952776e-22 4.79978635184e-22 0.00688690195383 
1.44649583044 -9.56877838614e-22 -6.37918559076e-22 0.0101035584188 
1.44564532035 -1.58240598169e-22 -1.05493732113e-22 0.0106908228236 
1.43793046787 8.78915026009e-22 5.85943350673e-22 0.0122982700566 
1.4300114785 1.33790335198e-21 8.91935567988e-22 0.014458070546 
1.42577402448 -9.94758632644e-22 -6.63172421763e-22 0.0134158189982 
1.41230853618 -2.10234135902e-22 -1.40156090602e-22 0.0189548599 
1.39194274382 9.08841718126e-22 6.05894478751e-22 0.0181026997294 
1.35478851011 6.42646859963e-23 4.28431239975e-23 0.0148277256606 
1.30382608826 2.60208521397e-18 1.73472347598e-18 0.0110099246831 
1.23208816339 1.78962401313e-18 1.19308267542e-18 0.0102934380542 
1.12584937661 1.43634448648e-17 9.57562990986e-18 0.00926135272466 
1.00500832608 0.02513017963 0.0167534530867 0.0157476306818 
0.874048804901 0.0570822901021 0.0380548600681 0.0166044154599 
0.830812263597 0.452897618618 0.301931745745 0.00793913388863 
0.543204098051 0.0776913536987 0.0517942357991 0.00589412497544 
0.381342943047 0.0333332886215 0.0222221924143 -0.0680349430159 
0.245065184549 5.77299786608e-19 3.84866524405e-19 0.00720447887559 
0.16177705296 -2.56033399419e-18 -1.70688932946e-18 0.0131989275945 
0.102542827089 -3.17604627276e-18 -2.11736418184e-18 0.0224777897934 
0.0602624739217 -7.27460865655e-19 -4.84973910437e-19 0.0220687026608 
0.0380364827756 -1.6796686242e-21 -1.1197790828e-21 0.0242563868344 
0.0315024708707 -5.70116649729e-22 -3.80077766486e-22 0.0293622465476 
0.0246893710064 -1.18284962839e-21 -7.88566418928e-22 0.0306846854297 
0.0216560109708 7.57040112073e-22 5.04693408049e-22 0.0334409534073 
0.0222547468505 2.09752846427e-21 1.39835230951e-21 0.0305920275885 
0.039404833067 1.61802272373e-21 1.07868181582e-21 0.0307856283202 
0.0622052246725 0.0322855410273 0.0215236940182 0.0311226831057 
0.0943070236585 0.133837281911 0.089224854607 0.0433098070811 
0.114843537147 0.22561794845 0.150411965634 0.0791816283017 
