0.0 0.0 0.0 0.0 
5.1224134525e-19 0.524616645287 0.349744430191 -0.523598775598 
5.1224134525e-19 0.524616645287 0.349744430191 -0.523598775598 
5.1224134525e-19 0.524616645287 0.349744430191 -0.523598775598 
5.1224134525e-19 0.524616645287 0.349744430191 -0.523598775598 
5.1224134525e-19 0.524616645287 0.349744430191 -0.523598775598 
5.1224134525e-19 0.524616645287 0.349744430191 -0.523598775598 
5.1224134525e-19 0.524616645287 0.349744430191 -0.523598775598 
5.1224134525e-19 0.524616645287 0.349744430191 -0.523598775598 
-1.22520675814e-20 0.53558734398 0.35705822932 -0.523598775598 
-1.22520675814e-20 0.53558734398 0.35705822932 -0.523598775598 
-1.22520675814e-20 0.53558734398 0.35705822932 -0.523598775598 
-3.92907205177e-21 0.527278880176 0.351519253451 -0.523598775598 
-4.22303801775e-21 0.535285060235 0.356856706823 -0.523598775598 
-4.22303801775e-21 0.535285060235 0.356856706823 -0.523598775598 
1.49892000875e-20 0.529306175166 0.352870783444 -0.523598775598 
1.49892000875e-20 0.529306175166 0.352870783444 -0.523598775598 
1.49892000875e-20 0.529306175166 0.352870783444 -0.523598775598 
1.49892000875e-20 0.529306175166 0.352870783444 -0.523598775598 
1.49892000875e-20 0.529306175166 0.352870783444 -0.523598775598 
1.49892000875e-20 0.529306175166 0.352870783444 -0.523598775598 
2.31197235885e-21 0.516875544508 0.344583696339 -0.523598775598 
-6.22243663946e-21 0.51376290432 0.34250860288 -0.523598775598 
-5.95468993287e-21 0.517472575225 0.344981716817 -0.523598775598 
-1.55039883458e-21 0.52271090119 0.348473934127 -0.523598775598 
-1.55039883458e-21 0.52271090119 0.348473934127 -0.523598775598 
3.81779770676e-21 0.528342804979 0.352228536653 -0.523598775598 
-8.32113003011e-21 0.525103755906 0.350069170604 -0.523598775598 
1.90698389151e-21 0.521931285736 0.347954190491 -0.523598775598 
7.31021290043e-21 0.533046963841 0.355364642561 -0.523598775598 
7.31021290043e-21 0.533046963841 0.355364642561 -0.523598775598 
3.82196981575e-21 0.524884551854 0.34992303457 -0.523598775598 
1.4141713589e-20 0.530010897362 0.353340598241 -0.523598775598 
1.81615536915e-20 0.527275207789 0.351516805192 -0.523598775598 
-1.2762041478e-20 0.529769844249 0.353179896166 -0.523598775598 
-1.18323589501e-21 0.535154402973 0.356769601982 -0.523598775598 
-6.32823619156e-21 0.539719939976 0.359813293317 -0.523598775598 
-6.32823619156e-21 0.539719939976 0.359813293317 -0.523598775598 
-5.51979788567e-21 0.530980188882 0.353986792588 -0.523598775598 
-5.51979788567e-21 0.530980188882 0.353986792588 -0.523598775598 
-5.51979788567e-21 0.530980188882 0.353986792588 -0.523598775598 
-5.51979788567e-21 0.530980188882 0.353986792588 -0.523598775598 
-5.51979788567e-21 0.530980188882 0.353986792588 -0.523598775598 
-9.42822390386e-23 0.522494551284 0.348329700856 -0.523598775598 
-6.02017136162e-22 0.508063709989 0.338709139992 -0.523598775598 
0.011890804373 0.481791180178 0.321194120119 -0.523598775598 
0.043368774164 0.437124455701 0.291416303801 -0.523598775598 
0.066433253714 0.403995083893 0.269330055929 -0.523598775598 
0.109102467101 0.345690368715 0.23046024581 -0.523598775598 
0.150462745853 0.287743254881 0.191828836587 -0.523598775598 
0.217978640934 0.203011728397 0.135341152265 -0.523598775598 
0.276937763787 0.12515892188 0.0834392812533 -0.523598775598 
0.338332840407 0.0392280975345 0.026152065023 -0.523598775598 
0.400948906224 -1.93801326069e-18 -1.29200884046e-18 -0.503817770177 
0.515554967022 -1.69406589451e-21 -1.12937726301e-21 0.367247666937 
0.584161719705 3.14914364124e-06 2.09942909416e-06 0.211940534374 
0.804320771919 0.507145787259 0.338097191506 0.0365339642393 
0.873931040003 0.462380520302 0.308253680202 0.0367155733667 
0.856817730121 0.164142726278 0.109428484185 0.0508250976009 
0.926799735189 0.145965333265 0.0973102221768 0.0454657408522 
0.984687160574 2.09420700355e-17 1.39613800237e-17 0.047111891239 
1.06225974997 1.76463994411e-22 1.17642662941e-22 0.0442316901381 
1.1568686545 -1.95688891469e-22 -1.30459260979e-22 0.0325773748947 
1.2475071776 2.86789413922e-22 1.91192942615e-22 0.0277066256844 
1.30007966269 1.24823744814e-21 8.32158298762e-22 0.0284224680371 
1.35330056247 -1.15616430429e-21 -7.7077620286e-22 0.0257645807747 
1.37950949236 1.22092723743e-21 8.13951491618e-22 0.0284860805597 
1.42287274537 5.1981662061e-22 3.4654441374e-22 0.0242061788068 
1.44698004413 3.31825142179e-22 2.21216761453e-22 0.0237891314078 
1.45401338272 -3.4331501531e-22 -2.28876676873e-22 0.0243931305508 
1.46715610516 -1.29746812223e-21 -8.64978748156e-22 0.0228326204441 
1.47773739373 6.35161412988e-22 4.23440941992e-22 0.0209433056637 
1.49039271331 7.78520792668e-22 5.19013861779e-22 0.0184800591087 
1.48868638841 1.03024823092e-21 6.86832153946e-22 0.0192643180874 
1.49911232753 -3.64101751629e-22 -2.42734501086e-22 0.0168308832182 
1.48701098547 -5.73455016205e-22 -3.82303344136e-22 0.0199104775184 
1.49288090639 2.68706770022e-23 1.79137846681e-23 0.0192385479037 
1.4787964899 -5.99562567228e-22 -3.99708378152e-22 0.0215404654571 
1.47409413327 9.14149469936e-22 6.09432979957e-22 0.0223932490404 
1.47498867555 -2.46178547074e-22 -1.64119031383e-22 0.0214451740201 
1.47778775705 -4.46124111361e-22 -2.97416074241e-22 0.0204527339262 
1.48361525261 8.33856625921e-22 5.55904417281e-22 0.0193956056444 
1.48875158447 -1.32577878044e-22 -8.83852520296e-23 0.0190568967271 
1.48530815439 -1.34101022675e-22 -8.94006817832e-23 0.0186183802017 
1.4825774736 6.59578410973e-22 4.39718940649e-22 0.0178836818586 
1.47846257189 7.92768131237e-22 5.28512087491e-22 0.0191096831156 
1.48429311076 -3.06192851705e-22 -2.04128567803e-22 0.0177992053677 
1.48338037814 4.90430837766e-24 3.26953891844e-24 0.0186138218172 
1.48722462113 1.36452711579e-22 9.09684743861e-23 0.0163373583473 
1.48938127637 -5.93748237045e-22 -3.9583215803e-22 0.0152645292984 
1.48943727122 4.85386411673e-22 3.23590941115e-22 0.0143976705265 
1.48311043403 4.35595723703e-22 2.90397149135e-22 0.0151681561087 
1.47236695587 -4.60396245356e-22 -3.06930830237e-22 0.0173166485256 
1.46740273506 -8.58216787436e-22 -5.72144524957e-22 0.0183866079916 
1.46679569251 9.00407965604e-22 6.00271977069e-22 0.0163430280935 
1.46677138297 4.82526628301e-22 3.21684418867e-22 0.0151533158167 
1.45910441374 -1.23215278585e-22 -8.21435190568e-23 0.016101605122 
1.4482029214 1.39981034448e-21 9.33206896319e-22 0.0160455340491 
1.43848718857 6.98871608978e-22 4.65914405986e-22 0.0153324364031 
1.42314856943 1.20044926946e-21 8.00299512973e-22 0.0155128563469 
1.40433599511 -2.15516107304e-22 -1.43677404869e-22 0.0145829075533 
1.36875128969 -3.29600547793e-22 -2.19733698529e-22 0.0155443283604 
1.33306217585 -4.99731954442e-22 -3.33154636295e-22 0.0164564268254 
1.3027713499 4.71453081651e-22 3.14302054434e-22 0.0129484863805 
1.26014340639 1.51625938229e-21 1.0108395882e-21 0.013478977829 
1.2168904108 -2.02278930155e-18 -1.34852620103e-18 0.0139431634093 
1.16790378007 -2.59332923026e-18 -1.72888615351e-18 0.0124483895942 
1.09978775083 -2.0521699133e-18 -1.36811327553e-18 0.0144126327049 
1.05242087234 4.19882130957e-19 2.79921420638e-19 0.0102099016403 
0.995949586537 0.0116613956666 0.00777426377771 0.00840177865568 
0.929044287986 0.0262818359107 0.0175212239404 0.00415346937196 
0.857615622739 0.0423928624216 0.0282619082811 0.00301173062221 
0.837172413631 0.233112826005 0.15540855067 -0.00219495220821 
0.748365376754 0.2586326346 0.1724217564 -0.00411898056365 
0.681856364459 0.372747752445 0.24849850163 -0.00622974420754 
0.535589854133 0.1420256688 0.0946837792002 -0.0213987704808 
0.42911482975 0.0890426006519 0.0593617337679 -0.0654078661205 
0.346141944663 0.143855852181 0.0959039014543 -0.118572970653 
0.283631484293 0.172926233795 0.115284155864 -0.121918127983 
0.194094523754 -1.54072625771e-16 -1.02715083848e-16 0.0424201674963 
0.140257080704 0.00337995501807 0.00225330334538 0.0328857829729 
0.0955702225155 0.0649440774909 0.0432960516606 0.0259015061659 
0.0619127213681 0.0216417135222 0.0144278090148 0.0159812910071 
0.0299501705529 0.0769279843749 0.0512853229166 0.0109167819748 
0.0152024893783 0.0487323265011 0.0324882176674 0.00651124176658 
0.00370937786878 0.0446080960999 0.0297387307332 0.00367426937374 
0.00181630048222 -3.30500987007e-18 -2.20333991338e-18 0.00259904362311 
-1.7850214279e-18 0.0430334628426 0.0286889752284 0.000749266120746 
1.87738058119e-21 0.109903407393 0.0732689382622 -0.000250487927355 
-7.67310588403e-21 0.0549281688767 0.0366187792511 0.000549969091282 
6.56657798655e-21 1.68165237231e-20 1.12110158154e-20 -1.70248867544e-08 
-1.35618979651e-21 0.0519080432035 0.0346053621357 0.00115783599938 
0.00176280125814 0.0686484415324 0.0457656276883 0.000943299751965 
0.0118976228385 0.0187819947814 0.0125213298543 0.00663828403089 
0.0165992563923 0.0353473437794 0.0235648958529 0.00861977782263 
0.0142978056604 0.108687938222 0.0724586254812 0.0105039620157 
0.0161191087048 0.131645363083 0.0877635753884 0.0137774668377 
0.0198906177489 0.118887243522 0.0792581623477 0.0158096333337 
0.0210676590961 0.151800683867 0.101200455911 0.0159195190053 
0.0238052055396 0.143169963996 0.0954466426641 0.0167128560493 
0.0358849005173 0.118759856886 0.0791732379239 0.0189786512361 
0.0426693406951 0.175668100025 0.117112066683 0.0233920993085 
0.05316400846 0.200327339458 0.133551559639 0.027005569286 
0.0721994430182 0.237994382587 0.158662921725 0.0356646418881 
0.0978095205054 0.248073678875 0.165382452584 0.0386572270089 
0.125254055561 0.261462423013 0.174308282009 0.0620566478499 
0.169083959097 0.170304907306 0.113536604871 0.0470830480047 
0.217799143275 0.201588321939 0.134392214626 0.0904722115105 
0.272230451425 0.202776009664 0.135184006442 0.0948618884474 
0.390026546766 0.409280307657 0.272853538438 -0.00362985105583 
0.513123694745 0.430144167115 0.286762778076 -0.0010695709707 
0.792483779219 0.685399430354 0.456932953569 0.00402613081166 
0.858907878169 0.611271429794 0.407514286529 0.00455101894981 
0.821144968438 0.292608445638 0.195072297092 0.00598655234306 
0.911154837584 0.26238617727 0.17492411818 0.00913973024169 
0.93723561946 -1.56017679797e-18 -1.04011786532e-18 0.0163944143049 
1.04028325659 1.9423328084e-21 1.29488853893e-21 0.0118839489722 
1.12649840893 3.6363445394e-22 2.42422969293e-22 0.0109658900385 
1.19045800027 1.94298211577e-22 1.29532141051e-22 0.0131471632621 
1.25377006426 2.14907976648e-22 1.43271984432e-22 0.0148549694742 
1.30314340014 2.10846860785e-22 1.40564573856e-22 0.0155953109201 
1.34296883631 -4.24518326378e-22 -2.83012217586e-22 0.0160269280133 
1.37916261309 2.85585143236e-22 1.90390095491e-22 0.0157395076356 
1.41083631128 9.48046682389e-22 6.32031121593e-22 0.014580029253 
1.43309931827 -3.28461570002e-22 -2.18974380001e-22 0.013602493835 
1.44572225587 -5.68822239415e-23 -3.79214826277e-23 0.0146026554904 
1.46450991827 -9.56299516345e-22 -6.37533010897e-22 0.0140355017848 
1.4805868377 7.50146884065e-22 5.0009792271e-22 0.0128073307596 
1.4773786788 -4.70452685227e-23 -3.13635123485e-23 0.0156025232921 
1.4728899961 3.00640420235e-22 2.00426946823e-22 0.0175474462055 
1.48750603966 -1.96689864649e-22 -1.31126576433e-22 0.0142727460843 
1.49278782687 7.59014829573e-22 5.06009886382e-22 0.0131889899702 
1.48071462571 -2.41453488419e-22 -1.60968992279e-22 0.0154124196527 
1.47654211207 7.09754961028e-22 4.73169974019e-22 0.0161170087242 
1.47202168907 -1.05118898029e-21 -7.00792653528e-22 0.0160454213195 
1.46613670015 1.28308284273e-21 8.55388561818e-22 0.015660973514 
1.46493411092 5.70153566728e-22 3.80102377819e-22 0.01361891433 
1.46478167231 5.08360003906e-22 3.38906669271e-22 0.0122481299544 
1.46462333931 1.54738767422e-21 1.03159178281e-21 0.0109951491594 
1.49828089016 0.117761090161 0.0785073934406 0.0068850611139 
1.51315767735 0.167788739297 0.111859159532 0.00619390001158 
1.51228929859 0.174327099618 0.116218066412 0.00587801555212 
1.49614888769 0.135791358864 0.0905275725763 0.00685799402357 
1.47406905157 0.0792646802167 0.0528431201445 0.0083172507759 
1.48114095356 0.108738614962 0.0724924099744 0.00802889681184 
1.470932979 0.0782383998268 0.0521589332178 0.00913681273495 
1.47768599384 0.0973961121165 0.064930741411 0.0087671609345 
1.44872281929 -4.43036441542e-17 -2.95357627694e-17 0.0122835472605 
1.44599050123 -5.9800737905e-22 -3.98671586034e-22 0.0131903365174 
1.44460241388 8.54179832935e-22 5.69453221957e-22 0.0147660525477 
1.44436503345 6.42014240038e-22 4.28009493358e-22 0.0142626929695 
1.43543868759 3.04529560088e-22 2.03019706725e-22 0.0156882635765 
1.4381480832 4.96534377222e-22 3.31022918148e-22 0.0148770256668 
1.42396970794 -1.50292602419e-19 -1.00195068279e-19 0.0165725760867 
1.4179439411 -5.28167140322e-20 -3.52111426881e-20 0.0171973916611 
1.43406546567 0.0883000333202 0.0588666888801 0.015581825173 
1.42616956586 0.120149551737 0.0800997011582 0.0159616399026 
1.42171794705 0.178675880959 0.119117253973 0.0158943752271 
1.39531975698 0.183266514365 0.122177676243 0.0176744471576 
1.3616665876 0.186065847704 0.124043898469 0.0203074307885 
1.31463034241 0.172912111075 0.115274740717 0.0257115363017 
1.30601897041 0.238736363381 0.159157575588 0.0278057364433 
1.2634279055 0.211133596883 0.140755731255 0.0318276475208 
1.23086284638 0.222785521459 0.148523680973 0.0325659785173 
1.17518349185 0.185852711624 0.123901807749 0.0373797354193 
1.13756664346 0.213495873182 0.142330582122 0.0387178326836 
1.12896713526 0.3132452701 0.208830180067 0.0341068147498 
0.968334584704 1.98114285872e-17 1.32076190582e-17 0.0638317531485 
0.910823327918 0.0131880590304 0.0087920393536 0.0705099412836 
0.863349368 0.024718732331 0.0164791548874 0.0756673471382 
0.816590227866 0.0375439538725 0.0250293025817 0.0851932888687 
0.761910091192 0.0559811421834 0.0373207614556 0.101153652225 
0.807670625389 0.417815330225 0.278543553483 0.0546004280279 
0.748883053567 0.445531493252 0.297020995501 0.0596573366275 
0.800256767245 0.64054872312 0.42703248208 0.0493358122766 
0.756157641425 0.682615472764 0.455076981843 0.046855753782 
0.465575171452 0.127060829339 0.0847072195595 0.247701253792 
0.406863617324 0.164989313103 0.109992875402 0.275717770121 
0.32809578752 0.293829242685 0.19588616179 0.214579992961 
0.275043862674 0.326634385597 0.217756257065 0.231043304052 
0.232265863619 0.376933338537 0.251288892358 0.184918563747 
0.185356709624 0.433417795896 0.288945197264 0.208101554906 
0.161199736145 0.457629516583 0.305086344389 0.210872546852 
0.146640332024 0.451614471025 0.301076314017 0.187091407609 
0.136837147858 0.454603664658 0.303069109772 0.187301240544 
0.127299399778 0.483565180437 0.322376786958 0.185374552823 
0.116735892306 0.486792109365 0.32452807291 0.186148268808 
0.116735892306 0.486792109365 0.32452807291 0.186148268808 
0.112452980108 0.486994216409 0.32466281094 0.184351869116 
0.107627699848 0.510826260378 0.340550840252 0.186462178499 
0.101312625127 0.513378561597 0.342252374398 0.187140591276 
0.106932628957 0.512659212042 0.341772808028 0.1861240698 
0.10479715159 0.524522980639 0.349681987093 0.189616925533 
0.119749810386 0.485855478429 0.323903652286 0.167264806801 
0.116661423048 0.489459312106 0.326306208071 0.169161565639 
0.128328391758 0.487337105909 0.324891403939 0.168201715155 
0.131326067837 0.487176693944 0.324784462629 0.168662430947 
0.138219504228 0.485960302069 0.323973534712 0.168766595988 
0.14650926102 0.484055305349 0.3227035369 0.168766975708 
0.151089923781 0.483976639898 0.322651093266 0.170193419419 
0.151716512401 0.508616675051 0.339077783367 0.192673462793 
0.159432762675 0.507168321348 0.338112214232 0.192835743212 
0.179758971049 0.490317628103 0.326878418735 0.186556970599 
0.195350520394 0.487050289105 0.324700192737 0.186464351896 
0.206589913222 0.450576687316 0.300384458211 0.219967166766 
0.206329201904 0.473857632541 0.31590508836 0.238640362426 
0.21518044904 0.476340946297 0.317560630865 0.240986950605 
0.21518354183 0.48934459735 0.326229731566 0.251440673794 
0.214663416491 0.497482321323 0.331654880882 0.257522606426 
0.217727001041 0.496561733361 0.331041155574 0.256599756323 
0.226644270511 0.486282006061 0.324188004041 0.246469105408 
0.241405768155 0.468838562505 0.31255904167 0.229693530076 
0.236741616427 0.479916371295 0.31994424753 0.236690748526 
0.23141570261 0.493408908491 0.328939272327 0.245002884569 
0.242732076984 0.487926625604 0.32528441707 0.235221310753 
0.370288136936 0.720823668468 0.480549112312 0.0836935998287 
0.382209502277 0.655504348127 0.437002898751 0.0848681512512 
0.399489565137 0.495212983234 0.330141988823 0.0952085401031 
0.486527823861 0.535817113401 0.357211408934 0.0677681457719 
0.590734096006 0.560617081455 0.37374472097 0.0514597461618 
0.800600561611 0.627603990109 0.418402660073 0.041271161006 
0.876423086745 0.556738431022 0.371158954014 0.0427973699589 
0.848082885159 0.194252253491 0.129501502327 0.0627393469177 
0.926646793025 0.0139891051923 0.00932607012822 0.0699133880647 
1.06417898887 -4.13951138214e-19 -2.75967425476e-19 0.05425120782 
1.17436548255 3.29859657664e-22 2.19906438443e-22 0.0469938272395 
1.25475062245 2.8326787325e-22 1.88845248833e-22 0.0452099316766 
1.31283230323 3.10992606334e-22 2.07328404223e-22 0.044030689644 
1.38643075273 -3.28313166712e-22 -2.18875444474e-22 0.0366284027724 
1.42102973799 7.53596486087e-22 5.02397657391e-22 0.0377834532678 
1.45440746039 -1.20247858961e-21 -8.01652393074e-22 0.0351416048725 
1.47910855383 2.24881002317e-22 1.49920668211e-22 0.0325613339619 
1.50462664745 -2.72589723484e-22 -1.81726482323e-22 0.0289598890536 
1.51304122301 -9.5395630807e-22 -6.35970872047e-22 0.0276705337717 
1.52309212998 4.93752532203e-22 3.29168354802e-22 0.0261558597158 
1.52044155748 6.8082431122e-22 4.53882874146e-22 0.0270118802832 
1.52044155748 6.8082431122e-22 4.53882874146e-22 0.0270118802832 
1.52241643141 -4.58424022167e-22 -3.05616014778e-22 0.0252683768989 
1.51769484914 2.77464260412e-22 1.84976173608e-22 0.025683262647 
1.52454842132 1.79179601826e-22 1.19453067884e-22 0.0232271024374 
1.52437451592 -5.72738868913e-22 -3.81825912609e-22 0.0218739052919 
1.51687372965 -5.29681113941e-22 -3.53120742627e-22 0.0230572874824 
1.51903923652 -6.89750339847e-22 -4.59833559898e-22 0.020379905542 
1.51554494856 1.21329289798e-21 8.08861931985e-22 0.0206419679032 
1.50838806422 1.14705141317e-21 7.64700942115e-22 0.0214376279472 
1.51352261423 1.12690867376e-21 7.5127244917e-22 0.0193790465135 
1.51354490149 5.80452337713e-22 3.86968225142e-22 0.0188976345186 
1.51210325442 1.86830647232e-22 1.24553764821e-22 0.0182225168535 
1.51769706744 -5.34277005772e-22 -3.56184670515e-22 0.0161386159873 
1.5122605628 4.83334563033e-22 3.22223042022e-22 0.01677511944 
1.50626952591 -9.38619070293e-22 -6.25746046862e-22 0.0171440732683 
1.5041608916 -4.59613028806e-22 -3.06408685871e-22 0.017730867745 
1.50236811305 -3.78405869944e-22 -2.52270579962e-22 0.0195589141376 
1.49830377106 9.81738011521e-22 6.54492007681e-22 0.0200895471522 
1.50168896707 4.69590327855e-22 3.1306021857e-22 0.0186858146019 
1.49881669708 3.05227538805e-22 2.0348502587e-22 0.0189492800596 
1.48738265442 5.18796021222e-22 3.45864014148e-22 0.0210540940966 
1.48202846011 -5.544293808e-22 -3.696195872e-22 0.0220142854377 
1.48202846011 -5.544293808e-22 -3.696195872e-22 0.0220142854377 
1.47825627528 -8.07204555197e-22 -5.38136370131e-22 0.0224333265519 
1.48611613987 8.6041779662e-22 5.73611864413e-22 0.0187828336502 
1.47610830991 -7.15272447681e-23 -4.76848298454e-23 0.0223605780928 
1.47610830991 -7.15272447681e-23 -4.76848298454e-23 0.0223605780928 
1.4812998818 -4.59061687341e-22 -3.06041124894e-22 0.0204403576307 
1.49022918024 1.67863014555e-21 1.1190867637e-21 0.018585255864 
1.48485030131 3.38931153588e-22 2.25954102392e-22 0.0182880484409 
1.47323877292 -7.52559796686e-22 -5.01706531124e-22 0.0199342215405 
1.46708800982 1.68272323678e-22 1.12181549118e-22 0.020647918368 
1.45844133053 -2.5941960998e-22 -1.72946406653e-22 0.0209783548841 
1.43491560306 1.42404903868e-21 9.49366025789e-22 0.0227748577009 
1.42611734092 1.09454878049e-21 7.29699186995e-22 0.0233345362313 
1.40295969475 -2.59118246525e-22 -1.72745497683e-22 0.0247327295967 
1.36830741075 -6.51389158566e-22 -4.34259439044e-22 0.0283036171093 
1.33706371915 1.30115904979e-21 8.67439366526e-22 0.0309795754097 
1.30271621425 2.18099128988e-22 1.45399419325e-22 0.0338030064985 
1.25295613048 4.97258665926e-22 3.31505777284e-22 0.0388332330389 
1.1956675965 4.12059077182e-22 2.74706051455e-22 0.0471367893949 
1.12904395363 -1.57247903889e-22 -1.04831935926e-22 0.0647379962586 
1.05066016393 1.70965020379e-22 1.13976680253e-22 0.0691006250979 
0.977273392835 0.00268695672193 0.00179130448129 0.0794886007132 
0.891390690383 0.0179701031824 0.0119800687883 0.0955785819287 
0.782575002423 0.0525134477096 0.0350089651397 0.121335852803 
0.79910760218 0.688021653803 0.458681102536 0.0911396297537 
0.732290251072 0.794076936767 0.529384624511 0.0878619325745 
0.698534347631 0.894152820908 0.596101880605 0.0891065961589 
0.673709888412 0.969675732843 0.646450488562 0.103729245539 
0.641163545764 1.03331835797 0.688878905314 0.0851370496603 
0.578535696569 1.08285464672 0.721903097815 0.0715392840273 
0.523297296688 1.12492212806 0.749948085376 0.0740479997793 
0.511081224047 1.15368913094 0.769126087294 0.0582695580078 
0.474845765897 1.17335247781 0.782234985205 0.0461876231099 
0.47295922399 1.18965456011 0.793103040073 0.0473883218659 
0.470955296069 1.20261313908 0.801742092718 0.0479964352521 
0.422588656392 1.21063116766 0.807087445106 0.0438387368792 
0.422588656392 1.21063116766 0.807087445106 0.0438387368792 
0.422147011711 1.21711403435 0.811409356233 0.0434612885451 
0.422059624918 1.21502103938 0.810014026252 0.0425212051139 
0.422283290134 1.2102418086 0.806827872398 0.0413801129283 
0.422740335522 1.20553391794 0.80368927863 0.0398213240206 
0.422707154614 1.20937164689 0.80624776459 0.0390700863433 
0.42305760518 1.20626340192 0.804175601281 0.0376751354528 
0.424796759125 1.20589059462 0.803927063081 0.0295025769302 
0.424796759125 1.20589059462 0.803927063081 0.0295025769302 
0.424297609562 1.21284266072 0.808561773811 0.0300651922029 
0.423855410478 1.21563940141 0.810426267607 0.0304474338366 
0.423385210126 1.21744418199 0.81162945466 0.0306507736265 
0.423227074877 1.21453570317 0.80969046878 0.0304475781891 
0.423227074877 1.21453570317 0.80969046878 0.0304475781891 
0.422762821994 1.21733782077 0.811558547183 0.0307305799152 
0.422813346689 1.21186569286 0.807910461907 0.0305063095813 
0.422813346689 1.21186569286 0.807910461907 0.0305063095813 
0.422469416353 1.21464164424 0.809761096162 0.0309145684353 
0.423261882888 1.20055378496 0.800369189976 0.0306815730542 
0.443372632317 1.18105054168 0.787367027787 0.0437725043493 
0.48224364907 1.16005383527 0.77336922351 0.0474912024205 
0.539482183999 1.10541300573 0.73694200382 0.054924987664 
0.589089377153 1.04212396477 0.694749309845 0.0699060855909 
0.656930591449 0.967146354865 0.644764236577 0.0753782348796 
0.717060448524 0.833298028239 0.555532018826 0.0728467574359 
0.805427344617 0.677202477526 0.451468318351 0.0656640109182 
0.832180267331 0.260123468208 0.173415645472 0.0744557968802 
0.971502615796 0.215499620681 0.143666413787 0.0525405731823 
1.04912635639 8.32018104204e-18 5.54678736136e-18 0.0567774246521 
1.13658813791 1.24020732176e-22 8.26804881172e-23 0.0417265584004 
1.2110776428 -6.6380280729e-22 -4.4253520486e-22 0.0311516512905 
1.2719610113 1.81439821959e-22 1.20959881306e-22 0.0251238991477 
1.30151998609 -6.7117025254e-22 -4.47446835027e-22 0.0273329339499 
1.33399132085 -2.83984814956e-22 -1.8932320997e-22 0.0236863448982 
1.35476404045 1.05430005769e-23 7.02866705127e-24 0.0224909848356 
1.36674417784 -5.85833850251e-22 -3.90555900167e-22 0.0215074949733 
1.37997839418 1.2435204899e-22 8.29013659935e-23 0.0197452872423 
1.38713962013 1.29649208886e-21 8.64328059238e-22 0.0191510369549 
1.39543307264 9.61375170299e-22 6.409167802e-22 0.0183825131969 
1.38765624345 1.03375535377e-21 6.89170235845e-22 0.0213453920688 
1.39376402238 9.49486098318e-22 6.32990732212e-22 0.019626196026 
1.4050849164 5.22726789473e-22 3.48484526315e-22 0.0164978732793 
1.39282133525 -2.1698050086e-22 -1.4465366724e-22 0.0186979675082 
1.38953463124 9.7348795653e-22 6.4899197102e-22 0.0191163899305 
1.37728027084 -3.19343504258e-22 -2.12895669505e-22 0.0223441391352 
1.37689678121 2.43035988422e-22 1.62023992281e-22 0.0216573416554 
1.38209318035 5.663286968e-22 3.77552464533e-22 0.0203366371609 
1.38065047228 5.86770698411e-22 3.91180465607e-22 0.0203210991426 
1.37220120054 6.99928613903e-23 4.66619075935e-23 0.0218399291988 
1.3739682357 -1.88190619888e-22 -1.25460413259e-22 0.0204279575487 
1.37568073492 8.27096513164e-22 5.51397675442e-22 0.0189120346417 
1.37376321957 6.29476855953e-22 4.19651237302e-22 0.0183026881112 
1.36923821794 -2.29769538763e-22 -1.53179692509e-22 0.0190807547254 
1.35197348394 -4.76846719233e-23 -3.17897812822e-23 0.0217958354623 
1.33718780122 -1.34279472714e-22 -8.95196484763e-23 0.0240295579837 
1.31601784754 2.36492117279e-22 1.57661411519e-22 0.0260308697132 
1.28829100227 -9.89613395395e-23 -6.59742263596e-23 0.0279103228877 
1.24449962133 1.22023702512e-21 8.13491350083e-22 0.0356237693979 
1.22001905753 5.53697932011e-23 3.69131954674e-23 0.0401963216028 
1.15295518396 -1.08392474454e-22 -7.22616496357e-23 0.0575978984452 
1.09623203293 6.85514277905e-23 4.57009518603e-23 0.0618252400368 
1.04942355167 -8.62346442155e-23 -5.74897628103e-23 0.0711054752783 
0.996968005714 0.00142281720399 0.000948544802659 0.0767197452201 
0.918430718812 0.0146718224948 0.00978121499654 0.0964641134539 
0.83848292088 0.0369969273054 0.0246646182036 0.113901024285 
0.813689129199 0.513984741024 0.342656494016 0.0927072022817 
0.78996268185 0.731724249705 0.48781616647 0.0959844953461 
0.70043706097 0.87577082413 0.583847216086 0.0985194356689 
0.664390711336 0.97692639366 0.65128426244 0.0963232890084 
0.594985982444 1.05540755713 0.703605038089 0.0908711680547 
0.511622321158 1.13734667397 0.758231115978 0.0859605538096 
0.447777264143 1.19298820425 0.795325469502 0.0754321226954 
0.393242277641 1.23682742898 0.824551619317 0.0621355419534 
0.351826995916 1.26810929764 0.845406198424 0.0458718490302 
0.307233930883 1.30109131082 0.867394207215 0.0334368066508 
0.2739388177 1.32497411272 0.883316075145 0.0226809018409 
0.242212952187 1.34706994063 0.898046627086 0.0104934078282 
0.49884987321 1.3682106379 0.91214042527 0.0374521813487 
0.60117803032 1.38170330273 0.921135535155 0.0545154303882 
0.689795038437 1.39740708479 0.931604723194 0.0758256213102 
0.760333898116 1.41278143662 0.941854291082 0.105145375259 
0.826164343938 1.41939662794 0.946264418623 0.135572435418 
0.930995243865 1.42077267331 0.947181782208 0.23305646345 
1.02598337741 1.40794928195 0.938632854635 0.337507470021 
1.00107803584 1.43982424319 0.959882828791 0.291772468163 
0.993593156789 1.46122904912 0.974152699411 0.253794823053 
0.990182656586 1.4767874255 0.984524950334 0.221042734243 
0.985317304743 1.49027268711 0.993515124739 0.189510201581 
0.984255232175 1.49909751486 0.999398343238 0.164594289219 
0.979212718057 1.50810385604 1.00540257069 0.138992235144 
0.983171600022 1.51133090865 1.0075539391 0.136508613381 
0.980106808838 1.51502199473 1.01001466315 0.111776974138 
0.983923325128 1.51507797865 1.01005198577 0.110334142136 
0.986245117257 1.51589304483 1.01059536322 0.108923380478 
0.986425027633 1.51694470408 1.01129646939 0.108937328261 
0.990544716448 1.51446263887 1.00964175925 0.107040615744 
0.99064955804 1.51535756185 1.01023837456 0.107073464242 
0.99062141985 1.51556299009 1.01037532672 0.107071442641 
0.990453050331 1.51473634616 1.00982423077 0.107021144404 
0.987414901478 1.51621867676 1.01081245117 0.107180729721 
0.985468841506 1.51662004269 1.01108002846 0.10687917212 
0.985353733846 1.51548570237 1.01032380158 0.10678966041 
0.988009566942 1.51374308573 1.00916205715 0.106056083776 
0.98424317075 1.51685711405 1.01123807603 0.106744255437 
0.984142860014 1.51598069762 1.01065379841 0.106674670477 
0.98425607467 1.516766853 1.011177902 0.106698437241 
0.98431471111 1.51739122395 1.0115941493 0.106713633739 
0.984187449669 1.51649088503 1.01099392335 0.106643175339 
0.984275197126 1.51712689873 1.01141793249 0.106654548268 
0.984124473209 1.51583977882 1.01055985254 0.106560991941 
0.984212011352 1.51614085042 1.01076056695 0.106551761396 
0.984348557478 1.51688213349 1.01125475566 0.106562143344 
0.984369572803 1.51702543822 1.01135029214 0.106544282295 
0.984288025071 1.51618697662 1.01079131775 0.106470167303 
0.984267537059 1.51573603888 1.01049069259 0.106422943475 
0.984263281479 1.5155304006 1.0103536004 0.106398724711 
0.984342002967 1.51637916467 1.01091944311 0.106445344945 
0.982256296805 1.51556889479 1.01037926319 0.10699195432 
0.981973615413 1.51364759199 1.00909839466 0.106909194514 
0.978171207944 1.51607573871 1.01071715914 0.108390538259 
0.980590283093 1.51211417287 1.00807611525 0.10944044533 
0.976774086074 1.51148743094 1.0076582873 0.11240871755 
0.985152494049 1.5067026534 1.0044684356 0.13869140481 
0.98498783715 1.5057596594 1.00383977294 0.13863998201 
0.98469445261 1.50407230934 1.00271487289 0.13855940986 
0.982473236645 1.50428913189 1.00285942126 0.140355869906 
0.982342233335 1.50340790676 1.00227193784 0.140329069797 
0.980950481174 1.50296400537 1.00197600358 0.142907708133 
0.983941682886 1.50125305988 1.00083537325 0.143702043885 
0.982048972843 1.501393134 1.000928756 0.146105877345 
0.979037837381 1.50127833286 1.00085222191 0.14868164809 
0.972376688842 1.5012255648 1.0008170432 0.152725267783 
0.979417198171 1.48618999873 0.990793332486 0.203822575835 
0.97689501456 1.46912097176 0.979413981175 0.244324420069 
0.9911688706 1.42999615166 0.953330767775 0.311002423529 
0.824765254719 1.44007178907 0.96004785938 0.143532244155 
0.685711518498 1.42153863184 0.947692421226 0.0692597157012 
0.478887091527 1.38964535836 0.926430238906 0.0234147677324 
0.249281900993 1.34169692591 0.894464617275 0.00909167346963 
0.343874868223 1.27281398196 0.848542654638 0.0321654738606 
0.427800285909 1.2074793954 0.804986263601 0.0521054628194 
0.514902929701 1.13231579605 0.754877197369 0.0643635089656 
0.588081029707 1.06092669053 0.707284460352 0.0681132544446 
0.624627529819 0.992081103729 0.661387402486 0.0774997807421 
0.691650822324 0.935174938088 0.623449958725 0.0664535105547 
0.7090298001 0.881082563338 0.587388375559 0.0585926609988 
0.733354074114 0.829729670293 0.553153113528 0.0554572662666 
0.753167085628 0.799243040142 0.532828693428 0.0582750321216 
0.767847993805 0.778282751021 0.518855167347 0.0574946850408 
0.781153105104 0.758350123394 0.50556674893 0.0561124684096 
0.781153105104 0.758350123394 0.50556674893 0.0561124684096 
0.794645127757 0.736875595619 0.491250397079 0.0539605836876 
0.794645127757 0.736875595619 0.491250397079 0.0539605836876 
0.794645127757 0.736875595619 0.491250397079 0.0539605836876 
0.782933521255 0.750410549126 0.500273699417 0.0638528316949 
0.782933521255 0.750410549126 0.500273699417 0.0638528316949 
0.782933521255 0.750410549126 0.500273699417 0.0638528316949 
0.770324823267 0.76797224221 0.511981494807 0.0627739261161 
0.759544804192 0.78706883922 0.52471255948 0.0716236697711 
0.759544804192 0.78706883922 0.52471255948 0.0716236697711 
0.759544804192 0.78706883922 0.52471255948 0.0716236697711 
0.759544804192 0.78706883922 0.52471255948 0.0716236697711 
0.759544804192 0.78706883922 0.52471255948 0.0716236697711 
0.765065911842 0.780277915942 0.520185277295 0.0641326867926 
0.792128797711 0.738445145906 0.492296763937 0.0588595005525 
0.8373827554 0.67226425891 0.448176172606 0.0580253179732 
0.816739370423 0.339613872037 0.226409248025 0.0703525031943 
0.884648355392 0.108307815949 0.0722052106325 0.0741402461719 
0.980698856568 0.0834187250755 0.0556124833837 0.0543197767878 
1.03046941479 -2.30004813835e-17 -1.53336542556e-17 0.052967316674 
1.09065449066 2.67027797639e-22 1.78018531759e-22 0.037353463432 
1.15146663134 -2.37748359485e-22 -1.58498906323e-22 0.0264641604233 
1.16885946894 -1.43876370804e-22 -9.59175805361e-23 0.025576362202 
1.19503089473 6.78296186155e-22 4.52197457437e-22 0.0216279346521 
1.22944396994 0.060134719848 0.040089813232 0.0173063852326 
1.24293631057 0.0932042926035 0.062136195069 0.0185487828712 
1.27119443733 0.175234794382 0.116823196254 0.0168548568672 
1.28431238213 0.203518145259 0.135678763506 0.0168840780352 
1.30721912881 0.257877979028 0.171918652685 0.0151746006104 
1.30863125109 0.258140927708 0.172093951805 0.0157191902555 
1.32611284993 0.290985608416 0.193990405611 0.0154437770709 
1.33635902493 0.311727837174 0.207818558116 0.0148128649115 
1.34844987795 0.3339843563 0.222656237533 0.0150692636938 
1.3121052728 0.266968576306 0.17797905087 0.0180723017383 
1.35819372526 0.349952283724 0.233301522483 0.0158997524012 
1.3758224774 0.375807611653 0.250538407768 0.0148139539424 
1.34187585788 0.325074849748 0.216716566498 0.0165014783588 
1.38861005924 0.398841950842 0.265894633895 0.0140486996845 
1.39211320244 0.405386074466 0.270257382978 0.0144200548633 
1.39064899341 0.405687190643 0.270458127095 0.014509023968 
1.35820180088 0.362657290695 0.24177152713 0.0161689319852 
1.36341478711 0.375415833125 0.250277222083 0.0153907907862 
1.3347274039 0.343221152848 0.228814101899 0.0160956661219 
1.31564756068 0.323466863734 0.215644575822 0.0169003502862 
1.2576453726 0.235746422168 0.157164281445 0.0192484073022 
1.26891529991 0.317576230355 0.211717486903 0.0162046184902 
1.26190587669 0.370710819566 0.247140546377 0.0160110321407 
1.30037622111 0.473432724041 0.315621816027 0.0135250874339 
1.29758304055 0.523948506164 0.34929900411 0.0118604480053 
1.27685953584 0.550609590637 0.367073060425 0.0113437017681 
1.24651613617 0.565630071095 0.377086714063 0.00934234636425 
1.16172881601 0.528762664783 0.352508443189 0.00810645007314 
1.16652097666 0.555429564531 0.370286376354 0.00581131817753 
1.16937485093 0.571529924754 0.381019949836 0.00422654459809 
1.1635518913 0.57605711589 0.38403807726 0.00240725698751 
1.14032647055 0.559315554346 0.37287703623 0.00140196707416 
1.06218212639 0.477682017868 0.318454678579 0.00141301707576 
1.12006190512 0.540620829096 0.360413886064 -0.000173785779724 
1.0722607371 0.492773630942 0.328515753962 -0.000505362139734 
1.06722339511 0.48606011842 0.324040078947 -0.000366529171462 
1.0582759756 0.47575850346 0.31717233564 -0.00155102188823 
1.10882094614 0.532988118746 0.355325412497 -0.00191915917138 
1.14151436086 0.565365931029 0.376910620686 -0.00185103350677 
1.12348006409 0.550068972543 0.366712648362 -0.00154303383828 
1.10196333369 0.529340699616 0.352893799744 -0.00184424702346 
1.12430705898 0.551438042883 0.367625361922 -0.001071196477 
1.13479439311 0.564163428816 0.376108952544 -0.00138006630836 
1.1221806816 0.553267629437 0.368845086291 -0.000615036386537 
1.15102688216 0.577273565912 0.384849043941 -0.00160910498815 
1.11764511715 0.546797856312 0.364531904208 -0.00193399785883 
1.08847313529 0.515044531209 0.343363020806 -0.00168972529765 
1.10218126121 0.526549326056 0.351032884037 -0.000745182620442 
1.06615884413 0.485969735358 0.323979823572 -0.000653147329523 
1.0944700185 0.52242458005 0.348283053366 -0.000578910879535 
1.10043352876 0.536762390355 0.35784159357 -0.000320162988473 
1.02985617146 0.4654585433 0.310305695533 -0.000162087353361 
1.00758645457 0.447762152208 0.298508101472 -0.000856686663917 
1.03771751178 0.520760871601 0.3471739144 -0.000877939171691 
1.03229289083 0.545023924155 0.36334928277 -0.000264525631706 
1.02449399967 0.576858330264 0.384572220176 8.6937295286e-05 
1.04792655354 0.644412451563 0.429608301042 0.00119031532459 
1.04023470704 0.679855518044 0.453237012029 0.00232149568577 
1.00258678389 0.693369298338 0.462246198892 0.00278857417281 
1.04006084224 0.741183240415 0.494122160277 0.00313936779817 
1.02093566195 0.751203477768 0.500802318512 0.00282475242984 
1.04661866134 0.77338717684 0.515591451227 0.00333977463351 
1.0148101775 0.76856764561 0.512378430407 0.00264167318931 
1.03179448493 0.779162562471 0.519441708314 0.00282706291856 
1.046368968 0.782884600194 0.521923066796 0.00183608983044 
0.99782208856 0.765169049911 0.51011269994 0.00119411720475 
0.933915522314 0.735365527832 0.490243685221 -0.000288460740216 
0.942309804837 0.741860519669 0.494573679779 0.000562473506721 
0.798957515809 0.634030959278 0.422687306185 -0.0026160248591 
0.809448743799 0.624446283302 0.416297522201 -0.00489294800258 
0.819361935993 0.615889595342 0.410593063562 -0.00694812129234 
0.823472469114 0.612846938654 0.408564625769 -0.0071297472201 
0.824486734121 0.61229011944 0.40819341296 -0.00807143930483 
0.822101585949 0.614894831886 0.409929887924 -0.0070344472629 
0.819026862 0.617975933419 0.411983955613 -0.00616790990691 
0.827724836463 0.610954621851 0.407303081234 -0.00703891524741 
0.831316652801 0.60863690345 0.405757935633 -0.00599338962885 
0.824981284995 0.614629762524 0.409753175016 -0.00475429866199 
0.824699132555 0.61504729366 0.410031529106 -0.0041811101548 
0.833080215689 0.608449565341 0.405633043561 -0.00533389071359 
0.832963682281 0.608814911767 0.405876607844 -0.00460003275648 
0.825136931795 0.616074505869 0.410716337246 -0.00265393705464 
0.832860755774 0.610057936966 0.406705291311 -0.00376080396054 
0.831471552159 0.612232308043 0.408154872028 -0.00307420042325 
0.821658024279 0.621316911569 0.41421127438 -0.00106561888582 
0.822499482913 0.620846241937 0.413897494624 -0.00183413515175 
0.816052244949 0.62720364077 0.418135760513 -0.00135721878843 
0.806988049518 0.6358838268 0.4239225512 -0.00212527791389 
0.792617888947 0.649508092939 0.433005395293 -0.00204366435751 
0.765647660715 0.675150008671 0.450100005781 -0.00293789698562 
0.751281029528 0.688987990659 0.459325327106 -0.00451968285264 
0.428888857024 0.0439956616809 0.0293304411206 -0.0432057788793 
0.388041005067 0.167431192634 0.111620795089 -0.0231359524691 
0.350265400211 0.0779175199942 0.0519450133294 -0.0687880210317 
0.320018510823 0.118996201124 0.0793308007491 -0.0619794949104 
0.304242737797 0.0942291909498 0.0628194606332 -0.0647411574945 
0.283896881554 0.0128426850673 0.00856179004484 0.0242083564386 
0.278544458944 1.53726463442e-17 1.02484308961e-17 0.0232986728233 
0.279405250167 1.17752238549e-22 7.85014923657e-23 0.02120248305 
0.280822353165 0.0841613772526 0.0561075848351 0.0383431464393 
0.291946094629 4.27128983916e-17 2.84752655944e-17 0.0207664964272 
0.287269203768 -2.18898352086e-19 -1.45932234724e-19 0.0281649678994 
0.290092210076 0.00857712906085 0.00571808604057 0.0401329293898 
0.301460102209 1.25765885406e-17 8.38439236043e-18 0.0390376003172 
0.300307772337 6.20148904218e-22 4.13432602812e-22 0.0388977759443 
0.301937255812 -1.34457746264e-21 -8.96384975091e-22 0.0323084686668 
0.301878931025 0.0687823494107 0.0458548996071 0.0431788412003 
0.304307573721 0.0729304161195 0.048620277413 0.0645439143994 
0.303321110604 0.14093062284 0.0939537485603 0.082772167838 
0.304494969446 0.165071253982 0.110047502655 0.097947367854 
0.306332100072 0.165195027701 0.110130018467 0.0982259876301 
0.315392092576 0.105929524695 0.0706196831297 0.0656056633858 
0.316100186513 0.113232533422 0.0754883556144 0.0749428101485 
0.314414257386 0.13630518079 0.0908701205266 0.089055275713 
0.322251837597 -4.32932174738e-17 -2.88621449825e-17 0.0289690997196 
0.321502006145 0.0613272607168 0.0408848404779 0.0641865957906 
0.321218255828 0.0617892295187 0.0411928196791 0.0776379983163 
0.32122834061 0.0777546325033 0.0518364216688 0.0739017927789 
0.316540924015 0.12671609042 0.0844773936132 0.0885489570754 
0.314623377428 0.102313500449 0.0682090002996 0.0729015007293 
0.305926890285 0.118149603533 0.0787664023554 -0.0352158840791 
0.276911503154 0.178987827366 0.119325218244 -0.0403849489232 
0.24156270137 0.207364573547 0.138243049031 -0.0477440803211 
0.201689138878 0.17975341748 0.119835611653 -0.101166863833 
0.140572067505 0.164196743168 0.109464495446 -0.0680380951182 
0.0920191305099 0.0712588221182 0.0475058814122 -0.0438227183988 
0.0333598099295 0.0592700989878 0.0395133993252 -0.0415905146041 
9.35021641788e-17 0.0615282941761 0.0410188627841 -0.0402897363998 
2.61531894917e-21 0.270362305038 0.180241536692 -0.0706436317758 
2.61531894917e-21 0.270362305038 0.180241536692 -0.0706436317758 
2.61531894917e-21 0.270362305038 0.180241536692 -0.0706436317758 
2.61531894917e-21 0.270362305038 0.180241536692 -0.0706436317758 
2.61531894917e-21 0.270362305038 0.180241536692 -0.0706436317758 
2.61531894917e-21 0.270362305038 0.180241536692 -0.0706436317758 
2.61531894917e-21 0.270362305038 0.180241536692 -0.0706436317758 
2.61531894917e-21 0.270362305038 0.180241536692 -0.0706436317758 
2.61531894917e-21 0.270362305038 0.180241536692 -0.0706436317758 
2.61531894917e-21 0.270362305038 0.180241536692 -0.0706436317758 
2.61531894917e-21 0.270362305038 0.180241536692 -0.0706436317758 
2.61531894917e-21 0.270362305038 0.180241536692 -0.0706436317758 
6.03301878998e-21 0.544109943633 0.362739962422 -0.0921208657998 
6.03301878998e-21 0.544109943633 0.362739962422 -0.0921208657998 
6.03301878998e-21 0.544109943633 0.362739962422 -0.0921208657998 
6.03301878998e-21 0.544109943633 0.362739962422 -0.0921208657998 
6.03301878998e-21 0.544109943633 0.362739962422 -0.0921208657998 
6.03301878998e-21 0.544109943633 0.362739962422 -0.0921208657998 
6.03301878998e-21 0.544109943633 0.362739962422 -0.0921208657998 
6.03301878998e-21 0.544109943633 0.362739962422 -0.0921208657998 
6.03301878998e-21 0.544109943633 0.362739962422 -0.0921208657998 
-2.34083906164e-21 0.57711516396 0.38474344264 -0.113643490053 
-2.34083906164e-21 0.57711516396 0.38474344264 -0.113643490053 
-2.34083906164e-21 0.57711516396 0.38474344264 -0.113643490053 
-2.34083906164e-21 0.57711516396 0.38474344264 -0.113643490053 
-2.34083906164e-21 0.57711516396 0.38474344264 -0.113643490053 
1.37760911842e-21 0.542177853639 0.361451902426 -0.08690043404 
1.37760911842e-21 0.542177853639 0.361451902426 -0.08690043404 
1.37760911842e-21 0.542177853639 0.361451902426 -0.08690043404 
1.37760911842e-21 0.542177853639 0.361451902426 -0.08690043404 
1.37760911842e-21 0.542177853639 0.361451902426 -0.08690043404 
1.37760911842e-21 0.542177853639 0.361451902426 -0.08690043404 
1.37760911842e-21 0.542177853639 0.361451902426 -0.08690043404 
1.37760911842e-21 0.542177853639 0.361451902426 -0.08690043404 
1.37760911842e-21 0.542177853639 0.361451902426 -0.08690043404 
1.37760911842e-21 0.542177853639 0.361451902426 -0.08690043404 
1.37760911842e-21 0.542177853639 0.361451902426 -0.08690043404 
-2.41714109545e-19 0.233435761279 0.155623840853 -0.523598775598 
-2.41714109545e-19 0.233435761279 0.155623840853 -0.523598775598 
-2.41714109545e-19 0.233435761279 0.155623840853 -0.523598775598 
-2.41714109545e-19 0.233435761279 0.155623840853 -0.523598775598 
-2.41714109545e-19 0.233435761279 0.155623840853 -0.523598775598 
-2.41714109545e-19 0.233435761279 0.155623840853 -0.523598775598 
-2.41714109545e-19 0.233435761279 0.155623840853 -0.523598775598 
-2.41714109545e-19 0.233435761279 0.155623840853 -0.523598775598 
-2.81730448443e-22 0.223907528371 0.14927168558 -0.523598775598 
-2.81730448443e-22 0.223907528371 0.14927168558 -0.523598775598 
-2.81730448443e-22 0.223907528371 0.14927168558 -0.523598775598 
-2.81730448443e-22 0.223907528371 0.14927168558 -0.523598775598 
6.03962444935e-21 0.237580483387 0.158386988925 -0.523598775598 
6.03962444935e-21 0.237580483387 0.158386988925 -0.523598775598 
6.03962444935e-21 0.237580483387 0.158386988925 -0.523598775598 
-7.40673645153e-21 0.253777365409 0.169184910273 -0.523598775598 
-7.40673645153e-21 0.253777365409 0.169184910273 -0.523598775598 
1.02767124851e-21 0.274376161677 0.182917441118 -0.523598775598 
1.02767124851e-21 0.274376161677 0.182917441118 -0.523598775598 
1.02767124851e-21 0.274376161677 0.182917441118 -0.523598775598 
7.06986346505e-21 0.281094531169 0.187396354112 -0.517420630618 
8.18083521288e-21 0.287998631518 0.191999087679 -0.515178918847 
5.30698591278e-21 0.29214433564 0.194762890426 -0.506771058861 
5.30698591278e-21 0.29214433564 0.194762890426 -0.506771058861 
-5.40217891006e-21 0.272900896562 0.181933931041 -0.458007441098 
2.73381834228e-21 0.243001915616 0.162001277077 -0.40898979594 
2.73381834228e-21 0.243001915616 0.162001277077 -0.40898979594 
-8.07485109989e-21 0.24955029735 0.1663668649 -0.400597871579 
-8.07485109989e-21 0.24955029735 0.1663668649 -0.400597871579 
8.24818595353e-22 0.292001107382 0.194667404921 -0.445150314798 
5.54860420102e-21 0.257576155792 0.171717437195 -0.39825059177 
5.54860420102e-21 0.257576155792 0.171717437195 -0.39825059177 
5.54860420102e-21 0.257576155792 0.171717437195 -0.39825059177 
5.54860420102e-21 0.257576155792 0.171717437195 -0.39825059177 
2.45594182217e-21 0.28689930157 0.191266201047 -0.430983951504 
1.35327464388e-20 0.30499713049 0.203331420326 -0.467435456004 
1.35327464388e-20 0.30499713049 0.203331420326 -0.467435456004 
1.35327464388e-20 0.30499713049 0.203331420326 -0.467435456004 
1.35327464388e-20 0.30499713049 0.203331420326 -0.467435456004 
1.35327464388e-20 0.30499713049 0.203331420326 -0.467435456004 
1.35327464388e-20 0.30499713049 0.203331420326 -0.467435456004 
7.58633463929e-21 0.285723265198 0.190482176799 -0.443182249774 
9.74107243173e-21 0.306397032708 0.204264688472 -0.478496790784 
9.74107243173e-21 0.306397032708 0.204264688472 -0.478496790784 
-2.80839964309e-21 0.320826742141 0.213884494761 -0.516506296973 
-2.80839964309e-21 0.320826742141 0.213884494761 -0.516506296973 
9.09247858328e-20 0.331231743046 0.22082116203 -0.523598775598 
4.71806137291e-22 0.340482936336 0.226988624224 -0.523598775598 
1.35876847659e-20 0.351334248974 0.23422283265 -0.523598775598 
-6.93313516992e-21 0.361938298356 0.241292198904 -0.523598775598 
-2.94715964584e-21 0.375643791857 0.250429194571 -0.523598775598 
-1.14002018722e-22 0.398894258684 0.265929505789 -0.523598775598 
-1.07066557757e-20 0.432243283003 0.288162188669 -0.523598775598 
4.74638870352e-21 0.471832694452 0.314555129635 -0.523598775598 
1.03620356761e-20 0.567662305352 0.378441536901 -0.523598775598 
0.402462844797 1.25423628944 0.836157526291 0.201505192165 
0.361767613021 1.29286395431 0.861909302876 0.208679981099 
0.312360985041 1.3387162109 0.892477473935 0.212412786859 
0.251568950204 1.38776311079 0.925175407192 0.202205140723 
0.192018720681 1.42967141689 0.953114277928 0.184086864124 
0.127361100364 1.46878239179 0.979188261195 0.155637550577 
0.052272550276 1.51013716971 1.00675811314 0.115624666415 
-5.2910448855e-19 1.54215215699 1.02810143799 0.0833894873757 
0.146944618503 1.56010938311 1.04007292207 0.0965048346904 
0.273820609418 1.57147243818 1.04764829212 0.128339265719 
0.37127702342 1.57869566104 1.05246377403 0.173963022913 
0.47853973728 1.57135118009 1.0475674534 0.255490169988 
0.484139212382 1.57742351457 1.05161567638 0.251398138615 
0.48884362042 1.58586735101 1.05724490067 0.248591259928 
0.479308028312 1.59397743195 1.0626516213 0.232581659992 
0.482844839288 1.59827819281 1.06551879521 0.230154126621 
0.484749839256 1.6009137371 1.06727582474 0.228679186592 
0.485476675187 1.60188267073 1.06792178048 0.227809046361 
0.482433237218 1.60015297645 1.06676865097 0.22978064683 
0.475354659254 1.59349653521 1.06233102347 0.234725933546 
0.457820753431 1.57493116372 1.04995410915 0.24796129469 
0.317810303565 1.57610078313 1.05073385542 0.161929452922 
0.191526558962 1.56750941685 1.0450062779 0.120780560075 
-1.45646564028e-18 1.54646520795 1.0309768053 0.093059663123 
0.0439953079947 1.51857760561 1.01238507041 0.12080446153 
0.104089216084 1.48494434713 0.989962898088 0.150314488 
0.17938560349 1.44105076692 0.960700511278 0.184897105649 
0.243473782026 1.39833657065 0.932224380436 0.20806457774 
0.301608560663 1.35113486238 0.900756574922 0.217998702429 
0.36628567127 1.29061737365 0.860411582433 0.213407061582 
0.420712428644 1.23812180584 0.825414537226 0.202658424067 
0.464218156636 1.19534593292 0.796897288611 0.18966792644 
0.502766595669 1.15674830149 0.771165534324 0.17470122771 
0.504342485878 1.12524796846 0.75016531231 0.163010042641 
0.136607042343 0.976908585165 0.65127239011 0.236187041275 
0.0511719771778 0.846646486267 0.564430990845 0.358252545163 
0.0430114316059 0.790627618661 0.527085079108 0.397806737288 
0.0378636795333 0.781677406116 0.521118270744 0.391810244902 
0.0350381793622 0.765843002474 0.51056200165 0.381482214482 
0.0353006122005 0.752847210877 0.501898140585 0.372225303838 
0.0349237397456 0.744778099107 0.496518732738 0.365007707517 
0.0438697456224 0.731348844576 0.487565896384 0.354787262468 
0.0334346992281 0.741589293624 0.494392862416 0.35796000282 
0.0413229785234 0.734511863397 0.489674575598 0.351559219109 
0.0529995511121 0.715662060759 0.477108040506 0.338645218031 
0.0478713522922 0.714272849197 0.476181899465 0.335473654722 
0.0579745438095 0.696404772053 0.464269848035 0.322672753624 
0.0577131157081 0.669991963162 0.446661308775 0.303346379978 
0.0451692658952 0.656337474867 0.437558316578 0.250333831128 
0.0383407230736 0.617960554099 0.411973702733 0.224272698456 
0.0213609877769 0.590097049989 0.393398033326 0.187865094573 
6.00113984718e-16 0.282560087375 0.188373391583 -0.196618224446 
-2.04863395154e-21 0.289458229556 0.192972153037 -0.168016763083 
-7.06850871019e-21 0.291509124932 0.194339416621 -0.149236797533 
-9.41860540142e-21 0.103766476288 0.0691776508586 -0.0789034971572 
-6.01594028177e-21 0.105917870818 0.0706119138785 -0.0706968694041 
-6.01594028177e-21 0.105917870818 0.0706119138785 -0.0706968694041 
-9.9801188408e-21 0.107435516136 0.0716236774242 -0.0638733738592 
9.59509716131e-21 0.0380969269679 0.025397951312 -0.053393191419 
9.59509716131e-21 0.0380969269679 0.025397951312 -0.053393191419 
6.74566576258e-21 0.0414662138594 0.0276441425729 -0.0615846688767 
-4.07363378414e-21 0.0980648949107 0.0653765966071 -0.08041582544 
3.85974279054e-21 0.221584560868 0.147723040579 -0.14117158648 
8.12883024539e-21 0.327905452896 0.218603635264 -0.257843347316 
-1.17867222107e-21 0.361601026488 0.241067350992 -0.352889411533 
-1.42173163713e-22 0.369245996055 0.24616399737 -0.403660518772 
-3.75315614733e-21 0.354706886857 0.236471257904 -0.40509867397 
7.82742226937e-21 0.364607520584 0.24307168039 -0.435986210897 
-4.84713103067e-21 0.344532877279 0.229688584853 -0.40878773147 
-4.84713103067e-21 0.344532877279 0.229688584853 -0.40878773147 
-4.84713103067e-21 0.344532877279 0.229688584853 -0.40878773147 
1.10588079371e-22 0.367585891658 0.245057261106 -0.46398302756 
1.10588079371e-22 0.367585891658 0.245057261106 -0.46398302756 
-5.71688124486e-21 0.377901499308 0.251934332872 -0.466119539298 
-5.71688124486e-21 0.377901499308 0.251934332872 -0.466119539298 
-5.71688124486e-21 0.377901499308 0.251934332872 -0.466119539298 
6.16830010974e-21 0.385544874664 0.257029916443 -0.465164941154 
-3.43978665762e-21 0.409527991844 0.273018661229 -0.519512180919 
3.8187444989e-21 0.411894446666 0.274596297777 -0.523598775598 
7.69435844758e-21 0.419387749006 0.279591832671 -0.523598775598 
-4.40847018889e-21 0.421352975506 0.28090198367 -0.523598775598 
-4.40847018889e-21 0.421352975506 0.28090198367 -0.523598775598 
2.545245904e-21 0.437608604564 0.291739069709 -0.523598775598 
9.02697587369e-22 0.463692661222 0.309128440814 -0.523598775598 
1.51007037775e-21 0.501295055298 0.334196703532 -0.523598775598 
4.14209849127e-22 0.566448711409 0.377632474273 -0.523598775598 
-6.45436749804e-21 0.774583901478 0.516389267652 -0.523598775598 
0.395084497942 1.24175211296 0.827834741976 0.109348173158 
0.344653636425 1.28413371356 0.856089142376 0.116304739213 
0.295363583768 1.32314674499 0.88209782999 0.114508788834 
0.249449095366 1.36015644539 0.906770963596 0.102057470375 
0.197654185874 1.39500041523 0.930000276822 0.0878736657989 
0.128087731063 1.43850235446 0.959001569638 0.0617817035351 
0.0736230300945 1.47230343968 0.981535626455 0.0334709316907 
0.0290022464865 1.50007071469 1.00004714313 0.00939230143917 
1.23839654511e-18 1.52663027079 1.01775351386 -0.0130383311634 
0.0932505354148 1.5462438887 1.03082925913 -0.0166583132562 
0.236685102714 1.55974756047 1.03983170698 -0.00431206407965 
0.322258475473 1.57292896667 1.04861931111 0.00225427722201 
0.373634603877 1.58386464951 1.05590976634 0.00766359106114 
0.415262595605 1.59419303473 1.06279535648 0.0160981990191 
0.442971371812 1.60070943872 1.06713962581 0.0171702362533 
0.470705994999 1.60829772335 1.07219848223 0.0303847918912 
0.489843965064 1.61245406974 1.07496937982 0.0364193949096 
0.506830286403 1.61637527629 1.07758351753 0.0433919971622 
0.519665055752 1.61929715395 1.07953143597 0.0495471200959 
0.530053191862 1.62117554205 1.0807836947 0.0584383951516 
0.538519472298 1.62325996341 1.08217330894 0.0670848357194 
0.550168413837 1.62500891278 1.08333927519 0.0869801880937 
0.549407089068 1.62554585112 1.08369723408 0.0872876194344 
0.534411540012 1.62511553957 1.08341035972 0.0660409475406 
0.520135321692 1.62420201868 1.08280134578 0.0650616058897 
0.505130525956 1.62350576686 1.0823371779 0.0655578632731 
0.472163953259 1.62057388957 1.08038259304 0.0488846365815 
0.431791891865 1.61385973509 1.07590649006 0.0318379846641 
0.379238192128 1.60546058298 1.07030705532 0.0183355617095 
0.302958014032 1.59356263332 1.06237508888 0.000888718935657 
0.192742013665 1.57918900546 1.05279267031 -0.0157902256156 
-1.66332460091e-18 1.5619894539 1.0413263026 -0.0346329931196 
3.78800588198e-22 1.53979432107 1.02652954738 -0.0246020019241 
9.2183467113e-07 1.51300934965 1.00867289977 -0.0105456438083 
0.0605469155779 1.47834582992 0.985563886616 0.0136158100864 
0.13382444007 1.43035865196 0.953572434641 0.0403516051837 
0.1994457936 1.3869441971 0.924629464735 0.0661694180877 
0.273267558238 1.33426970366 0.889513135773 0.0820519851538 
0.360835321612 1.26552148046 0.84368098697 0.0807385024629 
0.41205546427 1.22425287708 0.816168584721 0.0842989515187 
0.454195690211 1.18758777671 0.791725184471 0.0849723377029 
0.494402490218 1.15256685497 0.768377903313 0.0795443372359 
0.497976035567 1.11812195187 0.74541463458 0.0742408090503 
0.554071318023 1.09541562292 0.730277081944 0.0693908098225 
0.557921026792 1.07330219487 0.715534796581 0.0631227605071 
0.560557333949 1.05978604069 0.706524027124 0.0589826571797 
0.341368338978 0.964347729065 0.642898486043 0.0571739200787 
0.172160260564 0.865018104027 0.576678736018 0.0761258676553 
0.0713709590711 0.754942632224 0.50329508815 0.125617955838 
0.0246892100547 0.64604904709 0.430699364727 0.217911481732 
0.00536187565255 0.64152622698 0.42768415132 0.211194849627 
-1.49756951851e-18 0.632994924289 0.421996616193 0.196511014183 
-2.83590822818e-21 0.663610358139 0.442406905426 0.200362787978 
1.36321471219e-21 0.692499550977 0.461666367318 0.204683393578 
1.36321471219e-21 0.692499550977 0.461666367318 0.204683393578 
-3.81893646352e-21 0.68344463095 0.455629753967 0.188179233034 
7.98543600306e-21 0.710044883986 0.473363255991 0.188774260929 
-1.68029199485e-21 0.74437560352 0.496250402347 0.1449051191 
-1.68029199485e-21 0.74437560352 0.496250402347 0.1449051191 
-5.58066711435e-22 0.724605503365 0.483070335577 0.136873013631 
4.13070511825e-21 0.7406058386 0.493737225733 0.14078437888 
4.13070511825e-21 0.7406058386 0.493737225733 0.14078437888 
-5.00848690118e-21 0.781554983962 0.521036655975 0.150546195281 
8.72892298222e-22 0.759785120756 0.506523413838 0.138149624553 
8.72892298222e-22 0.759785120756 0.506523413838 0.138149624553 
1.09597698623e-21 0.771819437945 0.514546291963 0.138476535241 
1.09597698623e-21 0.771819437945 0.514546291963 0.138476535241 
1.09597698623e-21 0.771819437945 0.514546291963 0.138476535241 
4.38801522936e-21 0.765076371656 0.510050914437 0.131558966273 
4.61436542996e-21 0.807762021302 0.538508014201 0.109068411253 
0.00836270543202 0.838679139364 0.559119426242 0.0949040430386 
0.0889838638515 0.946455876044 0.63097058403 0.0569895549679 
0.184733185992 1.02056710173 0.680378067822 0.0451389272266 
0.327725743361 1.08481043566 0.72320695711 0.040263649592 
0.491545614806 1.15214449831 0.768096332206 0.0496418617387 
0.435994330758 1.20102700682 0.800684671211 0.0575083164625 
0.378005238622 1.24933821615 0.832892144097 0.0634573083989 
0.325220137442 1.29127484795 0.860849898634 0.0648044230705 
0.254592043911 1.34468365628 0.896455770853 0.0602858373826 
0.19124129572 1.39070861739 0.927139078258 0.0480496594464 
0.127244206381 1.43358347243 0.955722314952 0.0319489999802 
0.0628740330385 1.47550533018 0.983670220121 0.00650830240916 
0.0118271517432 1.50851888469 1.00567925646 -0.0175253558109 
5.18955149695e-18 1.53615285359 1.0241019024 -0.0352680877121 
0.141474942196 1.55879826844 1.03919884563 -0.0302423492287 
0.243842508399 1.57176853119 1.04784568746 -0.0298104854867 
0.321675280176 1.58797801201 1.058652008 -0.0242789401524 
0.378894404496 1.60038443886 1.06692295924 -0.0273881193831 
0.427672573831 1.61408473826 1.07605649217 -0.0239716742965 
0.459987484211 1.62178652988 1.08119101992 -0.0327297753853 
0.495801000575 1.63055406574 1.08703604382 -0.0411177230324 
0.528690995921 1.64011584318 1.09341056212 -0.0467533802945 
0.555861156043 1.64752090553 1.09834727035 -0.0616989749126 
0.580483081212 1.6486949709 1.0991299806 -0.128347659248 
0.606529391592 1.65699215385 1.1046614359 -0.128080186421 
0.636844415249 1.67108472291 1.11405648194 -0.00966240261068 
0.655057475554 1.67838317336 1.11892211557 -0.0443059902205 
0.690368475452 1.68862485115 1.12574990077 -0.0605761036118 
0.720390671571 1.69579102713 1.13052735142 -0.0633595079045 
0.747293340562 1.70146806012 1.13431204008 -0.063970662704 
0.77437136407 1.70874314307 1.13916209538 -0.0724364357602 
0.80045384097 1.71465992177 1.14310661452 -0.0770405926634 
0.820156499114 1.71867503134 1.14578335423 -0.0795149086333 
0.834367285208 1.72184825252 1.14789883502 -0.0812295946624 
0.845858917248 1.72382912878 1.14921941919 -0.0812805610298 
0.854089508557 1.72571210692 1.15047473795 -0.0830187653642 
0.860442026286 1.72825461201 1.15216974134 -0.0857381567282 
0.863942797987 1.72817577433 1.15211718288 -0.0850367148847 
0.864772380571 1.72849045835 1.15232697224 -0.086796031083 
0.860660537212 1.7261224216 1.15074828107 -0.0848578028401 
0.847529213231 1.72055254919 1.1470350328 -0.0811517058981 
0.822566658109 1.71350278123 1.14233518749 -0.0819118694012 
0.787038896694 1.70283682938 1.13522455292 -0.0797129424699 
0.726048274032 1.68389158519 1.12259439013 -0.0828004260135 
0.660242761003 1.66306168085 1.10870778723 -0.10350613394 
0.590941104558 1.64412036578 1.09608024385 -0.00312486358579 
0.488014104087 1.61632064443 1.07754709629 -0.0358880167281 
0.359862595589 1.58345251684 1.05563501123 -0.037639098348 
0.1816511397 1.5526047235 1.03506981567 -0.0440622781907 
-3.13291917795e-19 1.5160938002 1.01072920013 -0.0396164838166 
0.070143262728 1.47035429198 0.980236194652 0.00550940630248 
0.149834826287 1.42052089736 0.947013931571 0.0506666854877 
0.24853190623 1.35394367496 0.90262911664 0.0866887551176 
0.325560888642 1.29799417936 0.865329452904 0.107708563468 
0.386729784522 1.24992721179 0.83328480786 0.116863856943 
0.438329421186 1.20661889907 0.80441259938 0.11814900241 
0.48121953223 1.1682758006 0.77885053373 0.114540846476 
0.48397687089 1.13536679003 0.756911193353 0.108236532978 
0.536108598591 1.11618836454 0.74412557636 0.10385333114 
0.539943103048 1.08799396706 0.725329311372 0.0952052196954 
0.543140955315 1.06613860027 0.710759066848 0.0878769006569 
0.287470884571 0.982243662428 0.654829108286 0.0987777411873 
0.176860773391 0.885950293684 0.590633529123 0.121292823474 
0.091414287367 0.792225894827 0.528150596551 0.170543386217 
0.0222546365912 0.713670185584 0.475780123723 0.287115278626 
0.00111865941522 0.703419097606 0.468946065071 0.277868486782 
1.59385390781e-18 0.712981396768 0.475320931178 0.22457379658 
6.40073123025e-21 0.732318086508 0.488212057672 0.226938114227 
-6.12221608319e-21 0.759313962902 0.506209308601 0.161479807114 
7.0680703362e-21 0.776951715484 0.517967810322 0.161059223618 
7.10443912349e-21 0.80636376935 0.537575846233 0.121391450254 
2.59900494531e-21 0.795777385431 0.530518256954 0.116346700315 
2.59900494531e-21 0.795777385431 0.530518256954 0.116346700315 
6.33205239585e-23 0.777110042717 0.518073361811 0.108572310977 
1.84893889592e-21 0.723923955402 0.482615970268 0.0954450103492 
1.53820963406e-21 0.657923515621 0.438615677081 0.0854101849548 
5.5463574041e-22 0.700287687383 0.466858458255 0.0956631555047 
5.5463574041e-22 0.700287687383 0.466858458255 0.0956631555047 
5.21873184171e-22 0.73366641852 0.48911094568 0.105526044234 
5.21873184171e-22 0.73366641852 0.48911094568 0.105526044234 
5.21873184171e-22 0.73366641852 0.48911094568 0.105526044234 
5.21873184171e-22 0.73366641852 0.48911094568 0.105526044234 
6.48027095226e-21 0.749071109102 0.499380739401 0.114582385731 
-5.67172294759e-22 0.786015907216 0.524010604811 0.127230077367 
-5.67172294759e-22 0.786015907216 0.524010604811 0.127230077367 
-5.67172294759e-22 0.786015907216 0.524010604811 0.127230077367 
-5.67172294759e-22 0.786015907216 0.524010604811 0.127230077367 
3.34891214983e-21 0.807791211463 0.538527474309 0.136206287526 
5.64613171328e-21 0.77659859997 0.51773239998 0.129883861058 
5.64613171328e-21 0.77659859997 0.51773239998 0.129883861058 
5.64613171328e-21 0.77659859997 0.51773239998 0.129883861058 
5.64613171328e-21 0.77659859997 0.51773239998 0.129883861058 
2.13988493461e-21 0.764786346798 0.509857564532 0.167664363818 
3.24261025102e-21 0.746403455241 0.497602303494 0.165994383858 
3.20365566639e-21 0.729635398345 0.486423598897 0.211997394139 
0.00197708573658 0.708344837488 0.472229891658 0.259590801877 
0.050315475001 0.673445031674 0.44896335445 0.242508917647 
0.180548368933 0.825402945979 0.550268630653 0.0905493983693 
0.325435693247 0.849894800739 0.566596533826 0.0643726095877 
0.643195039938 0.940668131405 0.627112087603 0.0481557407396 
0.713513789641 0.899402372861 0.599601581907 0.0454549030662 
0.743914932977 0.82139479359 0.54759652906 0.0436334159547 
0.803317679117 0.710923674002 0.473949116001 0.0378099968166 
0.804482817889 0.493717279329 0.329144852886 0.0380681464543 
0.897962742244 0.435394641729 0.290263094486 0.0356602279168 
0.885099386008 0.0934042992314 0.0622695328209 0.0472162482192 
0.969985946237 0.0722474335599 0.0481649557066 0.031391727982 
1.01322734258 9.0026314579e-18 6.00175430526e-18 0.027731487587 
1.05685934334 -1.34787421419e-22 -8.98582809458e-23 0.0216521796293 
1.09651778239 -1.23890481723e-23 -8.25936544817e-24 0.013893281792 
1.120166824 -6.16209376166e-23 -4.10806250777e-23 0.0139197066864 
1.14927903397 1.50033817167e-22 1.00022544778e-22 0.00795432393934 
1.16983347841 3.07623019374e-22 2.05082012916e-22 0.00290873550116 
1.16755135817 2.1350545354e-22 1.42336969027e-22 0.00774059101901 
1.16755135817 2.1350545354e-22 1.42336969027e-22 0.00774059101901 
1.1803491867 5.8819221832e-22 3.92128145546e-22 0.00407602545496 
1.1884206109 2.02867344315e-22 1.3524489621e-22 0.00523177232301 
1.19566906473 5.05205878543e-23 3.36803919029e-23 0.00502203151424 
1.20605872558 -3.0386185824e-22 -2.0257457216e-22 0.00112086921794 
1.20148866028 -2.54120855252e-23 -1.69413903502e-23 0.00687758255844 
1.21572127621 2.09287853708e-22 1.39525235805e-22 0.000643724505913 
1.20575476559 -3.94344033195e-23 -2.6289602213e-23 0.00814251884688 
1.19671744025 -3.17473369761e-22 -2.11648913174e-22 0.00754808597956 
1.19671744025 -3.17473369761e-22 -2.11648913174e-22 0.00754808597956 
1.20133772642 6.04907631976e-23 4.03271754651e-23 0.00556235622544 
1.20133772642 6.04907631976e-23 4.03271754651e-23 0.00556235622544 
1.21330751125 -3.91848185324e-23 -2.61232123549e-23 0.00187807453692 
1.20447269755 -1.25650904599e-22 -8.37672697329e-23 0.00797436920285 
1.16915261001 7.26141901642e-23 4.84094601095e-23 0.0147079680193 
1.10911805981 9.26988947617e-23 6.17992631745e-23 0.0228292848203 
1.02984159512 0.00405101623398 0.00270067748932 0.0366453430588 
0.94583998941 0.0135503074436 0.0090335382957 0.0481163529796 
0.859470443105 0.0310660140253 0.0207106760169 0.0584292281768 
0.765024306871 0.0615663028942 0.0410442019295 0.0767453929592 
0.805193467919 0.53399788212 0.35599858808 0.048589791334 
0.739268927855 0.579124233627 0.386082822418 0.065738738134 
0.773851610018 0.771775074064 0.514516716043 0.0572420113147 
0.752807898017 0.805041701064 0.536694467376 0.0604752782416 
0.737610383547 0.836243340108 0.557495560072 0.0559796842374 
0.719073380219 0.878515254763 0.585676836509 0.0605354657524 
0.700181044239 0.927685621426 0.61845708095 0.0667723298864 
0.687797471137 0.963231010519 0.642154007013 0.06710367477 
0.672725922067 1.00914472919 0.672763152796 0.0739240291862 
0.644427065884 1.0127031238 0.675135415863 0.0559107984947 
0.63948970824 1.02738719827 0.684924798844 0.0594964966502 
0.632480034299 1.0500483237 0.700032215797 0.0638548836415 
0.592227460592 1.05560598116 0.703737320771 0.0609863823044 
0.590036509078 1.06765010899 0.711766739326 0.0618679898002 
0.588201724057 1.07279320334 0.715195468893 0.0598043214726 
0.58562876162 1.081732799 0.721155199331 0.0590991754445 
0.582591745858 1.09076362675 0.727175751166 0.0591203612225 
0.579366330982 1.09607908054 0.730719387029 0.0587264711635 
0.577833618346 1.09032733232 0.726884888212 0.056506709771 
0.574677681377 1.10076681837 0.733844545579 0.0566216635397 
0.571429432831 1.10703862761 0.738025751739 0.056500823773 
0.567957157055 1.1139841127 0.742656075135 0.0569107993125 
0.567957157055 1.1139841127 0.742656075135 0.0569107993125 
0.567957157055 1.1139841127 0.742656075135 0.0569107993125 
0.567873675349 1.09469322044 0.729795480296 0.0560048622613 
0.570478970268 1.06871567087 0.712477113912 0.0549724012554 
0.614449715485 1.01816552448 0.678777016321 0.068030320489 
0.688051680274 0.921272682135 0.61418178809 0.0669739351032 
0.744533210988 0.789748134721 0.52649875648 0.0534107471711 
0.828571996244 0.652631220971 0.435087480647 0.0464196193435 
0.825647221795 0.268023843605 0.178682562403 0.0512419505418 
0.910218401981 0.0375648618489 0.0250432412326 0.0448526519718 
0.977862499902 0.0219621109609 0.0146414073073 0.0397923885039 
1.05508583091 5.20417042793e-18 3.46944695195e-18 0.0213195604145 
1.10503874224 -7.7932123932e-23 -5.1954749288e-23 0.0182721668763 
1.16530576672 7.70831721019e-23 5.13887814013e-23 0.00924444900923 
1.19063555512 6.22194236387e-22 4.14796157591e-22 0.00658151668022 
1.21542909515 4.40942404821e-22 2.93961603214e-22 0.00456171319513 
1.22486993125 3.89874543524e-22 2.5991636235e-22 0.00462298788921 
1.23905106003 -2.87479950747e-22 -1.91653300498e-22 0.00237994837892 
1.22589806513 2.89765005129e-22 1.93176670086e-22 0.00591981630483 
1.22850281 -2.73220164674e-22 -1.82146776449e-22 0.0056349638892 
1.23122444958 2.08196753917e-22 1.38797835944e-22 0.0045036738579 
1.23122444958 2.08196753917e-22 1.38797835944e-22 0.0045036738579 
1.23122444958 2.08196753917e-22 1.38797835944e-22 0.0045036738579 
1.23122444958 2.08196753917e-22 1.38797835944e-22 0.0045036738579 
1.22506356644 -4.41967240188e-22 -2.94644826792e-22 0.00644497244169 
1.21670158339 1.29228203028e-22 8.61521353522e-23 0.0082095566179 
1.20528009967 4.49371043939e-22 2.99580695959e-22 0.00999701653984 
1.18546415111 -1.31438005296e-22 -8.7625336864e-23 0.0133295378521 
1.18546415111 -1.31438005296e-22 -8.7625336864e-23 0.0133295378521 
1.14520100934 6.24435431592e-22 4.16290287728e-22 0.0212831000635 
1.09345490944 1.62630325873e-19 1.08420217249e-19 0.0317399040163 
1.05097722493 3.97197809504e-06 2.64798539669e-06 0.0374890201341 
0.973155469843 0.00944387627856 0.00629591751904 0.0550080049435 
0.860203325598 0.0326389274248 0.0217592849499 0.0828998277081 
0.810203744478 0.480223495081 0.320148996721 0.0754886195933 
0.773740977378 0.780525399398 0.520350266265 0.0869569708418 
0.680347955942 0.949119736774 0.632746491183 0.112192802856 
0.556998780399 1.0994113629 0.732940908598 0.139670400402 
0.379029207269 1.26007325993 0.840048839957 0.138477996796 
0.208415013727 1.38740250682 0.924935004545 0.100528170479 
0.640097859716 1.43237697986 0.954917986572 0.211911224201 
0.800989211755 1.46332437955 0.975549586368 0.306258875429 
0.77006064112 1.53555981745 1.02370654497 0.205759298706 
0.7753517631 1.58816454923 1.05877636615 0.0503946634283 
0.945082948467 1.51088382597 1.00725588398 -0.523598775598 
0.95822599614 1.53743795177 1.02495863451 -0.523598775598 
0.967406964468 1.56303927212 1.04202618141 -0.510396289653 
0.969865377366 1.60395017257 1.06930011505 -0.441868395016 
0.981690660641 1.62882132041 1.08588088027 -0.396955045876 
0.994983877552 1.64374033493 1.09582688995 -0.367657507068 
1.00588794105 1.65258271927 1.10172181285 -0.349882745629 
1.01366060515 1.65902074283 1.10601382855 -0.337831209588 
1.0195046783 1.66221264793 1.10814176529 -0.330508634993 
1.02393626239 1.66453142923 1.10968761949 -0.324954883171 
1.02670366436 1.66560939002 1.11040626002 -0.321648809402 
1.02794010296 1.66679984738 1.11119989825 -0.3195018111 
1.02699419918 1.66583195416 1.11055463611 -0.321718545587 
1.02054318164 1.66260191501 1.10840127668 -0.329112379366 
1.01077352857 1.65474589376 1.10316392917 -0.342540928305 
0.993712436436 1.63475129437 1.08983419625 -0.374643185201 
0.975944914447 1.59161830453 1.06107886969 -0.442988514371 
0.978263802893 1.53145953053 1.02097302035 -0.523598775598 
0.963192370942 1.49049971041 0.993666473604 -0.523598775598 
0.950458544888 1.44320827145 0.962138847633 -0.523598775598 
0.929773251336 1.39296140821 0.928640938805 -0.512810351546 
0.716749888618 1.44292037857 0.961946919048 0.182607599749 
0.3283372605 1.39248606285 0.928324041903 0.0546708092562 
0.322927376686 1.29492054013 0.863280360089 0.072799720314 
0.457313507095 1.18684274087 0.791228493912 0.0934128154624 
0.599110768045 1.0513417545 0.700894502999 0.0947271835552 
0.712339238149 0.905192810135 0.603461873423 0.0812835183457 
0.778229641347 0.732022261233 0.488014840822 0.0703514788459 
0.876077247833 0.593259088744 0.395506059163 0.0589440834905 
0.85597362416 0.177391394206 0.118260929471 0.0709716709287 
0.943064494791 0.152876553057 0.101917702038 0.0528066096539 
0.995791078863 -2.28693445606e-17 -1.52462297071e-17 0.0526961416828 
1.06519316242 1.49784838901e-22 9.98565592675e-23 0.0378198861029 
1.11570399894 2.01588705954e-22 1.34392470636e-22 0.0294794732683 
1.13286040633 2.2503162799e-22 1.50021085327e-22 0.0295464681372 
1.19110533213 0.145374296645 0.0969161977632 0.0224002039571 
1.2330920844 0.23178003886 0.154520025907 0.0191156893171 
1.2669175804 0.288841208985 0.19256080599 0.016836667852 
1.23755083952 0.221969954118 0.147979969412 0.0191738092515 
1.2217466178 0.183523672415 0.122349114943 0.0214722161597 
1.17862435695 0.0437747814483 0.0291831876322 0.0271382505301 
1.2147253516 0.163480876675 0.108987251117 0.0227459951114 
1.20914857469 0.153004806814 0.102003204543 0.0237367054247 
1.15713146376 2.02104365052e-17 1.34736243368e-17 0.0335662355694 
1.15114598976 2.43330572519e-19 1.62220381679e-19 0.0353116680404 
1.1454252749 -2.45937723125e-19 -1.63958482084e-19 0.0340385948649 
1.11796969465 7.06933502303e-19 4.71289001536e-19 0.0398315995889 
1.10598671829 2.32655675488e-18 1.55103783659e-18 0.0397338642989 
1.08132444881 1.01237279561e-18 6.74915197072e-19 0.0414748337846 
1.03947444423 0.00836580175676 0.00557720117117 0.0478866974448 
0.989149900562 0.0190123323082 0.0126748882054 0.055437958677 
0.918425301729 0.0356347812977 0.0237565208651 0.0680833380897 
0.845345825151 0.0529876991177 0.0353251327451 0.0777894423512 
0.776189299 0.0676455195518 0.0450970130345 0.0813796302538 
0.658535352627 1.23657863986e-16 8.24385759909e-17 0.139459594742 
0.547424337937 0.0476882554007 0.0317921702671 0.193828657069 
0.462731742181 0.0786977125776 0.0524651417184 0.217317662173 
0.348786539544 0.213844535441 0.142563023627 0.176757312045 
0.255291454645 0.288342846293 0.192228564196 0.149003368954 
0.125171979501 7.59018802326e-17 5.06012534884e-17 -0.101439483082 
0.0364937303592 6.3747751276e-18 4.24985008507e-18 -0.0747708583284 
1.55699104905e-16 0.00459619000882 0.00306412667255 -0.0550580998665 
1.23437882379e-21 0.00570834479016 0.00380556319344 -0.0411663040034 
-1.06958271425e-20 0.0752526039832 0.0501684026555 -0.03541502389 
-1.06958271425e-20 0.0752526039832 0.0501684026555 -0.03541502389 
-1.22321310776e-20 0.0821861284724 0.054790752315 -0.0211870771786 
-1.22321310776e-20 0.0821861284724 0.054790752315 -0.0211870771786 
-1.22321310776e-20 0.0821861284724 0.054790752315 -0.0211870771786 
-1.22321310776e-20 0.0821861284724 0.054790752315 -0.0211870771786 
4.98127841381e-21 0.101674444095 0.0677829627303 -0.00314838735123 
3.02717814045e-21 0.54992091005 0.366613940034 -0.288653320097 
3.02717814045e-21 0.54992091005 0.366613940034 -0.288653320097 
3.02717814045e-21 0.54992091005 0.366613940034 -0.288653320097 
3.02717814045e-21 0.54992091005 0.366613940034 -0.288653320097 
3.02717814045e-21 0.54992091005 0.366613940034 -0.288653320097 
3.02717814045e-21 0.54992091005 0.366613940034 -0.288653320097 
3.02717814045e-21 0.54992091005 0.366613940034 -0.288653320097 
3.02717814045e-21 0.54992091005 0.366613940034 -0.288653320097 
3.02717814045e-21 0.54992091005 0.366613940034 -0.288653320097 
3.02717814045e-21 0.54992091005 0.366613940034 -0.288653320097 
5.5137917437e-21 0.571530373385 0.381020248923 -0.295625903319 
5.5137917437e-21 0.571530373385 0.381020248923 -0.295625903319 
5.5137917437e-21 0.571530373385 0.381020248923 -0.295625903319 
5.5137917437e-21 0.571530373385 0.381020248923 -0.295625903319 
-1.66618248223e-21 0.550745588472 0.367163725648 -0.279236585935 
-1.66618248223e-21 0.550745588472 0.367163725648 -0.279236585935 
3.43527121453e-21 0.551456780362 0.367637853575 -0.191023065448 
5.45465852994e-21 0.522834156637 0.348556104425 -0.177714552767 
-4.57423537224e-21 0.0523900979838 0.0349267319892 0.0018434948453 
7.21373908616e-21 0.0507587853456 0.0338391902304 -0.0033253055743 
0.0455969588796 0.0239577309699 0.0159718206466 -0.00473038859197 
0.124570122093 0.0761569067936 0.0507712711957 -0.00694525348446 
0.23592234528 -3.68532709146e-17 -2.45688472764e-17 -0.00502411306328 
0.367698293054 0.0276622840593 0.0184415227062 -0.018590403338 
0.523599573628 0.134717847221 0.0898118981475 0.0329253533122 
0.680497488202 0.181589832272 0.121059888182 0.0227977181416 
0.81289992563 0.150757176072 0.100504784048 0.0243711048445 
0.900784644949 0.129670108773 0.0864467391817 0.0292521355413 
1.00244344807 0.1038420823 0.0692280548665 0.0252399928565 
1.08007548367 1.34086412469e-17 8.93909416463e-18 0.0258612776946 
1.1666457703 1.43807037313e-22 9.58713582087e-23 0.0208998677149 
1.23739493303 -3.65394596928e-22 -2.43596397952e-22 0.0178648196718 
1.28551312086 -6.72592648509e-23 -4.48395099006e-23 0.0170423123324 
1.32625477556 5.02454884551e-22 3.34969923034e-22 0.015981949379 
1.34498541691 2.56845024062e-22 1.71230016041e-22 0.0187643476424 
1.38656351993 -4.31329579071e-22 -2.87553052714e-22 0.0138365191752 
1.3982123161 8.59499409902e-22 5.72999606601e-22 0.0141601515706 
1.4031735042 6.05734709361e-22 4.03823139574e-22 0.0153311456556 
1.41674969076 4.3360775938e-23 2.89071839586e-23 0.0138443397999 
1.41633489925 6.45793674509e-22 4.30529116339e-22 0.0147783523443 
1.42020391558 -7.37355651946e-22 -4.91570434631e-22 0.0138426868567 
1.42263020306 1.25097929375e-21 8.33986195831e-22 0.0127500250471 
1.42006640248 -4.84144597077e-22 -3.22763064718e-22 0.0131623419761 
1.40963008346 4.43331126651e-22 2.95554084434e-22 0.0147967962752 
1.41512243507 3.27725283534e-22 2.18483522356e-22 0.0111627265452 
1.40765835286 -1.22966373839e-23 -8.19775825592e-24 0.0120597438792 
1.41205263337 6.84287240492e-23 4.56191493661e-23 0.0101345626329 
1.41464446296 -3.83391574308e-22 -2.55594382872e-22 0.00881703536747 
1.41391624413 1.16165165108e-21 7.74434434055e-22 0.00925913453793 
1.40372370567 -2.6290561936e-23 -1.75270412906e-23 0.00937396659514 
1.39989463846 1.16424039712e-22 7.76160264745e-23 0.00915356965868 
1.40120691281 2.452896221e-22 1.63526414733e-22 0.00992316115539 
1.40473654178 9.73624151164e-22 6.49082767442e-22 0.00864220973323 
1.39460169013 -1.80864017886e-22 -1.20576011924e-22 0.0102723325245 
1.4095036446 -4.75232098524e-22 -3.16821399016e-22 0.00704583920172 
1.41343966479 -4.63755322182e-22 -3.09170214788e-22 0.00539552064266 
1.41798139173 -8.44236987117e-22 -5.62824658078e-22 0.00338895162171 
1.41348665301 1.2907987978e-21 8.60532531868e-22 0.00466013419765 
1.39485018697 -5.12042053936e-22 -3.4136136929e-22 0.00880019780673 
1.39158966324 -7.236513477e-22 -4.824342318e-22 0.00824643666547 
1.37839225358 -5.06569202462e-22 -3.37712801642e-22 0.0114060333635 
1.37983341747 5.05175805629e-22 3.36783870419e-22 0.0101483163697 
1.37371344384 2.45386377676e-22 1.63590918451e-22 0.0106357159222 
1.35803627561 7.17887797681e-22 4.7859186512e-22 0.0139173819494 
1.36134350912 -9.47900009396e-22 -6.31933339597e-22 0.0132747430708 
1.33303275822 -2.48879889252e-22 -1.65919926168e-22 0.015417489401 
1.29417862347 -2.24813304166e-22 -1.49875536111e-22 0.0173731898245 
1.22817216586 1.02263170449e-18 6.81754469662e-19 0.0210564626615 
1.15383666791 -1.15802759962e-17 -7.72018399745e-18 0.018720907111 
1.05773278779 1.99236089419e-17 1.32824059613e-17 0.0184922391247 
0.949257514569 0.0220781059491 0.0147187372994 0.020534798663 
0.791444706712 0.0576382775946 0.0384255183964 0.0284233205238 
0.802777490291 0.556153183143 0.370768788762 0.0161547956495 
0.560551244905 0.416743516589 0.27782901106 0.0268770280608 
0.396825345345 0.361639106191 0.241092737461 0.051146668453 
0.275513764878 0.282612225301 0.1884081502 0.153892421703 
0.200345860087 0.354490033754 0.236326689169 0.133981121088 
0.152967601127 0.372187079944 0.248124719962 0.0888993291757 
0.099008998622 0.239351870158 0.159567913439 -0.116268318573 
0.0762005471713 0.176945400298 0.117963600199 -0.0682235056616 
0.0606534410531 0.150885399521 0.100590266348 -0.0531731913358 
0.0478986583128 0.178366132126 0.11891075475 -0.049888002235 
0.0409590882804 0.195175089186 0.130116726124 -0.0495254228412 
0.0341423264586 0.242167330094 0.161444886729 -0.0561159009778 
0.0326095496658 0.235312681075 0.156875120717 -0.0527110572836 
0.0334506152861 0.212411802688 0.141607868459 -0.0493358796354 
0.0315392542372 0.231770773003 0.154513848669 -0.0510059893228 
0.0272918653076 0.326960903714 0.217973935809 -0.0797768693978 
0.030453313172 0.29933505611 0.199556704074 -0.0672832480775 
0.0313182320976 0.289674145884 0.193116097256 -0.0614391274257 
0.0307454223821 0.388518504697 0.259012336465 -0.12877916927 
0.0324481030066 0.396754642453 0.264503094968 -0.149981114046 
0.0341864215545 0.385610721281 0.257073814188 -0.128491075542 
0.0370045203098 0.387385202284 0.258256801523 -0.131982760203 
0.0399917290832 0.326387545804 0.217591697203 -0.0793095080147 
0.0444431099907 0.380636404381 0.253757602921 -0.130659466517 
0.0532941493759 0.385681869552 0.257121246368 -0.142861879146 
0.0604099954613 0.367831914674 0.24522127645 -0.10011099357 
0.0664477713923 0.306324135959 0.204216090639 -0.0477090234829 
0.0719983247326 0.345501033683 0.230334022455 -0.0645468987466 
0.0786450991654 0.366251073117 0.244167382078 -0.0974429426546 
0.079823365733 0.25963452831 0.17308968554 -0.026120458736 
0.081210975787 0.289951563238 0.193301042158 -0.0339463015864 
0.080490721935 0.268357491654 0.178904994436 -0.0256251897466 
0.0847155960019 0.177066199145 0.118044132763 -0.0141578772024 
0.101254059565 0.264116913144 0.176077942096 -0.0259435789327 
0.120754792811 0.274245045093 0.182830030062 -0.0341800991264 
0.145528866376 0.212744978125 0.141829985416 0.000364587617252 
0.185967680629 0.183224265485 0.122149510323 0.0149113163501 
0.241074841864 0.168672854233 0.112448569488 0.0815594404135 
0.307086701084 0.140651446656 0.0937676311039 0.0693648858719 
0.442699609518 0.248933053472 0.165955368982 -0.022245413953 
0.598280578179 0.370094191586 0.246729461057 -0.0116777251495 
0.803477842463 0.54867472034 0.365783146893 -0.00194666988763 
0.833067779001 0.247806040294 0.165204026863 -0.0019859130342 
0.951869490942 0.209507245478 0.139671496985 0.00210898650128 
1.0299326763 -3.04847758644e-17 -2.03231839096e-17 0.0098761253017 
1.14120929998 2.79403774682e-22 1.86269183121e-22 0.0126977636414 
1.21917572682 1.79606194915e-22 1.19737463277e-22 0.0189686724533 
1.30099981697 3.29032261833e-22 2.19354841222e-22 0.013978425892 
1.36449912517 -6.77858666626e-23 -4.51905777751e-23 0.0138616999583 
1.41250149213 9.57863860224e-22 6.38575906816e-22 0.0129769433583 
1.43685816972 -4.24045863171e-22 -2.82697242114e-22 0.0157451676515 
1.46492694368 3.0002897784e-22 2.0001931856e-22 0.0159209551772 
1.48749843636 2.01971254924e-21 1.34647503283e-21 0.0145115725196 
1.5012070979 -4.20123224909e-22 -2.80082149939e-22 0.0138286214922 
1.50230850365 1.33437846108e-21 8.89585640721e-22 0.0157965197926 
1.50163338989 -9.81274748563e-22 -6.54183165709e-22 0.0172546484235 
1.50543208921 -9.41665903484e-22 -6.2777726899e-22 0.0170347982287 
1.50543208921 -9.41665903484e-22 -6.2777726899e-22 0.0170347982287 
1.50543208921 -9.41665903484e-22 -6.2777726899e-22 0.0170347982287 
1.50543208921 -9.41665903484e-22 -6.2777726899e-22 0.0170347982287 
1.4984820147 9.03692411695e-22 6.02461607797e-22 0.0178955779838 
1.49116988837 1.39875388765e-22 9.32502591765e-23 0.0190977972644 
1.49637022845 4.4807176549e-22 2.98714510327e-22 0.0172575668423 
1.49630240848 -5.38444482452e-22 -3.58962988302e-22 0.0189006449107 
1.49374078489 1.15007532045e-21 7.66716880297e-22 0.0186455115138 
1.49983334415 -3.30997727702e-22 -2.20665151801e-22 0.016388219983 
1.49112748571 4.1902243143e-22 2.7934828762e-22 0.0186909244175 
1.48013108455 3.86915466116e-22 2.57943644077e-22 0.0209707923755 
1.48202363837 3.65046641126e-22 2.43364427417e-22 0.0191714268803 
1.47222621388 1.42512318472e-21 9.50082123144e-22 0.021902515676 
1.46357703557 -6.02165780367e-22 -4.01443853578e-22 0.0236703206501 
1.47632571691 5.78045934264e-22 3.85363956176e-22 0.0201385580628 
1.47632571691 5.78045934264e-22 3.85363956176e-22 0.0201385580628 
1.47597214007 -5.99678199588e-22 -3.99785466392e-22 0.0211103850599 
1.47597214007 -5.99678199588e-22 -3.99785466392e-22 0.0211103850599 
1.47988257709 3.62274671941e-22 2.41516447961e-22 0.0199844995812 
1.48618737839 3.93010317734e-22 2.62006878489e-22 0.017894170927 
1.47721250274 8.21681310887e-22 5.47787540591e-22 0.0185602137417 
1.45455139382 8.38496132426e-22 5.58997421617e-22 0.0244740228116 
1.43303595154 1.01511575018e-22 6.76743833451e-23 0.0282758569932 
1.41067508056 7.55361931821e-22 5.03574621214e-22 0.0308950180793 
1.37239557877 -1.59861418035e-22 -1.0657427869e-22 0.0358547356129 
1.33508091825 -1.34926358178e-22 -8.99509054517e-23 0.0367349976361 
1.27619095666 6.44373922554e-22 4.29582615036e-22 0.0389415610419 
1.17538219488 -3.33385609797e-19 -2.22257073198e-19 0.0397061199982 
1.07489239772 7.1373465329e-18 4.75823102194e-18 0.0441394147694 
0.972592282935 0.0184475857488 0.0122983904992 0.0516781692377 
0.857758006682 0.0437777918162 0.0291851945441 0.0671333931081 
0.810470887271 0.366896392339 0.244597594893 0.0518402944673 
0.801820088036 0.618106327437 0.412070884958 0.0449797853765 
0.727544831038 0.68447725135 0.456318167567 0.0417526865743 
0.629566257032 0.71758283134 0.478388554226 0.0415011249085 
0.463728086996 0.63824013239 0.425493421593 0.0503436991371 
0.372723751944 0.586364454929 0.390909636619 0.0581224859522 
0.330274557362 0.622419832446 0.414946554964 0.0561504779647 
0.277055451129 0.541327546294 0.360885030863 0.0713536398201 
0.250522376286 0.518212143638 0.345474762425 0.0793706306812 
0.243211235127 0.553196285765 0.368797523843 0.0713410953716 
0.237695266808 0.586808243795 0.391205495863 0.0654402767268 
0.231065596912 0.593047574061 0.395365049374 0.0620255997359 
0.218628520965 0.538130310395 0.358753540263 0.0718311259293 
0.223649270772 0.593238550185 0.39549236679 0.0603124405244 
0.221908096022 0.584138110587 0.389425407058 0.0573793193105 
0.233929868829 0.636082149438 0.424054766292 0.0473133887136 
0.232182971659 0.605820930443 0.403880620295 0.0469474552135 
0.237309028928 0.603654837853 0.402436558569 0.0464147670513 
0.258197415525 0.677831278073 0.451887518715 0.0369500185591 
0.270232383326 0.705117104364 0.470078069576 0.0304154366039 
0.278406214793 0.697534800318 0.465023200212 0.0251133605354 
0.295853597835 0.713668860387 0.475779240258 0.0219133491849 
0.298691801034 0.683420563345 0.455613708897 0.0212876436823 
0.317323883379 0.706525304431 0.471016869621 0.0184074249614 
0.335008842186 0.723833933655 0.48255595577 0.011491776729 
0.356414341536 0.750259592169 0.500173061446 0.00370627528292 
0.367116094662 0.78726830147 0.524845534313 -0.00209047992771 
0.31988837446 0.760094151966 0.506729434644 -0.00613663855363 
