0.0 0.0 0.0 0.0 
4.49105101301e-21 0.398764698642 0.265843132428 0.434917646796 
4.49105101301e-21 0.398764698642 0.265843132428 0.434917646796 
4.49105101301e-21 0.398764698642 0.265843132428 0.434917646796 
4.49105101301e-21 0.398764698642 0.265843132428 0.434917646796 
4.49105101301e-21 0.398764698642 0.265843132428 0.434917646796 
4.49105101301e-21 0.398764698642 0.265843132428 0.434917646796 
4.49105101301e-21 0.398764698642 0.265843132428 0.434917646796 
4.49105101301e-21 0.398764698642 0.265843132428 0.434917646796 
4.49105101301e-21 0.398764698642 0.265843132428 0.434917646796 
4.49105101301e-21 0.398764698642 0.265843132428 0.434917646796 
4.49105101301e-21 0.398764698642 0.265843132428 0.434917646796 
4.49105101301e-21 0.398764698642 0.265843132428 0.434917646796 
4.49105101301e-21 0.398764698642 0.265843132428 0.434917646796 
4.49105101301e-21 0.398764698642 0.265843132428 0.434917646796 
4.49105101301e-21 0.398764698642 0.265843132428 0.434917646796 
4.49105101301e-21 0.398764698642 0.265843132428 0.434917646796 
4.49105101301e-21 0.398764698642 0.265843132428 0.434917646796 
4.49105101301e-21 0.398764698642 0.265843132428 0.434917646796 
1.56301024205e-21 0.352088466873 0.234725644582 0.456482874 
1.56301024205e-21 0.352088466873 0.234725644582 0.456482874 
1.56301024205e-21 0.352088466873 0.234725644582 0.456482874 
1.56301024205e-21 0.352088466873 0.234725644582 0.456482874 
1.56301024205e-21 0.352088466873 0.234725644582 0.456482874 
1.56301024205e-21 0.352088466873 0.234725644582 0.456482874 
1.56301024205e-21 0.352088466873 0.234725644582 0.456482874 
1.56301024205e-21 0.352088466873 0.234725644582 0.456482874 
1.56301024205e-21 0.352088466873 0.234725644582 0.456482874 
1.56301024205e-21 0.352088466873 0.234725644582 0.456482874 
1.56301024205e-21 0.352088466873 0.234725644582 0.456482874 
1.56301024205e-21 0.352088466873 0.234725644582 0.456482874 
1.56301024205e-21 0.352088466873 0.234725644582 0.456482874 
1.56301024205e-21 0.352088466873 0.234725644582 0.456482874 
1.56301024205e-21 0.352088466873 0.234725644582 0.456482874 
1.56301024205e-21 0.352088466873 0.234725644582 0.456482874 
1.56301024205e-21 0.352088466873 0.234725644582 0.456482874 
1.56301024205e-21 0.352088466873 0.234725644582 0.456482874 
1.56301024205e-21 0.352088466873 0.234725644582 0.456482874 
1.56301024205e-21 0.352088466873 0.234725644582 0.456482874 
1.56301024205e-21 0.352088466873 0.234725644582 0.456482874 
1.56301024205e-21 0.352088466873 0.234725644582 0.456482874 
1.56301024205e-21 0.352088466873 0.234725644582 0.456482874 
9.70723299776e-20 0.371827723003 0.247885148668 0.447268927227 
0.00595118681359 0.373336550747 0.248891033831 0.44589812146 
0.0749780733127 0.30199893978 0.20133262652 0.454783530514 
0.143160508912 0.256173362579 0.17078224172 0.523598775598 
0.167326631729 0.247654713149 0.165103142099 0.523598775598 
0.187040514012 0.243242926994 0.162161951329 0.523598775598 
0.18768564028 0.22950035261 0.153000235073 0.300823252559 
0.187964718253 0.224190109756 0.149460073171 0.223413268676 
0.217686517619 0.191095823292 0.127397215528 0.223386146954 
0.248996570294 0.155545217426 0.103696811617 0.221456072905 
0.265192435535 0.12952674724 0.0863511648267 0.221231809021 
0.299966839521 0.130201570464 0.0868010469757 0.120563755462 
0.397599857903 0.299193283347 0.199462188898 -0.0487534881789 
0.439167556509 0.335897357477 0.223931571651 -0.0340038180594 
0.459687720394 0.304036164703 0.202690776469 -0.0374355995246 
0.481979245844 0.376902335164 0.251268223443 -0.0273857146891 
0.500071408421 0.340297488729 0.226864992486 -0.0295646650808 
0.510179655961 0.332932604682 0.221955069788 -0.0309759139585 
0.512259835229 0.170203826984 0.113469217989 -0.0607029807225 
0.539442102876 0.237469652905 0.158313101936 -0.0442985851599 
0.567453551811 0.194501580001 0.129667720001 -0.0470590927278 
0.575442781731 0.0720645662492 0.0480430441661 -0.0736146846398 
0.600476571858 0.0559626999764 0.037308466651 -0.069565099534 
0.657262620276 0.223692080489 0.149128053659 -0.0287367044877 
0.707417828691 0.34639029291 0.23092686194 -0.0194015727199 
0.848019109648 0.553345850987 0.368897233991 -0.00910016619505 
0.919477567601 0.619849332968 0.413232888645 -0.00687193086571 
0.918797415076 0.620552671905 0.41370178127 -0.00353873008416 
0.920300636504 0.618770916061 0.41251394404 -0.00327330094786 
0.925453460219 0.612590956828 0.408393971219 -0.00390341764622 
0.929452470763 0.607799515914 0.405199677276 -0.00537587871464 
0.887484889544 0.656274583899 0.437516389266 0.0042677692827 
0.888252125954 0.656161243093 0.437440828728 0.00145829102436 
0.881852900996 0.667784627443 0.445189751629 0.0020403048511 
0.869879417831 0.68909930797 0.459399538647 0.00456008674994 
0.853411251645 0.722097152574 0.481398101716 0.00881638052969 
0.849070045942 0.735470091386 0.490313394258 0.0112773823631 
0.834322724748 0.77476367905 0.516509119367 0.0130748549685 
0.813748232796 0.832545360293 0.555030240195 0.0189093910787 
0.794595394355 0.89857302016 0.599048680107 0.0277646026436 
0.786160728934 0.935690562375 0.62379370825 0.0374154986859 
0.781506100641 0.959523580305 0.63968238687 0.0407253049568 
0.771115113574 0.99805815549 0.66537210366 0.0393126517297 
0.769302333742 1.00199757052 0.667998380349 0.039945170016 
0.766291206565 1.01543201155 0.676954674368 0.0422618129443 
0.69943563893 1.0493794488 0.699586299199 0.0458435630706 
0.574857521824 1.17376697587 0.782511317245 0.0677179052754 
0.574389695459 1.20558183669 0.803721224463 0.0730593448031 
0.518361799319 1.22606786007 0.817378573382 0.0692963913692 
0.518583086667 1.24846740758 0.832311605052 0.0722320666526 
0.473895251702 1.26595214789 0.843968098593 0.0663431424592 
0.474385075224 1.28664220775 0.857761471833 0.0688464420727 
0.432220764465 1.30227931101 0.86818620734 0.0632190399736 
0.432775800438 1.31786522125 0.878576814167 0.0646936977963 
0.380454754513 1.34629346603 0.897528977356 0.055887041158 
0.380195255967 1.36230433743 0.908202891618 0.0538484464056 
0.317560885872 1.3979893294 0.931992886266 0.0430139786463 
0.505514199671 1.40893949232 0.93929299488 0.0691657810875 
0.677045257724 1.42113196774 0.947421311826 0.124308245087 
0.764505453829 1.42597170044 0.950647800296 0.176730458168 
0.857431169586 1.41896578054 0.945977187024 0.275174993676 
0.994802369637 1.35862155362 0.905747702411 0.499861464766 
0.974695189738 1.44017264298 0.96011509532 0.42534165418 
0.961574238138 1.48378681738 0.989191211584 0.351167723736 
0.950252082016 1.53625727143 1.02417151428 0.139751001755 
0.955246883722 1.55208710436 1.03472473624 -0.0840646602949 
0.962550684636 1.55078882714 1.03385921809 -0.243807335605 
0.953918571975 1.50888122572 1.00592081715 -0.523598775598 
1.01120321663 1.56907416321 1.04604944214 -0.523598775598 
1.03464616052 1.58933288447 1.05955525632 -0.523598775598 
1.05509797047 1.59937676708 1.06625117805 -0.523598775598 
1.06807106058 1.60806174273 1.07204116182 -0.523598775598 
1.11707076143 1.63186176052 1.08790784034 -0.481909378829 
1.14482650684 1.64191460026 1.09460973351 -0.45488132035 
1.17364248731 1.65113855751 1.10075903834 -0.432420606498 
1.19075067786 1.65897086392 1.10598057595 -0.418957828848 
1.20044417185 1.66142069968 1.10761379979 -0.413291831725 
1.20450964178 1.66317583712 1.10878389142 -0.411046880685 
1.22067013927 1.66654902823 1.11103268549 -0.404727993057 
1.22322293603 1.66712614342 1.11141742894 -0.403660780162 
1.22287195937 1.6676210323 1.11174735486 -0.40396879594 
1.22097285055 1.66675000938 1.11116667292 -0.405215435316 
1.21603030502 1.66530722537 1.11020481691 -0.40764836393 
1.21505444701 1.66411102944 1.10940735296 -0.409427835151 
1.21096988715 1.66286893254 1.10857928836 -0.412150100618 
1.20794418025 1.66304187961 1.10869458641 -0.413271103351 
1.2032991988 1.66242219045 1.1082814603 -0.415703779739 
1.19738149799 1.66052839686 1.10701893124 -0.419573275447 
1.1912324868 1.65895823339 1.1059721556 -0.424030517568 
1.17726757099 1.65636374477 1.10424249651 -0.432792738753 
1.15730524336 1.65202640337 1.10135093558 -0.446347231452 
1.11315281608 1.63799679162 1.09199786108 -0.486769249306 
1.07445231251 1.62066219199 1.08044146133 -0.523598775598 
1.03807275051 1.597580749 1.06505383267 -0.523598775598 
1.00320502581 1.57542264642 1.05028176428 -0.523598775598 
0.972401049502 1.55098564653 1.03399043102 -0.523598775598 
0.933822091021 1.5135107981 1.00900719873 -0.523598775598 
0.906234101952 1.48345589432 0.988970596215 -0.523598775598 
0.939600552611 1.5351516342 1.0234344228 0.171024858514 
0.949196848315 1.49737013999 0.998246759997 0.321622454175 
0.968287445416 1.43217462254 0.954783081695 0.434400316766 
0.965387957774 1.42609606992 0.950730713278 0.4341373363 
0.991787994519 1.37059677036 0.913731180239 0.491626969142 
0.829385638502 1.41257273445 0.9417151563 0.223872412013 
0.78142299382 1.41081055693 0.940540371284 0.17962175908 
0.625606283582 1.38954810405 0.926365402702 0.0930666155293 
0.358698287349 1.36362457209 0.909083048062 0.0437301239252 
0.407074796822 1.32359383601 0.882395890673 0.0477363249283 
0.4089971149 1.29856789916 0.865711932775 0.0511676766757 
0.459041633748 1.27922163833 0.852814425555 0.0564353644316 
0.458520629247 1.26037888984 0.840252593229 0.0547014317347 
0.458628343226 1.2480648879 0.832043258601 0.0536136277604 
0.504031468467 1.23965331447 0.826435542982 0.0581810702483 
0.50376180453 1.2175428671 0.811695244731 0.05528579465 
0.553546167079 1.19503842577 0.796692283848 0.0533049098614 
0.553541407742 1.18898329058 0.792655527055 0.0531857351158 
0.554068361168 1.15504138366 0.77002758911 0.0485646026235 
0.617206319414 1.13099262694 0.753995084626 0.0543458482564 
0.632949930647 1.09645707031 0.730971380208 0.0396578294118 
0.644351557649 1.07950136587 0.71966757725 0.0487271109032 
0.694565416162 1.05499595541 0.703330636939 0.0414611459931 
0.69887222374 1.008697232 0.672464821332 0.0338224555353 
0.752506748143 0.987909576842 0.658606384561 0.0337250076239 
0.76253982166 0.922513708644 0.615009139096 0.0200924637667 
0.818426750772 0.89636544676 0.597576964507 0.0198118307869 
0.835316730693 0.837330866436 0.558220577624 0.012309888876 
0.854603919447 0.790268688049 0.526845792032 0.005568354333 
0.863841277837 0.772357109478 0.514904739652 0.0010146826413 
0.869278291716 0.763412551988 0.508941701325 0.00233998772101 
0.869278291716 0.763412551988 0.508941701325 0.00233998772101 
0.886172851063 0.731255726073 0.487503817382 0.00110608708766 
0.889991165134 0.725307516734 0.483538344489 0.00268027012429 
0.89587332718 0.715638576824 0.477092384549 0.00182814076713 
0.902413098967 0.704785413166 0.469856942111 0.00186117020164 
0.921155325005 0.673853707114 0.449235804743 -0.00190629360519 
0.929535381416 0.661143545947 0.440762363964 0.00110819167504 
0.925315421558 0.667041848503 0.444694565669 0.00346082619362 
0.918554276945 0.677048965765 0.451365977177 0.00678388516715 
0.913512653836 0.684877369972 0.456584913315 0.00839695626256 
0.904237919272 0.699323289757 0.466215526505 0.0108802030087 
0.899095493468 0.707589874332 0.471726582888 0.0129371954467 
0.891866610319 0.719423268199 0.479615512133 0.0138640012722 
0.877975680448 0.74314150415 0.495427669433 0.0143494458354 
0.862696016816 0.770335836996 0.513557224664 0.0117881168747 
0.856594342125 0.781241191453 0.520827460969 0.00978308018718 
0.855161518106 0.782345449044 0.521563632696 0.00712875736452 
0.848544601958 0.793866239355 0.52924415957 0.00845908953749 
0.844131133013 0.800443533357 0.533629022238 0.00740637674696 
0.840409834706 0.804778173394 0.536518782263 0.00705900923668 
0.837104430661 0.808216979461 0.538811319641 0.00387280976063 
0.831755623376 0.815597467817 0.543731645211 0.00352648521563 
0.819638852118 0.840514855188 0.560343236792 0.00626597229253 
0.814872457762 0.847761961834 0.565174641223 0.00117538230516 
0.807538002277 0.861873836106 0.574582557404 0.00231356599274 
0.806479601184 0.858850996792 0.572567331194 -0.00288865906106 
0.800803217759 0.867352894327 0.578235262885 -0.000401005578266 
0.794760616746 0.876826075196 0.584550716798 -0.00249557110134 
0.78694761591 0.892946795265 0.59529786351 -0.00180529657162 
0.784103686423 0.891858282049 0.594572188033 -0.00672615123569 
0.776602245757 0.907225815257 0.604817210172 -0.00552859013481 
0.771185892231 0.916482394672 0.610988263115 -0.00811426110182 
0.766330754216 0.921962823516 0.614641882344 -0.00794286407752 
0.75964911313 0.937764622197 0.625176414798 -0.00764312094916 
0.753644381628 0.954011201159 0.63600746744 -0.00988703709938 
0.747511010627 0.97491961462 0.649946409747 -0.0143910167739 
0.744505563071 0.985637926027 0.657091950685 -0.0162658639765 
0.740383409715 1.00670418908 0.671136126052 -0.0167972122115 
0.738640281826 1.02269294834 0.681795298891 -0.0173028244888 
0.739124804085 1.03188713563 0.687924757089 -0.0181511335003 
0.740205974656 1.04350770379 0.695671802529 -0.0179352732556 
0.740205974656 1.04350770379 0.695671802529 -0.0179352732556 
1.56994130366 1.07174179214 0.714494528093 0.0899508644078 
1.56669514966 1.07388738387 0.71592492258 0.0904449947365 
1.56238144429 1.07484168626 0.716561124176 0.0905042872269 
1.56597907836 1.07330986325 0.715539908836 0.089261413392 
1.56276297958 1.07423852412 0.716159016078 0.0895378284797 
1.56538234523 1.0728363798 0.715224253199 0.0891069024931 
1.57079632679 1.06931225766 0.712874838443 0.0856794254291 
1.57079632679 1.06821129 0.712140860001 0.0836952071985 
1.5682061105 1.07030427612 0.713536184077 0.086568467156 
1.57079632679 1.06699060447 0.711327069643 0.0813203384383 
1.57058111245 1.06922688069 0.712817920462 0.0847287972107 
1.56567042548 1.07071230047 0.713808200313 0.085979598553 
1.55959878629 1.07243605528 0.71495737019 0.0851448354818 
1.5625536396 1.07141544187 0.714276961247 0.083892083894 
1.5636232067 1.07114840472 0.71409893648 0.084094533808 
1.56856232918 1.06979198493 0.713194656621 0.0834727632279 
1.56401786106 1.07095010727 0.713966738181 0.0841692537231 
1.55862917111 1.07253919312 0.715026128745 0.0851143906136 
1.56318131437 1.07130820198 0.71420546799 0.0848171683946 
1.55605586138 1.07323205487 0.71548803658 0.0846616375538 
1.56086694205 1.06992774716 0.713285164777 0.0834232806486 
1.56751601094 1.06724788912 0.711498592748 0.0815748442988 
1.55851200372 1.06937493156 0.712916621038 0.0823961847371 
1.56334439713 1.06668709342 0.711124728944 0.0805770965813 
1.56466727576 1.06400444414 0.70933629609 0.0775711034829 
1.56799684055 1.06046600881 0.706977339204 0.0757094919682 
1.55902519529 1.06343072104 0.708953814026 0.0760775598081 
1.56634413717 1.06175664888 0.707837765923 0.0758735383434 
1.56579407518 1.06181241697 0.707874944644 0.0757762810785 
1.55836971524 1.06297119855 0.708647465701 0.0756276204517 
1.55663591349 1.06078514981 0.707190099873 0.0738535686938 
1.54334423461 1.06100503051 0.707336687004 0.072813040032 
1.5238908581 1.06188351673 0.707922344488 0.0717601356088 
1.50574590465 1.06098261506 0.707321743372 0.0685232565088 
1.48933745838 1.05599743474 0.703998289829 0.0633412044993 
1.49110857798 1.04700004038 0.698000026917 0.0578092983657 
1.47548744776 1.03876938263 0.692512921755 0.0524086770515 
1.45322180662 1.03727396029 0.691515973526 0.0505626662008 
1.42705095751 1.03596963091 0.690646420604 0.048404085846 
1.43265229945 1.02840212709 0.685601418058 0.046333177776 
1.43051328558 1.02328006517 0.682186710111 0.0436386536322 
1.42829304544 1.01798362776 0.678655751839 0.0416100982473 
1.41312311469 1.01674043085 0.677826953899 0.0403314259693 
1.40857379535 1.00933686257 0.672891241713 0.0374844212116 
1.40282761578 1.00248261236 0.668321741572 0.0341371832722 
1.39461619047 0.997202237009 0.664801491339 0.0314465812847 
1.36999122458 0.995166630989 0.663444420659 0.0303929186291 
1.35525732809 0.9881540222 0.658769348134 0.0276217300391 
1.33784405089 0.987928575294 0.658619050196 0.0266250826037 
1.32334437604 0.978037676764 0.652025117842 0.0229007730603 
1.30214306441 0.974421981406 0.649614654271 0.0209306156662 
1.2780643943 0.967497810179 0.64499854012 0.0183485780549 
1.21494925912 0.950605338889 0.633736892592 0.013414108164 
1.17822101889 0.937519996394 0.625013330929 0.0108905559414 
1.19179942252 0.915090383277 0.610060255518 0.00802025600347 
1.10222371351 0.866506280031 0.577670853354 0.00172475365131 
1.07769004483 0.82746893453 0.551645956354 -0.00212481618689 
0.88384725633 0.752893679001 0.501929119334 -0.00283157164128 
0.886015972804 0.748675192657 0.499116795105 -0.000267271345269 
0.891784349839 0.737720367036 0.491813578024 -0.001363142844 
0.892824594079 0.735746025179 0.490497350119 0.00138460767719 
0.888851260015 0.743115078799 0.495410052532 0.0053499806794 
0.872359175373 0.77615742813 0.51743828542 0.00911276695481 
0.865454355045 0.792327486652 0.528218324434 0.0164529801771 
0.862830814453 0.800310152282 0.533540101521 0.0141895734881 
0.856835233056 0.816255994288 0.544170662859 0.0206157741596 
0.853935419708 0.825264575455 0.550176383637 0.022509856904 
0.842907394206 0.856464868113 0.570976578742 0.0348451368698 
0.842907394206 0.856464868113 0.570976578742 0.0348451368698 
0.828144350667 0.903484191246 0.602322794164 0.0484565014452 
0.766391923559 0.965423406628 0.643615604419 0.0589941326296 
0.761489752343 0.994681099164 0.663120732776 0.066490173204 
0.706874158792 1.03658606242 0.691057374947 0.069487415334 
0.703367402629 1.07144770311 0.714298468741 0.0773930769227 
0.632654437043 1.11344090288 0.742293935256 0.0870205816623 
0.588902651473 1.16304529332 0.775363528879 0.0865499911697 
0.544607985963 1.19875318309 0.799168788727 0.0943502939358 
0.489962522421 1.24951198109 0.833007987393 0.0938130259726 
0.450265502869 1.28575286124 0.857168574162 0.0858898153598 
0.386935388972 1.34124854973 0.894165699819 0.0738324840056 
0.346485245339 1.37516586694 0.916777244626 0.062557698685 
0.347447663127 1.39357929768 0.929052865122 0.0546787304032 
0.295036311826 1.41661234791 0.944408231939 0.042767656076 
0.295488814713 1.42527399128 0.950182660851 0.043020729696 
0.532537532401 1.42753204425 0.9516880295 0.0846971023422 
0.694572708822 1.43623740487 0.957491603247 0.146800534406 
0.782029388172 1.43675893098 0.957839287323 0.208148610032 
0.964008384193 1.37076337903 0.913842252684 0.484331025992 
0.970127953073 1.39040120779 0.926934138525 0.48928434169 
0.952934959315 1.43144234412 0.954294896083 0.433632100798 
0.962420123963 1.46600739928 0.977338266187 0.386838549151 
0.96152913151 1.50630383414 1.0042025561 0.28472162164 
0.967440506112 1.54460337377 1.02973558251 -0.0155813300289 
0.976838060715 1.5470056469 1.03133709794 -0.16981814458 
0.976220869209 1.54225468923 1.02816979282 -0.3198928975 
0.955411946786 1.50150823547 1.00100549031 -0.523598775598 
0.962249037396 1.51262247036 1.00841498024 -0.523598775598 
0.975422819874 1.52798910949 1.01865940632 -0.523598775598 
0.987655571305 1.54171901639 1.0278126776 -0.523598775598 
1.00458464501 1.56109035993 1.04072690662 -0.523598775598 
1.01717443376 1.57239823377 1.04826548918 -0.523598775598 
1.03243528184 1.58161699696 1.05441133131 -0.523598775598 
1.04142925337 1.59054351839 1.06036234559 -0.523598775598 
1.05548211516 1.59820953038 1.06547302025 -0.523598775598 
1.06653238254 1.60666130924 1.07110753949 -0.523598775598 
1.0759935877 1.61093188123 1.07395458749 -0.523598775598 
1.09385552469 1.62185150957 1.08123433971 -0.502182335246 
1.10846222188 1.62999167651 1.08666111768 -0.481870094599 
1.12251281888 1.63744916474 1.0916327765 -0.463732773744 
1.13146845951 1.64158336058 1.09438890705 -0.45313039221 
1.1454777515 1.6489662061 1.09931080406 -0.437275648965 
1.15350385198 1.65378177067 1.10252118045 -0.428591298029 
1.16129431283 1.65642850071 1.10428566714 -0.421732506056 
1.17020726145 1.6604757343 1.10698382287 -0.413352152313 
1.17371198097 1.6617620472 1.1078413648 -0.410732874481 
1.1757822758 1.66287970732 1.10858647155 -0.408909950697 
1.17654164015 1.66298449477 1.10865632985 -0.409482196489 
1.17665276382 1.66407331651 1.10938221101 -0.408815908844 
1.17699359547 1.66458209371 1.10972139581 -0.408523161281 
1.17632669398 1.66415803136 1.10943868757 -0.408977764621 
1.17661843195 1.66552220315 1.11034813543 -0.408277949418 
1.17687642215 1.66476200642 1.10984133761 -0.408800711306 
1.17475036187 1.66332558052 1.10888372035 -0.411502151216 
1.17416623328 1.66450971859 1.10967314573 -0.411034372913 
1.17454520177 1.66506372133 1.11004248089 -0.410351927256 
1.17715173048 1.66512661848 1.11008441232 -0.409021296573 
1.17833273667 1.66681416582 1.11120944388 -0.407487067663 
1.17856617003 1.66655671224 1.11103780816 -0.407703868798 
1.17858517397 1.6671033973 1.11140226487 -0.408214766581 
1.17830090591 1.66660592525 1.11107061683 -0.408955195005 
1.17703289898 1.66714975972 1.11143317315 -0.409430946742 
1.17226050637 1.66533862027 1.11022574684 -0.413568295971 
1.16791586096 1.66419982117 1.10946654745 -0.416163602718 
1.15511409957 1.66270277708 1.10846851805 -0.423986654589 
1.13164837126 1.65761771887 1.10507847925 -0.440814334877 
1.06003659732 1.63214284804 1.08809523203 -0.515533835468 
1.01287738609 1.60739560193 1.07159706796 -0.523598775598 
0.939913944 1.55295186314 1.0353012421 -0.523598775598 
0.890015485808 1.50238481673 1.00158987782 -0.523598775598 
0.906299517482 1.51380317401 1.009202116 0.299231216477 
0.949061147302 1.3757165319 0.917144354597 0.477531477576 
0.718095956827 1.41786166644 0.945241110957 0.179895058981 
0.33391294947 1.38597640048 0.923984266985 0.0652740741567 
0.399830432583 1.3302514897 0.886834326469 0.0750119035906 
0.399377885704 1.31981115326 0.879874102174 0.07382998302 
0.443451703248 1.29200046087 0.861333640583 0.0838655661544 
0.487579081341 1.25265501835 0.835103345563 0.084668140009 
0.48720607362 1.23465935229 0.823106234858 0.081774134175 
0.558463388341 1.18723720171 0.791491467805 0.0846887402522 
0.633601880116 1.11441603885 0.742944025899 0.0779743533854 
0.766403881283 0.967862480309 0.645241653539 0.0480093007571 
0.773788729811 0.924176775873 0.616117850582 0.0372288770308 
0.794484523295 0.877947601359 0.585298400906 0.0365086182474 
0.821002396034 0.818976689611 0.545984459741 0.0241976095612 
0.835435081456 0.791558972911 0.527705981941 0.014251023274 
0.849262092884 0.769005380368 0.512670253578 0.0137685942412 
0.861917789087 0.749388293954 0.499592195969 0.0103278192242 
0.883492647606 0.71421785728 0.476145238187 0.00688096007617 
0.894557574366 0.698627827872 0.465751885248 0.00509234702903 
0.899242155618 0.69214864058 0.461432427053 0.00188153298696 
0.903196893919 0.686428240351 0.457618826901 0.000561563260242 
0.897529947333 0.695458121768 0.463638747845 0.00157232127882 
0.890816420419 0.706410298935 0.47094019929 0.00263986297691 
0.885199524432 0.715920301097 0.477280200732 0.0031285227966 
0.877912593887 0.728526444888 0.485684296592 0.00580090725074 
0.875819471531 0.731995523244 0.487997015496 0.00389647499107 
0.875750310276 0.731771876576 0.487847917717 -0.000281104433276 
0.864766388726 0.750242503652 0.500161669101 -0.000818066191644 
0.849405513531 0.777198256831 0.518132171221 -0.00239579301759 
0.834956469904 0.804120401407 0.536080267605 -0.0021260289051 
0.816948028709 0.84135125551 0.560900837006 -0.00674524368742 
0.803549364576 0.871302491814 0.580868327876 -0.00920839012428 
0.790690164657 0.904583929864 0.603055953243 -0.0108369303746 
0.785942283546 0.915445514012 0.610297009341 -0.0130552316037 
0.779880451241 0.932978345141 0.621985563427 -0.012614812026 
0.772891533859 0.959320629634 0.639547086423 -0.0135810492287 
0.768608881438 0.982267407131 0.654844938088 -0.0150199187677 
0.766262830539 1.00442783688 0.669618557917 -0.0155423736543 
0.766653914458 1.02010794231 0.680071961543 -0.0155079870277 
0.766653914458 1.02010794231 0.680071961543 -0.0155079870277 
1.5573939451 1.06190853528 0.707939023518 0.0803065220823 
1.5664033014 1.06338114499 0.708920763326 0.0822107290447 
1.56924845687 1.06830728215 0.712204854765 0.0838951727483 
1.57079632679 1.06722312549 0.711482083662 0.0792997215599 
1.57079632679 1.06744068038 0.711627120256 0.0766666269822 
1.57079632679 1.07203523757 0.71469015838 0.0814839737555 
1.57079632679 1.07280315046 0.715202100309 0.0829222147596 
1.57079632679 1.07326268632 0.715508457548 0.0840385671879 
1.57079632679 1.07119284329 0.714128562194 0.0821835070584 
1.57079632679 1.07144663236 0.714297754907 0.0825563908703 
1.57079632679 1.07221115478 0.714807436518 0.0841726314108 
1.57079632679 1.07246139345 0.714974262303 0.0847801552148 
1.57079632679 1.07059704917 0.713731366117 0.0819934064271 
1.57079632679 1.06674447298 0.711162981985 0.0792240711298 
1.57079632679 1.06490853892 0.709939025947 0.0796954899387 
1.57079632679 1.06191002652 0.707940017679 0.0765313636325 
1.57079632679 1.0613745491 0.707583032732 0.0755937096694 
1.57079632679 1.05751892622 0.705012617479 0.0704870972451 
1.57079632679 1.05787840415 0.705252269434 0.0731350721355 
1.57079632679 1.05423924437 0.702826162912 0.0716517356045 
1.57079632679 1.05039811926 0.700265412839 0.0715332926477 
1.56197914176 1.04702904245 0.698019361632 0.0694734937684 
1.53655832143 1.0409848718 0.693989914536 0.0645692715947 
1.5270256433 1.03858715736 0.692391438242 0.0633586283686 
1.51282937852 1.02623906776 0.684159378505 0.0567045099811 
1.49252578691 1.0005156075 0.667010404998 0.0465804178583 
1.46047464037 0.975313952935 0.650209301956 0.0384367224409 
1.42394735539 0.922713564434 0.61514237629 0.0252050970322 
1.39546647479 0.872201727494 0.581467818329 0.0174108761993 
1.34029231697 0.792168790225 0.528112526817 0.0105757795418 
1.23001012772 0.693631124965 0.462420749976 0.00695290175283 
1.11502258444 0.474726606956 0.316484404637 0.00478010392692 
1.10934843168 -7.84184734241e-16 -5.22789822827e-16 0.0149209553216 
1.21210328736 1.05003536639e-22 7.00023577591e-23 0.0260740946713 
1.32207739958 8.69902517788e-22 5.79935011859e-22 0.0315299811164 
1.38451532172 9.05069517476e-23 6.03379678318e-23 0.0291541989071 
1.42045184208 5.97044797011e-22 3.98029864674e-22 0.0360185503416 
1.45171794616 -2.03646644137e-23 -1.35764429424e-23 0.034127290734 
1.48852981063 1.10209873522e-21 7.34732490147e-22 0.0300439376152 
1.51830261659 7.29718979516e-22 4.86479319677e-22 0.0326690002605 
1.55361961777 1.83060202565e-23 1.22040135043e-23 0.0274054092637 
1.56532566077 -1.36482159265e-21 -9.09881061767e-22 0.0283816933365 
1.57060350118 3.82197939338e-22 2.54798626225e-22 0.0284476644454 
1.56048262662 -7.54968319773e-22 -5.03312213182e-22 0.0316469384188 
1.5621527746 3.77249310847e-22 2.51499540565e-22 0.0306697545571 
1.56087509996 -2.15874712827e-22 -1.43916475218e-22 0.0327580905336 
1.56068744201 6.41893810901e-22 4.27929207267e-22 0.0308329427272 
1.57079632679 -1.33488660455e-21 -8.89924403033e-22 0.0248414447796 
1.56638346495 4.04739239022e-22 2.69826159348e-22 0.0270946657975 
1.55302108768 4.66213249798e-22 3.10808833198e-22 0.0299464106554 
1.55047536629 2.74513813363e-22 1.83009208908e-22 0.0316755419791 
1.55047536629 2.74513813363e-22 1.83009208908e-22 0.0316755419791 
1.54512260419 -5.07591751373e-22 -3.38394500915e-22 0.0331264410126 
1.53991401474 2.27519801833e-22 1.51679867888e-22 0.0347808536289 
1.52927647081 6.70931124492e-22 4.47287416328e-22 0.0354453831186 
1.53093996887 -3.70921659922e-22 -2.47281106615e-22 0.0330375672076 
1.51108179974 -3.97490714508e-22 -2.64993809672e-22 0.037154045328 
1.51108179974 -3.97490714508e-22 -2.64993809672e-22 0.037154045328 
1.50270065773 3.39438058444e-22 2.26292038963e-22 0.0356303129535 
1.49861275627 -4.19032902282e-22 -2.79355268188e-22 0.0361960829364 
1.47535362964 5.96603981528e-22 3.97735987686e-22 0.0414769392726 
1.43847245778 -4.42320787812e-22 -2.94880525208e-22 0.0472679013431 
1.40344538278 -3.54418537307e-22 -2.36279024871e-22 0.0539659393457 
1.35427718383 -1.04721339556e-21 -6.98142263705e-22 0.0554015892712 
1.29271520139 1.50834415134e-22 1.00556276756e-22 0.0650490650466 
1.16157757191 1.40602277153e-17 9.3734851435e-18 0.0722372217135 
1.08105845213 0.00595619343074 0.0039707956205 0.0763575232244 
0.975517856111 0.029258514443 0.0195056762954 0.0809529981593 
0.898651976341 0.0542913812875 0.0361942541917 0.0815303425143 
0.925329791574 0.448187303357 0.298791535571 0.0454528321867 
0.910208938677 0.667182523017 0.444788348678 0.0321175548362 
0.876657348334 0.715860721082 0.477240480721 0.0233077200139 
0.848929702651 0.766080046855 0.510720031237 0.0196712557782 
0.817580153533 0.830253427019 0.553502284679 0.0134213266302 
0.805193564737 0.860388240149 0.573592160099 0.0088264964528 
0.789597039333 0.902905210846 0.601936807231 0.00286536345009 
0.780784471638 0.930873348562 0.620582232375 -0.000627301713426 
0.776681562678 0.945114205273 0.630076136849 -0.00445453423176 
0.773720128979 0.956841594262 0.637894396175 -0.00703089122626 
0.772147084052 0.964261185961 0.642840790641 -0.00749798486675 
0.772147084052 0.964261185961 0.642840790641 -0.00749798486675 
0.772147084052 0.964261185961 0.642840790641 -0.00749798486675 
0.772147084052 0.964261185961 0.642840790641 -0.00749798486675 
0.772147084052 0.964261185961 0.642840790641 -0.00749798486675 
0.772147084052 0.964261185961 0.642840790641 -0.00749798486675 
0.773236685339 0.959642709007 0.639761806004 -0.00923844508489 
0.773236685339 0.959642709007 0.639761806004 -0.00923844508489 
0.773236685339 0.959642709007 0.639761806004 -0.00923844508489 
0.772102388717 0.964934119 0.643289412666 -0.00689993025507 
0.772102388717 0.964934119 0.643289412666 -0.00689993025507 
0.772102388717 0.964934119 0.643289412666 -0.00689993025507 
0.771281437304 0.970297340343 0.646864893562 -0.00570027377739 
0.772742942604 0.964985174768 0.643323449846 -0.0071048695221 
0.772742942604 0.964985174768 0.643323449846 -0.0071048695221 
0.771852803694 0.970977082468 0.647318054979 -0.00554627984483 
0.77429026431 0.960787294097 0.640524862731 -0.00781126328119 
0.77429026431 0.960787294097 0.640524862731 -0.00781126328119 
0.773494906777 0.965552239518 0.643701493012 -0.00693276978356 
0.773494906777 0.965552239518 0.643701493012 -0.00693276978356 
0.773494906777 0.965552239518 0.643701493012 -0.00693276978356 
0.775582890238 0.955935486145 0.637290324097 -0.00722650501804 
0.782501736615 0.919860722126 0.613240481417 -0.0101200212857 
0.788474309525 0.887609179303 0.591739452868 -0.0117888682556 
0.235624107617 3.99362201691e-18 2.66241467794e-18 -0.00241498985454 
0.373913308275 4.7834552504e-06 3.18897016693e-06 -0.0987367293907 
0.541255230482 0.0624257415772 0.0416171610515 0.0416550052903 
0.926250203779 0.540507385914 0.360338257276 0.0148466182381 
0.983467810741 0.487794921425 0.325196614284 0.0177535113524 
0.939825820631 0.193677166453 0.129118110968 0.0243004651296 
0.992294762045 0.173917353653 0.115944902436 0.0270836473639 
1.03176060592 -4.54940323332e-17 -3.03293548888e-17 0.0369379895986 
1.09496455129 -6.73070342929e-23 -4.48713561952e-23 0.0382851549021 
1.16869872577 -2.64006412891e-22 -1.76004275261e-22 0.0252210805872 
1.23589387729 3.65692904397e-22 2.43795269598e-22 0.0228667401353 
1.26169278084 1.63835890747e-22 1.09223927165e-22 0.0191898277566 
1.31118091284 9.81462271866e-22 6.54308181244e-22 0.0159318959613 
1.3635033258 -7.33387218719e-22 -4.88924812479e-22 0.0102539269956 
1.38664453463 -2.49617899006e-23 -1.66411932671e-23 0.0107959019688 
1.429264789 -4.0512786299e-22 -2.70085241993e-22 0.00775801801965 
1.4525610274 2.01978418431e-22 1.34652278954e-22 0.00610701793102 
1.47649232084 8.46550412738e-23 5.64366941825e-23 0.00361543865903 
1.46086126633 4.29382478725e-22 2.86254985817e-22 0.00838530672643 
1.469006668 5.4911757624e-22 3.6607838416e-22 0.00719044591443 
1.48389934556 -2.80756604705e-22 -1.87171069804e-22 0.00456743139401 
1.47256176744 -3.01846716319e-22 -2.01231144213e-22 0.00777413920172 
1.48290293768 1.95008234677e-21 1.30005489785e-21 0.00427210391411 
1.46664033681 -8.63108583665e-22 -5.75405722443e-22 0.00741430775997 
1.4606535359 -4.37708658088e-24 -2.91805772059e-24 0.00825911194153 
1.4606535359 -4.37708658088e-24 -2.91805772059e-24 0.00825911194153 
1.46739290388 8.38980722409e-22 5.59320481606e-22 0.00720670914552 
1.46259685601 -3.20932156605e-22 -2.1395477107e-22 0.00797213222402 
1.46386062648 1.05590556493e-22 7.03937043284e-23 0.00713442275899 
1.4605636699 2.36605997919e-22 1.57737331946e-22 0.00663390507463 
1.46361195078 2.36037216991e-22 1.5735814466e-22 0.00533651439303 
1.45801092574 -2.35770678158e-22 -1.57180452105e-22 0.00620139951885 
1.45764890199 1.54604745883e-23 1.03069830589e-23 0.00602183211013 
1.45971177652 -4.8910997063e-22 -3.26073313754e-22 0.004921223934 
1.46385165256 5.79591543832e-22 3.86394362555e-22 0.00427565823095 
1.45363802512 -3.86613059079e-22 -2.57742039386e-22 0.00725899086651 
1.45100611195 3.71308857964e-22 2.47539238643e-22 0.00750747049959 
1.45506316656 -2.00682873635e-22 -1.33788582423e-22 0.00600215848731 
1.46110111118 7.5800297208e-22 5.0533531472e-22 0.00513108228334 
1.47346945721 0.00459420008883 0.00306280005922 0.00305256786265 
1.45716345335 -4.15686731541e-18 -2.77124487694e-18 0.00653622741227 
1.45533587558 4.1111423737e-22 2.74076158246e-22 0.00737858800399 
1.47991903414 -1.69528804614e-22 -1.13019203076e-22 0.00247207743204 
1.46972137124 -7.3924711232e-22 -4.92831408213e-22 0.00560768935895 
1.47614120984 1.36268251293e-21 9.08455008617e-22 0.00614622579586 
1.46629223909 1.52212988161e-21 1.0147532544e-21 0.00927238295942 
1.46629223909 1.52212988161e-21 1.0147532544e-21 0.00927238295942 
1.47366310152 1.28866144462e-21 8.59107629745e-22 0.00886573781248 
1.47910342024 7.21518815403e-22 4.81012543602e-22 0.00833266067629 
1.4701651294 -3.38717195368e-22 -2.25811463579e-22 0.0113074701305 
1.46142277862 4.64736367868e-22 3.09824245246e-22 0.0117268516595 
1.44892161331 3.34955073447e-23 2.23303382298e-23 0.00937174186711 
1.33299063461 -3.66658378493e-18 -2.44438918995e-18 0.0238843195551 
1.22544537956 1.30586739062e-18 8.70578260411e-19 0.0399874070453 
1.08300766441 0.0163079181519 0.0108719454346 0.0630780038677 
0.92644694376 0.338193546697 0.225462364465 0.0616342116109 
0.912883625987 0.651205421985 0.43413694799 0.0352381383846 
0.485106983974 0.628516338938 0.419010892625 0.0303795340263 
0.188618608063 0.44367816492 0.29578544328 0.0959529624577 
0.00474824291324 0.527229923112 0.351486615408 0.0759675163605 
3.14389674134e-17 0.6447493719 0.4298329146 -0.0106868536782 
-4.54336954896e-22 0.78189718663 0.521264791086 -0.0242241963259 
-4.54336954896e-22 0.78189718663 0.521264791086 -0.0242241963259 
-4.54336954896e-22 0.78189718663 0.521264791086 -0.0242241963259 
-4.54336954896e-22 0.78189718663 0.521264791086 -0.0242241963259 
7.63551476761e-22 0.756140270807 0.504093513871 -0.018827181595 
7.63551476761e-22 0.756140270807 0.504093513871 -0.018827181595 
-1.88787368326e-21 0.736982994167 0.491321996111 -0.0171214809439 
1.18028140506e-20 0.712876304549 0.475250869699 -0.0187028716893 
8.43124623043e-22 0.690678222449 0.460452148299 -0.017934166228 
-4.3921892963e-22 0.628777965193 0.419185310129 -0.0180514094456 
0.00456682725079 0.498744917022 0.332496611348 -0.00773431515061 
0.0604999085622 0.470319199533 0.313546133022 0.195009878467 
0.135755838126 0.419674380686 0.279782920457 0.180888105218 
0.206953590082 0.489954161555 0.326636107703 0.0414151749021 
0.291338489418 0.486971256742 0.324647504495 0.036127508948 
0.374099175592 0.475926154263 0.317284102842 0.0335526898208 
0.525768890308 0.572827561 0.381885040666 0.0230521872784 
0.897170328713 0.724493333638 0.482995555758 0.0209827671286 
0.948847400422 0.63093395339 0.420622635593 0.0213002003691 
0.926667767536 0.443811550606 0.295874367071 0.0311145340908 
0.988067484335 0.401147166192 0.267431444128 0.0308122048108 
0.955281451422 0.112396467607 0.0749309784045 0.0528872406727 
1.0352750147 0.085323753366 0.056882502244 0.0440520304442 
1.09788294575 0.0616771019988 0.0411180679992 0.0482134159243 
1.1331289911 -2.60460810355e-17 -1.73640540237e-17 0.0521375931218 
1.14410424567 1.59669813175e-23 1.06446542116e-23 0.0537656196741 
1.18214711482 4.97648275372e-23 3.31765516915e-23 0.0446954395891 
1.20076270815 3.66031577805e-22 2.4402105187e-22 0.0498451521508 
1.22997698361 2.8584393547e-22 1.90562623647e-22 0.0412678677326 
1.23568616284 -2.19220958715e-22 -1.4614730581e-22 0.0444789933715 
1.25290971352 -3.79786902952e-23 -2.53191268634e-23 0.0448848198265 
1.27885787428 1.76764882642e-22 1.17843255094e-22 0.0405985011371 
1.2984081961 3.15912545838e-24 2.10608363892e-24 0.0385582513453 
1.29775218803 -1.87675341205e-23 -1.25116894137e-23 0.0404443565829 
1.31863446703 6.96817708198e-22 4.64545138799e-22 0.0355160712787 
1.33776842399 -6.4569605039e-22 -4.30464033593e-22 0.0340984882631 
1.33713387301 3.1267024158e-22 2.0844682772e-22 0.037097768276 
1.35020123292 -2.45140957328e-22 -1.63427304885e-22 0.036055534491 
1.38776743704 -2.46990458902e-22 -1.64660305935e-22 0.0297186527483 
1.39408996624 -1.14614827971e-22 -7.64098853137e-23 0.03080460237 
1.39408996624 -1.14614827971e-22 -7.64098853137e-23 0.03080460237 
1.40743053775 -8.72956826304e-22 -5.81971217536e-22 0.0280284480411 
1.41126660138 -4.71152415775e-22 -3.14101610517e-22 0.0273781724957 
1.3990050529 3.00439206719e-22 2.00292804479e-22 0.0317328620342 
1.39521435934 2.49878226031e-22 1.6658548402e-22 0.0322657136142 
1.39373523302 -2.38255247243e-22 -1.58836831495e-22 0.0297373850394 
1.38341013485 -2.01958355559e-22 -1.34638903706e-22 0.0303379804039 
1.34990251931 2.28433273988e-22 1.52288849325e-22 0.0347592781342 
1.35050387714 -2.95727772703e-22 -1.97151848468e-22 0.0319748802677 
1.30041751049 2.94573252705e-23 1.9638216847e-23 0.0394594021984 
1.24440092616 3.70609183705e-22 2.47072789137e-22 0.0447436849047 
1.20582014998 6.0335792984e-22 4.02238619894e-22 0.0497045267485 
1.16401257114 -6.48353971526e-19 -4.32235981017e-19 0.0522004623679 
1.10340331825 9.81476858821e-19 6.54317905881e-19 0.0608458682816 
1.04732155631 0.0109251208284 0.00728341388558 0.0637528923444 
0.988690943767 0.0257323969059 0.0171549312706 0.0686638417737 
0.936692890005 0.0416988822067 0.0277992548044 0.0710020647769 
0.866479885862 0.0657766553434 0.0438511035623 0.0724731804884 
0.922547242928 0.566347239641 0.377564826427 0.0388348632454 
0.911288828537 0.577690237852 0.385126825235 0.0376401938521 
0.88706162885 0.603391994292 0.402261329528 0.0322674406982 
0.873726616727 0.619614989645 0.413076659764 0.0291591675737 
0.854705706247 0.645802621185 0.43053508079 0.0330476063314 
0.849984640639 0.6534580973 0.435638731533 0.0280307770492 
0.848414636633 0.658496294961 0.438997529974 0.0292172009167 
0.858959556179 0.646918137425 0.431278758283 0.0288264095877 
0.906725685833 0.684564744779 0.456376496519 0.0307217606152 
0.91545983744 0.670856172511 0.447237448341 0.0304355495423 
0.931845834887 0.645993604232 0.430662402821 0.0281309288626 
0.949719177161 0.620450624145 0.41363374943 0.0270786084593 
0.957704093202 0.608796950172 0.405864633448 0.0275764644191 
0.958272796488 0.606281392125 0.40418759475 0.0293979762374 
0.969612544289 0.589199032913 0.392799355275 0.0285364108367 
0.969612544289 0.589199032913 0.392799355275 0.0285364108367 
0.986795398064 0.566030768108 0.377353845406 0.0265997843974 
0.926765309818 0.475354203689 0.316902802459 0.0284431399236 
0.938442137536 0.466669790567 0.311113193711 0.0280542820711 
0.943580468052 0.462153966201 0.308102644134 0.0302694385029 
0.950083839374 0.456697567473 0.304465044982 0.0294003706976 
0.948679987797 0.457220959564 0.304813973043 0.0317023022786 
0.948679987797 0.457220959564 0.304813973043 0.0317023022786 
0.937328943797 0.463857589285 0.309238392856 0.0338844607612 
0.937328943797 0.463857589285 0.309238392856 0.0338844607612 
0.957365426819 0.44827398772 0.298849325147 0.0263250866591 
0.943066155719 0.456720771913 0.304480514609 0.0290405286971 
0.934592673576 0.461841519138 0.307894346092 0.0307913289685 
0.926565874415 0.467231253523 0.311487502349 0.0318656137921 
0.91231825807 0.47792884317 0.31861922878 0.0330125880929 
0.913457227659 0.477097419404 0.318064946269 0.028160004886 
0.887817277288 0.497533996264 0.331689330842 0.0311261974984 
0.872411099513 0.511683127334 0.34112208489 0.0282150350032 
0.84958073433 0.533006983377 0.355337988918 0.0269480903925 
0.917405717976 0.631741242364 0.421160828243 0.019732872864 
0.905627897858 0.646576089327 0.431050726218 0.017056995445 
0.8729745941 0.689628848697 0.459752565798 0.0182081794215 
0.866639652653 0.697303952313 0.464869301542 0.014380523251 
0.849522633296 0.721125334552 0.480750223035 0.0148500670008 
0.482352978706 0.378915985041 0.252610656694 0.0362767336316 
0.39055028622 0.228152381361 0.152101587574 0.0763264714482 
0.243738170501 0.116423032416 0.0776153549441 -0.120236240327 
0.213851434124 0.121423350641 0.0809489004271 -0.0902169874966 
0.121653909796 0.1066729418 0.0711152945334 -0.0470323760661 
0.0741851527014 0.0395752899385 0.0263835266256 -0.0301803253045 
0.0334514147858 0.1445380639 0.0963587092666 -0.0364869302252 
-1.46859718283e-17 0.220321865772 0.146881243848 -0.0436051785625 
1.25325960435e-21 0.301530709386 0.201020472924 -0.0645852117854 
1.25325960435e-21 0.301530709386 0.201020472924 -0.0645852117854 
1.25325960435e-21 0.301530709386 0.201020472924 -0.0645852117854 
1.25325960435e-21 0.301530709386 0.201020472924 -0.0645852117854 
1.25325960435e-21 0.301530709386 0.201020472924 -0.0645852117854 
1.25325960435e-21 0.301530709386 0.201020472924 -0.0645852117854 
1.25325960435e-21 0.301530709386 0.201020472924 -0.0645852117854 
1.25325960435e-21 0.301530709386 0.201020472924 -0.0645852117854 
1.25325960435e-21 0.301530709386 0.201020472924 -0.0645852117854 
1.14799178432e-20 0.144600724102 0.0964004827344 -0.023464625149 
-9.12922370729e-21 0.266390363428 0.177593575619 -0.0365162860183 
-9.12922370729e-21 0.266390363428 0.177593575619 -0.0365162860183 
4.03746261589e-21 0.31477910089 0.209852733927 -0.0219695910717 
-1.08326028067e-20 0.425323319697 0.283548879798 -0.0801818085788 
-2.27679160866e-21 0.336477944126 0.224318629417 -0.0460506938627 
4.49951734928e-21 0.420579286982 0.280386191321 -0.0817370042151 
0.00929649244188 0.383585719541 0.255723813027 -0.0615519078628 
0.0190130393691 0.337758154531 0.22517210302 -0.0497646678904 
0.0315699177651 0.407561608533 0.271707739022 -0.113546808926 
0.0526879486686 0.408748783195 0.272499188797 -0.180407305928 
0.0815492122997 0.479590959326 0.319727306217 0.220806473831 
0.136632800443 0.587602794814 0.391735196543 0.0679392733787 
0.2127836739 0.669339950493 0.446226633662 0.0511948344522 
0.298733431981 0.721913610765 0.48127574051 0.0450212700817 
0.402983660201 0.74759398678 0.498395991186 0.0398810621098 
0.514800443969 0.777523704578 0.518349136386 0.0367721231314 
0.625116715381 0.80675792376 0.53783861584 0.0367835960675 
0.836306780058 0.863425289811 0.575616859874 0.0383577247725 
0.835136896206 0.867232617696 0.578155078464 0.0428429216864 
0.838906911368 0.854014599294 0.569343066196 0.0473662210604 
0.840471779708 0.849103491549 0.566068994366 0.0458855556564 
0.842133103847 0.844363591527 0.562909061018 0.0490716621307 
0.846055650887 0.832755573658 0.555170382439 0.0473824348251 
0.84393267309 0.839971119727 0.559980746485 0.054771437175 
0.84393267309 0.839971119727 0.559980746485 0.054771437175 
0.839561334594 0.854206626014 0.569471084009 0.0684482492769 
0.843946980595 0.837668689231 0.558445792821 0.0853076788305 
0.842680858472 0.840422711984 0.560281807989 0.0949160513913 
0.839866790085 0.847143792103 0.564762528069 0.107380012762 
0.835225959377 0.858498567669 0.572332378446 0.123599269473 
0.830887387701 0.863921505231 0.575947670154 0.131630066187 
0.82157750891 0.891472685373 0.594315123582 0.153264356309 
0.7535750879 0.906206784685 0.604137856457 0.177663053206 
0.746621262968 0.95022060549 0.63348040366 0.205584474963 
0.65834045065 0.994761660018 0.663174440012 0.232776375403 
0.655987282459 1.03428262915 0.689521752767 0.256769413846 
0.586965984142 1.09464358903 0.729762392684 0.250136205818 
0.586548905065 1.12919710298 0.752798068654 0.267131684078 
0.481913035981 1.20724369821 0.804829132141 0.25838537626 
0.478649275729 1.2556060572 0.837070704798 0.236540649332 
0.394553442017 1.32532782943 0.88355188629 0.199580970282 
0.35473574051 1.36736984642 0.911579897613 0.171958131033 
0.309252313011 1.41042585678 0.940283904519 0.147772735262 
0.336802343325 1.45995632092 0.973304213947 0.135341786332 
0.833131497725 1.39844791918 0.932298612783 0.440352602274 
0.818623355417 1.46191017921 0.974606786143 0.394087387425 
0.814489935995 1.5321736987 1.02144913247 0.301030700228 
0.826739745614 1.58037676758 1.05358451172 0.112203860359 
0.865202888798 1.58452799906 1.05635199937 -0.181908900002 
0.866332172396 1.52672206357 1.01781470905 -0.523598775598 
0.90205638818 1.55136791088 1.03424527392 -0.523598775598 
0.929572629137 1.57311878756 1.04874585837 -0.523598775598 
0.949018248955 1.58751467113 1.05834311408 -0.523598775598 
0.970526571681 1.60261612726 1.0684107515 -0.523598775598 
0.98120770536 1.60806443501 1.07204295667 -0.523598775598 
0.98861414244 1.61523439271 1.07682292847 -0.523598775598 
0.99178608984 1.61884371501 1.07922914334 -0.523598775598 
0.992683834912 1.61967711424 1.07978474283 -0.523598775598 
0.989852218449 1.62120590934 1.08080393956 -0.523598775598 
0.976108869434 1.61594405168 1.07729603445 -0.523598775598 
0.91969697865 1.57971364914 1.05314243276 -0.523598775598 
0.855859461762 1.53150368276 1.02100245517 -0.523598775598 
1.19555609797e-17 1.57405325419 1.04936883613 0.0496424307405 
-7.86977008338e-22 1.54650306918 1.03100204612 0.0636092296503 
0.313284737766 1.40727219588 0.93818146392 0.159927337878 
0.501115056214 1.18882998577 0.792553323848 0.247731228923 
0.569208762419 1.03039170985 0.686927806569 0.269657904741 
0.768019892732 0.900551942503 0.600367961668 0.161304998278 
0.806879984081 0.80686261005 0.5379084067 0.133545920327 
0.858330303491 0.7101736723 0.473449114866 0.0975893627125 
0.889753100118 0.669060281819 0.446040187879 0.0790554706781 
0.901954977582 0.650762605561 0.43384173704 0.0595145896153 
0.901954977582 0.650762605561 0.43384173704 0.0595145896153 
0.890011256613 0.66823946621 0.445492977473 0.0530692840291 
0.883568454419 0.679535601094 0.453023734063 0.0456735327424 
0.876978329679 0.694032878162 0.462688585442 0.0461859796573 
0.853690392771 0.735702202942 0.490468135295 0.0476150212891 
0.832529498432 0.779639041985 0.519759361324 0.0474097069551 
0.817426534349 0.814057362221 0.542704908147 0.0364374752394 
0.797066728569 0.86418327068 0.576122180453 0.0285921258625 
0.78777566713 0.888270122775 0.59218008185 0.0227908340282 
0.783285771981 0.899326303603 0.599550869069 0.0149208862877 
0.777732266487 0.913909255989 0.609272837326 0.0127241102304 
0.77087907093 0.934799277278 0.623199518186 0.00951626107541 
0.767103350809 0.9455547917 0.630369861134 0.00455321193536 
0.761729987541 0.96535404707 0.643569364713 0.00399833970998 
0.757784091883 0.983779782739 0.655853188493 0.0030993076901 
0.756825239438 0.991620216 0.661080144 0.000501684266806 
0.754364345699 1.01218835444 0.674792236292 0.000403632295021 
0.755750265073 1.01887630992 0.67925087328 -0.00194502369849 
0.755750265073 1.01887630992 0.67925087328 -0.00194502369849 
0.755750265073 1.01887630992 0.67925087328 -0.00194502369849 
0.759349722022 1.01257997386 0.67505331591 -0.00477872253229 
0.759349722022 1.01257997386 0.67505331591 -0.00477872253229 
0.759349722022 1.01257997386 0.67505331591 -0.00477872253229 
0.761048927041 1.02061487396 0.680409915976 -0.00377127083717 
0.761048927041 1.02061487396 0.680409915976 -0.00377127083717 
0.765537147505 1.01061826913 0.673745512751 -0.00538557948938 
0.769718909663 1.00458398197 0.669722654645 -0.00593992308925 
0.769718909663 1.00458398197 0.669722654645 -0.00593992308925 
0.774221329978 0.991924731586 0.661283154391 -0.00660183877508 
0.777670206662 0.985615769338 0.657077179559 -0.00646564486457 
0.781053878915 0.978825192768 0.652550128512 -0.00716292814068 
0.781515334941 0.988365829314 0.658910552876 -0.00524242723258 
0.785602378547 0.983211979237 0.655474652825 -0.00624131514977 
0.787519061737 0.990917540191 0.660611693461 -0.00451574130518 
1.53737023108 1.04125098352 0.694167322348 0.0843788104348 
1.53947482439 1.04033028261 0.693553521742 0.0839963223403 
1.53313525119 1.04321196693 0.695474644617 0.084593581835 
1.53338572702 1.04324141927 0.695494279513 0.0851477191286 
1.54069070034 1.04004099756 0.693360665043 0.0835815361216 
1.53517165469 1.04138815274 0.694258768492 0.0839771360766 
1.53055932898 1.04190594486 0.694603963238 0.0839043344258 
1.5164595202 1.04572960831 0.697153072209 0.0846524880752 
1.51623309516 1.0461788923 0.697452594867 0.0829640487003 
1.51879819691 1.04560407807 0.697069385383 0.0825700518217 
1.51919505941 1.04706637085 0.698044247233 0.0836781638076 
1.5384257321 1.04237970702 0.694919804678 0.0818386572909 
1.53719848032 1.04542784624 0.69695189749 0.0824205732358 
1.53031626966 1.04787382957 0.698582553045 0.0829142814346 
1.53633271948 1.04677010669 0.69784673779 0.0821998467129 
1.53441889059 1.04647018586 0.697646790576 0.0819549522989 
1.52071573944 1.04992034111 0.699946894071 0.0808886146779 
1.5145498518 1.05089556632 0.700597044211 0.080845361992 
1.51917925305 1.04832864918 0.698885766121 0.0798111030092 
1.51028427944 1.05097046826 0.700646978843 0.081522864754 
1.51076272841 1.05179459457 0.701196396379 0.0822320625959 
1.51669332971 1.04970250345 0.699801668964 0.0817866109882 
1.51313431347 1.05107561069 0.700717073796 0.0822013054593 
1.50840288059 1.05291190812 0.70194127208 0.0824649375888 
1.51141137994 1.05227697804 0.701517985361 0.0822945084665 
1.51206060438 1.05228170505 0.701521136699 0.0818596933165 
1.51450762116 1.05124936853 0.700832912351 0.0818880302766 
1.52544936552 1.04838891555 0.698925943701 0.080819683952 
1.51434568627 1.05080886331 0.700539242207 0.0819948477571 
1.5143494437 1.05109014316 0.700726762109 0.0825086587175 
1.52294052212 1.04963835873 0.699758905819 0.0817108791498 
1.51798564352 1.05092953135 0.700619687568 0.0821155009191 
1.52385696836 1.05090870253 0.700605801688 0.082974487973 
1.52216591441 1.05083615692 0.700557437946 0.0819525365735 
1.53806749976 1.04716824208 0.698112161386 0.0811358801612 
1.53059409979 1.05006391413 0.700042609417 0.0823219169052 
1.52779798266 1.0514320288 0.700954685866 0.0828840695838 
1.53727627904 1.0481333013 0.6987555342 0.0816494005289 
1.53773092786 1.04766761619 0.698445077457 0.0811880541964 
1.52503105938 1.05136458236 0.700909721572 0.0824690545862 
1.51613422244 1.05336203184 0.702241354562 0.0829088950898 
1.53094790374 1.04910197156 0.69940131437 0.0813960250723 
1.52845747329 1.04923604621 0.699490697474 0.0812596951639 
1.525657249 1.05089538036 0.700596920243 0.081127622331 
1.51845959045 1.05404769799 0.702698465329 0.081358025938 
