0.0 0.0 0.0 0.0 
-5.13173044006e-21 0.967468335851 0.644978890567 -0.0339522876915 
-5.13173044006e-21 0.967468335851 0.644978890567 -0.0339522876915 
-2.30342518133e-22 0.975387353614 0.650258235743 -0.0334716673863 
-2.30342518133e-22 0.975387353614 0.650258235743 -0.0334716673863 
-2.70890191548e-21 0.985686236085 0.65712415739 -0.0315083895232 
-2.70890191548e-21 0.985686236085 0.65712415739 -0.0315083895232 
-2.70890191548e-21 0.985686236085 0.65712415739 -0.0315083895232 
-2.70890191548e-21 0.985686236085 0.65712415739 -0.0315083895232 
9.20656931464e-22 0.975195724361 0.650130482907 -0.0295157075598 
-4.68202521436e-21 0.965950807602 0.643967205068 -0.0288605551452 
-4.68202521436e-21 0.965950807602 0.643967205068 -0.0288605551452 
1.74188404119e-21 0.948047098535 0.632031399023 -0.0261741594826 
-1.22599959427e-21 0.941788703844 0.627859135896 -0.0259363598405 
-7.73506050737e-18 0.896210725421 0.597473816948 -0.0306288109441 
-1.27958395806e-21 0.895282328044 0.596854885362 -0.0293737503469 
0.0459274432914 0.920204367354 0.613469578236 -0.024553401674 
0.0802056847146 0.941453110405 0.627635406937 -0.0238804455614 
0.101038303002 0.938080541149 0.625387027432 -0.0269327370216 
0.115275214087 0.948187939631 0.632125293088 -0.0275002570688 
0.130850742758 0.962757230654 0.64183815377 -0.0257278157236 
0.13896940109 0.965865618797 0.643910412531 -0.0270054381372 
0.134810556549 0.950194608128 0.633463072086 -0.0305476743631 
0.139888209915 0.970890252107 0.647260168072 -0.0294207083431 
0.13126731757 0.957650825794 0.638433883863 -0.0330596150069 
0.125889361867 0.957287003213 0.638191335475 -0.0325844405777 
0.103563845425 0.919187594661 0.612791729774 -0.0403912395072 
0.0990018477955 0.926593921077 0.617729280718 -0.0384671754361 
0.0911110733995 0.917382987254 0.611588658169 -0.0394440567722 
0.0798487206363 0.909618530754 0.606412353836 -0.043676846473 
0.0673242502907 0.898243435404 0.598828956936 -0.0469243824783 
0.0588894159127 0.903739474602 0.602492983068 -0.0469908684608 
0.0414045402513 0.895241499279 0.596827666186 -0.0518821332712 
0.0277126834427 0.879150602109 0.586100401406 -0.0551923587636 
0.0208386141068 0.882118926935 0.588079284623 -0.055457773039 
6.35409942085e-19 0.82455147629 0.549700984194 -0.0746271960659 
5.50608323392e-21 0.835829696959 0.557219797972 -0.0720158164702 
4.64240479292e-21 0.846713719943 0.564475813296 -0.0693989677461 
2.86984608202e-18 0.828847091408 0.552564727605 -0.0740266357767 
8.3488839835e-21 0.830091065742 0.553394043828 -0.0740347208094 
-5.66376361362e-21 0.836848909314 0.557899272876 -0.0713870194495 
-4.50828403834e-21 0.831842690093 0.554561793395 -0.0705571338257 
8.56428758105e-22 0.818676852698 0.545784568465 -0.0732767580849 
-2.43694054359e-18 0.790367384461 0.52691158964 -0.0747447603327 
8.64177758122e-21 0.775487358381 0.516991572254 -0.0707568562796 
-3.70810526877e-21 0.76808966844 0.51205977896 -0.0687352730738 
-4.76984663782e-18 0.751924374663 0.501282916442 -0.068176767248 
-5.15980446394e-18 0.705322465695 0.47021497713 -0.0784909649823 
0.00904677674533 0.718592408864 0.479061605909 -0.0570834635439 
0.0184429092107 0.696509961548 0.464339974365 -0.0562051720747 
0.0333881116771 0.648745740761 0.432497160507 -0.0670689331496 
0.0539890247302 0.614094684563 0.409396456375 -0.0706447851441 
0.0732875866716 0.543574625922 0.362383083948 -0.0980315678292 
0.103970531212 0.456969508063 0.304646338709 -0.165503611249 
0.15005216054 0.554189779933 0.369459853289 -0.0470143655853 
0.220654156641 0.57471661096 0.383144407307 -0.0276924519926 
0.353045607955 0.65906151088 0.439374340587 -0.0145124924268 
0.511710513926 0.696558459918 0.464372306612 -0.00868186506774 
0.740511361001 0.788147355284 0.525431570189 0.00106312584914 
0.78803466744 0.711326424657 0.474217616438 0.00546881090717 
0.758870081074 0.488813196972 0.325875464648 0.0071894793176 
0.865972928825 0.428217464408 0.285478309605 0.00550734354068 
0.870893667539 0.0971668548755 0.0647779032503 0.0129572238884 
0.966213713542 0.0759451241557 0.0506300827704 0.0141347059876 
1.0381497498 0.057180144181 0.0381200961206 0.0187517974913 
1.10730221585 7.75783924462e-18 5.17189282975e-18 0.0203904017869 
1.18366982754 1.97172455499e-22 1.31448303666e-22 0.0187766081067 
1.24053469714 -6.77633551865e-22 -4.51755701243e-22 0.017521317035 
1.28378892586 6.62882239004e-22 4.41921492669e-22 0.0232292616376 
1.32709272745 1.7669233128e-22 1.1779488752e-22 0.020560244922 
1.36810399923 5.49426174138e-22 3.66284116092e-22 0.016091062655 
1.3797912845 3.97713230453e-22 2.65142153635e-22 0.0176983242173 
1.39517585116 -4.09943152125e-22 -2.7329543475e-22 0.0157630356783 
1.40597360138 8.92814718224e-22 5.95209812149e-22 0.0143827719803 
1.42545804182 3.90584027052e-22 2.60389351368e-22 0.0103239491649 
1.42619373223 1.10749085859e-21 7.38327239058e-22 0.0118370865075 
1.43130796905 7.95282226675e-23 5.30188151117e-23 0.0105968226755 
1.43678739553 4.69107025221e-22 3.12738016814e-22 0.00997009600193 
1.44302799238 -1.52363481411e-22 -1.01575654274e-22 0.00745065846114 
1.44626947442 -1.31282969002e-22 -8.75219793347e-23 0.00685792104662 
1.45565112222 -4.05895610335e-22 -2.70597073557e-22 0.00421777522584 
1.44079573318 6.88437731947e-22 4.58958487965e-22 0.00750996407976 
1.43774783985 9.38394750715e-22 6.25596500477e-22 0.00643143954358 
1.43164488558 3.60692304681e-22 2.40461536454e-22 0.00694615874042 
1.42033049512 -4.63334376586e-22 -3.0888958439e-22 0.00811417252867 
1.41992932922 -5.12997408301e-22 -3.41998272201e-22 0.00710844843653 
1.41555159878 -2.81249540516e-22 -1.87499693677e-22 0.00768165168594 
1.40634084052 8.01624266709e-22 5.34416177806e-22 0.00802094063364 
1.40252361367 -6.64212332769e-22 -4.42808221846e-22 0.00904685975803 
1.40621512402 8.2042186882e-22 5.46947912546e-22 0.00667770586098 
1.39497367563 -3.69090253972e-22 -2.46060169315e-22 0.00969039893667 
1.40122729871 4.12846222089e-22 2.75230814726e-22 0.00768101644285 
1.39607769131 5.90276211125e-22 3.93517474083e-22 0.00847482634493 
1.39607769131 5.90276211125e-22 3.93517474083e-22 0.00847482634493 
1.39291513867 -5.39819752848e-22 -3.59879835232e-22 0.00720323414446 
1.39955514479 1.15866660667e-23 7.72444404447e-24 0.00570779657671 
1.39791046945 -7.19388153739e-23 -4.79592102493e-23 0.00454563027568 
1.39381235118 6.93888075783e-22 4.62592050522e-22 0.00571762259623 
1.38355853219 -3.58861030612e-22 -2.39240687074e-22 0.00727786725616 
1.38360880818 -8.95846608668e-23 -5.97231072445e-23 0.00521552477696 
1.3506295263 4.21974879149e-22 2.81316586099e-22 0.00769224210315 
1.31488090824 -1.77432714783e-22 -1.18288476522e-22 0.0096875222285 
1.27536815634 8.78590472191e-23 5.85726981461e-23 0.0109748935414 
1.21539339821 2.03506382278e-22 1.35670921518e-22 0.0106021713779 
1.15782918252 6.50521303491e-19 4.33680868994e-19 0.00899179115996 
1.1015688132 1.35525271561e-19 9.03501810405e-20 0.00597772213899 
1.01004944535 0.016052887875 0.01070192525 0.00113293673651 
0.874947182699 0.0432562544246 0.0288375029498 0.00375065552477 
0.785017873629 0.287001588552 0.191334392368 -0.00226005455874 
0.560778591138 0.134928081398 0.0899520542657 -0.00524380274655 
0.386379640417 0.0712125409993 0.0474750273328 -0.0192794271546 
0.253527047686 0.0357556726545 0.023837115103 0.00228800691003 
0.157775914928 0.0581904903857 0.0387936602571 3.66897694805e-05 
0.0934851525149 0.0638492915088 0.0425661943392 0.0015938791595 
0.0578163555751 0.0277599622604 0.018506641507 0.00224306073273 
0.0369700935825 7.89449076443e-18 5.26299384295e-18 0.00345524631557 
0.0212761771379 -3.9212517359e-22 -2.61416782393e-22 0.00240197713945 
0.0154938297382 2.70051919468e-22 1.80034612978e-22 0.00255267946963 
0.0138141685732 1.30248005729e-21 8.68320038194e-22 0.00271818972941 
0.00617717473667 9.91943512126e-23 6.61295674751e-23 0.00257751882668 
1.35171500721e-19 -5.47311811635e-22 -3.6487454109e-22 0.000319143735394 
4.67843677801e-05 4.35483643304e-22 2.90322428869e-22 -0.00127919399178 
0.00217309142436 -3.58071990544e-22 -2.38714660363e-22 -0.00258792140416 
0.00154590889907 -1.17168921308e-21 -7.81126142054e-22 -0.00345677221476 
0.0011571372357 0.0522334309705 0.0348222873137 -0.00476337842838 
0.00977890166005 0.0362118880765 0.0241412587177 -0.00610582120176 
0.0229108757593 -4.12568278601e-18 -2.75045519067e-18 -0.00469912911294 
0.0287687174828 -3.29819764719e-22 -2.19879843146e-22 -0.0047805058952 
0.0408387706665 5.40357616206e-22 3.60238410804e-22 -0.00483482952066 
0.0382734267982 2.52210670881e-21 1.68140447254e-21 -0.0056549215362 
0.0522314170622 2.47601452569e-21 1.65067635046e-21 -0.00575511677813 
0.0509641875501 -8.06588658746e-22 -5.37725772498e-22 -0.00759590361397 
0.058664449121 7.26458911616e-22 4.84305941078e-22 -0.00773210731126 
0.0680417224766 1.35708279358e-21 9.04721862386e-22 -0.00853016664569 
0.0829025930166 1.17413850478e-21 7.82759003187e-22 -0.0117229102566 
0.10518741139 0.01619168589 0.01079445726 -0.0171890592214 
0.140321992141 0.0276545515263 0.0184363676842 -0.0220033145424 
0.202682945241 4.13694487332e-17 2.75796324888e-17 -0.0240576476388 
0.289060931853 1.14857369567e-21 7.65715797112e-22 -0.0229259717697 
0.397300492422 -1.03461834373e-22 -6.89745562484e-23 -0.256912888284 
0.476957532436 2.89164861737e-22 1.92776574491e-22 -0.0284876176271 
0.612007987367 5.64726666091e-22 3.7648444406e-22 0.0024148473294 
0.750739788909 0.103553847063 0.0690358980418 0.0051926432852 
0.867598398097 0.0788006879812 0.0525337919875 0.00398166497466 
0.967353225205 0.0567213717608 0.0378142478405 0.00727138720263 
1.04524841823 -4.09359416502e-17 -2.72906277668e-17 0.0115089557585 
1.1190726163 3.39555748718e-22 2.26370499145e-22 0.0145226561055 
1.19129785928 -2.82379637367e-22 -1.88253091578e-22 0.0165488009448 
1.27170103741 -6.2781110084e-22 -4.18540733894e-22 0.0124535806724 
1.32371840655 -1.21870839291e-22 -8.1247226194e-23 0.0128212333026 
1.37997246907 -1.69608521838e-22 -1.13072347892e-22 0.0120077682689 
1.42107813878 3.58032079919e-22 2.38688053279e-22 0.0100971164667 
1.44819178329 -2.58587554911e-22 -1.72391703274e-22 0.00857910057861 
1.46010247341 1.02558170223e-21 6.8372113482e-22 0.00857271331194 
1.46651896526 -4.97580669326e-22 -3.31720446218e-22 0.00975786663989 
1.47841410856 6.63353300141e-22 4.42235533427e-22 0.00779880907722 
1.48506625212 -2.46781723964e-22 -1.64521149309e-22 0.00570226232751 
1.48783704497 4.7954336692e-22 3.19695577947e-22 0.0046284711495 
1.48983568646 1.97261996559e-22 1.31507997706e-22 0.00364005618726 
1.49060919341 2.79067613021e-22 1.86045075347e-22 0.0028043346731 
1.4838560114 -6.1263386391e-22 -4.0842257594e-22 0.00371160288051 
1.4826609916 1.00198146609e-21 6.67987644061e-22 0.0023133688897 
1.48248066212 9.69872835682e-22 6.46581890454e-22 0.0010187894202 
1.48881122164 0.0181868460889 0.0121245640593 0.000132298632243 
1.47527558894 -1.25676624153e-17 -8.37844161022e-18 0.00122284867724 
1.47534582813 3.2376574169e-22 2.15843827793e-22 0.000262218488553 
1.47775696366 0.031521948491 0.0210146323273 0.000182244900622 
1.45820001255 -1.07565468303e-17 -7.17103122018e-18 0.00240550698262 
1.45142588669 6.4467740472e-22 4.2978493648e-22 0.00241188574595 
1.45496468598 1.49565453176e-21 9.97103021172e-22 0.00196179135958 
1.4383919822 4.69950515962e-22 3.13300343975e-22 0.00488681251729 
1.43203085774 6.32208956362e-22 4.21472637574e-22 0.00509515823436 
1.42773833152 5.1485149699e-22 3.43234331327e-22 0.00612746612261 
1.43438245699 1.50014939835e-22 1.0000995989e-22 0.00432042390406 
1.44345007748 2.77710425707e-22 1.85140283805e-22 0.00144323963317 
1.44705123552 7.49214669528e-22 4.99476446352e-22 0.00139484703084 
1.45514931639 4.16442742162e-23 2.77628494775e-23 -0.000469754021883 
1.44767107084 9.45551429824e-22 6.30367619882e-22 0.00148559865018 
1.43632385903 1.10457628106e-21 7.36384187371e-22 0.0039077563869 
1.43367670055 -9.22088887469e-24 -6.1472592498e-24 0.00466447049097 
1.43642357788 7.85707743185e-22 5.23805162123e-22 0.00347017160511 
1.4392255089 0.00498301579448 0.00332201052966 0.00327203504012 
1.43456149198 0.0612209797964 0.0408139865309 0.00424521617893 
1.43602671873 0.156067707788 0.104045138526 0.00387659730584 
1.39925147084 0.133134155737 0.0887561038249 0.00535811243706 
1.3334697902 0.0387143570707 0.0258095713805 0.00957636696591 
1.27449063144 -3.56089062158e-17 -2.37392708105e-17 0.0116340563044 
1.26668604301 0.127922731089 0.0852818207259 0.00877549515176 
1.23174530845 0.178013704313 0.118675802875 0.0082674677435 
1.17600199312 0.231007163833 0.154004775889 0.00875419931285 
1.15789657448 0.362261080378 0.241507386919 0.00843637665913 
1.06229210954 0.368280463504 0.245520309002 0.011237833492 
1.08046314764 0.565716994284 0.377144662856 0.0107811011537 
1.13776173426 0.719981626619 0.47998775108 0.0133410550744 
1.20013865035 0.829045269312 0.552696846208 0.0174914159125 
1.26276389778 0.91640082351 0.61093388234 0.0259211786521 
1.29799782396 0.973918267153 0.649278844769 0.0347161677119 
1.3195317918 1.01425646515 0.676170976766 0.0436118634294 
1.33888236664 1.04118602939 0.69412401959 0.0509586972256 
1.35471137519 1.05807921878 0.705386145853 0.0562168020528 
1.36840284708 1.06875839157 0.712505594381 0.0607110733005 
1.38057158735 1.07564778369 0.717098522461 0.0628016996783 
1.384476587 1.08102096407 0.720680642714 0.0648713750853 
1.37314106542 1.0873828003 0.724921866868 0.067349282487 
1.36476970618 1.09177143912 0.727847626083 0.0679030062223 
1.36552816592 1.09308785592 0.728725237277 0.0677471015896 
1.36933705232 1.09285919351 0.728572795674 0.0680186360477 
1.37018948148 1.09238863108 0.728259087389 0.0679073553796 
1.36707094575 1.09308496304 0.728723308692 0.0688133048387 
1.36725051089 1.09271398901 0.728475992675 0.0682804965176 
1.37948736143 1.08948231808 0.726321545388 0.0674334518659 
1.37067613723 1.09086726095 0.727244840635 0.0677662254383 
1.38294842636 1.08733383233 0.724889221556 0.0660789665467 
1.37396200269 1.0885325472 0.7256883648 0.0661205112829 
1.37229303037 1.08820148604 0.725467657361 0.0659385994794 
1.36735827384 1.08771624351 0.725144162339 0.0659392875533 
1.35486428086 1.08665293083 0.724435287223 0.0656862511175 
1.35147566441 1.08193251799 0.721288345328 0.0649014984582 
1.35235634489 1.07333291394 0.715555275957 0.0615113433258 
1.35828959997 1.05846183535 0.705641223566 0.0567378826614 
1.33653300293 1.04448089698 0.696320597985 0.0521575540587 
1.31849910605 1.02510544574 0.68340363049 0.0461691784266 
1.3012460273 0.991030514914 0.660687009943 0.0373168388023 
1.24646365782 0.951102035898 0.634068023932 0.0290180837929 
1.19960328087 0.89699408335 0.597996055567 0.0214809795222 
1.14090315427 0.818604799631 0.545736533087 0.0151685205042 
1.04984969586 0.698323554216 0.465549036144 0.0116793104176 
0.951861708281 0.482776908014 0.321851272009 0.0112614859883 
0.955631398794 0.273278215567 0.182185477045 0.0130860487049 
1.00222410057 0.152580161669 0.10172010778 0.0129286242875 
1.04633158426 0.0742917204958 0.0495278136639 0.0124481034625 
1.05896497859 2.06279461345e-17 1.37519640896e-17 0.0164778632207 
1.0806307527 1.48353963813e-23 9.8902642542e-24 0.0182494358523 
1.10649587948 5.53010218078e-22 3.68673478719e-22 0.014343449889 
1.1163634987 -3.48473719477e-24 -2.32315812985e-24 0.0143238831559 
1.12925947147 -3.801760355e-23 -2.53450690333e-23 0.0125516230883 
1.10626801776 2.7623869516e-19 1.84159130107e-19 0.0181685410749 
1.09872129801 3.97634093666e-22 2.65089395777e-22 0.0206090813911 
1.09232712136 7.79875412531e-23 5.19916941687e-23 0.0202514872639 
1.08954726719 1.59476886126e-23 1.06317924084e-23 0.0190281400013 
1.08280520045 7.20924762698e-23 4.80616508465e-23 0.0209505304626 
1.09321957306 -1.43331904992e-23 -9.55546033283e-24 0.0173638915576 
1.09577714479 7.89262545234e-23 5.26175030156e-23 0.018534618104 
1.09879893421 1.84066610696e-22 1.22711073797e-22 0.0188479672806 
1.09031582238 4.9934467934e-20 3.32896452894e-20 0.0224556688516 
1.09243640011 2.34509660678e-22 1.56339773785e-22 0.0223046450172 
1.09243640011 2.34509660678e-22 1.56339773785e-22 0.0223046450172 
1.09060163759 -4.28020563406e-23 -2.85347042271e-23 0.025023834523 
1.09262397588 -2.03683202839e-22 -1.35788801892e-22 0.0242050514538 
1.09677713952 -4.54828526295e-23 -3.0321901753e-23 0.0256383657186 
1.09432642306 1.93053059509e-22 1.28702039672e-22 0.026418910769 
1.07064408441 1.61308754227e-18 1.07539169485e-18 0.0347526458108 
1.07064408441 1.61308754227e-18 1.07539169485e-18 0.0347526458108 
1.07064408441 1.61308754227e-18 1.07539169485e-18 0.0347526458108 
1.04936064964 -5.26864460899e-20 -3.51242973932e-20 0.0431941914276 
1.02069141453 0.00288560745618 0.00192373830412 0.0545919907608 
1.00668290568 0.00269379670941 0.00179586447294 0.0586998940055 
0.966291941026 0.00916038073223 0.00610692048815 0.0757035116705 
0.937247760058 0.0151810704351 0.0101207136234 0.0835614128384 
0.876956654006 0.0322544412528 0.0215029608352 0.101540239882 
0.839223756911 0.222913301529 0.148608867686 0.119289868177 
0.748963303357 0.309176806143 0.206117870762 0.200768715611 
0.691674853672 0.43237684305 0.2882512287 0.245866172213 
0.59671607007 0.563722867505 0.375815245003 0.329180113874 
0.482624025282 0.680267497986 0.453511665324 0.397033350318 
0.318505468404 0.741895169529 0.494596779686 0.523598775598 
0.220546976857 0.846786488589 0.564524325726 0.523598775598 
0.150161387851 0.91313824396 0.608758829307 0.523598775598 
0.0964973317691 0.95686374043 0.637909160287 0.523598775598 
0.0534040926873 0.989488083228 0.659658722152 0.523598775598 
0.021199925873 1.01174553605 0.674497024035 0.523598775598 
0.021199925873 1.01174553605 0.674497024035 0.523598775598 
-1.03647338091e-18 1.01440962441 0.676273082942 0.523598775598 
3.70330336877e-22 1.02373183676 0.682487891171 0.523598775598 
3.70330336877e-22 1.02373183676 0.682487891171 0.523598775598 
0.000487214730359 1.01596317721 0.677308784804 0.523598775598 
0.0630853212101 0.975302372947 0.650201581964 0.523598775598 
0.132113986061 0.918854954064 0.612569969376 0.523598775598 
0.223917291648 0.835801630652 0.557201087102 0.523598775598 
0.323901777981 0.735369666876 0.490246444584 0.523598775598 
0.43857254496 0.593565375806 0.395710250537 0.523598775598 
0.693622536368 0.615263723944 0.410175815962 0.213377848778 
0.807182095469 0.465808092746 0.310538728498 0.143971830741 
0.863489187612 0.177927971906 0.118618647937 0.11481005159 
0.968848412986 0.144963969419 0.0966426462791 0.0856320586904 
1.03563493011 6.09013580091e-18 4.06009053394e-18 0.0617289216802 
1.09635494734 -1.6596530791e-22 -1.10643538607e-22 0.0495886893426 
1.15687715575 1.08270409076e-22 7.21802727175e-23 0.0319948231338 
1.18460100042 -2.14111806643e-22 -1.42741204429e-22 0.0351927147369 
1.20816758191 7.37529257658e-23 4.91686171772e-23 0.0311937044235 
1.23477187524 3.60384365818e-22 2.40256243879e-22 0.0282926291423 
1.25815100029 4.34576648143e-22 2.89717765429e-22 0.0259865967126 
1.28097272889 7.70270151698e-23 5.13513434465e-23 0.0230231796668 
1.29177894626 1.97213671061e-22 1.31475780707e-22 0.0209356802813 
1.31741535668 4.7672813203e-22 3.17818754687e-22 0.0176213777939 
1.32303201461 2.58664480321e-22 1.72442986881e-22 0.0191212484511 
1.32303201461 2.58664480321e-22 1.72442986881e-22 0.0191212484511 
1.32986597509 6.99528028018e-22 4.66352018678e-22 0.0186923375507 
1.32412395107 -2.72184635341e-22 -1.8145642356e-22 0.0199434411604 
1.32328377434 -3.02856407879e-23 -2.01904271919e-23 0.0184676108234 
1.32533397053 9.92209917284e-22 6.61473278189e-22 0.016087553353 
1.32860731223 1.43206241144e-21 9.54708274293e-22 0.0139983333331 
1.32570089032 8.40910372504e-20 5.60606915003e-20 0.0137535996814 
1.34563455237 0.0844510502405 0.0563007001603 0.0127769388516 
1.34305552841 0.0804719137306 0.053647942487 0.0128981457794 
1.34556128331 0.085737272971 0.0571581819807 0.0138782375975 
1.33946823944 0.0564638616289 0.0376425744193 0.0146682899203 
1.38543677675 0.191523509467 0.127682339644 0.0107704032447 
1.3829982139 0.183474177416 0.122316118277 0.0110584944857 
1.38362647704 0.17382100025 0.115880666833 0.0115383166644 
1.41732026245 0.254302425536 0.169534950358 0.00945707530915 
1.42356609956 0.269027324096 0.179351549397 0.00937834090185 
1.40433768031 0.22650975107 0.151006500714 0.0101335077633 
1.40055167606 0.216859487344 0.144572991563 0.009953178211 
1.39524814968 0.199699305109 0.133132870073 0.010191892689 
1.40185122475 0.212014227588 0.141342818392 0.0107708644448 
1.40354177105 0.215449652003 0.143633101335 0.0105587799136 
1.41490134521 0.240952132542 0.160634755028 0.00960434247064 
1.40716120535 0.21934200988 0.146228006586 0.0101316337415 
1.38453146487 0.16348817475 0.1089921165 0.0115724152713 
1.36717645548 0.105207247913 0.070138165275 0.0129258945383 
1.37096139058 0.095912163461 0.0639414423074 0.0129903519624 
1.35056125871 4.49376915376e-18 2.9958461025e-18 0.0158827103007 
1.34299396514 -1.87177644405e-23 -1.2478509627e-23 0.0178222933302 
1.3117067207 3.25698239129e-22 2.17132159419e-22 0.026475828855 
1.28383501895 -8.30330070281e-23 -5.53553380187e-23 0.0328654653066 
1.25155595526 6.63899730317e-23 4.42599820211e-23 0.043601763363 
1.21847859269 4.76217215575e-22 3.17478143717e-22 0.044408783133 
1.18164473754 4.66555662437e-22 3.11037108292e-22 0.0519859482431 
1.10794278782 1.53079959258e-22 1.02053306172e-22 0.068377244278 
1.0231281935 0.00248477579978 0.00165651719986 0.0902045391281 
0.941550118172 0.0152625868501 0.0101750579001 0.10922741244 
0.853173769436 0.199279332446 0.132852888297 0.190033347676 
0.776999668988 0.353946369918 0.235964246612 0.232915960404 
0.692045208358 0.471916366613 0.314610911075 0.305137200568 
0.613774042877 0.560817128532 0.373878085688 0.350311665146 
0.534510042025 0.627902175923 0.418601450615 0.400119753924 
0.425759155447 0.627036080959 0.418024053973 0.523598775598 
0.371806114295 0.689324915813 0.459549943875 0.523598775598 
0.333616502301 0.721469957909 0.480979971939 0.523598775598 
0.325207339824 0.745629809832 0.497086539888 0.523598775598 
0.290268529414 0.770211457855 0.513474305237 0.523598775598 
0.276559974958 0.764901247782 0.509934165188 0.523598775598 
0.270474885142 0.779686635952 0.519791090635 0.523598775598 
0.260700397659 0.769791509348 0.513194339566 0.523598775598 
0.256118734709 0.785490466845 0.52366031123 0.523598775598 
0.245466142907 0.801571079119 0.534380719412 0.523598775598 
0.245466142907 0.801571079119 0.534380719412 0.523598775598 
0.215352507298 0.826194714203 0.550796476135 0.523598775598 
0.214638557267 0.816037948728 0.544025299152 0.523598775598 
0.214638557267 0.816037948728 0.544025299152 0.523598775598 
0.214638557267 0.816037948728 0.544025299152 0.523598775598 
0.214638557267 0.816037948728 0.544025299152 0.523598775598 
0.214638557267 0.816037948728 0.544025299152 0.523598775598 
0.217218490786 0.825234539638 0.550156359759 0.523598775598 
0.217218490786 0.825234539638 0.550156359759 0.523598775598 
0.217218490786 0.825234539638 0.550156359759 0.523598775598 
0.217218490786 0.825234539638 0.550156359759 0.523598775598 
0.215019303156 0.836961577615 0.557974385077 0.523598775598 
0.20965964133 0.823484222206 0.548989481471 0.523598775598 
0.20965964133 0.823484222206 0.548989481471 0.523598775598 
0.20965964133 0.823484222206 0.548989481471 0.523598775598 
0.20965964133 0.823484222206 0.548989481471 0.523598775598 
0.20965964133 0.823484222206 0.548989481471 0.523598775598 
0.20965964133 0.823484222206 0.548989481471 0.523598775598 
0.161617521786 0.853150527602 0.568767018401 0.523598775598 
0.0793087777709 0.921677322907 0.614451548605 0.523598775598 
1.24834257043e-19 1.0225415116 0.681694341063 0.523598775598 
0.319249725645 1.29420649049 0.862804326991 0.0529364475505 
0.202888757898 1.37904366118 0.919362440784 0.0110053817113 
0.635770078648 1.43257573638 0.955050490919 0.0741074317318 
0.848939344185 1.45161123643 0.967740824285 0.222429803545 
0.954682356441 1.45268599987 0.968457333245 0.361417273872 
0.951868642111 1.50754088389 1.00502725593 0.223119973504 
0.953319724696 1.53888762907 1.02592508604 -0.0191598098938 
0.965668246858 1.53695785688 1.02463857125 -0.178143669111 
0.972948007057 1.52591241198 1.01727494132 -0.290422887105 
0.975428358654 1.4661061357 0.977404090464 -0.523598775598 
0.97953114266 1.47041068773 0.980273791823 -0.523598775598 
0.983531489112 1.47240207023 0.981601380152 -0.523598775598 
0.987274715121 1.47343043918 0.982286959456 -0.523598775598 
0.989284180312 1.47488724103 0.98325816069 -0.523598775598 
0.989437236991 1.47702807683 0.984685384556 -0.523598775598 
0.989535807898 1.47855292722 0.985701951483 -0.523598775598 
0.99170943869 1.47717602539 0.984784016924 -0.523598775598 
0.99233851416 1.47711081409 0.984740542724 -0.523598775598 
0.994386321924 1.47571756656 0.983811711042 -0.523598775598 
0.994443058527 1.47670211514 0.984468076759 -0.523598775598 
0.992501442878 1.47863494959 0.985756633061 -0.523598775598 
0.992459853256 1.47835477221 0.985569848139 -0.523598775598 
0.992328380902 1.47709508438 0.984730056255 -0.523598775598 
0.990389638649 1.47571192523 0.983807950152 -0.523598775598 
0.988040672135 1.47171065716 0.981140438107 -0.523598775598 
0.985189082674 1.46489827532 0.976598850213 -0.523598775598 
0.972310781277 1.45021536243 0.966810241619 -0.523598775598 
0.954111226561 1.42545427165 0.950302847765 -0.523598775598 
0.997806205704 1.45892109735 0.972614064898 0.346194069001 
1.01585994461 1.39158394962 0.927722633083 0.44480960222 
0.846918398152 1.43252038539 0.955013590261 0.150853191008 
0.73091383864 1.40635558128 0.937570387521 0.0756276923619 
0.595914297214 1.38045553078 0.920303687189 0.0418558210302 
0.415067714496 1.34974196677 0.899827977847 0.0147844456265 
0.279383873167 1.32068787553 0.880458583685 0.00507263847719 
0.311905480463 1.29649898389 0.864332655926 0.0107084574608 
0.312505127364 1.28031124831 0.853540832206 0.0105845802177 
0.347175757581 1.26940851307 0.846272342044 0.0156762433133 
0.347384012491 1.26499911989 0.843332746594 0.0156035055677 
0.34720333985 1.26935292525 0.8462352835 0.0159082690931 
0.346895740107 1.27599707235 0.850664714899 0.0159338733379 
0.346389216353 1.28617582778 0.857450551852 0.0161636319132 
0.316303017854 1.29308420937 0.862056139583 0.0114608398515 
0.316880716573 1.28952406455 0.859682709698 0.00877995766192 
0.316754573901 1.2930822425 0.862054828332 0.00887569564251 
0.316734794842 1.29332331582 0.862215543879 0.00894238545602 
0.316790950156 1.29138581159 0.860923874396 0.00906426029388 
0.316999531728 1.28628941683 0.857526277884 0.00906615390498 
0.318423423227 1.27927658284 0.852851055226 0.0134359581825 
0.364996077689 1.25552188975 0.837014593164 0.0196277407964 
0.415151722173 1.21492023389 0.809946822592 0.0297637665886 
0.477049348131 1.16059403239 0.773729354924 0.04402507623 
0.572823676053 1.06467089427 0.709780596181 0.0499367855362 
0.6533489668 0.96406719323 0.642711462154 0.049553496293 
0.695812040507 0.848518643173 0.565679095449 0.0461085539803 
0.752205673353 0.742420944926 0.494947296617 0.0367700160086 
0.797228738759 0.680186551274 0.453457700849 0.0260361681224 
0.75694704829 0.485455377596 0.323636918397 0.0402174538827 
0.801852858592 0.460142290034 0.306761526689 0.0252336517878 
0.814495474343 0.445000481456 0.296666987638 0.0329546957726 
0.814495474343 0.445000481456 0.296666987638 0.0329546957726 
0.827027191826 0.428755641062 0.285837094042 0.020505933033 
0.827027191826 0.428755641062 0.285837094042 0.020505933033 
0.804160267034 0.42937006788 0.28624671192 0.033190634738 
0.804160267034 0.42937006788 0.28624671192 0.033190634738 
0.804160267034 0.42937006788 0.28624671192 0.033190634738 
0.804160267034 0.42937006788 0.28624671192 0.033190634738 
0.804160267034 0.42937006788 0.28624671192 0.033190634738 
0.7813386014 0.433169271806 0.288779514537 0.0296828023211 
0.7813386014 0.433169271806 0.288779514537 0.0296828023211 
0.75300340115 0.443250617384 0.295500411589 0.0376482951661 
0.75300340115 0.443250617384 0.295500411589 0.0376482951661 
0.75300340115 0.443250617384 0.295500411589 0.0376482951661 
0.732491713098 0.453558198356 0.302372132237 0.0364670846422 
0.732491713098 0.453558198356 0.302372132237 0.0364670846422 
0.732491713098 0.453558198356 0.302372132237 0.0364670846422 
0.76581385414 0.4408527733 0.293901848867 0.030607279924 
0.820620587382 0.413559675287 0.275706450192 0.024342851733 
0.845539621485 0.140166292129 0.0934441947527 0.0236572716321 
0.931341748353 0.11969629655 0.0797975310334 0.0147921617205 
0.995522205327 0.0996865003244 0.0664576668829 0.00475809139994 
1.02552732044 7.92014011158e-18 5.28009340772e-18 0.000750964057733 
1.06208750047 1.33725563165e-22 8.91503754435e-23 -0.00395688264132 
1.08735253925 1.59703825164e-22 1.06469216776e-22 -0.00672571270338 
1.08735253925 1.59703825164e-22 1.06469216776e-22 -0.00672571270338 
1.08735253925 1.59703825164e-22 1.06469216776e-22 -0.00672571270338 
1.10655743871 1.7998030519e-22 1.19986870127e-22 -0.00638510743469 
1.09900764538 -3.56071144828e-22 -2.37380763219e-22 -0.00276807939748 
1.09900764538 -3.56071144828e-22 -2.37380763219e-22 -0.00276807939748 
1.10847981676 2.3644825767e-22 1.5763217178e-22 -0.00734552677165 
1.10847981676 2.3644825767e-22 1.5763217178e-22 -0.00734552677165 
1.10847981676 2.3644825767e-22 1.5763217178e-22 -0.00734552677165 
1.0968074637 4.22162489629e-22 2.81441659753e-22 -0.00270420666087 
1.0968074637 4.22162489629e-22 2.81441659753e-22 -0.00270420666087 
1.10015831333 2.85664853853e-22 1.90443235902e-22 -0.00671566321358 
1.09606701638 -2.68507014026e-22 -1.79004676017e-22 -0.00300115366393 
1.09037396313 2.48137888974e-22 1.65425259316e-22 -0.000373747587526 
1.09037396313 2.48137888974e-22 1.65425259316e-22 -0.000373747587526 
1.09378046319 5.1631060793e-23 3.44207071953e-23 -0.00450367139889 
1.08593631287 -1.39692930469e-22 -9.31286203127e-23 -0.000786044801919 
1.08593631287 -1.39692930469e-22 -9.31286203127e-23 -0.000786044801919 
1.08967993992 2.38435499185e-23 1.58956999456e-23 -0.00372507107754 
1.06693646049 1.46188394402e-22 9.74589296013e-23 0.00264113174916 
1.06693646049 1.46188394402e-22 9.74589296013e-23 0.00264113174916 
1.05106471863 -1.53799836588e-22 -1.02533224392e-22 0.00646981785753 
1.05106471863 -1.53799836588e-22 -1.02533224392e-22 0.00646981785753 
1.05106471863 -1.53799836588e-22 -1.02533224392e-22 0.00646981785753 
1.03279792404 1.56688570745e-22 1.04459047163e-22 0.00680405664598 
1.00851257733 9.36007798441e-05 6.24005198961e-05 0.0108578123169 
0.964234332814 0.0050681114834 0.00337874098893 0.0209170201938 
0.912950995264 0.0138261747041 0.00921744980272 0.0281833897356 
0.838919172733 0.0309144309227 0.0206096206152 0.0373303348646 
0.771036040206 0.332006895467 0.221337930311 0.051074239009 
0.754831239699 0.690686034556 0.460457356371 0.0532214932139 
0.698839532018 0.883869641204 0.58924642747 0.0600780701767 
0.63862536337 1.0134490944 0.675632729603 0.0667939680466 
0.55126631638 1.0858399696 0.723893313065 0.0628100984223 
0.489016100795 1.14882315282 0.765882101883 0.0535572768828 
0.442316949158 1.19158525832 0.794390172212 0.046995855095 
0.437428704284 1.21715753346 0.811438355642 0.0385395378668 
0.395377283493 1.23148037223 0.82098691482 0.0311991375136 
0.394393145801 1.24717866186 0.831452441243 0.0318083039172 
0.391940566536 1.25471197728 0.836474651517 0.0253399136832 
0.365438914772 1.2551919508 0.836794633867 0.0210004692455 
0.365092362507 1.26159540673 0.841063604487 0.0212908646137 
0.364934977127 1.26343972607 0.842293150712 0.0212674304461 
0.364897630379 1.26256675583 0.84171117055 0.0209466041645 
0.364728826993 1.26462955672 0.843086371147 0.020795226818 
0.36526165482 1.25589791678 0.837265277853 0.016795605119 
0.365075237364 1.25874592227 0.839163948183 0.0171940176455 
0.365636490542 1.24722897731 0.831485984875 0.0166404600696 
0.366118687031 1.24831699021 0.83221132681 0.0208310522325 
0.367899362269 1.24309959141 0.828733060941 0.024994949349 
0.422374617655 1.20900929717 0.806006198115 0.0363516715742 
0.485319741195 1.15268787017 0.768458580112 0.0496455974748 
0.568102572567 1.06804073398 0.712027155986 0.0611849865348 
0.663915893551 0.945126375965 0.630084250644 0.0608285285197 
0.71372034769 0.808822040206 0.53921469347 0.0579194387585 
0.791682925091 0.668331166786 0.445554111191 0.0436436434466 
0.768752625005 0.340027489598 0.226684993066 0.0414073549191 
0.841581356046 0.313559639426 0.209039759617 0.0291890326648 
0.873412596185 0.295478794143 0.196985862762 0.026555806047 
0.894562447275 0.277173010609 0.184782007073 0.0241580864951 
0.884395013197 0.073555947179 0.0490372981194 0.0253966084368 
0.896995525794 0.0707456113417 0.0471637408944 0.024457113598 
0.911500817258 0.0665642312473 0.0443761541649 0.0191307642561 
0.920941556216 0.0628440535758 0.0418960357172 0.0152663628233 
0.920941556216 0.0628440535758 0.0418960357172 0.0152663628233 
0.920941556216 0.0628440535758 0.0418960357172 0.0152663628233 
0.920941556216 0.0628440535758 0.0418960357172 0.0152663628233 
0.920941556216 0.0628440535758 0.0418960357172 0.0152663628233 
0.920941556216 0.0628440535758 0.0418960357172 0.0152663628233 
0.93318171683 0.0582740502411 0.0388493668274 0.0112979610472 
0.920293121792 0.0586732077428 0.0391154718285 0.0151610031171 
0.920293121792 0.0586732077428 0.0391154718285 0.0151610031171 
0.920293121792 0.0586732077428 0.0391154718285 0.0151610031171 
0.920293121792 0.0586732077428 0.0391154718285 0.0151610031171 
0.950724300008 0.0504127650707 0.0336085100471 0.0141639479243 
0.984398405333 0.0401747912235 0.026783194149 0.00796004446401 
1.01593999297 0.0297772375732 0.0198514917155 0.00227138349403 
1.04956834652 -9.96517585439e-18 -6.64345056959e-18 -0.00775561256461 
1.07420010654 -1.79508313731e-22 -1.19672209154e-22 -0.0148189940851 
1.09737047636 4.87659383514e-22 3.25106255676e-22 -0.0204332472271 
1.14761882487 0.138301666168 0.0922011107787 -0.0223685989684 
1.16609580674 0.220944844437 0.147296562958 -0.0225083604153 
1.17731675155 0.259564173895 0.173042782596 -0.0225750647285 
1.20861508053 0.337729178632 0.225152785755 -0.0223786851087 
1.17995850024 0.288605451356 0.192403634238 -0.0240233941494 
1.20583184573 0.337643846003 0.225095897335 -0.0228385856307 
1.19059340957 0.312689354397 0.208459569598 -0.0233366420599 
1.1782003128 0.285908432326 0.190605621551 -0.0237759827287 
1.20474803906 0.337994990171 0.225329993447 -0.0232360158039 
1.19188911381 0.322380234628 0.214920156418 -0.0233683196628 
1.17537425082 0.291044916905 0.194029944603 -0.0234205799128 
1.13246118223 0.180003463625 0.120002309083 -0.0258772679661 
1.117532077 0.129581548775 0.0863876991835 -0.0270460461178 
1.09067246694 0.0290966570727 0.0193977713818 -0.0305328990671 
1.08771434363 0.0218085330117 0.0145390220078 -0.0296546330835 
1.1526459533 0.237669919314 0.158446612876 -0.0224876900422 
1.18082654108 0.303059393761 0.202039595841 -0.0202156496972 
1.17506236892 0.303168001464 0.202112000976 -0.0197538465704 
1.14787373241 0.282880882994 0.18858725533 -0.0206515146468 
1.12339607147 0.271823961824 0.18121597455 -0.0214666602677 
1.12384297024 0.315505037736 0.210336691824 -0.0214658473737 
1.09699795042 0.324694944359 0.21646329624 -0.0214417051527 
1.07271450308 0.39615275745 0.2641018383 -0.0194913297362 
1.01161563819 0.414697830873 0.276465220582 -0.0177844678612 
1.06870658249 0.588493390655 0.392328927103 -0.0133684602851 
1.037861485 0.660648368253 0.440432245502 -0.0102804114985 
1.02980501045 0.72991406663 0.486609377753 -0.0071421332924 
1.11474706597 0.8128707191 0.541913812734 -0.0033919639556 
1.13226844428 0.857125006559 0.57141667104 2.13149544252e-05 
1.16557665239 0.890493277821 0.593662185214 0.00267623380944 
1.17722221651 0.919182536084 0.612788357389 0.00676572845143 
1.23630856168 0.951949635424 0.634633090282 0.0120031120514 
1.26506432382 0.980406736185 0.65360449079 0.0188119134221 
1.30728111502 1.00394315549 0.669295436996 0.0256710697751 
1.32385128374 1.02965704195 0.686438027965 0.0336453624228 
1.34643170908 1.04810992756 0.698739951707 0.0406813912101 
1.36086917858 1.06361126314 0.70907417543 0.0470525476883 
1.36446581858 1.07825218575 0.718834790503 0.0526780785764 
1.36682113276 1.08925182265 0.726167881768 0.057372890014 
1.37010119725 1.09705306678 0.731368711189 0.0607527195163 
1.37127645576 1.10396329024 0.735975526826 0.0629497160311 
1.37677013417 1.10778899971 0.738525999805 0.0646800237872 
1.37142169893 1.11291617521 0.741944116804 0.0667215946617 
1.3786308345 1.11412374059 0.742749160396 0.0664636798375 
1.38067626989 1.11560778013 0.743738520086 0.0665007082583 
1.38716870416 1.11499724271 0.74333149514 0.0660364866571 
1.38354097571 1.11637494722 0.744249964811 0.0660884493507 
1.37547109598 1.11842494664 0.745616631093 0.0662761300742 
1.37654905597 1.11803806575 0.745358710499 0.065866852191 
1.38239407184 1.11606388716 0.74404259144 0.0644122976409 
1.38337211893 1.1155727313 0.743715154197 0.0640023446284 
1.37888354169 1.11623539611 0.74415693074 0.0639814938769 
1.38642220968 1.11362822982 0.742418819882 0.0634494608289 
1.37886023758 1.11456999806 0.74304666537 0.0637862009542 
1.38418270129 1.11241160897 0.741607739314 0.0633724952932 
1.36934168084 1.11472896107 0.743152640711 0.0655514631647 
1.36851723619 1.11651467758 0.744343118386 0.075447885247 
1.37318792463 1.11557345034 0.743715633561 0.0930932258162 
1.3609831761 1.11560184488 0.743734563254 0.118136683919 
1.35443926636 1.11299895984 0.741999306558 0.140179502015 
1.33923597503 1.11164475486 0.741096503239 0.160477958517 
1.3439600485 1.10591845921 0.737278972804 0.176681790447 
1.35728542255 1.09829159138 0.732194394256 0.187498402944 
1.34810214362 1.09751243346 0.731674955641 0.199297847922 
1.34412269426 1.09593275509 0.730621836729 0.207613852182 
1.34396261011 1.09402731588 0.729351543922 0.214022153806 
1.35106243737 1.09092704626 0.727284697505 0.216655049278 
1.34910076119 1.0900488289 0.726699219266 0.219232749747 
1.35715436413 1.08720412081 0.724802747208 0.219100261489 
1.3674114704 1.08377966893 0.722519779286 0.218266259797 
1.35840683488 1.08427173475 0.722847823167 0.219420829162 
1.34879584423 1.08534111265 0.723560741768 0.220832384916 
1.35713517323 1.08221516104 0.721476774029 0.219029883167 
1.35297456061 1.08196723517 0.721311490114 0.21944035684 
1.34722248289 1.08218119734 0.721454131563 0.219904079454 
1.34672066949 1.08178039491 0.721186929938 0.219373820653 
1.34837480906 1.08062879293 0.720419195286 0.2188670153 
1.35321344064 1.0784952097 0.718996806466 0.217596817166 
1.35061645574 1.07891215967 0.719274773114 0.217601539387 
1.34485877235 1.07971386837 0.719809245582 0.219121170622 
1.34359699392 1.07940056732 0.719600378213 0.218380444621 
1.34965483622 1.07776186191 0.718507907942 0.217055725094 
1.34122337471 1.07946824494 0.719645496627 0.218304088105 
1.33971687945 1.07946558656 0.719643724375 0.218246420212 
1.34733812274 1.07661579522 0.717743863478 0.215942460619 
1.33119723981 1.08087365599 0.720582437329 0.219530217466 
1.3261617062 1.0820177174 0.721345144935 0.220548000246 
1.32122583133 1.0833776602 0.722251773468 0.220166071183 
1.32860735087 1.08108323623 0.720722157485 0.216530004529 
1.32514744089 1.08264008711 0.721760058074 0.216461691917 
1.33224217126 1.08217587543 0.721450583622 0.212819347911 
1.32966236827 1.08318476647 0.722123177643 0.211148425326 
1.33995627177 1.08066567311 0.720443782075 0.208233700089 
1.34118842923 1.08101936551 0.720679577007 0.20719564819 
1.33961744325 1.08139577255 0.720930515035 0.20651803721 
1.34637478195 1.07920059539 0.719467063596 0.20371502372 
1.34568033454 1.07879991311 0.719199942071 0.203253034585 
1.33616217411 1.07995468454 0.719969789692 0.204244703123 
1.33362631902 1.08043254562 0.720288363745 0.204840544912 
1.33093649932 1.08029639039 0.720197593595 0.205263958522 
1.32798127858 1.08006645925 0.720044306169 0.205116238429 
1.32726772062 1.07780518534 0.718536790223 0.203925223519 
1.32946133468 1.07573168268 0.717154455123 0.203976525813 
1.32034046114 1.07634487646 0.717563250977 0.20538469871 
1.31224405243 1.07698398147 0.717989320981 0.206924652291 
1.32446713341 1.07180366779 0.71453577853 0.204786214612 
1.32260196259 1.07000029591 0.71333353061 0.204139769191 
1.30472206753 1.07086971461 0.713913143071 0.204767192929 
1.29300802627 1.0672179943 0.711478662866 0.202764880936 
1.27912776394 1.06252411194 0.708349407962 0.200184801263 
1.26810558329 1.05588509037 0.703923393581 0.196343341385 
1.23843081802 1.05020116588 0.700134110587 0.192343349455 
1.21369397238 1.04294895533 0.69529930355 0.187879922581 
1.16963112575 1.03937428954 0.692916193027 0.18565288017 
1.11528388035 1.03560165085 0.690401100565 0.18278029816 
1.06498817395 1.02819948449 0.68546632299 0.178087292197 
1.01478643056 1.02009233024 0.680061553493 0.175520337163 
0.944589291518 1.00989406747 0.673262711648 0.172104823183 
0.825467560477 0.997142468459 0.66476164564 0.17363366443 
0.586043681543 0.955139983414 0.636759988943 0.191655784226 
0.583283086897 0.9718659874 0.647910658267 0.207115709042 
0.581840870608 0.977358298418 0.651572198945 0.220656880882 
0.513691409118 0.97627540702 0.650850271346 0.248464430136 
0.51168164588 0.989360902602 0.659573935068 0.267732559834 
0.127010844747 0.888457344951 0.592304896634 0.523598775598 
0.131810268073 0.9076908158 0.605127210533 0.523598775598 
0.105692112089 0.953759324026 0.635839549351 0.523598775598 
0.0820605602381 0.997847970447 0.665231980298 0.523598775598 
0.062775540736 1.03315796771 0.688771978475 0.523598775598 
0.0185047004419 1.08926595128 0.726177300853 0.523598775598 
8.25183796886e-19 1.13235870968 0.754905806451 0.523598775598 
1.70645607067e-18 1.15728726107 0.771524840714 0.523405222434 
1.38753307188e-20 1.18749957363 0.79166638242 0.502920345952 
8.49158537565e-21 1.20425597809 0.802837318726 0.49159212833 
3.45507033995e-22 1.20815915521 0.805439436807 0.493069590065 
4.54674749706e-22 1.19031029122 0.793540194145 0.502081526886 
-8.1743797984e-23 1.1633107272 0.775540484798 0.518745901602 
-2.24865331275e-20 1.12968427243 0.753122848285 0.523598775598 
0.00161421017267 1.09017060895 0.726780405965 0.523598775598 
0.0302564422451 1.0396450338 0.6930966892 0.523598775598 
0.0609369124608 0.977465648109 0.651643765406 0.523598775598 
0.0803602229894 0.91545394842 0.61030263228 0.523598775598 
0.0927292930166 0.868501692575 0.579001128383 0.523598775598 
0.104261923202 0.815961203396 0.543974135598 0.523598775598 
0.106606991211 0.768499909439 0.51233327296 0.523598775598 
0.180783012848 0.794902217124 0.529934811416 0.362652670618 
0.172302419491 0.775549787891 0.517033191927 0.345670466219 
0.162969097167 0.755784999184 0.503856666123 0.328795743062 
0.153126361528 0.741761236396 0.494507490931 0.316826544113 
0.123660452535 0.706836086517 0.471224057678 0.353031387109 
0.115362626127 0.699934101592 0.466622734394 0.346690205397 
0.109810602533 0.692590321223 0.461726880815 0.341480609978 
0.0956863759025 0.704321129769 0.469547419846 0.343492887616 
0.0874952973119 0.710203968704 0.473469312469 0.343340516566 
0.0781613987822 0.723648802388 0.482432534925 0.345784552416 
0.0781613987822 0.723648802388 0.482432534925 0.345784552416 
0.0794594921075 0.714290062036 0.476193374691 0.340573092704 
0.0794594921075 0.714290062036 0.476193374691 0.340573092704 
0.0794594921075 0.714290062036 0.476193374691 0.340573092704 
0.079373041938 0.722671883045 0.481781255363 0.343524070229 
0.0870603334829 0.707707920149 0.4718052801 0.337878327576 
0.094010947249 0.699982920172 0.466655280114 0.336203637943 
0.0919401898215 0.692878623387 0.461919082258 0.332522384803 
0.0847474211234 0.690927706991 0.460618471327 0.329974205678 
0.0719767733741 0.688029612693 0.458686408462 0.325399877655 
0.0510731347007 0.672233677904 0.448155785269 0.31309990377 
0.0209275728023 0.660012974649 0.440008649766 0.301425051041 
5.79073869903e-19 0.661327307054 0.440884871369 0.23731419581 
7.64295139725e-22 0.607333373309 0.404888915539 0.211427517161 
3.12598932892e-21 0.549671864772 0.366447909848 0.183915976182 
7.10742618047e-19 2.6425746378e-15 1.7617164252e-15 -0.0824238468924 
-1.56660433099e-21 2.88443607022e-22 1.92295738015e-22 -0.0594410026639 
6.89913524358e-21 -1.07412697575e-21 -7.16084650501e-22 -0.0424142961715 
4.53597199692e-21 -1.81966016536e-21 -1.21310677691e-21 -0.0296912467795 
-7.65740925819e-21 6.45803055449e-22 4.305353703e-22 -0.0200801839504 
-7.65740925819e-21 6.45803055449e-22 4.305353703e-22 -0.0200801839504 
2.38224915693e-21 1.82097353943e-22 1.21398235962e-22 -0.00903707091976 
2.38224915693e-21 1.82097353943e-22 1.21398235962e-22 -0.00903707091976 
2.38224915693e-21 1.82097353943e-22 1.21398235962e-22 -0.00903707091976 
2.38224915693e-21 1.82097353943e-22 1.21398235962e-22 -0.00903707091976 
2.38224915693e-21 1.82097353943e-22 1.21398235962e-22 -0.00903707091976 
2.38224915693e-21 1.82097353943e-22 1.21398235962e-22 -0.00903707091976 
2.38224915693e-21 1.82097353943e-22 1.21398235962e-22 -0.00903707091976 
2.38224915693e-21 1.82097353943e-22 1.21398235962e-22 -0.00903707091976 
2.38224915693e-21 1.82097353943e-22 1.21398235962e-22 -0.00903707091976 
-6.04094620209e-23 0.00558551964131 0.00372367976087 0.0028574676909 
-8.47032947254e-22 0.59486140188 0.39657426792 -0.0942911014768 
-8.47032947254e-22 0.59486140188 0.39657426792 -0.0942911014768 
3.21344644453e-21 0.693647799872 0.462431866581 -0.0330053038002 
1.30186455434e-21 0.743910301754 0.495940201169 -0.0299226612663 
-2.95757656311e-21 0.789370127371 0.526246751581 -0.00817619094063 
3.2002666456e-21 0.832103784739 0.554735856492 -0.000667674718692 
0.029316599027 0.923506405473 0.615670936982 0.00574322961108 
0.0903024437045 1.00172532091 0.667816880606 0.00814877610773 
0.158597505698 1.05165323524 0.701102156828 0.00992079430286 
0.256564510106 1.11310182446 0.742067882974 0.0146823227084 
0.468411911562 1.16820742502 0.77880495001 0.0251611225496 
0.433809626877 1.19886955667 0.799246371113 0.0318427118298 
0.430074648077 1.22619259859 0.817461732394 0.039284084154 
0.368180304327 1.25433428867 0.836222859113 0.043084146796 
0.33392070725 1.28227485841 0.854849905609 0.0476454430483 
0.302426042716 1.30740025406 0.871600169372 0.0500989305921 
0.266030753742 1.33582894719 0.890552631462 0.0512342171665 
0.225261705818 1.36697555301 0.911317035342 0.0487954028827 
0.194734052414 1.39262404331 0.928416028873 0.042298903442 
0.194601810015 1.41087810639 0.940585404257 0.043309866338 
0.12534810837 1.43912429468 0.959416196451 0.0299195827307 
0.0743128837084 1.47320127792 0.982134185279 0.0125800269984 
0.0245736451426 1.50589016954 1.00392677969 -0.00300974587967 
0.198486512322 1.52447442611 1.01631628407 0.0130023285865 
0.312049491179 1.54218773448 1.02812515632 0.0330526070506 
0.400314292269 1.55917173519 1.03944782346 0.0537482528057 
0.471777874304 1.57491385659 1.04994257106 0.0858808732664 
0.527389745535 1.58369169951 1.05579446634 0.130411999732 
0.601056087082 1.57496900962 1.04997933974 0.243625976799 
0.604783420932 1.59052317427 1.06034878285 0.217900390459 
0.608562293384 1.60351194719 1.06900796479 0.190594029639 
0.612381943019 1.61402742502 1.07601828334 0.162717054496 
0.617717322726 1.62124096259 1.0808273084 0.136566057711 
0.62642652144 1.6230780733 1.08205204887 0.133890432612 
0.63404606233 1.62256281021 1.08170854014 0.1311477215 
0.634480877253 1.62501970954 1.08334647302 0.101539778655 
0.641152320304 1.62779734617 1.08519823078 0.0994712857009 
0.639726529781 1.63233261204 1.08822174136 0.0540119358778 
0.645508103799 1.63517379473 1.09011586315 0.0521224378038 
0.641635579436 1.63708084086 1.09138722724 0.0120248891141 
0.645754146682 1.63937352298 1.09291568199 0.0106073420789 
0.647478280813 1.63930189751 1.09286793167 0.00932279379137 
0.641894012687 1.64002775251 1.09335183501 -0.0258029237605 
0.640709858581 1.6394631917 1.09297546113 -0.0254117066354 
0.640211555761 1.63614814738 1.09076543159 0.0250666721586 
0.634932496573 1.62713127415 1.08475418276 0.0912364074162 
0.627959195362 1.61191317821 1.07460878547 0.155049758822 
0.624635618295 1.58871315982 1.05914210654 0.211644751932 
0.601560158121 1.57523570347 1.05015713564 0.212326588912 
0.526761900616 1.5788987037 1.0525991358 0.112424677462 
0.45365467352 1.56810810681 1.04540540454 0.0633075990417 
0.382582863026 1.5557891086 1.03719273906 0.0393426259632 
0.291860545728 1.5425656616 1.02837710773 0.0207809369856 
0.139726539054 1.5287115124 1.01914100827 -0.000389431139056 
0.021351947345 1.50691922125 1.00461281417 -0.00873531776537 
0.0630255286899 1.47968899417 0.986459329444 0.00398442806601 
0.107221552138 1.45038200981 0.966921339873 0.0179872055228 
0.149459320565 1.4222101918 0.948140127869 0.0350380656811 
0.198424482863 1.38726519939 0.924843466261 0.047465227841 
0.258264447542 1.34197195358 0.894647969053 0.0504041509986 
0.31354834654 1.298805585 0.865870390001 0.0519171961755 
0.354444065721 1.26254195368 0.841694635787 0.0449855354704 
0.395026146093 1.22854053645 0.819027024297 0.0510019703742 
0.437043443905 1.19641346301 0.797608975343 0.0414202586233 
0.439177129813 1.17069598727 0.780463991513 0.038391448135 
0.495272828176 1.14371476551 0.762476510343 0.031945008963 
0.501435013228 1.11655602458 0.744370683056 0.0243501045471 
0.544435680424 1.09563664557 0.730424430377 0.0231530132284 
0.549278518964 1.06920303511 0.71280202341 0.0173786801627 
0.553874509345 1.04558946485 0.697059643232 0.0135301910729 
0.295714857692 0.933107528826 0.622071685884 0.00533781577608 
0.155543753052 0.798994707028 0.532663138019 0.000646617302005 
0.0612829027059 0.636471582191 0.424314388127 -0.00207288571342 
-3.92963116019e-18 0.435029126947 0.290019417965 0.0084030248888 
-3.37718763887e-21 0.236102383339 0.157401588893 0.0093928192237 
-3.37718763887e-21 0.236102383339 0.157401588893 0.0093928192237 
-3.37718763887e-21 0.236102383339 0.157401588893 0.0093928192237 
-3.37718763887e-21 0.236102383339 0.157401588893 0.0093928192237 
-3.37718763887e-21 0.236102383339 0.157401588893 0.0093928192237 
-1.35133306491e-20 0.0 0.0 0.0295063626406 
-1.35133306491e-20 0.0 0.0 0.0295063626406 
-1.35133306491e-20 0.0 0.0 0.0295063626406 
-1.35133306491e-20 0.0 0.0 0.0295063626406 
-1.35133306491e-20 0.0 0.0 0.0295063626406 
-1.35133306491e-20 0.0 0.0 0.0295063626406 
-1.35133306491e-20 0.0 0.0 0.0295063626406 
-1.35133306491e-20 0.0 0.0 0.0295063626406 
-6.43528594522e-21 2.33574978545e-22 1.55716652363e-22 0.0245459757781 
0.0313955628026 1.73922340619e-21 1.1594822708e-21 0.0227421003565 
0.108897914693 3.26904183709e-23 2.17936122473e-23 0.0341291575748 
0.184709747929 -5.98996735496e-22 -3.99331156998e-22 0.0491198918288 
0.263547548824 1.47161407223e-21 9.81076048154e-22 0.0798341475012 
0.358999615926 -1.70728422792e-21 -1.13818948528e-21 0.210098850171 
0.441949996418 0.0593790734145 0.039586048943 -0.139960873153 
0.512527294444 0.106604888921 0.0710699259471 -0.0641585619474 
0.58663125024 0.0668063250211 0.0445375500141 -0.0573148492194 
0.646102156923 0.000679683802943 0.000453122535295 -0.058682409969 
0.720882017188 5.69819432707e-21 3.79879621804e-21 -0.054283603803 
0.790131228021 3.04612719658e-22 2.03075146439e-22 -0.0495663687903 
0.847853126681 0.000134332598889 8.95550659262e-05 -0.04362419227 
0.918292235286 0.0603975323343 0.0402650215562 -0.0388660667239 
0.951214396505 0.0532914399708 0.0355276266472 -0.0379901740662 
0.98150807338 0.0465149602821 0.0310099735214 -0.0374383061912 
0.996823323179 0.0422936298976 0.0281957532651 -0.0350247801836 
1.01125339177 0.0379952704299 0.0253301802866 -0.0344832832883 
1.02229434011 0.0342126479823 0.0228084319882 -0.0353972333297 
1.03329128817 0.03051178582 0.0203411905467 -0.0378116716202 
1.02526991117 0.0297760239558 0.0198506826372 -0.0340191346778 
1.00847442718 0.0303246720219 0.0202164480146 -0.031837349041 
0.989078459279 0.0318273994019 0.021218266268 -0.0341007234086 
0.95761397458 0.0360222954075 0.024014863605 -0.0327934847244 
0.878708019445 0.0505291081095 0.033686072073 -0.025954271728 
0.788210782233 0.0727061011163 0.0484707340775 -0.0187220337913 
0.76397026661 0.399383130195 0.26625542013 -0.0127991305569 
0.685309817247 0.431328995693 0.287552663795 -0.00690277229993 
0.750408004093 0.74498618859 0.49665745906 0.00983774255095 
0.696186367643 0.81848200389 0.54565466926 0.0119027989093 
0.652848062006 0.909129450444 0.606086300296 0.021321116881 
0.630935942465 0.980984744029 0.653989829353 0.0281565974402 
0.61975488863 1.02675684011 0.684504560072 0.0317640795007 
0.609374608716 1.0687394337 0.712492955801 0.0373716737076 
0.542853181375 1.10087987941 0.733919919604 0.0574272166279 
0.493011302429 1.14410647323 0.762737648823 0.0654067823017 
0.447538437818 1.18717552279 0.791450348527 0.0857430845259 
0.402817592365 1.22899249549 0.819328330328 0.0708072881025 
0.353496040589 1.26724507271 0.84483004847 0.0788462540841 
0.310664151671 1.31108392054 0.874055947024 0.0562163440184 
0.223182704047 1.36859139242 0.912394261613 0.0493282325977 
0.151043376949 1.42125877986 0.94750585324 0.0369578537615 
0.0892156010741 1.46482818007 0.976552120046 0.0255396509691 
0.359153155969 1.49766706563 0.998444710422 0.0781302874144 
0.528959829691 1.50850330736 1.00566887157 0.169811433731 
0.669236250554 1.48964342941 0.993095619609 0.326703186409 
0.660423499322 1.52546973898 1.01697982599 0.292731652606 
0.652332591272 1.55834933367 1.03889955578 0.252100512505 
0.647332556384 1.58618131989 1.05745421326 0.20457586239 
0.643779058633 1.61664717961 1.07776478641 0.122523187345 
0.649121960473 1.63544306607 1.09029537738 0.000601559534365 
0.687328873234 1.54113249301 1.02742166201 -0.523598775598 
0.686683646265 1.55582651768 1.03721767846 -0.523598775598 
0.685728263962 1.5694523475 1.046301565 -0.523598775598 
0.684767312659 1.57983180558 1.05322120372 -0.523598775598 
0.684659047262 1.58796937987 1.05864625325 -0.523598775598 
0.684684076679 1.59232811948 1.06155207965 -0.523598775598 
0.684595509932 1.59668455835 1.06445637223 -0.523598775598 
0.684871155275 1.59940349202 1.06626899468 -0.523598775598 
0.684989174212 1.60048443741 1.06698962494 -0.523598775598 
0.684925049476 1.60196384367 1.06797589578 -0.523598775598 
0.68455590251 1.602286468 1.06819097867 -0.523598775598 
0.683789108064 1.6024663221 1.0683108814 -0.523598775598 
0.682738481501 1.60238642998 1.06825761999 -0.523598775598 
0.682232618629 1.60147261819 1.06764841213 -0.523598775598 
0.681384041029 1.59928794273 1.06619196182 -0.523598775598 
0.681175388252 1.59719679516 1.06479786344 -0.523598775598 
0.681306235459 1.59590722968 1.06393815312 -0.523598775598 
0.680936173753 1.59262004502 1.06174669668 -0.523598775598 
0.679896543278 1.59147484785 1.0609832319 -0.523598775598 
0.678931409421 1.58996941189 1.05997960793 -0.523598775598 
0.677497121513 1.58898540423 1.05932360282 -0.523598775598 
0.675591020502 1.58453294917 1.05635529945 -0.523598775598 
0.672746289043 1.58159165858 1.05439443905 -0.523598775598 
0.667002943305 1.57661082953 1.05107388635 -0.523598775598 
0.659257460892 1.57264144724 1.0484276315 -0.523598775598 
0.650806582766 1.56801436019 1.04534290679 -0.523598775598 
0.63781872915 1.56073714433 1.04049142956 -0.523598775598 
0.627207946751 1.55248953598 1.03499302398 -0.523598775598 
0.618602281733 1.54495270625 1.02996847084 -0.523598775598 
0.612122399303 1.53951058567 1.02634039045 -0.523598775598 
0.606552337743 1.52969485066 1.0197965671 -0.523598775598 
0.602688143717 1.52408937592 1.01605958395 -0.523598775598 
0.598702632666 1.5154185484 1.01027903227 -0.523598775598 
0.595006595652 1.50313977205 1.00209318137 -0.523598775598 
0.591193094178 1.49194506329 0.994630042192 -0.523598775598 
0.588101026076 1.47369753038 0.982465020251 -0.523598775598 
0.581753026962 1.44373416409 0.962489442724 -0.523598775598 
0.575653901757 1.4122865459 0.941524363933 -0.523598775598 
0.578130662747 1.37705194603 0.918034630689 -0.523598775598 
0.580170932959 1.33916585884 0.892777239224 -0.523598775598 
0.0648067163863 1.48305480095 0.988703200634 0.0273541788122 
0.123445212515 1.44243782361 0.961625215739 0.0418003439668 
0.179813456631 1.40149550919 0.934330339462 0.0503650312639 
0.241054160673 1.35527029057 0.903513527046 0.0529097204457 
0.298927245673 1.31020961465 0.87347307643 0.0483082993851 
0.349931275928 1.26926955787 0.846179705249 0.0430952069926 
0.251686689133 1.22227446503 0.814849643355 0.0312600200169 
0.084382290252 1.15252061698 0.768347077984 0.0248479452397 
8.25418228514e-18 1.05508426072 0.703389507146 0.0210846675218 
4.97145241282e-18 0.997996938031 0.665331292021 0.0148317919288 
4.96709239547e-21 0.953911806986 0.635941204657 0.00801761193799 
1.08598803438e-21 0.907175875873 0.604783917249 -0.000304233209302 
2.67371742239e-21 0.882335627243 0.588223751495 -0.00742390993862 
2.67371742239e-21 0.882335627243 0.588223751495 -0.00742390993862 
2.67371742239e-21 0.882335627243 0.588223751495 -0.00742390993862 
1.14696459964e-21 0.870809171572 0.580539447715 -0.0195299781935 
3.10722766976e-22 0.843024980019 0.562016653346 -0.0233178548093 
3.10722766976e-22 0.843024980019 0.562016653346 -0.0233178548093 
3.10722766976e-22 0.843024980019 0.562016653346 -0.0233178548093 
3.10722766976e-22 0.843024980019 0.562016653346 -0.0233178548093 
-4.2333395423e-21 0.792701465683 0.528467643789 -0.0342647489671 
-4.2333395423e-21 0.792701465683 0.528467643789 -0.0342647489671 
-4.2333395423e-21 0.792701465683 0.528467643789 -0.0342647489671 
-4.2333395423e-21 0.792701465683 0.528467643789 -0.0342647489671 
-4.2333395423e-21 0.792701465683 0.528467643789 -0.0342647489671 
-4.2333395423e-21 0.792701465683 0.528467643789 -0.0342647489671 
-4.2333395423e-21 0.792701465683 0.528467643789 -0.0342647489671 
-4.2333395423e-21 0.792701465683 0.528467643789 -0.0342647489671 
-4.2333395423e-21 0.792701465683 0.528467643789 -0.0342647489671 
-4.2333395423e-21 0.792701465683 0.528467643789 -0.0342647489671 
-4.2333395423e-21 0.792701465683 0.528467643789 -0.0342647489671 
1.3422727091e-21 0.757180113251 0.504786742167 -0.0428830872091 
5.96928289593e-21 0.723768669623 0.482512446415 -0.0471035031496 
3.04759531776e-22 0.630790064267 0.420526709512 -0.051459578145 
3.65248324534e-21 0.426224830139 0.284149886759 -0.0799916382449 
-1.25008495564e-17 3.81127232943e-16 2.54084821962e-16 0.00941981022507 
0.045081926475 0.00988341596689 0.00658894397793 0.00552136366908 
0.176348807642 -6.25169192099e-19 -4.16779461399e-19 0.00075659417825 
0.303189733509 -1.90222349634e-22 -1.26814899756e-22 -0.0308335815115 
0.432816899929 0.00826182373273 0.00550788248849 0.146460587549 
0.569797482702 -1.25204603357e-19 -8.34697355716e-20 0.0443223151128 
0.68816944528 6.39758386379e-23 4.26505590919e-23 0.0392760275187 
0.799166492685 8.99652337662e-23 5.99768225108e-23 0.0338945779542 
0.88993906189 1.73523683175e-07 1.1568245545e-07 0.0341772630947 
0.98504465809 7.8879634821e-07 5.2586423214e-07 0.0283168472125 
1.10324260971 0.207093950967 0.138062633978 0.0209958024835 
1.20613230099 0.26596228851 0.17730819234 0.0171891942571 
1.24024735732 0.205798139782 0.137198759855 0.0178148966017 
1.22760513318 0.0304817687236 0.020321179149 0.0217171417855 
1.28986252813 0.122500635872 0.081667090581 0.0162410333125 
1.30213697035 0.0674167487194 0.0449444991462 0.0165568903447 
1.35613910508 0.160888303774 0.107258869182 0.012594600533 
1.36974819225 0.144061589239 0.0960410594929 0.0114532773698 
1.36344699245 0.0725700832346 0.0483800554897 0.0126090707803 
1.34909032503 -4.33387860268e-17 -2.88925240179e-17 0.0149967510774 
1.35836201108 1.51264029611e-21 1.00842686407e-21 0.014326627613 
1.35975433454 4.8830495785e-22 3.25536638567e-22 0.0142403195686 
1.36806814189 -2.17079677535e-22 -1.44719785024e-22 0.0124037134363 
1.36227230529 -2.25722140169e-22 -1.50481426779e-22 0.0144330770789 
1.35958252209 7.6097604638e-22 5.07317364253e-22 0.0149121560883 
1.36196760116 -9.66163902627e-23 -6.44109268418e-23 0.0139327211806 
1.36492240627 3.57714007483e-22 2.38476004988e-22 0.0126466370164 
1.35480841312 -7.23024847527e-22 -4.82016565018e-22 0.0155160019942 
1.35990134818 -2.69364293005e-22 -1.79576195337e-22 0.0145359826418 
1.35950614869 6.23110110897e-22 4.15406740598e-22 0.0140917208448 
1.37026697277 -6.56148251326e-22 -4.37432167551e-22 0.0120666932418 
1.36873213701 2.8725433225e-22 1.91502888167e-22 0.0129227578102 
1.37320185241 7.4806205558e-22 4.98708037054e-22 0.0108771348487 
1.37712055383 -1.00870004526e-21 -6.72466696843e-22 0.00991159397563 
1.37324052633 -4.50603847576e-22 -3.00402565051e-22 0.0101083020371 
1.36646931077 5.3942477306e-20 3.59616515373e-20 0.0101204947059 
1.35595583974 3.81746386676e-21 2.54497591117e-21 0.0126655443612 
1.35488160852 0.0045913406225 0.00306089374833 0.011906582479 
1.3253056637 4.4413303561e-18 2.96088690407e-18 0.0159305554241 
1.29540789636 0.0289655441796 0.0193103627864 0.016129869515 
1.25096183334 0.160756036141 0.107170690761 0.015616169872 
1.19569297741 0.268142487038 0.178761658026 0.016328299127 
1.17542709857 0.43637829115 0.290918860767 0.0143381749522 
1.17820510148 0.623372973451 0.415581982301 0.0144931266387 
1.19364602602 0.766488262243 0.510992174829 0.0178955033334 
1.26095665703 0.882118313575 0.588078875717 0.0240179644794 
1.2972970234 0.960586322744 0.640390881829 0.0344125074651 
1.33663334845 1.01088028091 0.67392018727 0.0448666142003 
1.37902202656 1.04157995995 0.694386639964 0.0546737438878 
1.40368159118 1.06378695944 0.709191306296 0.0622736837707 
1.40177415443 1.08296518877 0.721976792513 0.069183214447 
1.40482648784 1.09487436852 0.72991624568 0.0743108930667 
1.42740222731 1.09887986847 0.73258657898 0.0767599103474 
1.43599026713 1.1029799832 0.735319988798 0.0793306284509 
1.42876419685 1.10929906761 0.739532711742 0.0819942109966 
1.4162873291 1.11554113395 0.743694089301 0.0844870614939 
1.42323500552 1.11581924257 0.743879495047 0.0848822729876 
1.41546053657 1.11985089164 0.746567261096 0.0865901021699 
1.40879153681 1.12311674957 0.74874449971 0.0876915595594 
1.41306191724 1.12281541341 0.748543608939 0.0880296694676 
1.40617018503 1.12460116705 0.749734111365 0.0885516327124 
1.4125284679 1.12343648016 0.748957653439 0.0876407333564 
1.40786728974 1.12415655702 0.749437704682 0.0873220937394 
1.40323384192 1.12490626091 0.749937507275 0.0870741768004 
1.39960985665 1.12549481393 0.750329875953 0.0869205382117 
1.40505651801 1.12363679886 0.749091199239 0.0860773931757 
1.41474114564 1.12073337935 0.747155586235 0.0855747453353 
1.41722975587 1.11949829232 0.746332194883 0.0845071769076 
1.41761229666 1.11839350184 0.745595667894 0.0832997387831 
1.40592459885 1.11943009082 0.746286727212 0.0828976905271 
1.40495896605 1.11638672176 0.744257814508 0.0808927859695 
1.40320443774 1.11311963565 0.742079757098 0.0786124915745 
1.40674978731 1.1082825059 0.738855003935 0.0759014012422 
1.39149637394 1.10719490297 0.738129935311 0.0734307446419 
1.37651272289 1.10559790046 0.737065266973 0.0725039002523 
1.37668529735 1.0999183518 0.733278901198 0.0699020225319 
1.36359475431 1.09903899953 0.732692666354 0.0684573369028 
1.36558828757 1.09447685608 0.729651237386 0.0673298239472 
1.36736718763 1.0912314861 0.727487657397 0.0663809712339 
1.36078139601 1.09129634404 0.727530896028 0.0659529758278 
1.36026290665 1.09014829581 0.72676553054 0.0657423246992 
1.3691199604 1.08739335665 0.724928904435 0.0655068601723 
1.37654753262 1.08703819478 0.724692129856 0.0687776287005 
1.36867876063 1.09495417714 0.729969451428 0.0812867506104 
1.36417447737 1.10237729751 0.734918198337 0.101325781105 
1.35874851681 1.10814269035 0.738761793565 0.126898501435 
1.35525979298 1.11134014641 0.740893430938 0.151032032747 
1.36273099714 1.10968562349 0.739790415658 0.169092927639 
1.3656283912 1.10721623382 0.738144155879 0.184200764719 
1.37353067812 1.10261736219 0.735078241462 0.195714012578 
1.38249545414 1.09725560524 0.731503736827 0.201983653901 
1.38954010762 1.09161212699 0.727741417993 0.206146369742 
1.39173723227 1.08790135633 0.725267570886 0.210058286663 
1.38710351402 1.08730271122 0.724868474148 0.21408895642 
1.38675033368 1.08499376376 0.723329175839 0.215263057915 
1.38490288804 1.08335846976 0.72223897984 0.216755615339 
1.38930254401 1.0808628882 0.720575258802 0.217716262043 
1.37524186416 1.08436713981 0.72291142654 0.219722458868 
1.37459300307 1.08482571311 0.723217142073 0.219993655221 
1.36428877754 1.08768440075 0.725122933831 0.221215631971 
1.36253105182 1.08896835928 0.725978906188 0.220632683072 
1.35916259773 1.09053889158 0.72702592772 0.220807332734 
1.35237819715 1.09261708968 0.728411393122 0.221637388815 
1.36281779901 1.0906865517 0.727124367803 0.218144371155 
1.36196107625 1.09212306112 0.728082040745 0.217245985517 
1.36061760912 1.09484060315 0.729893735433 0.21507618048 
1.36412874622 1.0984201182 0.732280078802 0.208485339567 
1.3661434747 1.10331048689 0.735540324596 0.19997031322 
1.3698007369 1.10780201198 0.738534674651 0.185807343608 
1.368340764 1.11176239228 0.741174928185 0.16462927248 
1.36762526952 1.11390981236 0.742606541577 0.143816540773 
1.36591829588 1.11486806625 0.743245377502 0.126017442329 
1.36255545678 1.11583382258 0.743889215052 0.112955472761 
1.36144597569 1.11576617171 0.743844114475 0.103669929241 
1.36895463136 1.11361922284 0.742412815225 0.0958351584398 
1.36162108964 1.11600728714 0.744004858091 0.0920073213247 
1.36296347966 1.11572120628 0.743814137522 0.0890516648007 
1.36523711572 1.11544924424 0.743632829493 0.0867077255717 
1.36070295982 1.11677183228 0.744514554852 0.0853098277253 
1.36217582782 1.11646952087 0.744313013911 0.0834328804441 
1.35663750633 1.11776907838 0.745179385587 0.0833478067365 
1.35812749402 1.1164843228 0.744322881866 0.081850527182 
1.3683055018 1.11270809857 0.741805399046 0.0807857584942 
1.37222154632 1.10837487446 0.738916582973 0.0779591812954 
1.3529617499 1.09370069388 0.729133795923 0.0688957749549 
1.33408793825 1.07693718632 0.717958124213 0.0602519411567 
1.31159849511 1.05518909513 0.703459396753 0.0506191482737 
1.23990427898 1.02275474171 0.681836494473 0.0401396747048 
1.16248626221 0.967949388892 0.645299592595 0.0301261256711 
1.01742200761 0.861034548991 0.57402303266 0.0206116027384 
0.757846484539 0.453032709162 0.302021806108 0.0263079020328 
0.833208121348 0.167234936325 0.11148995755 0.0448202287034 
0.97556499725 0.129291889809 0.0861945932057 0.0425914799707 
1.07119927983 -1.0305241111e-17 -6.87016074066e-18 0.04841484891 
1.16867876198 4.66286402385e-23 3.1085760159e-23 0.0485831824572 
1.23553972369 -7.81322022935e-22 -5.20881348623e-22 0.0470902249794 
1.30364246904 9.77130194505e-23 6.5142012967e-23 0.0407201112243 
1.35424241258 -2.09022101586e-22 -1.39348067724e-22 0.0367479180924 
1.39404830685 1.01462362349e-21 6.76415748993e-22 0.032973099055 
1.41277031513 1.10240490062e-21 7.34936600415e-22 0.0340365838692 
1.42846080941 1.44954997521e-21 9.6636665014e-22 0.0326626884874 
1.43986386179 8.75984313471e-22 5.83989542314e-22 0.0309605358487 
1.43986386179 8.75984313471e-22 5.83989542314e-22 0.0309605358487 
1.43095721076 -4.36130551408e-22 -2.90753700939e-22 0.0339445334732 
1.42344468136 -1.90021901788e-23 -1.26681267858e-23 0.0354399585179 
1.4098144006 2.10651551376e-22 1.40434367584e-22 0.0344655874673 
1.38785547071 -5.09421412916e-22 -3.39614275277e-22 0.0405534931121 
1.36990247714 4.3640911327e-22 2.90939408847e-22 0.0431790844249 
1.33063841828 3.06361035822e-22 2.04240690548e-22 0.0505927858622 
1.30676928818 -7.06705688717e-22 -4.71137125811e-22 0.054897136218 
1.27077960186 5.12170758629e-22 3.41447172419e-22 0.0616610057663 
1.21826261779 2.65561028077e-22 1.77040685384e-22 0.0742100553149 
1.12885228289 -7.21580773664e-23 -4.81053849109e-23 0.0948100317278 
1.03751028695 0.000471787085325 0.00031452472355 0.112709812548 
0.940274387547 0.0188685395798 0.0125790263865 0.138106012177 
0.866243720701 0.24173855792 0.161159038614 0.21246187678 
0.764383514245 0.38490870991 0.256605806607 0.28836610346 
0.670421004913 0.496754684018 0.331169789346 0.344169292546 
0.554620679973 0.600673624346 0.400449082898 0.410770596642 
0.393853908362 0.66378156113 0.442521040753 0.523598775598 
0.288197374939 0.755410892198 0.503607261465 0.523598775598 
0.172053202523 0.847730877306 0.565153918204 0.523598775598 
0.0426672948265 0.935643152438 0.623762101625 0.523598775598 
2.37022965291e-17 1.00829868111 0.67219912074 0.523598775598 
0.390820975788 1.2347599662 0.823173310802 0.0745846876742 
0.337296241032 1.27932516678 0.852883444519 0.044247275487 
0.293562304897 1.31183760972 0.874558406483 0.0198896315225 
0.253362935696 1.3403832989 0.893588865935 0.00552300441021 
0.253717463766 1.35274005295 0.901826701968 -0.00353667595158 
0.383360697132 1.36701550811 0.911343672074 0.0055410855219 
0.458295749447 1.37180887495 0.914539249968 0.0107697828003 
0.50012100169 1.37453436104 0.916356240696 0.0132356453644 
0.526106530891 1.37415690681 0.916104604542 0.0136350162969 
0.544210969306 1.37318511272 0.915456741814 0.0136363865078 
0.559066450811 1.37508538515 0.9167235901 0.0146888445367 
0.568459581777 1.37511656331 0.916744375541 0.0146670570106 
0.576686562356 1.37482090145 0.916547267634 0.0151988893533 
0.584457276332 1.37187301956 0.914582013037 0.014679459805 
0.590944442228 1.37378945909 0.915859639395 0.0160412993356 
0.590312505065 1.37633674725 0.917557831498 0.0172244343622 
0.590136313297 1.37824026867 0.918826845782 0.0186348227958 
0.593417503813 1.38015688363 0.920104589084 0.0201467531681 
0.596669436423 1.37802020625 0.9186801375 0.019667611732 
0.601473299623 1.37641497434 0.917609982894 0.0203583958569 
0.604627288642 1.37758129121 0.918387527472 0.0220887964486 
0.606030682755 1.37545272319 0.916968482125 0.0226343926754 
0.594320122059 1.37427395952 0.916182639679 0.0218225657566 
0.547101740488 1.36341960055 0.908946400367 0.0139774920938 
0.425957822055 1.34530952334 0.896873015558 0.000804227335026 
0.277688161595 1.31999064191 0.879993761272 -0.00636638044602 
0.323232198737 1.28714199202 0.858094661344 0.00680184656675 
0.38772291924 1.23752372424 0.825015816157 0.0259424038372 
0.448852292554 1.18571182043 0.79047454695 0.0514176392617 
0.531488854457 1.10349462902 0.735663086015 0.0780530380983 
0.574422408441 0.997724292693 0.665149528462 0.116090238662 
0.645902035329 0.870140211324 0.580093474216 0.141689064977 
0.737173525985 0.703814325691 0.469209550461 0.143862918677 
0.773454141429 0.397821739251 0.265214492834 0.160349306679 
0.88140630377 0.152348070611 0.101565380407 0.117299112384 
0.970427245557 0.12430013981 0.0828667598735 0.0873354394283 
1.0205713298 9.39928405415e-19 6.26618936943e-19 0.0640160608488 
1.06462580195 -8.14904097037e-23 -5.43269398025e-23 0.0470410465036 
1.08518157949 -2.79495899448e-22 -1.86330599632e-22 0.0283125372015 
1.07272913107 -1.47039974809e-22 -9.80266498727e-23 0.0269209413154 
1.041930823 0.0017512612259 0.00116750748393 0.0141543294403 
0.987037917533 0.0110128189148 0.00734187927655 0.00502809514383 
0.931407438818 0.022069103265 0.01471273551 -0.00175192842874 
0.863947454093 0.0363562885899 0.0242375257266 -0.00400957193385 
0.815396685316 0.0470444024759 0.0313629349839 -0.0147785434744 
0.740146308624 5.16467808543e-17 3.44311872362e-17 -0.0233889378311 
0.668465434873 0.055105280651 0.0367368537673 -0.0177476331387 
0.574437677044 -8.57190764874e-17 -5.71460509916e-17 -0.0354053846003 
0.48828197294 -4.107002126e-18 -2.73800141734e-18 -0.0677502724827 
0.413375903746 0.0122688391732 0.0081792261155 -0.163854223416 
0.340659248356 0.0834663356376 0.0556442237584 -0.293605058738 
0.270618735753 0.162867714271 0.10857847618 -0.401371519633 
0.213138172924 0.232520840362 0.155013893575 -0.510750098167 
0.168296028566 0.277796312987 0.185197541991 -0.523598775598 
0.118098984548 0.335782786864 0.223855191242 -0.523598775598 
0.0681996965929 0.398728359175 0.265818906116 -0.523598775598 
0.0409473263363 0.431203377161 0.287468918108 -0.523598775598 
0.00391837457375 0.481703038672 0.321135359114 -0.523598775598 
0.0 0.481158805509 0.320772537006 -0.523598775598 
5.12215029105e-23 0.486085719404 0.324057146269 -0.523598775598 
5.12215029105e-23 0.486085719404 0.324057146269 -0.523598775598 
5.12215029105e-23 0.486085719404 0.324057146269 -0.523598775598 
2.98018023305e-21 0.491757338661 0.327838225774 -0.523598775598 
2.98018023305e-21 0.491757338661 0.327838225774 -0.523598775598 
2.98018023305e-21 0.491757338661 0.327838225774 -0.523598775598 
2.98018023305e-21 0.491757338661 0.327838225774 -0.523598775598 
8.19429473449e-22 0.485056993693 0.323371329129 -0.523598775598 
1.82114860278e-21 0.494608245399 0.329738830266 -0.523598775598 
1.27251394963e-22 0.488292154308 0.325528102872 -0.523598775598 
0.0174922610432 0.464841409025 0.309894272683 -0.523598775598 
0.0387126731922 0.435521188071 0.290347458714 -0.523598775598 
0.0545500965734 0.418161802142 0.278774534761 -0.523598775598 
0.0696267535922 0.40905105564 0.27270070376 -0.523598775598 
0.112849176009 0.373990432268 0.249326954846 -0.501176802451 
0.209389619778 0.405976389012 0.270650926008 -0.01011730722 
0.472637748324 0.684187353624 0.456124902416 0.00136362430833 
0.745710387291 0.769417591212 0.512945060808 0.0109854399982 
0.824600996226 0.651963180707 0.434642120471 0.0237948963538 
0.823701205117 0.189778163892 0.126518775928 0.0530316349821 
0.977261637644 -1.12625172542e-18 -7.50834483616e-19 0.0545399413698 
1.12032299133 -1.37387772051e-22 -9.15918480338e-23 0.0596519480036 
1.23197646882 4.68913049015e-22 3.12608699343e-22 0.0552409031371 
1.32519552271 -9.93977643071e-23 -6.62651762047e-23 0.0472922759187 
1.39160841569 7.12123169305e-22 4.74748779536e-22 0.0438066817272 
1.43839080707 4.13245949851e-22 2.75497299901e-22 0.0404230032228 
1.47158601494 2.92693899281e-23 1.95129266188e-23 0.0364323104676 
1.49054006456 4.05835291162e-22 2.70556860775e-22 0.0345284748029 
1.49849423037 1.95970454535e-22 1.3064696969e-22 0.033346537466 
1.50294711768 1.07792196373e-21 7.18614642486e-22 0.0329721413713 
1.49863266975 4.28959002628e-22 2.85972668419e-22 0.0370015972342 
1.50605547147 1.08156575874e-21 7.21043839161e-22 0.0320186204239 
1.49233831292 -2.12967939253e-22 -1.41978626169e-22 0.0357885185619 
1.49233831292 -2.12967939253e-22 -1.41978626169e-22 0.0357885185619 
1.48529968125 4.51781380584e-22 3.01187587056e-22 0.0380477039599 
1.48244847662 -1.46794453255e-22 -9.78629688363e-23 0.0355434600436 
1.48244847662 -1.46794453255e-22 -9.78629688363e-23 0.0355434600436 
1.48453111236 4.65774730493e-22 3.10516486995e-22 0.0310895990299 
1.49595614872 -1.54064546675e-22 -1.02709697783e-22 0.0255290214002 
1.50461666869 5.27674453335e-22 3.5178296889e-22 0.0208536202418 
1.50556412761 1.18111798062e-21 7.87411987079e-22 0.017261382393 
1.49905372959 -1.06416498907e-21 -7.09443326048e-22 0.0183983486858 
1.49093262929 9.7901933749e-22 6.52679558327e-22 0.0205413777869 
1.4830215198 -7.60037548654e-23 -5.06691699103e-23 0.0214346546442 
1.4830215198 -7.60037548654e-23 -5.06691699103e-23 0.0214346546442 
1.46235487866 -1.20807130867e-22 -8.05380872445e-23 0.0264377751772 
1.46431006308 -3.73560864009e-22 -2.49040576006e-22 0.02354195881 
1.46674991748 -3.98710700695e-22 -2.65807133797e-22 0.0216460477467 
1.46479878328 1.02033051028e-21 6.8022034019e-22 0.0237314918233 
1.46479878328 1.02033051028e-21 6.8022034019e-22 0.0237314918233 
1.46502649195 -3.845266979e-22 -2.56351131933e-22 0.0203392071604 
1.45271908681 1.11796322375e-21 7.45308815836e-22 0.0244317614969 
1.45271908681 1.11796322375e-21 7.45308815836e-22 0.0244317614969 
1.46459014299 7.71429554476e-22 5.1428636965e-22 0.0206540345776 
1.45864140068 6.1619412331e-22 4.10796082207e-22 0.0235441404965 
1.47698949164 8.0551011955e-22 5.37006746367e-22 0.0150321793999 
1.46903742526 1.06585703883e-23 7.10571359223e-24 0.0173244754258 
1.46030692415 2.90789724368e-22 1.93859816245e-22 0.0205244263232 
1.46181881165 3.28411931943e-22 2.18941287962e-22 0.0188303156003 
1.47342852568 2.94112039757e-22 1.96074693171e-22 0.0158307704631 
1.46412516295 1.81622699015e-22 1.21081799343e-22 0.0187684304433 
1.45982348805 -3.98130468227e-22 -2.65420312152e-22 0.0189797365416 
1.45982348805 -3.98130468227e-22 -2.65420312152e-22 0.0189797365416 
1.45173017648 6.59719924575e-22 4.3981328305e-22 0.0208799057774 
1.45173017648 6.59719924575e-22 4.3981328305e-22 0.0208799057774 
1.4416812652 3.24152020948e-22 2.16101347299e-22 0.0231091533305 
1.44411252243 8.09710183667e-22 5.39806789111e-22 0.0205702462319 
1.44225964205 -2.21926198846e-22 -1.47950799231e-22 0.022956125131 
1.44225964205 -2.21926198846e-22 -1.47950799231e-22 0.022956125131 
1.43537311043 -1.99571020652e-22 -1.33047347101e-22 0.0230318841989 
1.43471334241 3.73700686951e-22 2.49133791301e-22 0.0209087028635 
1.42184598389 6.48901475483e-22 4.32600983655e-22 0.0213004185428 
1.37405225781 3.99084262917e-22 2.66056175278e-22 0.0195573835276 
1.27574040756 4.44392039257e-22 2.96261359505e-22 0.0191580856449 
1.13776134353 -1.03249291121e-18 -6.88328607473e-19 0.0181305312906 
0.881868578372 0.0485485195433 0.0323656796955 0.0244305476596 
0.760421604583 0.555751426908 0.370500951272 0.0128808694479 
0.387448902 0.25666486984 0.171109913226 0.0389762701501 
0.206066299923 0.188587991707 0.125725327805 -0.0993049098617 
0.0925337776329 0.0200774017632 0.0133849345088 -0.00750541854992 
0.0281869672165 6.84727293254e-18 4.56484862169e-18 0.000894037246172 
-5.32524995443e-17 0.00120321362923 0.000802142419489 0.00360101705075 
1.63687493461e-20 -3.32672819837e-19 -2.21781879891e-19 0.00832960914646 
1.63687493461e-20 -3.32672819837e-19 -2.21781879891e-19 0.00832960914646 
1.63687493461e-20 -3.32672819837e-19 -2.21781879891e-19 0.00832960914646 
1.63687493461e-20 -3.32672819837e-19 -2.21781879891e-19 0.00832960914646 
1.63687493461e-20 -3.32672819837e-19 -2.21781879891e-19 0.00832960914646 
-5.18730585473e-21 -5.95500666536e-22 -3.97000444358e-22 0.0132054014134 
-5.18730585473e-21 -5.95500666536e-22 -3.97000444358e-22 0.0132054014134 
-5.18730585473e-21 -5.95500666536e-22 -3.97000444358e-22 0.0132054014134 
-5.18730585473e-21 -5.95500666536e-22 -3.97000444358e-22 0.0132054014134 
-5.18730585473e-21 -5.95500666536e-22 -3.97000444358e-22 0.0132054014134 
-6.83103550288e-21 -4.68071205412e-22 -3.12047470275e-22 0.017507486625 
-6.83103550288e-21 -4.68071205412e-22 -3.12047470275e-22 0.017507486625 
-8.48500906842e-22 1.74896502237e-21 1.16597668158e-21 0.0218494933094 
0.00793583905538 1.38712330795e-21 9.24748871969e-22 0.0224738782729 
0.0112043802906 -1.13241648739e-21 -7.54944324927e-22 0.0269253141832 
0.00948523396633 -1.29164544722e-21 -8.61096964816e-22 0.0265441069832 
0.0275436654221 0.00949582736505 0.0063305515767 0.0296470282373 
0.043732864922 0.0621166494286 0.0414110996191 0.0396976223831 
0.0471572978918 0.143766024967 0.095844016645 0.058951884758 
0.0388568413977 0.106511173156 0.0710074487706 0.0613177035224 
0.00392149248144 0.109054152853 0.0727027685685 0.0555632038969 
2.6787040601e-18 0.240248961142 0.160165974095 0.0790967805808 
