0.0 0.0 0.0 0.0 
1.23534671776e-19 0.478515005967 0.319010003978 0.523598775598 
1.23534671776e-19 0.478515005967 0.319010003978 0.523598775598 
1.23534671776e-19 0.478515005967 0.319010003978 0.523598775598 
1.23534671776e-19 0.478515005967 0.319010003978 0.523598775598 
1.23534671776e-19 0.478515005967 0.319010003978 0.523598775598 
1.23534671776e-19 0.478515005967 0.319010003978 0.523598775598 
1.23534671776e-19 0.478515005967 0.319010003978 0.523598775598 
1.23534671776e-19 0.478515005967 0.319010003978 0.523598775598 
-2.3457227216e-21 0.455295939056 0.303530626038 0.523598736995 
-2.3457227216e-21 0.455295939056 0.303530626038 0.523598736995 
-2.3457227216e-21 0.455295939056 0.303530626038 0.523598736995 
-2.3457227216e-21 0.455295939056 0.303530626038 0.523598736995 
-2.3457227216e-21 0.455295939056 0.303530626038 0.523598736995 
3.86407629034e-21 0.427271288322 0.284847525548 0.469715748155 
-6.07396267692e-21 0.44638813443 0.29759208962 0.466746866345 
-6.07396267692e-21 0.44638813443 0.29759208962 0.466746866345 
-6.07396267692e-21 0.44638813443 0.29759208962 0.466746866345 
-6.07396267692e-21 0.44638813443 0.29759208962 0.466746866345 
-9.34325336929e-21 0.408377539662 0.272251693108 0.413197644588 
-9.34325336929e-21 0.408377539662 0.272251693108 0.413197644588 
-9.34325336929e-21 0.408377539662 0.272251693108 0.413197644588 
-9.34325336929e-21 0.408377539662 0.272251693108 0.413197644588 
6.70514393069e-21 0.433449120058 0.288966080038 0.40072047836 
6.70514393069e-21 0.433449120058 0.288966080038 0.40072047836 
6.70514393069e-21 0.433449120058 0.288966080038 0.40072047836 
6.70514393069e-21 0.433449120058 0.288966080038 0.40072047836 
7.93421219444e-21 0.364118987638 0.242745991759 0.311500133214 
7.93421219444e-21 0.364118987638 0.242745991759 0.311500133214 
7.93421219444e-21 0.364118987638 0.242745991759 0.311500133214 
1.73456244661e-20 0.396853664854 0.264569109903 0.286979813657 
1.73456244661e-20 0.396853664854 0.264569109903 0.286979813657 
1.83660838448e-20 0.27520103804 0.183467358693 0.2098983862 
4.06043739242e-21 0.322803879083 0.215202586056 0.177163692073 
4.06043739242e-21 0.322803879083 0.215202586056 0.177163692073 
4.06043739242e-21 0.322803879083 0.215202586056 0.177163692073 
4.06043739242e-21 0.322803879083 0.215202586056 0.177163692073 
1.51913221791e-20 0.222024729518 0.148016486345 0.17775065859 
1.75032785736e-20 0.22307254677 0.14871503118 0.147175032135 
1.77475114669e-21 0.145766642203 0.0971777614685 0.116500516035 
1.77475114669e-21 0.145766642203 0.0971777614685 0.116500516035 
-1.30049685496e-20 0.0531572066157 0.0354381377438 0.0948388253114 
-3.85539306768e-21 0.00741651432503 0.00494434288335 0.0869124244926 
4.24109276824e-21 9.82470489838e-19 6.54980326558e-19 0.0801060311909 
0.0101067523489 -8.96807959968e-22 -5.97871973312e-22 0.0658093074028 
0.0682161468076 -2.30530846347e-23 -1.53687230898e-23 0.0675538815283 
0.103851881713 0.0431545746662 0.0287697164441 0.0817281209189 
0.131061712561 0.1198142345 0.0798761563334 0.106208393987 
0.163939058349 0.163976048567 0.109317365711 0.160092221375 
0.173828640521 0.172698886088 0.115132590725 0.162555755788 
0.200039769258 0.203131672146 0.135421114764 0.227538242761 
0.232208552699 0.143795989264 0.0958639928428 0.211021226294 
0.245299734572 0.115765335085 0.0771768900565 0.203612429608 
0.294373868179 0.0876596725986 0.0584397817324 0.258562082793 
0.355340359686 0.028930788931 0.0192871926207 0.300144786322 
0.379883099624 -1.48769394863e-18 -9.91795965752e-19 0.288052834867 
0.40061347146 2.77842217163e-18 1.85228144775e-18 0.339267407671 
0.406207027686 1.42728840296e-21 9.51525601974e-22 0.337091796982 
0.419817723925 1.36173208843e-21 9.07821392287e-22 0.334448767792 
0.427258067658 1.39211651479e-22 9.28077676529e-23 0.33255489207 
0.447149570055 4.30315754768e-22 2.86877169846e-22 0.110966801741 
0.535796819166 0.226495819572 0.150997213048 -0.073010511136 
0.568684463467 0.274106529157 0.182737686105 -0.0573898533797 
0.582320806863 0.192158028904 0.128105352603 -0.0755938954208 
0.610786537475 0.183195061797 0.122130041198 -0.0724370933124 
0.62918319337 0.177882953587 0.118588635725 -0.0676576966574 
0.695966335214 0.376530968917 0.251020645945 -0.0301855109851 
1.11689047575 0.753328770719 0.50221918048 0.00541147922753 
1.03099294535 0.706767806806 0.471178537871 -7.615055711e-05 
1.03706976175 0.69387069959 0.462580466393 -0.00817197451966 
0.859463447163 0.560414941446 0.373609960964 -0.0133629170439 
0.995470373565 0.685777740788 0.457185160525 0.000122600164461 
1.00035093771 0.677905026607 0.451936684405 -0.00620314184057 
0.973328580797 0.72084715714 0.480564771427 0.00505216194632 
0.975706612686 0.713866758213 0.475911172142 -0.000661294281018 
0.964255654167 0.734025727287 0.489350484858 0.00791440078767 
0.95626033038 0.748225926027 0.498817284018 0.0112095946786 
0.940771955789 0.780648377484 0.520432251656 0.0177134784764 
0.93546507774 0.791606374983 0.527737583322 0.0190525671204 
0.918792215831 0.835250602824 0.556833735216 0.0307578056179 
0.902285650202 0.885939036674 0.59062602445 0.04371246443 
0.833250750247 0.92606083361 0.617373889073 0.0482704734333 
0.826829764579 0.954789964397 0.636526642931 0.0546238013785 
0.82197863715 0.973201874309 0.64880124954 0.0545382804447 
0.764027586399 1.001574085 0.667716056669 0.0544829106272 
0.762552293268 1.01327879092 0.675519193948 0.0601622276158 
0.761143278719 1.02021196513 0.680141310084 0.0567935213225 
0.712143563332 1.05270514163 0.701803427755 0.0604081124537 
0.569578960681 1.17517105455 0.783447369697 0.0777466020936 
0.527365048895 1.20935023453 0.806233489687 0.0833976457884 
0.52748098613 1.22967502264 0.819783348425 0.0863622070113 
0.45926509818 1.25567253136 0.837115020907 0.0784988914209 
0.45896995415 1.26891237345 0.8459415823 0.0746688923424 
0.394853948061 1.29180796043 0.861205306951 0.06499068669 
0.363467539413 1.30584451032 0.870563006877 0.0600724183391 
0.31165409839 1.32620908921 0.884139392809 0.0538294640985 
0.232216886476 1.35147789735 0.9009852649 0.0378472488816 
0.162580085442 1.37124587154 0.914163914359 0.0276259377445 
0.0172418545026 1.40755973136 0.938373154239 0.00377717718089 
-5.78066629602e-18 1.43753512118 0.958356747454 -0.00691395361317 
-2.97820443188e-21 1.47399760821 0.982665072139 -0.0222713432542 
-2.31757275051e-21 1.49802622502 0.998684150011 -0.0335497416112 
-3.50218116907e-22 1.52061767123 1.01374511415 -0.0419091201424 
-1.88959291798e-21 1.5449984145 1.029998943 -0.0537288619277 
-1.25989593158e-21 1.58877491426 1.05918327617 -0.0721309754758 
-1.36246323995e-21 1.60861951076 1.07241300717 -0.0731132138631 
-1.58951895284e-21 1.62850198038 1.08566798692 -0.0832457469816 
2.637795546e-22 1.64266655471 1.09511103647 -0.084116881875 
-1.12547642914e-23 1.65681846285 1.1045456419 -0.0943740485104 
0.000607977818251 1.67989622308 1.11993081539 -0.0956668512346 
1.0587236018 1.58117584754 1.05411723169 -0.310037877893 
1.08372305034 1.58486847493 1.05657898329 -0.350370894505 
1.10298314223 1.58921565985 1.05947710657 -0.354144753875 
1.11639446085 1.59318255147 1.06212170098 -0.359302952875 
1.14371334684 1.59769585618 1.06513057079 -0.394834254602 
1.15835287282 1.6023473785 1.06823158567 -0.399043560476 
1.1721507502 1.60533568421 1.07022378947 -0.417155496918 
1.18111771444 1.61032897835 1.07355265223 -0.417781865738 
1.18701416747 1.61265158138 1.07510105425 -0.418954492436 
1.19062930583 1.61339276187 1.07559517458 -0.417987952809 
1.19951356973 1.61730455026 1.07820303351 -0.421834145303 
1.20162520403 1.61726131867 1.07817421245 -0.423456423775 
1.20162520403 1.61726131867 1.07817421245 -0.423456423775 
1.20124881103 1.61584517785 1.07723011856 -0.423012801853 
1.19763227564 1.61498416253 1.07665610836 -0.421419805929 
1.19751387877 1.61477138983 1.07651425988 -0.421388264855 
1.1932655658 1.61427534972 1.07618356648 -0.42138362161 
1.19293423229 1.6131445409 1.07542969394 -0.421019472569 
1.18899072379 1.61334537257 1.07556358171 -0.420512166369 
1.18508134201 1.61206176318 1.07470784212 -0.419642405804 
1.18123352328 1.61121945565 1.07414630377 -0.419225903651 
1.17170653643 1.60986003513 1.07324002342 -0.417460632312 
1.15909392298 1.60774850216 1.07183233478 -0.415494837969 
1.13680596269 1.60274998759 1.06849999173 -0.399550917599 
1.11596668299 1.5981031631 1.06540210874 -0.38394444394 
1.08203577899 1.5916018907 1.06106792714 -0.345472948263 
1.04504918363 1.58996489253 1.05997659502 -0.28736885624 
1.00864505488 1.58813571245 1.05875714163 -0.204037473252 
0.958565313172 1.5777274171 1.05181827807 -0.0721648548999 
0.92679200283 1.56072691818 1.04048461212 0.0153681644965 
0.903464161583 1.53903657752 1.02602438502 0.074054945452 
0.885658500211 1.52780245612 1.01853497074 0.091814497429 
0.879416103185 1.49493043498 0.996620289985 0.146665187566 
0.874031001423 1.48869607952 0.992464053014 0.152712747719 
0.860303707427 1.4614964595 0.974330972997 0.166591365309 
0.843321614085 1.41528812342 0.943525415612 0.176159707411 
0.841132591906 1.40153128627 0.934354190848 0.174611589802 
0.670090006201 1.38258065834 0.921720438893 0.0997779063996 
0.05765114393 1.37480423239 0.91653615493 -0.00241707891712 
0.203901081081 1.33279204466 0.888528029774 0.015956006899 
0.314183214022 1.30208317485 0.868055449898 0.0305517508903 
0.375537390591 1.28256241356 0.855041609042 0.0384623268168 
0.432253881001 1.262558217 0.841705477999 0.0495752367984 
0.432158593377 1.25043809343 0.833625395622 0.048518330816 
0.469024318435 1.24371096343 0.829140642284 0.0540219995769 
0.46891357827 1.22472146662 0.816480977748 0.0520952487175 
0.542360498758 1.20139335304 0.800928902028 0.0548697952538 
0.543103875076 1.19446550143 0.796310334287 0.0573577633033 
0.605499322208 1.16150924496 0.774339496637 0.058817135271 
0.636753070112 1.13556967303 0.757046448684 0.0571690125296 
0.680010107726 1.09619796102 0.730798640679 0.0532874815802 
0.680415113673 1.08755160057 0.725034400381 0.0531046568684 
0.71940180719 1.059502445 0.706334963332 0.0526485055649 
0.722792645505 1.01640548332 0.677603655546 0.0431610501685 
0.778770076543 0.997216510174 0.664811006783 0.045173834717 
0.824278724789 0.94405215264 0.62936810176 0.0365319182931 
0.832927541528 0.901668207913 0.601112138608 0.0236847849947 
0.849097461752 0.842093844536 0.561395896357 0.0143827587574 
0.904258477873 0.833095183991 0.555396789328 0.0164858132887 
0.911799449819 0.80962478298 0.53974985532 0.00786110736377 
0.916747882787 0.795226389097 0.530150926065 0.00520565943087 
0.919318927364 0.787448952358 0.524965968238 0.00436110819351 
0.928832548794 0.763016982771 0.508677988514 0.000245741125962 
0.935432653595 0.746462986399 0.497641990933 -0.00295764228202 
0.937392615608 0.74000748146 0.493338320973 0.00106844466863 
0.942105668351 0.728834181296 0.485889454197 -0.00160826857252 
0.952523518185 0.707881347964 0.471920898642 -0.00292269379253 
0.960154989721 0.69294848654 0.461965657693 0.00161670320879 
0.959630476581 0.693254929446 0.462169952964 0.00556697520514 
0.952030734793 0.705732878634 0.470488585756 0.0126661880963 
0.951484433541 0.706124055638 0.470749370425 0.0111853543867 
0.940333595165 0.72515578526 0.483437190173 0.022557204523 
0.659509821673 0.487961621082 0.325307747388 0.026433458291 
0.599762853403 0.406864931183 0.271243287455 0.0275903196327 
0.56904176925 0.421317050458 0.280878033638 0.0283062416776 
0.489356573655 0.401192125477 0.267461416985 0.0474954768447 
0.441978310083 0.293144049234 0.195429366156 0.056509503549 
0.40653419246 0.23435402949 0.15623601966 0.0889197545453 
0.385070505537 0.248057525677 0.165371683785 0.0992745939359 
0.377602203378 0.249792841803 0.166528561202 0.099622184039 
0.363348286045 0.1947687357 0.1298458238 0.149201615087 
0.349899096202 0.17078430441 0.11385620294 0.132812578561 
0.327240150312 0.204167421556 0.136111614371 0.146203892175 
0.290711688391 0.247167566419 0.164778377613 0.0882402768563 
0.273375791179 0.222825734087 0.148550489391 0.0757281145238 
0.249615228966 0.144289079229 0.0961927194863 -0.0778194662485 
0.225633676136 0.0717931683754 0.0478621122502 -0.0217522765422 
0.221082787006 0.141560598489 0.0943737323259 -0.0400102870369 
0.201929177221 0.161312802992 0.107541868661 -0.0271333541125 
0.175649689708 0.173067183046 0.11537812203 -0.0153594105769 
0.162596376564 0.150478234815 0.10031882321 -0.00635702622364 
0.144425463172 0.201215401555 0.134143601036 0.00990469239375 
0.125803801898 0.188842492599 0.125894995066 0.0202174102471 
0.115611762369 0.161985629429 0.107990419619 0.0244227831642 
0.0937270961499 0.170364531815 0.113576354544 0.0320708516627 
0.0604736997059 0.234314610899 0.156209740599 0.0403807958914 
-1.37132951767e-18 0.149800474283 0.0998669828553 0.0455741564013 
1.98636381675e-20 0.128582249156 0.0857214994375 0.0538282635757 
-1.20859745469e-20 0.184327890852 0.122885260568 0.0701942099649 
-2.10056178515e-21 0.229757730386 0.153171820257 0.0911473605983 
-2.10056178515e-21 0.229757730386 0.153171820257 0.0911473605983 
-2.10056178515e-21 0.229757730386 0.153171820257 0.0911473605983 
-2.10056178515e-21 0.229757730386 0.153171820257 0.0911473605983 
-2.10056178515e-21 0.229757730386 0.153171820257 0.0911473605983 
-2.10056178515e-21 0.229757730386 0.153171820257 0.0911473605983 
-2.10056178515e-21 0.229757730386 0.153171820257 0.0911473605983 
-2.10056178515e-21 0.229757730386 0.153171820257 0.0911473605983 
-2.10056178515e-21 0.229757730386 0.153171820257 0.0911473605983 
-2.10056178515e-21 0.229757730386 0.153171820257 0.0911473605983 
-2.10056178515e-21 0.229757730386 0.153171820257 0.0911473605983 
9.36015483824e-21 0.133844885425 0.0892299236168 0.0878170853798 
2.85506826726e-21 0.199871158616 0.133247439077 0.0880915263929 
2.85506826726e-21 0.199871158616 0.133247439077 0.0880915263929 
2.85506826726e-21 0.199871158616 0.133247439077 0.0880915263929 
2.85506826726e-21 0.199871158616 0.133247439077 0.0880915263929 
2.85506826726e-21 0.199871158616 0.133247439077 0.0880915263929 
2.85506826726e-21 0.199871158616 0.133247439077 0.0880915263929 
2.85506826726e-21 0.199871158616 0.133247439077 0.0880915263929 
4.61510326894e-21 0.129775213814 0.0865168092092 0.090834072138 
4.61510326894e-21 0.129775213814 0.0865168092092 0.090834072138 
7.88630088999e-21 0.237007678904 0.158005119269 0.0995753811141 
7.88630088999e-21 0.237007678904 0.158005119269 0.0995753811141 
7.88630088999e-21 0.237007678904 0.158005119269 0.0995753811141 
7.88630088999e-21 0.237007678904 0.158005119269 0.0995753811141 
7.88630088999e-21 0.237007678904 0.158005119269 0.0995753811141 
7.88630088999e-21 0.237007678904 0.158005119269 0.0995753811141 
7.88630088999e-21 0.237007678904 0.158005119269 0.0995753811141 
4.25238645207e-22 0.156378828462 0.104252552308 0.0938543555509 
4.25238645207e-22 0.156378828462 0.104252552308 0.0938543555509 
4.25238645207e-22 0.156378828462 0.104252552308 0.0938543555509 
4.25238645207e-22 0.156378828462 0.104252552308 0.0938543555509 
4.25238645207e-22 0.156378828462 0.104252552308 0.0938543555509 
4.25238645207e-22 0.156378828462 0.104252552308 0.0938543555509 
4.25238645207e-22 0.156378828462 0.104252552308 0.0938543555509 
1.03649226221e-20 0.245531421515 0.163687614344 0.109669581873 
1.03649226221e-20 0.245531421515 0.163687614344 0.109669581873 
-8.17107629638e-21 0.263479568547 0.175653045698 0.133500924988 
1.00483609833e-20 0.302249793237 0.201499862158 0.128440721781 
1.00483609833e-20 0.302249793237 0.201499862158 0.128440721781 
-1.17425202959e-21 0.247032369403 0.164688246269 0.114751359461 
0.0116141188129 0.246133271954 0.16408884797 0.123574765654 
0.0293803765351 0.309629571589 0.206419714393 0.159683665333 
0.0424898051078 0.280368184315 0.186912122877 0.156037088066 
0.0595230898957 0.25483603769 0.169890691793 0.155365274702 
0.070583476095 0.254443195303 0.169628796869 0.154809926477 
0.0814226043584 0.265643929526 0.177095953017 0.171879050045 
0.103334962623 0.234310611164 0.15620707411 0.174384341785 
0.121026322701 0.226324763328 0.150883175552 0.189684426511 
0.139489651413 0.209601435593 0.139734290395 0.199668820309 
0.15313082347 0.224132407387 0.149421604925 0.251998258125 
0.170979693569 0.210821156864 0.140547437909 0.261948837607 
0.180415961019 0.21868645776 0.14579097184 0.320971428684 
0.214542110352 0.186880536221 0.124587024147 0.362126980393 
0.223957679841 0.171901697237 0.114601131492 0.361959140081 
0.258749983402 0.149988962865 0.0999926419099 0.45249675072 
0.317319548586 0.0868576564619 0.0579051043079 0.519707871483 
0.341048246446 0.0676469848958 0.0450979899305 0.523598775598 
0.375508084453 0.0198197012366 0.0132131341577 0.496804976539 
0.424935787221 -3.21070832003e-19 -2.14047221336e-19 0.457715834404 
0.45169374228 -1.01715570651e-21 -6.78103804341e-22 0.372039768563 
0.47748781319 -1.67534704546e-21 -1.1168980303e-21 0.440909938934 
0.485900317272 2.34747942875e-22 1.56498628583e-22 0.440149323782 
0.503106263826 -4.94901572925e-22 -3.2993438195e-22 0.435427646058 
0.514394366332 7.58121866586e-22 5.05414577724e-22 0.430264403846 
0.514394366332 7.58121866586e-22 5.05414577724e-22 0.430264403846 
0.497881380564 1.20585491104e-18 8.03903274024e-19 0.523598775598 
0.490184576196 5.27027093545e-22 3.51351395697e-22 0.523598775598 
0.490184576196 5.27027093545e-22 3.51351395697e-22 0.523598775598 
0.490184576196 5.27027093545e-22 3.51351395697e-22 0.523598775598 
0.461619938782 0.0590700223558 0.0393800149039 0.523598775598 
0.443247604274 0.121739319908 0.0811595466054 0.523598775598 
0.422078919408 0.170125250568 0.113416833712 0.523598775598 
0.383853484465 0.261721885706 0.174481257137 0.523598775598 
0.292108577702 0.462143000356 0.30809533357 0.523598775598 
0.245815034818 0.582015598503 0.388010399002 0.523598775598 
0.734571178291 1.05237384254 0.701582561696 0.102565341279 
0.732752545958 1.08168956752 0.721126378347 0.109832191611 
0.662786305622 1.12003353327 0.746689022182 0.105685155044 
0.614419494967 1.1627562438 0.775170829203 0.106463608556 
0.570070158668 1.19788697698 0.798591317988 0.10634849399 
0.503899903975 1.24722838106 0.831485587373 0.103984397407 
0.441861730742 1.28659506775 0.857730045164 0.0940996068311 
0.323566038466 1.34374112424 0.89582741616 0.0697251814238 
0.20498283264 1.37931104481 0.919540696538 0.044668284103 
0.11223922857 1.40091764872 0.933945099149 0.0237855743617 
0.0204015777144 1.42331969418 0.948879796121 0.00640535388636 
-3.55595855821e-18 1.4307448621 0.953829908068 -9.79632598737e-05 
2.30719385123e-21 1.45775032832 0.971833552214 -0.00730248936922 
-4.36647067472e-21 1.49143756412 0.994291709413 -0.0249919948192 
1.25732620787e-21 1.51276869197 1.00851246131 -0.0364954186409 
-7.92438114807e-22 1.54577135068 1.03051423379 -0.0493258328798 
7.90386009052e-22 1.56231349039 1.04154232692 -0.0587465016698 
1.87563795631e-21 1.58494851471 1.05663234314 -0.074843828226 
1.77554541788e-21 1.59829658272 1.06553105515 -0.075500005165 
2.04428105886e-24 1.61372064433 1.07581376289 -0.0888269173703 
2.71703631538e-22 1.63245097793 1.08830065195 -0.0899567649323 
-1.06605459831e-21 1.6436661821 1.09577745474 -0.100070822078 
-3.87765575438e-22 1.6601020812 1.1067347208 -0.100855417118 
3.51733154639e-22 1.67081911504 1.11387941002 -0.101472539044 
0.00016292286931 1.68002806102 1.12001870735 -0.102098880212 
1.01285509556 1.57630895128 1.05087263418 -0.151209186587 
1.02850274672 1.57977141968 1.05318094645 -0.19741239682 
1.04883075095 1.58434911097 1.05623274065 -0.249279701506 
1.0631760271 1.58648749334 1.05765832889 -0.277272952367 
1.07937081359 1.58672787554 1.05781858369 -0.308870888264 
1.08905067111 1.58836095124 1.05890730083 -0.331571465532 
1.10521618195 1.58732884835 1.05821923224 -0.360102521813 
1.11392397252 1.59147899079 1.06098599386 -0.359339748459 
1.12068710796 1.59499999034 1.06333332689 -0.361356010644 
1.12894373309 1.59948228602 1.06632152401 -0.365493761246 
1.13432936414 1.59890976449 1.06593984299 -0.390153303656 
1.14077435377 1.60176854954 1.0678456997 -0.390145267725 
1.14439416937 1.60426473404 1.0695098227 -0.388559337246 
1.14998460667 1.60936248349 1.07290832233 -0.389975885166 
1.15078011166 1.61243735369 1.07495823579 -0.390714558137 
1.15743095901 1.61402227081 1.07601484721 -0.39104573973 
1.16116697453 1.61720989021 1.07813992681 -0.390821640855 
1.16157920612 1.61875391846 1.07916927897 -0.391217151485 
1.16184097057 1.61944717358 1.07963144906 -0.391364617623 
1.1649294841 1.6190992575 1.079399505 -0.390390711388 
1.16506149439 1.61996648902 1.07997765935 -0.390578730119 
1.1650942842 1.62029950425 1.0801996695 -0.390625865976 
1.16502272167 1.62016375578 1.08010917052 -0.390575417121 
1.16522923842 1.62137189752 1.08091459835 -0.390897349128 
1.16506857897 1.62083341884 1.08055561256 -0.390755011705 
1.16482417011 1.62015515716 1.08010343811 -0.39061984879 
1.16249381818 1.62081659328 1.08054439552 -0.390076771802 
1.16266715692 1.6217846046 1.0811897364 -0.390357393851 
1.16283979949 1.62218351959 1.08145567973 -0.390509631067 
1.16554179677 1.62257458914 1.08171639276 -0.393283411678 
1.16554179677 1.62257458914 1.08171639276 -0.393283411678 
1.16554179677 1.62257458914 1.08171639276 -0.393283411678 
1.16543909067 1.62234734199 1.08156489466 -0.393243096497 
1.16524986023 1.62200836979 1.08133891319 -0.393116439024 
1.16043627576 1.62192503282 1.08128335521 -0.39372759817 
1.1598945769 1.61991067127 1.07994044751 -0.393175771984 
1.15043501356 1.61987206972 1.07991471315 -0.392629527707 
1.13449959913 1.61808201123 1.07872134082 -0.391821770714 
1.09164859693 1.6162069056 1.0774712704 -0.331881838908 
1.05722273075 1.60471269768 1.06980846512 -0.330332057964 
0.957269624192 1.60022244923 1.06681496616 -0.0831722414903 
0.897038202928 1.57955007708 1.05303338472 0.000171414837588 
0.850768813812 1.53584154024 1.02389436016 0.114827209568 
0.796423654436 1.46621225157 0.977474834381 0.17214712221 
0.773865555923 1.4066808567 0.937787237802 0.183996988668 
0.041386400465 1.3941138285 0.929409219003 0.0259218901311 
0.229271241878 1.34394831545 0.895965543635 0.0568970767285 
0.266287080839 1.33155481748 0.887703211654 0.0607748234956 
0.366695841971 1.29945805021 0.866305366805 0.0732318309671 
0.458100930191 1.25735648401 0.838237656009 0.0814687850712 
0.493279013457 1.23853099234 0.82568732823 0.0856752233627 
0.561060988588 1.19439740443 0.796264936287 0.0950872326374 
0.653618743819 1.12128645895 0.747524305967 0.0924972913892 
0.792471896262 0.985952413516 0.65730160901 0.070452649926 
0.80107294575 0.939658029618 0.626438686412 0.060671110137 
0.853473739305 0.906898258662 0.604598839108 0.0508000824624 
0.867930922632 0.845973878825 0.563982585883 0.0319014373103 
0.879843417785 0.815301528569 0.54353435238 0.0295802964691 
0.890996939314 0.790109077481 0.526739384987 0.0243192628046 
0.901390566917 0.769154485913 0.512769657275 0.0171912863354 
0.917864787581 0.733987071036 0.489324714024 0.0124035936695 
0.923502242892 0.724398975145 0.482932650097 0.0164151475576 
0.931542675897 0.710153296717 0.473435531145 0.00961060181867 
0.930710052341 0.713149231871 0.475432821248 0.00985777361025 
0.933499054339 0.706848721213 0.471232480809 0.00187335157444 
0.824629569906 0.647613479621 0.431742319747 0.00186411837222 
0.785125104057 0.625276518281 0.416851012187 0.00182458850435 
0.773892919375 0.638413421704 0.425608947803 0.00724319475943 
0.729378105017 0.625456370654 0.416970913769 0.0101031875362 
0.625958925923 0.514438937715 0.34295929181 0.00641232621293 
0.551856163786 0.449084536788 0.299389691192 0.00725921996358 
0.441282069119 0.307613590984 0.205075727323 0.0104262067816 
0.379012843332 0.26887616942 0.179250779614 0.000852289931546 
0.286903686657 0.237308454969 0.158205636646 -0.0299898302549 
0.202910947063 0.130325736872 0.0868838245814 0.0504186718174 
0.134757249988 0.124413203201 0.0829421354675 0.042064601823 
0.0984430722121 0.0496291108557 0.0330860739038 0.0422758640629 
0.0677023798371 0.0762522911102 0.0508348607401 0.0366925240155 
0.0146270183824 0.0605324675921 0.0403549783948 0.041466949764 
-3.73589101334e-17 0.0950261427016 0.0633507618011 0.0488375692062 
7.05661041767e-21 0.0971951025707 0.0647967350471 0.060883569572 
-5.00797245455e-21 0.166371355786 0.110914237191 0.075051556497 
4.64275115959e-21 0.141846352734 0.0945642351558 0.0854657467657 
4.64275115959e-21 0.141846352734 0.0945642351558 0.0854657467657 
4.64275115959e-21 0.141846352734 0.0945642351558 0.0854657467657 
4.64275115959e-21 0.141846352734 0.0945642351558 0.0854657467657 
2.07861600737e-20 0.0702944163303 0.0468629442202 0.0848586973059 
2.07861600737e-20 0.0702944163303 0.0468629442202 0.0848586973059 
2.07861600737e-20 0.0702944163303 0.0468629442202 0.0848586973059 
2.07861600737e-20 0.0702944163303 0.0468629442202 0.0848586973059 
1.05487635432e-20 0.141872242473 0.0945814949817 0.0969099023791 
1.05487635432e-20 0.141872242473 0.0945814949817 0.0969099023791 
1.05487635432e-20 0.141872242473 0.0945814949817 0.0969099023791 
1.05487635432e-20 0.141872242473 0.0945814949817 0.0969099023791 
1.05487635432e-20 0.141872242473 0.0945814949817 0.0969099023791 
1.05487635432e-20 0.141872242473 0.0945814949817 0.0969099023791 
9.75863632752e-21 0.0781858880849 0.0521239253899 0.0914228525944 
9.75863632752e-21 0.0781858880849 0.0521239253899 0.0914228525944 
1.09156764094e-21 0.0760499250591 0.0506999500394 0.0821313006359 
1.09156764094e-21 0.0760499250591 0.0506999500394 0.0821313006359 
1.70706425718e-20 0.0300513930179 0.0200342620119 0.0829010348922 
1.70706425718e-20 0.0300513930179 0.0200342620119 0.0829010348922 
1.81666786173e-20 0.037934445441 0.025289630294 0.0706132580741 
1.0931300583e-20 0.0827364314058 0.0551576209372 0.0697421526211 
-1.0117926889e-20 0.054007420479 0.036004946986 0.0679095600699 
5.72540518757e-21 0.0580304251118 0.0386869500745 0.0567172484095 
5.32841359856e-22 0.0783394070943 0.0522262713962 0.0456042588897 
0.0324907951029 0.0899975438563 0.0599983625709 0.0445444526458 
0.116202829581 0.0571765221016 0.0381176814011 0.038463303953 
0.202469035586 0.0325320598847 0.0216880399231 0.0336794403927 
0.349877488684 2.14213940933e-19 1.42809293955e-19 0.0259187724736 
0.492829675649 -5.50809450069e-22 -3.67206300046e-22 -0.0849115353258 
0.697419700958 3.94562378686e-22 2.6304158579e-22 -0.0121178792025 
0.785263717789 1.38106295651e-22 9.20708637676e-23 -0.00603197027129 
0.923331933443 -1.42163390656e-22 -9.47755937704e-23 0.0144197014769 
1.13389664822 1.69708940798e-22 1.13139293865e-22 0.027988778093 
1.23956021556 9.31154968098e-23 6.20769978732e-23 0.0445472725282 
1.34664587097 1.02611627e-21 6.84077513336e-22 0.0493227367947 
1.38956515101 9.49744142987e-22 6.33162761992e-22 0.0615827313081 
1.44872891384 2.16055443017e-21 1.44036962011e-21 0.0573195138303 
1.46733648398 9.59085544624e-22 6.39390363082e-22 0.0588955068784 
1.50303959431 -6.9307866165e-22 -4.620524411e-22 0.0556059747709 
1.54102529913 5.38490107116e-22 3.58993404744e-22 0.0450557363162 
1.57051150903 8.0656125469e-22 5.37707503126e-22 0.0383575853404 
1.57017319854 -8.53783977633e-22 -5.69189318422e-22 0.0445847692842 
1.56587187144 1.64045331151e-21 1.09363554101e-21 0.0521498950514 
1.57079632679 8.48040867161e-22 5.65360578107e-22 0.0447181023758 
1.57079632679 8.81774231921e-22 5.87849487947e-22 0.0425899520038 
1.56330498316 -1.55472350715e-21 -1.0364823381e-21 0.0500580859077 
1.55972203921 -5.45924307765e-22 -3.6394953851e-22 0.052184102488 
1.56837275448 -1.8664384651e-21 -1.24429231007e-21 0.0488524624819 
1.56471946166 -1.4865373631e-21 -9.91024908734e-22 0.0496710552715 
1.556016511 3.79537661454e-22 2.53025107636e-22 0.0479293321172 
1.55505516851 -8.1049087183e-22 -5.40327247887e-22 0.0467754587765 
1.54216491501 -1.06266969107e-21 -7.08446460712e-22 0.059165751295 
1.54624350525 8.40336626148e-22 5.60224417432e-22 0.051962617732 
1.54629209863 -2.19765937259e-22 -1.46510624839e-22 0.0479560104364 
1.53264199888 -1.962426322e-22 -1.30828421467e-22 0.0528216769676 
1.53217814204 -4.50897608315e-22 -3.00598405543e-22 0.0553360587751 
1.52150078404 5.38701059485e-22 3.59134039657e-22 0.0527467340864 
1.51061656331 -5.17375961135e-22 -3.44917307423e-22 0.0567375999951 
1.50992005515 1.19483613843e-21 7.96557425617e-22 0.0527653822709 
1.4975557762 -5.36438045102e-22 -3.57625363401e-22 0.0588192103087 
1.46850913543 1.21129139898e-21 8.07527599322e-22 0.0732351272372 
1.43958151808 -3.53013187256e-22 -2.35342124837e-22 0.0747598804507 
1.40594294591 -4.18461662601e-22 -2.78974441734e-22 0.0862724623933 
1.35060539466 -4.46743906862e-23 -2.97829271241e-23 0.0941359114087 
1.29643912813 -5.80670285281e-22 -3.87113523521e-22 0.102865448867 
1.16076553867 -5.61682683571e-18 -3.74455122381e-18 0.106688583215 
1.07651025753 0.00236289765853 0.00157526510568 0.122970592277 
0.978097470443 0.0260358365631 0.0173572243754 0.124941721379 
0.898909603647 0.0577346144148 0.0384897429432 0.147702249436 
0.979918470091 0.529847410622 0.353231607082 0.0781265773528 
0.889496251412 0.624323027456 0.416215351637 0.0630106610751 
0.90751985137 0.718989367142 0.479326244761 0.0488109444852 
0.819052734001 0.724227514792 0.482818343194 0.0379949658573 
0.55483736605 0.632775374105 0.421850249403 0.0328561119085 
0.401315386012 0.554862656929 0.369908437953 0.0410589323787 
0.233283627521 0.395228243257 0.263485495505 0.0666099322397 
0.155275133266 0.36946433686 0.246309557907 0.0485947552602 
0.100388325973 0.255883045819 0.170588697213 -0.0253005376544 
0.05006639798 0.104301161031 0.0695341073542 0.00241803999476 
0.0278458436806 0.107703094823 0.0718020632156 0.0009255464447 
0.0127769769109 0.0672862095148 0.0448574730099 0.00355818446604 
0.00771017367589 0.0382624315742 0.0255082877161 0.0042923402108 
0.00377580479605 2.87179784486e-18 1.91453189657e-18 0.00872577747745 
0.000864135486412 1.47706199638e-22 9.84707997584e-23 0.00296957373972 
-9.48794366657e-19 0.00920426155697 0.00613617437131 0.0023920489392 
0.00354513574407 -2.4666023412e-18 -1.6444015608e-18 0.00698742032698 
8.3355594719e-19 1.74621349213e-05 1.16414232809e-05 0.00183533551128 
-7.3918820078e-23 4.90228292959e-22 3.26818861972e-22 -1.18873209422e-09 
0.000434864373987 0.027779045289 0.018519363526 -0.00146041640435 
0.000925423877928 0.0287432032223 0.0191621354815 0.000234258596923 
0.00226485407672 0.0132273963046 0.00881826420307 0.00103326719931 
0.00503544439931 0.0242609181232 0.0161739454155 0.000606257651114 
0.00676328673283 0.0135630583839 0.00904203892263 -0.00345362280381 
0.00439228073852 0.0211552508598 0.0141035005732 -0.000273960124915 
0.00505722612723 0.0359357943039 0.0239571962026 -0.000917188152931 
0.0109497326507 -3.45783788159e-19 -2.30522525439e-19 0.000320008292079 
0.00479145916913 0.0222061836928 0.0148041224619 0.00060283511339 
0.00663508352985 0.0321954965711 0.0214636643807 0.00126215396659 
0.0063640734569 0.0382090750487 0.0254727166991 0.00125485532754 
0.00849692185972 0.038061132761 0.0253740885073 0.00119210054597 
0.0268666135515 0.0450988884426 0.0300659256284 -0.00304476186184 
0.0871324540021 1.3315344282e-18 8.876896188e-19 0.0124475804519 
0.134394894008 -3.65250756263e-22 -2.43500504175e-22 0.0151825716708 
0.240550355316 1.28502351271e-21 8.5668234181e-22 -0.00535249061634 
0.378056707295 0.0136581318461 0.00910542123074 -0.086641015634 
0.555960786668 0.118758720528 0.0791724803518 0.0702096363636 
0.730471958804 0.0725212200545 0.0483474800364 0.0542380892583 
0.810636719113 0.0504485587558 0.0336323725039 0.0609405915681 
0.889510585419 0.028508780785 0.0190058538567 0.0694984972384 
0.953140955912 0.00608274583636 0.0040551638909 0.0584914662698 
1.03030541355 3.21546875733e-20 2.14364583822e-20 0.07079330232 
1.10423347649 1.47968844116e-22 9.86458960772e-23 0.0548093722287 
1.18093348733 -4.00035468804e-22 -2.66690312536e-22 0.0409582008382 
1.25033984128 9.75008246202e-22 6.50005497468e-22 0.0286011573187 
1.26744622412 -1.47079515207e-22 -9.80530101382e-23 0.0289660953753 
1.3083116648 -4.28400134102e-22 -2.85600089401e-22 0.0276352278187 
1.35560083198 2.47356012196e-22 1.6490400813e-22 0.0241826929473 
1.38673060168 1.10264028024e-21 7.35093520162e-22 0.0171561079916 
1.43866200388 -2.46382854326e-22 -1.64255236217e-22 0.00507895002747 
1.45532252975 -3.4254179218e-22 -2.28361194787e-22 0.00319363791145 
1.46841692865 2.35051882987e-21 1.56701255324e-21 0.00405110918742 
1.4623303286 -6.9967973303e-22 -4.66453155354e-22 0.00264892070186 
1.46591414255 -1.02485979053e-21 -6.83239860354e-22 0.0034554405028 
1.46999922715 -2.73043027485e-22 -1.8202868499e-22 0.00915068938833 
1.4606946126 -7.50171771291e-22 -5.00114514194e-22 0.0126490662031 
1.47197952186 -9.11051803081e-22 -6.07367868721e-22 0.00797969756008 
1.45849945398 -2.46346937719e-22 -1.64231291813e-22 0.0125197773249 
1.45897115065 8.07791074391e-22 5.38527382927e-22 0.0100275023239 
1.4704139008 7.85736861337e-22 5.23824574225e-22 0.00154348619486 
1.46021730825 -6.69619293285e-23 -4.4641286219e-23 0.0045182041393 
1.46043922101 4.88670798548e-22 3.25780532365e-22 0.00244304365459 
1.45462717766 4.1112210132e-22 2.7408140088e-22 0.00774975039109 
1.45558646008 -6.55633242775e-22 -4.37088828517e-22 0.00681533164344 
1.44815419677 5.52102608062e-22 3.68068405375e-22 0.0137093316916 
1.44749759609 6.41187060393e-22 4.27458040262e-22 0.00692063674745 
1.44919246748 -1.01524387903e-22 -6.76829252689e-23 0.00368425188218 
1.44156059778 -2.06562770757e-22 -1.37708513838e-22 0.0107160409343 
1.44724903844 1.22714593388e-21 8.18097289255e-22 0.00858317329958 
1.44740507264 -4.21109029641e-23 -2.80739353094e-23 0.00792478372623 
1.44589210854 1.09160270738e-22 7.27735138254e-23 0.00684474730356 
1.45841711228 -1.3343004368e-22 -8.89533624532e-23 -0.00144756065248 
1.44493132096 7.98130643654e-22 5.32087095769e-22 0.0118193483743 
1.45430600423 -3.46060256863e-23 -2.30706837909e-23 0.00841024410275 
1.45113988934 2.95020297906e-22 1.96680198604e-22 0.00589097440325 
1.45477621865 -6.09092489934e-22 -4.06061659956e-22 0.00339520388595 
1.47254540055 -2.07061153491e-22 -1.38040768994e-22 -0.00147305074991 
1.4682488867 1.39173548213e-21 9.27823654755e-22 0.00559557325274 
1.46701222023 4.16564083849e-22 2.77709389233e-22 0.0084430817194 
1.46467568943 5.17181009383e-23 3.44787339589e-23 0.00902739282942 
1.45381534253 -5.36188021414e-22 -3.57458680942e-22 0.0193874340581 
1.46010221812 7.70805896753e-22 5.13870597835e-22 0.017302585991 
1.46391066388 6.75715466809e-22 4.50476977872e-22 0.0177142124253 
1.45573687559 1.00860455072e-21 6.72403033811e-22 0.021011551996 
1.44447324738 1.07539594521e-21 7.16930630142e-22 0.0188834470504 
1.42500654664 1.25074308844e-21 8.33828725627e-22 0.0165782848568 
1.30339952881 -6.89763069185e-18 -4.59842046123e-18 0.0490621116901 
1.18281310798 6.08364228372e-18 4.05576152248e-18 0.0895033197441 
1.0647097072 0.0223876922015 0.0149251281344 0.117161367535 
0.981176626292 0.442803745712 0.295202497142 0.083693452554 
0.93488366553 0.660901559474 0.440601039649 0.0604426310516 
0.46895274061 0.600792698176 0.40052846545 0.0610809771379 
0.198576543916 0.450129927289 0.300086618193 0.152630107351 
0.0284096545874 0.528461583241 0.352307722161 0.0929417201027 
-3.39052073105e-17 0.618060921796 0.412040614531 0.0885835223235 
-3.69754977827e-21 0.705800668449 0.470533778966 -0.0315206132064 
-3.69754977827e-21 0.705800668449 0.470533778966 -0.0315206132064 
-3.69754977827e-21 0.705800668449 0.470533778966 -0.0315206132064 
-3.69754977827e-21 0.705800668449 0.470533778966 -0.0315206132064 
3.95433149621e-22 0.662687570864 0.441791713909 -0.031497529464 
3.95433149621e-22 0.662687570864 0.441791713909 -0.031497529464 
5.95931831357e-22 0.516961947582 0.344641298388 -0.362042069725 
2.00553008846e-21 0.513778192252 0.342518794834 -0.326816918265 
1.72304448072e-22 0.501925069845 0.33461671323 -0.293863149265 
-3.10867651716e-21 0.486596146409 0.32439743094 -0.246183877858 
0.0409363796855 0.421227303616 0.280818202411 -0.228098708167 
0.124702916863 0.342481392596 0.228320928397 -0.413436921675 
0.221323487009 0.232088903536 0.154725935691 -0.523598775598 
0.260551490851 0.176218351834 0.117478901223 -0.523598775598 
0.332415216492 0.0845606519549 0.0563737679699 -0.523598775598 
0.38242535882 0.0132935308139 0.00886235387593 -0.523598775598 
0.394062068783 -3.45509101025e-18 -2.30339400683e-18 -0.325224659979 
0.569931025178 1.86335884038e-05 1.24223922692e-05 0.339161338158 
0.866360363546 0.49779082119 0.33186054746 0.0430608675628 
0.9727533207 0.407622488389 0.271748325593 0.0457880676204 
1.01366755864 0.37564341821 0.250428945473 0.0463394962748 
0.949703566124 0.0227677804196 0.0151785202797 0.0950107867168 
1.02937622148 1.80823845538e-19 1.20549230359e-19 0.0879737958342 
1.0976191649 5.40875907273e-23 3.60583938182e-23 0.0732639480892 
1.16048345585 3.44691718058e-22 2.29794478705e-22 0.0644564884825 
1.17012031608 -5.97178631419e-22 -3.98119087613e-22 0.0663220839599 
1.20297800288 5.77802150144e-22 3.8520143343e-22 0.0641429646 
1.21957084648 -8.34283719299e-24 -5.561891462e-24 0.0683727569317 
1.23210280823 2.66221215355e-23 1.77480810237e-23 0.0698842943696 
1.23242499733 -3.44729606036e-22 -2.29819737358e-22 0.0824324719276 
1.26331101287 6.85782564147e-22 4.57188376098e-22 0.0744292406992 
1.29150352427 1.13845818034e-21 7.5897212023e-22 0.0644818145685 
1.31639426835 7.73743885653e-22 5.15829257102e-22 0.0547055796622 
1.31286953063 -2.6077028808e-22 -1.7384685872e-22 0.0608508524396 
1.33284624663 4.41298383997e-22 2.94198922665e-22 0.0533512184307 
1.35072150124 6.84700502094e-22 4.56467001396e-22 0.0490796342508 
1.34931731129 -7.89386119939e-22 -5.26257413292e-22 0.0584231274826 
1.36572433824 3.98040793722e-24 2.65360529148e-24 0.0540309706515 
1.39386792156 1.06136512503e-22 7.07576750022e-23 0.049019657799 
1.40615182048 1.4925525018e-22 9.95035001199e-23 0.0437118900078 
1.40851604664 1.86620156326e-22 1.2441343755e-22 0.0417040044501 
1.42449612877 6.62864554207e-22 4.41909702805e-22 0.0350627399071 
1.42133482809 3.59284629359e-22 2.3952308624e-22 0.0396801267305 
1.40855228057 1.70174339199e-21 1.13449559466e-21 0.045200634031 
1.40858267836 -1.87279216934e-22 -1.2485281129e-22 0.0432409494333 
1.39719005885 6.41873399779e-22 4.27915599852e-22 0.0485510616576 
1.38534022914 2.4851755012e-22 1.65678366747e-22 0.0517355852788 
1.36523529688 9.21173839287e-22 6.14115892858e-22 0.0450430309927 
1.35963236418 2.18446685811e-22 1.45631123874e-22 0.0439411146847 
1.31350702537 -5.23640298609e-22 -3.49093532406e-22 0.0505124015678 
1.25708754881 -1.42463355419e-19 -9.49755702796e-20 0.0616652167186 
1.20064036047 -1.09938757391e-19 -7.32925049271e-20 0.0858069817839 
1.17265645438 -6.53413226765e-23 -4.35608817843e-23 0.0789211863842 
1.09671258865 3.48018017032e-19 2.32012011355e-19 0.108368446574 
1.04232414111 0.0129571030058 0.00863806867056 0.116753425125 
0.982506574742 0.0296746294341 0.0197830862894 0.118781883231 
0.945095473793 0.0379023315492 0.0252682210328 0.104468733041 
0.877632047578 0.0620168804624 0.0413445869749 0.108843291783 
0.927785414494 0.517576189633 0.345050793089 0.0531803758385 
0.91619694157 0.52823338795 0.352155591967 0.0517648475958 
0.884030950205 0.560786903228 0.373857935485 0.0531547641309 
0.861920841162 0.58768655066 0.391791033773 0.0567552235963 
0.85448912175 0.596563159636 0.397708773091 0.0528934151732 
0.838270773939 0.614508522214 0.409672348143 0.0512669782978 
0.837636038 0.615844832559 0.410563221706 0.0544769013012 
0.847995580047 0.604661068659 0.403107379106 0.0536058901526 
0.856405985045 0.593886244003 0.395924162669 0.0490410866192 
0.856896631986 0.59517621026 0.396784140173 0.0576639154078 
0.889332871405 0.556583651157 0.371055767438 0.0482183243012 
0.911202840899 0.532395690646 0.354930460431 0.0435822157054 
0.914940282728 0.530363059584 0.353575373056 0.051311935999 
0.916211978767 0.52994622217 0.353297481447 0.0563740632801 
0.92790559151 0.520915630417 0.347277086944 0.0559733403709 
0.936434519092 0.513244799845 0.342163199897 0.0547336606018 
0.952579726622 0.497688226217 0.331792150811 0.0496867599265 
0.962709096488 0.487417577465 0.324945051643 0.0456491456993 
0.976449119583 0.473281417567 0.315520945044 0.0457271658091 
0.979852465996 0.468371418097 0.312247612064 0.0454188121171 
0.979161378686 0.468851532565 0.312567688377 0.051334144643 
0.983694598533 0.461490932585 0.307660621723 0.0456053499661 
0.982529643089 0.462065960573 0.308043973715 0.0502834528068 
0.967120610032 0.473209483928 0.315472989285 0.0549848615022 
0.967284537646 0.472556460046 0.315037640031 0.0523810913706 
0.987002996761 0.453625646592 0.302417097728 0.0432784058159 
0.975921264937 0.459795642091 0.306530428061 0.0453573046848 
0.96276405856 0.469378037819 0.312918691879 0.0502633001722 
0.962614663606 0.468716592899 0.3124777286 0.0461351560487 
0.95250620406 0.474218662526 0.316145775017 0.0428071716314 
0.947945082832 0.476904796487 0.317936530991 0.0454021047245 
0.915645889784 0.505136526909 0.336757684606 0.0526481583424 
0.905165443026 0.513089334843 0.342059556562 0.039988559685 
0.880392056562 0.536056755965 0.357371170643 0.0441348457621 
0.858974863172 0.554433455332 0.369622303555 0.0360781586082 
0.712399451064 0.377596526779 0.251731017853 0.0425481498399 
0.685675379254 0.472397525507 0.314931683671 0.0450228064732 
0.613707395659 0.384186063098 0.256124042065 0.0534713755061 
0.577450298659 0.401587204662 0.267724803108 0.058523780578 
0.466257606123 0.288609473345 0.192406315563 0.0763389082798 
0.394354629621 0.187521637763 0.125014425175 0.10936770077 
0.25220359997 0.115732908938 0.0771552726254 -0.180970983658 
0.221699755015 0.124069837127 0.0827132247513 -0.143078230014 
0.128413371953 0.13514482306 0.0900965487066 -0.0795011679155 
0.080150899374 0.0561403612619 0.037426907508 -0.0421491285083 
0.044059412245 0.136188659094 0.0907924393963 -0.0554127585469 
0.00990353410185 0.141372109176 0.0942480727838 -0.0500557803991 
3.32695315799e-18 0.159356756976 0.106237837984 -0.0467735291907 
-9.99998220663e-22 0.274382670103 0.182921780069 -0.0785672976114 
-8.38266389419e-22 0.285617168924 0.190411445949 -0.0715972408792 
8.35167173356e-21 0.212671375164 0.141780916776 -0.0455278058074 
8.35167173356e-21 0.212671375164 0.141780916776 -0.0455278058074 
-9.26119817449e-21 0.25960674427 0.173071162847 -0.0510604512019 
1.61214088779e-20 0.196811436685 0.131207624457 -0.0383200544051 
1.61214088779e-20 0.196811436685 0.131207624457 -0.0383200544051 
-2.08408673985e-21 0.243601784436 0.162401189624 -0.0425910639796 
2.6792460542e-21 0.201530121285 0.13435341419 -0.0427350479763 
1.1205231926e-20 0.274469572219 0.182979714812 -0.050574547406 
-3.8576261638e-21 0.22263849321 0.14842566214 -0.0381599254955 
1.07983021376e-20 0.276930912687 0.184620608458 -0.0409864330199 
-6.26899320667e-21 0.301821331408 0.201214220939 -0.0464846167541 
6.83347120169e-21 0.303763486246 0.202508990831 -0.0603837046755 
0.01770609683 0.368420879592 0.245613919728 -0.114703197427 
0.0266327642104 0.339878439201 0.226585626134 -0.0959410291665 
0.0371681121549 0.329126105898 0.219417403932 -0.099080783563 
0.0524721897928 0.36924561679 0.246163744527 -0.172669024995 
0.0780544099379 0.365956220027 0.243970813351 -0.266651083517 
0.158265592354 0.301622287353 0.201081524902 -0.497666089587 
0.178526524967 0.262180668507 0.174787112338 -0.523598775598 
0.195084882145 0.222369856032 0.148246570688 -0.523598775598 
0.212224664871 0.186352387407 0.124234924938 -0.523598775598 
0.268697175132 0.098670076768 0.0657800511787 -0.523598775598 
0.295203038586 0.0605233986632 0.0403489324421 -0.523598775598 
0.31526625361 0.022208947663 0.0148059651087 -0.523598775598 
0.323181149928 0.0 0.0 -0.523598775598 
0.323181149928 0.0 0.0 -0.523598775598 
0.323181149928 0.0 0.0 -0.523598775598 
0.339801072356 -4.23516473627e-22 -2.82344315751e-22 -0.523598775598 
0.339801072356 -4.23516473627e-22 -2.82344315751e-22 -0.523598775598 
0.339801072356 -4.23516473627e-22 -2.82344315751e-22 -0.523598775598 
0.325419800717 8.47032947254e-22 5.64688631503e-22 -0.523598775598 
0.325419800717 8.47032947254e-22 5.64688631503e-22 -0.523598775598 
0.325419800717 8.47032947254e-22 5.64688631503e-22 -0.523598775598 
0.309161605554 -7.52316384526e-37 -5.01544256351e-37 -0.523598775598 
0.309161605554 -7.52316384526e-37 -5.01544256351e-37 -0.523598775598 
0.283692710653 4.23516473627e-22 2.82344315751e-22 -0.523598775598 
0.283692710653 4.23516473627e-22 2.82344315751e-22 -0.523598775598 
0.246894374481 8.47032947254e-22 5.64688631503e-22 -0.523598775598 
0.210524561926 1.05879118407e-22 7.05860789379e-23 -0.523598775598 
0.210524561926 1.05879118407e-22 7.05860789379e-23 -0.523598775598 
0.105028712717 0.125807666002 0.0838717773344 -0.523598775598 
0.0265786452884 0.239704554706 0.159803036471 -0.523598775598 
1.48073587281e-17 0.322804679241 0.215203119494 -0.523598775598 
-2.5350621173e-22 0.427497840841 0.284998560561 -0.523598775598 
3.68148870196e-21 0.551258148876 0.367505432584 -0.523598775598 
0.528776041978 1.2491692338 0.832779489197 0.243266348071 
0.444169127335 1.29891314865 0.865942099097 0.222185128227 
0.293436317928 1.36492681691 0.909951211274 0.179048529121 
0.143417090368 1.41251331647 0.941675544311 0.145405301957 
5.27415956785e-18 1.45557291284 0.970381941893 0.116837727074 
2.52095999406e-21 1.50141037121 1.00094024747 0.086182691533 
4.51029454623e-21 1.57061127719 1.0470741848 0.0355613492527 
-2.13739720604e-22 1.60836235127 1.07224156751 0.0168377983179 
1.00221811236e-21 1.6475099123 1.09833994153 -0.00476523366933 
-1.36810392123e-22 1.67102966863 1.11401977909 -0.0190333569529 
-8.97702589808e-23 1.68729994415 1.12486662943 -0.0322128162587 
2.17915657163e-20 1.7040503614 1.13603357426 -0.0446634802881 
0.929606599241 1.60276669097 1.06851112732 -0.244918604129 
0.97314352795 1.59576664322 1.06384442881 -0.333442811415 
0.996803184653 1.59361421621 1.06240947747 -0.374794170064 
1.02135625674 1.59029529711 1.06019686474 -0.424446366628 
1.03178260146 1.59292856948 1.06195237965 -0.428460533402 
1.03881874838 1.5955895064 1.0637263376 -0.432730962664 
1.04143646144 1.59415073807 1.06276715872 -0.445246252049 
1.04167147669 1.59520506693 1.06347004462 -0.445598744409 
1.03789354662 1.59639308168 1.06426205445 -0.446480567623 
1.02362733475 1.59817215902 1.06544810601 -0.427964505229 
0.954255046815 1.60649476798 1.07099651199 -0.3097167532 
0.83950080996 1.6139914459 1.07599429727 -0.0650367717903 
0.627727817815 1.50987599283 1.00658399522 0.185953553 
8.90484731063e-15 1.54591484685 1.0306098979 0.0608032007828 
0.0745505110262 1.43276263027 0.955175086844 0.137816484601 
0.56831934112 1.2141169721 0.809411314732 0.241568960165 
0.709200975694 1.0804214799 0.720280986597 0.234017777082 
0.831662982034 0.935126581563 0.623417721042 0.185603591166 
0.850623952035 0.841331475609 0.560887650406 0.160434812161 
0.929972960251 0.756606301129 0.504404200753 0.122233673488 
0.949910996814 0.700845008299 0.467230005532 0.104016338442 
0.959426064497 0.679071384604 0.452714256403 0.0968040850086 
0.959452864925 0.677191800996 0.451461200664 0.0878894285735 
0.951665799388 0.687631524946 0.458421016631 0.0850771921757 
0.943614762688 0.700165009528 0.466776673019 0.0793818172775 
0.936302533556 0.712527960244 0.475018640163 0.0862324930968 
0.915723597718 0.752831761324 0.501887840883 0.0858373154257 
0.898304946481 0.790568765371 0.52704584358 0.0843814972406 
0.759299846261 0.773058536284 0.515372357523 0.071136832052 
0.56980530862 0.735351013065 0.49023400871 0.062189641055 
0.45379048063 0.703889332205 0.469259554804 0.0655965475271 
0.34189767552 0.633792600049 0.422528400032 0.0728081009793 
0.257407637651 0.528686339714 0.352457559809 0.0919695357308 
0.175978238366 0.415550403063 0.277033602042 0.187725868013 
0.130067790251 0.411224660217 0.274149773478 0.0980630232827 
0.0729443234084 0.321716639853 0.214477759902 -0.115875935902 
0.0184101131864 0.268704059674 0.179136039783 -0.0464512667695 
3.15792990586e-18 0.251423325803 0.167615550536 -0.0329384657681 
-8.16585340881e-21 0.317342618064 0.211561745376 -0.0316009082008 
-8.16585340881e-21 0.317342618064 0.211561745376 -0.0316009082008 
1.80595816589e-21 0.300501963143 0.200334642095 -0.00302663111754 
2.26514723043e-20 0.212450027543 0.141633351696 0.00308351264187 
2.26514723043e-20 0.212450027543 0.141633351696 0.00308351264187 
2.26514723043e-20 0.212450027543 0.141633351696 0.00308351264187 
2.26514723043e-20 0.212450027543 0.141633351696 0.00308351264187 
2.26514723043e-20 0.212450027543 0.141633351696 0.00308351264187 
2.26514723043e-20 0.212450027543 0.141633351696 0.00308351264187 
2.58496260163e-20 0.156995327241 0.104663551494 0.00820664546347 
2.58496260163e-20 0.156995327241 0.104663551494 0.00820664546347 
3.00467108125e-22 0.117740418479 0.0784936123193 0.00477277017774 
1.59228714332e-20 0.0377667677402 0.0251778451601 0.0102649882815 
1.59228714332e-20 0.0377667677402 0.0251778451601 0.0102649882815 
-1.33520791396e-20 0.0402235718707 0.0268157145805 0.00687019837347 
5.49687054479e-21 0.0741126582601 0.04940843884 0.00614934844683 
7.4734887607e-21 0.03098216933 0.0206547795533 0.009591850143 
8.32047004776e-21 0.0808574517096 0.0539049678064 0.00498447905928 
-6.75728856904e-21 0.0831999933761 0.0554666622507 0.00838264733139 
1.60767087148e-20 0.12029973042 0.0801998202799 0.00339096349729 
1.60767087148e-20 0.12029973042 0.0801998202799 0.00339096349729 
-1.10240956951e-20 0.118262282379 0.0788415215859 0.00940632036098 
-3.39010883255e-22 0.0913553905486 0.060903593699 0.00678872508797 
1.63867107166e-20 0.11802271861 0.0786818124069 0.000306395457391 
-5.7072044283e-21 0.162977683134 0.108651788756 -0.00214161929256 
2.17386907897e-20 0.1637060036 0.109137335733 0.0035166281407 
-6.55541561852e-21 0.194185928483 0.129457285655 0.00150719511343 
6.23585810043e-21 0.166951959374 0.111301306249 0.0064175535525 
-4.55980607251e-21 0.193773621517 0.129182414345 0.0132926161127 
8.88000528717e-21 0.12618549999 0.0841236666602 0.0138435304292 
6.87511606858e-21 0.200592407902 0.133728271935 0.0173887074354 
4.69978114174e-21 0.256224834156 0.170816556104 0.0100836970987 
1.577861122e-21 0.196486284944 0.130990856629 0.0216741592018 
1.577861122e-21 0.196486284944 0.130990856629 0.0216741592018 
4.82360284924e-21 0.196706420273 0.131137613515 0.029493105719 
4.82360284924e-21 0.196706420273 0.131137613515 0.029493105719 
1.1051311711e-21 0.234018571139 0.156012380759 0.0227795713869 
1.25508000806e-20 0.302939243967 0.201959495978 0.0155363003767 
-1.42283771076e-20 0.265050519019 0.176700346013 0.0180806999785 
-1.42283771076e-20 0.265050519019 0.176700346013 0.0180806999785 
-1.42283771076e-20 0.265050519019 0.176700346013 0.0180806999785 
7.2034481358e-21 0.293769407933 0.195846271955 0.0260176309056 
7.2034481358e-21 0.293769407933 0.195846271955 0.0260176309056 
4.24490133495e-21 0.225256344556 0.150170896371 0.030504906727 
4.24490133495e-21 0.225256344556 0.150170896371 0.030504906727 
2.00353984782e-20 0.196636064199 0.131090709466 0.0240163627643 
2.00353984782e-20 0.196636064199 0.131090709466 0.0240163627643 
2.70240207595e-21 0.274093787566 0.18272919171 0.0162599436297 
-1.06238818762e-20 0.20418875401 0.136125836007 0.0291528642952 
-1.06238818762e-20 0.20418875401 0.136125836007 0.0291528642952 
1.68126276463e-20 0.260007104167 0.173338069444 0.0268409814963 
1.68126276463e-20 0.260007104167 0.173338069444 0.0268409814963 
4.22484626825e-21 0.168778054183 0.112518702789 0.0320219421794 
-5.51077370276e-21 0.207658842748 0.138439228499 0.0308380233594 
-5.51077370276e-21 0.207658842748 0.138439228499 0.0308380233594 
7.24352509364e-21 0.26931624493 0.179544163287 0.0265386573709 
7.24352509364e-21 0.26931624493 0.179544163287 0.0265386573709 
7.24352509364e-21 0.26931624493 0.179544163287 0.0265386573709 
1.86958065085e-22 0.250034106847 0.166689404565 0.0423342909754 
-2.86131556102e-21 0.239967226637 0.159978151091 0.0283967482639 
-2.86131556102e-21 0.239967226637 0.159978151091 0.0283967482639 
-1.49730526128e-20 0.207288780257 0.138192520171 0.0383264024912 
-1.55690643655e-20 0.257869732033 0.171913154689 0.0341140738944 
