0.0 0.0 0.0 0.0 
4.13144851716e-21 0.783736696294 0.522491130863 -0.0365671157488 
4.13144851716e-21 0.783736696294 0.522491130863 -0.0365671157488 
-4.282816299e-21 0.795733904196 0.530489269464 -0.0356919364841 
-4.282816299e-21 0.795733904196 0.530489269464 -0.0356919364841 
-4.282816299e-21 0.795733904196 0.530489269464 -0.0356919364841 
-4.282816299e-21 0.795733904196 0.530489269464 -0.0356919364841 
6.36272199696e-21 0.788448850767 0.525632567178 -0.0249610561442 
-1.78457020797e-21 0.793383231044 0.528922154029 -0.0137319280452 
-5.82455533702e-22 0.808794535545 0.53919635703 -0.00111193142138 
-5.3191767828e-21 0.819162682179 0.546108454786 0.0225225068603 
-7.14850698685e-21 0.813498981551 0.542332654367 0.0412951056704 
-7.18657736721e-21 0.800696897234 0.53379793149 0.0526986726511 
4.45888724703e-22 0.807417961826 0.538278641217 0.060318949118 
4.72029725553e-21 0.800465476151 0.533643650768 0.0698803427401 
3.26421544382e-23 0.791346024818 0.527564016545 0.0809747516159 
3.49338519259e-21 0.796719233169 0.531146155446 0.0862547064033 
-4.06038731144e-23 0.787496245937 0.524997497291 0.0992205738651 
-4.87384403832e-22 0.790786686056 0.527191124037 0.104155171312 
-1.9045048568e-21 0.784652383025 0.523101588683 0.114101210841 
-1.9045048568e-21 0.784652383025 0.523101588683 0.114101210841 
-4.66787131155e-21 0.772819722673 0.515213148448 0.122141861401 
-4.66787131155e-21 0.772819722673 0.515213148448 0.122141861401 
-6.956489717e-22 0.783662586508 0.522441724339 0.119350297585 
-8.98468920084e-22 0.781099000707 0.520732667138 0.117882006223 
1.23623933294e-21 0.783425239848 0.522283493232 0.112600332048 
4.38153534993e-21 0.789415196991 0.526276797994 0.112416964918 
-8.92556290991e-22 0.779925217922 0.519950145281 0.109103123585 
1.80799439054e-21 0.776025260507 0.517350173671 0.107445112421 
1.22773752549e-21 0.7876917047 0.525127803133 0.0989629239924 
-3.77588337404e-21 0.78278507974 0.521856719827 0.095392674976 
2.98389078842e-21 0.778987836756 0.519325224504 0.0928480995898 
5.13825426843e-21 0.777707833148 0.518471888765 0.0867055523776 
-4.27928376179e-22 0.780461647132 0.520307764755 0.0809285296827 
4.04125664678e-21 0.770372909027 0.513581939351 0.0764826167621 
1.14586982871e-21 0.784842161604 0.523228107736 0.0708097502454 
1.14586982871e-21 0.784842161604 0.523228107736 0.0708097502454 
3.07420269044e-21 0.7780084445 0.518672296333 0.0665067535657 
-2.43901016487e-22 0.768899681452 0.512599787634 0.0643876981133 
-3.85202295337e-21 0.774033324094 0.516022216063 0.0653561919379 
-3.85202295337e-21 0.774033324094 0.516022216063 0.0653561919379 
-5.71438123344e-21 0.77846153911 0.518974359407 0.0694351667654 
6.10663536521e-21 0.777063974164 0.518042649443 0.0799914043847 
-1.16565182178e-21 0.764639195931 0.509759463954 0.0965076864201 
2.99869558674e-18 0.73151648211 0.48767765474 0.120929981264 
3.12156356313e-18 0.689535126816 0.459690084544 0.175403063765 
0.00656453580805 0.652664283056 0.435109522037 0.235528143818 
0.0341776416054 0.640904234998 0.427269489998 0.239093420309 
0.0760057146667 0.616236971703 0.410824647802 0.239954976774 
0.118943003155 0.590635447886 0.393756965257 0.238148812103 
0.209683221846 0.61272014231 0.408480094873 0.147234922783 
0.28943781366 0.606455050328 0.404303366885 0.133113159866 
0.386519577193 0.602610740269 0.401740493513 0.125902130872 
0.498629722861 0.594241273005 0.39616084867 0.11980098058 
0.616211893014 0.556958238269 0.37130549218 0.117720693644 
0.693812081948 0.498291484906 0.33219432327 0.125906394422 
0.771287706273 0.444058389184 0.296038926123 0.127894325282 
0.846138260444 0.390985920017 0.260657280012 0.124839451417 
0.885760051108 0.283698389122 0.189132259415 0.131358060281 
0.954258410324 0.243813520428 0.162542346952 0.120596041833 
1.00141761738 0.117001371139 0.078000914093 0.119380216983 
1.05971940947 0.00826647881168 0.00551098587445 0.118027703045 
1.15867162163 -5.55711529842e-19 -3.70474353228e-19 0.0964719388432 
1.24297056183 4.35286594829e-22 2.9019106322e-22 0.0829096357337 
1.30343341929 4.94424480442e-22 3.29616320295e-22 0.0761859114137 
1.35442081223 4.06099892858e-22 2.70733261905e-22 0.0692208793844 
1.39037837754 -1.53885006303e-22 -1.02590004202e-22 0.064439143786 
1.42684358711 9.76664345163e-22 6.51109563442e-22 0.0573373441246 
1.44897469184 2.13678859891e-21 1.4245257326e-21 0.0520933199286 
1.46047122497 -3.4711921531e-22 -2.31412810207e-22 0.046346271502 
1.46875160264 7.63317824665e-22 5.08878549777e-22 0.0423919351056 
1.47503390287 1.19407387272e-21 7.96049248483e-22 0.0367562934534 
1.48392876749 7.01738959509e-22 4.67825973006e-22 0.0326592116021 
1.48281942931 5.08724628707e-22 3.39149752471e-22 0.0307374407095 
1.48312335884 9.61036202361e-22 6.40690801574e-22 0.0297322627068 
1.47878702204 9.57803281719e-22 6.38535521146e-22 0.0309686242777 
1.48037689209 1.65193917123e-21 1.10129278082e-21 0.0294615021826 
1.47093718939 -1.01556381687e-21 -6.77042544581e-22 0.0327069273898 
1.46941755691 4.15658348393e-22 2.77105565595e-22 0.031291962331 
1.46626984677 -6.42791254954e-22 -4.28527503303e-22 0.033508346649 
1.46671888456 1.51842388172e-21 1.01228258781e-21 0.0310518638491 
1.4712475394 9.35438780745e-22 6.2362585383e-22 0.0314793132557 
1.47394004188 8.25878037224e-22 5.5058535815e-22 0.0320971832915 
1.47068696161 5.81218593467e-24 3.87479062311e-24 0.0316088601592 
1.46805574682 1.03743573814e-21 6.91623825425e-22 0.0317381645775 
1.46576946457 8.55473570446e-22 5.70315713631e-22 0.0317235673004 
1.46885977813 -4.86623342287e-22 -3.24415561525e-22 0.0327743701883 
1.46870730107 -6.3830672703e-23 -4.2553781802e-23 0.0308676910264 
1.46899358962 -6.73306943599e-22 -4.48871295732e-22 0.0295266079856 
1.46714378958 -2.71025013805e-22 -1.80683342536e-22 0.0299453992697 
1.46707583425 5.91336249027e-22 3.94224166018e-22 0.030700959296 
1.46132193895 -3.43275301689e-22 -2.28850201126e-22 0.0313868003134 
1.45437056911 -5.88158072437e-22 -3.92105381624e-22 0.033520810932 
1.44638780928 -5.5553879351e-22 -3.70359195673e-22 0.0352889063102 
1.44437720293 9.09517510586e-22 6.06345007057e-22 0.0340192693722 
1.43991818424 4.91364497575e-22 3.27576331717e-22 0.0365983580146 
1.4331027153 7.76019897398e-22 5.17346598265e-22 0.0375463257885 
1.42783989165 1.20673568403e-21 8.04490456018e-22 0.0359931622811 
1.4134500022 -4.38431027497e-22 -2.92287351665e-22 0.036850453714 
1.39934317115 6.57105088812e-22 4.38070059208e-22 0.0361166114549 
1.37977045185 -5.76221916864e-22 -3.84147944576e-22 0.0377699450282 
1.34612512396 -2.47086578598e-18 -1.64724385732e-18 0.0391177730462 
1.31858224716 -3.23220410848e-19 -2.15480273899e-19 0.0337417841665 
1.28811564651 2.70410784951e-18 1.80273856634e-18 0.0303608811431 
1.24870144394 0.00904094619851 0.00602729746567 0.029192757413 
1.20970542882 0.0203566079887 0.0135710719925 0.0283051436966 
1.16291269066 0.0351434584685 0.0234289723123 0.030968103381 
1.11919187621 0.111188527271 0.0741256848472 0.030183622647 
1.09110181607 0.190601513531 0.127067675687 0.0262788334098 
1.03531859964 0.212869549765 0.141913033177 0.0251073532536 
0.975516322901 0.238120899454 0.158747266303 0.0202911664857 
0.911661547585 0.26456051745 0.1763736783 0.0170789711926 
0.853853377779 0.28766691476 0.191777943173 0.00882295492371 
0.72457996475 0.198864592187 0.132576394791 0.0036127343191 
0.611377979947 0.131478535211 0.0876523568073 -0.010758196855 
0.51159286892 0.0949578433503 0.0633052289002 -0.0393321132152 
0.415450582428 0.0765559435927 0.0510372957284 -0.110655679869 
0.35229037423 0.121091052111 0.0807273680743 -0.180510885482 
0.303790696897 0.177313525166 0.118209016777 -0.243600345348 
0.257087977474 0.229485171197 0.152990114131 -0.292796871349 
0.218609881602 0.272396493738 0.181597662492 -0.331659499203 
0.182926203236 0.311267440307 0.207511626872 -0.339707003178 
0.159338974937 0.336412260927 0.224274840618 -0.391387123066 
0.136080516213 0.360119940977 0.240079960651 -0.395673622712 
0.130552692046 0.366977963976 0.244651975984 -0.432061694489 
0.119188256994 0.377210739952 0.251473826635 -0.434449951178 
0.116935315846 0.376613340487 0.251075560325 -0.435474658801 
0.113908691934 0.382110102856 0.254740068571 -0.439665411987 
0.109596813164 0.381954112038 0.254636074692 -0.440235245153 
0.114888200313 0.376298201226 0.250865467484 -0.441975258042 
0.114888200313 0.376298201226 0.250865467484 -0.441975258042 
0.112341731414 0.381305484663 0.254203656442 -0.438857607858 
0.10621088728 0.382446843717 0.254964562478 -0.393725006757 
0.115462256722 0.373694206189 0.249129470793 -0.395763839379 
0.114999949337 0.379109918986 0.25273994599 -0.396021314747 
0.111794714953 0.385955999957 0.257303999971 -0.392458274988 
0.107235722827 0.389413793568 0.259609195712 -0.350312017001 
0.107235722827 0.389413793568 0.259609195712 -0.350312017001 
0.103417571574 0.395833217497 0.263888811665 -0.348694019455 
0.105719626703 0.395196011286 0.263464007524 -0.348130290835 
0.112497885255 0.385460117486 0.256973411658 -0.344193754313 
0.113308572946 0.378983392144 0.252655594763 -0.301048705227 
0.11775554853 0.37181119016 0.247874126773 -0.298346068733 
0.115803107478 0.347548560956 0.231699040637 -0.200912859133 
0.0880734867588 0.183157193034 0.122104795356 -0.0162409706459 
0.117551540216 0.211040880767 0.140693920511 -0.034900523509 
0.166674555666 0.219229931374 0.146153287583 -0.0690492038779 
0.210715209874 0.20129279972 0.134195199814 -0.0742679368564 
0.263887197782 0.181457950855 0.120971967237 -0.0488269292218 
0.353404337384 0.249298554629 0.166199036419 0.0529138351553 
0.453175431759 0.233148103939 0.155432069293 0.0678966171237 
0.553713379058 0.21101957488 0.140679716587 0.0723390538179 
0.682103835315 0.244329852486 0.162886568324 0.0569735873527 
0.791146429556 0.204721053271 0.136480702181 0.0542742249802 
0.886323922925 0.169280492469 0.112853661646 0.0489341138859 
0.976336523804 0.134699381006 0.0897995873376 0.0407913366033 
1.06777043467 0.102006042814 0.0680040285426 0.036046056858 
1.14549274542 0.0753746897518 0.0502497931679 0.0313219574972 
1.20701124697 0.0538404324248 0.0358936216166 0.0287616945933 
1.25547689631 5.66408269179e-18 3.77605512786e-18 0.0261157964818 
1.30330264727 -1.80960413748e-22 -1.20640275832e-22 0.0263171972533 
1.34708599965 1.04151809842e-21 6.94345398946e-22 0.022822878962 
1.37922520901 -3.5825797397e-22 -2.38838649314e-22 0.0240704817166 
1.40782038411 5.04781405146e-22 3.36520936764e-22 0.0233351064522 
1.42619706637 4.39336451381e-22 2.92890967588e-22 0.0227246302926 
1.44165212075 5.98465248707e-22 3.98976832471e-22 0.0203123017597 
1.45768169642 4.35196127619e-22 2.90130751746e-22 0.0150755457332 
1.46843230039 7.32711542378e-22 4.88474361585e-22 0.0132172721478 
1.46753336353 8.31604120152e-22 5.54402746768e-22 0.0136052841091 
1.469034796 3.62496919408e-22 2.41664612939e-22 0.0109219238623 
1.47759746834 -5.59777770108e-24 -3.73185180072e-24 0.00626630289313 
1.48169021841 0.0246811993705 0.0164541329137 0.00572349641873 
1.46746356608 0.00540173593665 0.0036011572911 0.00484807451135 
1.46705619542 0.0170937587005 0.0113958391336 0.00349458697563 
1.46659808425 0.0359369920142 0.0239579946762 0.00234365981081 
1.46354927949 0.0485994259332 0.0323996172888 -0.00123917087818 
1.45534845278 0.0510302312403 0.0340201541602 -0.00463750997548 
1.45362271869 0.0646551339843 0.0431034226562 -0.00678549225303 
1.46383156884 0.102573936098 0.0683826240656 -0.0069164968378 
1.4814167843 0.15676772892 0.10451181928 -0.00462946269924 
1.48772192953 0.182212093309 0.121474728873 -0.00295631455312 
1.48293870413 0.184072867486 0.12271524499 -0.000291263795465 
1.4794458805 0.184643068394 0.12309537893 -0.000742278614277 
1.46935640338 0.165815214693 0.110543476462 -0.00269274576935 
1.47419605454 0.176725607425 0.117817071617 -0.00224449596218 
1.46951388007 0.167956171177 0.111970780785 -0.00245255057208 
1.47497013047 0.182153288266 0.121435525511 -0.00373542455201 
1.46261247751 0.160174207737 0.106782805158 -0.00416346343549 
1.45373564005 0.144715695991 0.096477130661 -0.00289954248598 
1.45358700595 0.144748261242 0.0964988408282 -0.000828530762909 
1.4513441717 0.145070179427 0.0967134529517 2.80517297909e-06 
1.43912601466 0.127707720343 0.0851384802286 0.000543119554739 
1.44823361521 0.154646494561 0.103097663041 0.000468479921483 
1.43850915627 0.148812087296 0.0992080581972 7.08956276977e-05 
1.43265089445 0.163335407847 0.108890271898 0.0024700223579 
1.43548127428 0.196626084415 0.131084056277 0.00530174938115 
1.42236199802 0.20130872539 0.134205816926 0.00592785307433 
1.41670166145 0.232505540341 0.155003693561 0.00835424194733 
1.39498569928 0.241144328535 0.16076288569 0.00963084879993 
1.36598239792 0.252208143629 0.16813876242 0.0144518258029 
1.32836829952 0.249630274644 0.166420183096 0.0195586335458 
1.30368247556 0.260931275564 0.17395418371 0.0255199398469 
1.26305103853 0.238677484326 0.159118322884 0.0326199941768 
1.23299437412 0.250283195713 0.166855463809 0.0403106045999 
1.18128473784 0.223368858419 0.148912572279 0.0500993869666 
1.14366109801 0.238533018876 0.159022012584 0.0554802692606 
1.10199963995 0.258036194481 0.172024129654 0.0584743986827 
1.0290017799 0.243642898876 0.162428599251 0.0675142484861 
0.97743011582 0.265371641259 0.176914427506 0.0735472350156 
0.927838543563 0.287114338898 0.191409559266 0.0798345098989 
0.880611753723 0.308986871844 0.205991247896 0.0867230542953 
0.806620709854 0.267264645884 0.178176430589 0.102449692913 
0.758906598503 0.286258728426 0.190839152284 0.105833776797 
0.68280979849 0.25994188959 0.17329459306 0.126159050454 
0.62161871542 0.282472595581 0.188315063721 0.129276711338 
0.528851426889 0.249512700339 0.166341800226 0.162934150667 
0.460295192962 0.274682212611 0.183121475074 0.172578076219 
0.391911696206 0.305689158405 0.20379277227 0.188731469056 
0.323429611872 0.334260451603 0.222840301069 0.202469037839 
0.268969741708 0.363848072635 0.242565381757 0.215109505588 
0.227886322016 0.386737299504 0.257824866336 0.222530565894 
0.188018734886 0.421870611959 0.28124707464 0.229790748966 
0.168693344392 0.420240861712 0.280160574475 0.227495480547 
0.155852643562 0.420499278217 0.280332852145 0.226216219431 
0.145598933935 0.430552797882 0.287035198588 0.224271512716 
0.136120345057 0.441051465255 0.29403431017 0.222779318559 
0.129635447744 0.441565578027 0.294377052018 0.221907231038 
0.129635447744 0.441565578027 0.294377052018 0.221907231038 
0.126017205912 0.441500588423 0.294333725615 0.220611512707 
0.122809959323 0.442576882715 0.295051255143 0.219490040277 
0.119151427599 0.446262807767 0.297508538511 0.218631156349 
0.122444148541 0.447048370413 0.298032246942 0.218240797873 
0.122444148541 0.447048370413 0.298032246942 0.218240797873 
0.127889708093 0.446569452655 0.297712968437 0.217939966591 
0.127889708093 0.446569452655 0.297712968437 0.217939966591 
0.133367220557 0.445602258523 0.297068172349 0.217461683139 
0.139779497017 0.443471046357 0.295647364238 0.216491120964 
0.142489121742 0.443884556606 0.295923037738 0.216292981839 
0.148513934471 0.442898431551 0.295265621034 0.216313978484 
0.150991999274 0.44281908358 0.295212722387 0.216522593115 
0.151291564381 0.456799165065 0.30453277671 0.221950761042 
0.15686175013 0.465070556711 0.310047037807 0.227582050929 
0.169666144421 0.46587406733 0.310582711554 0.229801043916 
0.178366552738 0.468271703394 0.312181135596 0.23230764097 
0.186373095389 0.475899552454 0.317266368303 0.238000673029 
0.190694256028 0.487199575099 0.324799716733 0.245491138353 
0.198476720142 0.491217928914 0.327478619276 0.249379602916 
0.200872681678 0.497219737662 0.331479825108 0.253992376011 
0.203841496397 0.499808957468 0.333205971645 0.256664570184 
0.206761887268 0.500255311643 0.333503541096 0.258265217262 
0.213299076858 0.49160769514 0.327738463427 0.256252493869 
0.21794347693 0.490315377063 0.326876918042 0.256615966082 
0.21794347693 0.490315377063 0.326876918042 0.256615966082 
0.216448175249 0.498402397382 0.332268264921 0.260343897366 
0.229104558323 0.489991073128 0.326660715419 0.259581195823 
0.24951574046 0.470695265509 0.313796843672 0.25461778398 
0.284187712393 0.436768143041 0.291178762027 0.24274313494 
0.346917844178 0.377785387609 0.251856925073 0.215834039087 
0.407721800298 0.333872264981 0.222581509987 0.192032713927 
0.482949818774 0.296161837305 0.19744122487 0.169612224448 
0.617725698737 0.243974965558 0.162649977038 0.146713514521 
0.739891685431 0.195927987866 0.130618658577 0.125693863997 
0.848180734857 0.155734115323 0.103822743549 0.115351189859 
0.96737213486 0.107179263301 0.0714528422009 0.0999873827928 
1.07668694094 3.92350048748e-18 2.61566699165e-18 0.102099608122 
1.19759610413 -6.75389450775e-22 -4.5025963385e-22 0.0824956219708 
1.28472526413 -6.05601213313e-22 -4.03734142209e-22 0.0719063039975 
1.34987011254 7.53093441977e-22 5.02062294651e-22 0.0599882656308 
1.41120561332 -1.68681482651e-21 -1.12454321767e-21 0.0511720005026 
1.44496678037 1.08258627617e-21 7.21724184114e-22 0.0460442790385 
1.4725843887 7.76729533282e-22 5.17819688855e-22 0.0409168137971 
1.49379111347 2.26074893327e-22 1.50716595551e-22 0.035675431665 
1.5099664528 3.1684676492e-22 2.11231176613e-22 0.032770337457 
1.51853563975 1.99569332224e-21 1.33046221483e-21 0.0297283319062 
1.52387539861 1.23004425695e-23 8.20029504634e-24 0.027129416507 
1.52159540618 -2.68081150536e-22 -1.78720767024e-22 0.0261492570631 
1.52059541892 -2.33797875255e-21 -1.5586525017e-21 0.0258889006885 
1.51893242224 5.17056323745e-22 3.4470421583e-22 0.0262529114225 
1.51762089205 3.35665398419e-21 2.23776932279e-21 0.0257235166512 
1.51928021215 -2.14211559998e-22 -1.42807706665e-22 0.0233589905212 
1.51764765546 6.63943636366e-22 4.4262909091e-22 0.0242635436763 
1.51147635733 2.93470740862e-22 1.95647160575e-22 0.0267301005059 
1.51149353279 7.09930618479e-22 4.73287078986e-22 0.0261571717656 
1.50856837712 1.12093158305e-22 7.47287722036e-23 0.0257235679023 
1.50421489965 1.44271784078e-21 9.61811893853e-22 0.0256586411741 
1.5044929888 -3.79354713395e-23 -2.52903142263e-23 0.0235557108319 
1.50702580102 -1.35123998855e-21 -9.00826659032e-22 0.0189603466441 
1.50332736396 6.91702132962e-22 4.61134755308e-22 0.0229178983697 
1.50061319691 1.43998829896e-21 9.59992199303e-22 0.0238073267018 
1.4963956594 -9.77286412476e-22 -6.51524274984e-22 0.0238519609976 
1.49211986075 -7.04883165968e-22 -4.69922110646e-22 0.0249633084754 
1.4905816602 1.12474131791e-21 7.49827545271e-22 0.0252697809752 
1.49067492664 2.16254234157e-21 1.44169489438e-21 0.0238141475413 
1.48820722953 1.053996686e-21 7.0266445733e-22 0.0220873050537 
1.48872047494 -9.6029101675e-22 -6.40194011167e-22 0.0184144605381 
1.48843029389 3.88013335372e-22 2.58675556915e-22 0.020129938393 
1.47995950814 -2.37567358657e-22 -1.58378239105e-22 0.0233769746948 
1.47780327707 5.12494060336e-22 3.41662706891e-22 0.0253381180942 
1.4757581478 8.58658407627e-23 5.72438938418e-23 0.0250578772716 
1.47211901362 5.71490085234e-22 3.80993390156e-22 0.0279534559788 
1.47369224894 1.40945227444e-21 9.39634849627e-22 0.0301514175475 
1.47057274851 -4.53775439117e-22 -3.02516959411e-22 0.0281021131718 
1.46545415371 1.30288460599e-21 8.68589737327e-22 0.034021926524 
1.46678527928 5.20694314355e-22 3.47129542903e-22 0.0323825785704 
1.46965712003 2.63820844241e-22 1.75880562827e-22 0.0324317908175 
1.46157703917 1.32375661767e-22 8.82504411781e-23 0.0351118784467 
1.45502007983 -2.60735023645e-22 -1.73823349097e-22 0.0349504837229 
1.44802587328 -7.85221256226e-23 -5.23480837484e-23 0.0360300345138 
1.4390922429 -6.06836021429e-22 -4.04557347619e-22 0.0371482007884 
1.41685797894 3.5455304145e-22 2.363686943e-22 0.0424867666646 
1.39866959962 3.79365660737e-22 2.52910440491e-22 0.0490222746838 
1.37416305403 7.65299480983e-22 5.10199653989e-22 0.0564034863031 
1.33843776108 6.27977069184e-22 4.18651379456e-22 0.0660567944837 
1.30217389568 2.29689972885e-22 1.5312664859e-22 0.0750766423279 
1.2582426841 -3.90049523916e-20 -2.60033015944e-20 0.0865951294784 
1.20028567535 -8.20684588634e-18 -5.47123059089e-18 0.104997596522 
1.1406905448 0.0144589563241 0.00963930421606 0.126486726638 
1.06989497898 0.0430634458655 0.0287089639103 0.156255972235 
1.02062767234 0.192154662702 0.128103108468 0.161214802535 
0.938967401772 0.240537060862 0.160358040575 0.187573376246 
0.923008985363 0.447641530386 0.298427686924 0.171967571974 
0.883194250331 0.591696443347 0.394464295564 0.171261681456 
0.810795103576 0.694412325886 0.462941550591 0.176558411703 
0.816506120296 0.810080426729 0.540053617819 0.160908722323 
0.790215180971 0.89477967237 0.59651978158 0.153991944944 
0.741859832167 0.958771569364 0.639181046243 0.145912956846 
0.703245568463 1.01391767396 0.675945115971 0.137406283168 
0.664286412584 1.06526514496 0.710176763307 0.12285317386 
0.62600684275 1.10751292026 0.738341946839 0.109836634006 
0.598612436256 1.13729300574 0.758195337162 0.100192765104 
0.597109616332 1.15777477668 0.771849851119 0.0927795795217 
0.558382099932 1.17416629629 0.782777530862 0.0842326256918 
0.557554847588 1.18402182238 0.789347881588 0.0806793588719 
0.554741395252 1.19094408646 0.793962724305 0.077608947128 
0.554146862597 1.1941927022 0.796128468136 0.0785380914762 
0.553436331706 1.19791942449 0.798612949659 0.0794636319879 
0.530236057358 1.19842541298 0.79895027532 0.078963354915 
0.530329891372 1.1964559328 0.797637288534 0.078659919483 
0.530617330891 1.19363029234 0.795753528224 0.0778900599989 
0.530798822949 1.19495767688 0.796638451253 0.0781389671916 
0.530798822949 1.19495767688 0.796638451253 0.0781389671916 
0.531046679189 1.19368337521 0.795788916806 0.077713971599 
0.531457951217 1.19267339195 0.795115594633 0.0768873349087 
0.531538631744 1.19562073616 0.797080490772 0.0773635734077 
0.531554471553 1.19727764691 0.798185097938 0.0775698258478 
0.531554471553 1.19727764691 0.798185097938 0.0775698258478 
0.531649685723 1.1964272568 0.7976181712 0.0772665440185 
0.531649685723 1.1964272568 0.7976181712 0.0772665440185 
0.531749904507 1.19739862752 0.798265751678 0.0768627330423 
0.532015628745 1.19564916326 0.797099442176 0.0756686385926 
0.532709217439 1.19591229017 0.797274860116 0.0732410749387 
0.532718314607 1.1948186837 0.796545789131 0.0734233364123 
0.551546937181 1.18197118707 0.787980791379 0.0765779057012 
0.553658285349 1.16568354594 0.777122363962 0.0805841411516 
0.592567024468 1.14370065729 0.762467104859 0.0903043333765 
0.643551944505 1.09635061735 0.730900411567 0.102570749732 
0.694944466612 1.0381988124 0.692132541602 0.117767625671 
0.749608794929 0.967869998464 0.645246665642 0.128410920527 
0.815247368124 0.866013826373 0.577342550916 0.137734788314 
0.854755598817 0.741248756829 0.494165837886 0.142582839109 
0.924336062971 0.608348767145 0.405565844763 0.137978923135 
0.963110930056 0.417295481692 0.278196987795 0.13632009224 
1.02531504789 0.253781561397 0.169187707598 0.123203434674 
1.11754055971 0.200277941292 0.133518627528 0.0952079441073 
1.18769011767 0.161934694027 0.107956462685 0.078067771279 
1.24166502211 0.13409736432 0.0893982428801 0.065151019952 
1.24758805022 0.0207623143054 0.0138415428703 0.0612512743921 
1.27917176976 0.0117870926969 0.0078580617979 0.0526668188884 
1.30262391981 0.005930670514 0.00395378034267 0.0450441367454 
1.32287775021 0.0237692922583 0.0158461948389 0.0387248267157 
1.33534785496 0.0215396494632 0.0143597663088 0.0358758906683 
1.35106984407 0.0459230227852 0.0306153485235 0.0324680753126 
1.3537966915 0.0455242020675 0.030349468045 0.0328643524114 
1.34611205357 0.0254468708272 0.0169645805515 0.0340201688073 
1.35794100526 0.0479193591719 0.031946239448 0.0350202241907 
1.372474756 0.0728315330737 0.0485543553825 0.0333167088633 
1.35964140517 0.0466754447753 0.0311169631835 0.0340270241909 
1.35760302263 0.0474151978693 0.0316101319129 0.0308915846247 
1.34759904229 0.0490389035702 0.0326926023801 0.0324469708951 
1.34583563313 0.0495614360829 0.0330409573886 0.0336552748755 
1.35533694097 0.0711343723674 0.0474229149116 0.0302232780002 
1.35033959392 0.0728605486408 0.0485736990939 0.0309518979786 
1.34316999216 0.0737526725109 0.0491684483406 0.0329193655825 
1.34336136685 0.0738528637252 0.0492352424835 0.031414373794 
1.34556097813 0.0957801162685 0.0638534108457 0.0326503997739 
1.33904174373 0.0983799060396 0.0655866040264 0.0341165302347 
1.33638462559 0.099967851042 0.066645234028 0.0350159270879 
1.31976418704 0.105277323213 0.0701848821418 0.041269947223 
1.30343114499 0.109443530014 0.072962353343 0.046218026255 
1.28114847921 0.113899373402 0.0759329156016 0.0497462963438 
1.25046376501 0.121346222057 0.0808974813711 0.0580455590858 
1.20705541037 0.133413860942 0.0889425739612 0.0721620929757 
1.17012379177 0.147763146237 0.0985087641577 0.0857417752388 
1.10471626294 0.173800714375 0.115867142916 0.106444712069 
1.04604522641 0.205727096036 0.137151397357 0.124834729083 
1.04414968945 0.356497067165 0.237664711444 0.12548617555 
0.982985642522 0.40646181186 0.27097454124 0.138804788733 
0.982043866815 0.553577268694 0.369051512463 0.139174537717 
0.928664791965 0.62435803839 0.41623869226 0.150211404079 
0.876179911829 0.720624774215 0.480416516143 0.155142929676 
0.841795946572 0.812893356832 0.541928904555 0.15734524308 
0.775978444871 0.920873718257 0.613915812171 0.150488260718 
0.711259754621 1.00383792912 0.669225286081 0.136477273024 
0.640459359379 1.07522883334 0.716819222227 0.118277998532 
0.553436814242 1.14473373454 0.763155823026 0.0917096570107 
0.481267987731 1.19599737878 0.79733158585 0.0659933763883 
0.415440729085 1.23614843378 0.824098955855 0.0387399412513 
0.359956300554 1.26814733276 0.845431555172 0.0128358535085 
0.299172940002 1.29754897919 0.865032652791 -0.0105262483676 
0.246034695221 1.32097575244 0.880650501629 -0.0309478705117 
0.191992712981 1.34199152997 0.894661019983 -0.0534266338741 
0.132035985216 1.3607207934 0.907147195603 -0.0753752135117 
0.0761562707432 1.37736438307 0.918242922045 -0.0958500444621 
0.0100230147584 1.39613147774 0.930754318496 -0.121946614177 
8.88534332104e-19 1.41907985027 0.946053233511 -0.132113651512 
9.22107380296e-22 1.43581179242 0.957207861615 -0.139200408712 
9.63174863773e-22 1.45984659973 0.973231066488 -0.147054343705 
-1.72337334359e-22 1.47988059798 0.986587065322 -0.150897012897 
2.69286076821e-22 1.49784324473 0.998562163151 -0.157803376842 
3.2873744768e-05 1.51106556957 1.00737704638 -0.160520206737 
0.828719228749 1.49091724865 0.993944832431 0.0351835795892 
0.83858087668 1.49802398385 0.998682655897 0.0275966005839 
0.848193791159 1.50248074129 1.00165382753 0.0227127722939 
0.856656190282 1.50667303505 1.00444869003 0.021602670613 
0.864242469191 1.50902145199 1.00601430133 0.022048192971 
0.870151522427 1.50982217589 1.00654811726 0.0198078051796 
0.875355651127 1.50958827628 1.00639218419 0.0186154476945 
0.87564512587 1.51075088089 1.00716725393 0.0185849673464 
0.875939831751 1.51171626869 1.00781084579 0.0185219680538 
0.881204803464 1.50990340749 1.00660227166 0.0163785053308 
0.881358284618 1.51033314295 1.00688876197 0.0163784669346 
0.881441270842 1.50977708266 1.00651805511 0.0163567537909 
0.881542740594 1.50906279572 1.00604186381 0.0163051395898 
0.881795633079 1.50961442133 1.00640961422 0.0162422280375 
0.881795633079 1.50961442133 1.00640961422 0.0162422280375 
0.881799596702 1.5090962456 1.00606416374 0.0162737687935 
0.881709412208 1.50786517545 1.0052434503 0.0163361315538 
0.881893862577 1.5090116331 1.0060077554 0.0163920547072 
0.881875567014 1.50871375292 1.00580916861 0.0164792310066 
0.881875567014 1.50871375292 1.00580916861 0.0164792310066 
0.881954394055 1.5094717982 1.00631453214 0.0165750148041 
0.88185381332 1.50901408899 1.00600939266 0.016713821525 
0.881886962796 1.50944959389 1.00629972926 0.0168143473444 
0.881781152652 1.50913136157 1.00608757438 0.0169689964463 
0.881759585569 1.50943219415 1.00628812943 0.0171196111742 
0.881760805896 1.50976032975 1.0065068865 0.017253517895 
0.881747606752 1.51007843065 1.00671895377 0.0173835331232 
0.881660731821 1.509159187 1.00610612467 0.0174571634796 
0.881662831011 1.50868088254 1.00578725503 0.0174957757163 
0.881612314096 1.50829754025 1.0055316935 0.0175947252544 
0.881581066743 1.5086511675 1.005767445 0.0177976999295 
0.881368375233 1.50770217202 1.00513478135 0.0179764040675 
0.881096851787 1.50640299751 1.004268665 0.018155309511 
0.878884485243 1.5072685955 1.00484573034 0.0214515039253 
0.878560069636 1.50453360551 1.00302240367 0.0215081939845 
0.878364424781 1.50339385613 1.00226257076 0.0215847546313 
0.878081039172 1.50214712218 1.00143141478 0.0217203498992 
0.873975911601 1.50177919226 1.00118612817 0.0258288785435 
0.873801291074 1.50102016098 1.00068010732 0.0258677878597 
0.873687598543 1.50047189967 1.00031459978 0.025889140281 
0.87351261934 1.49976990617 0.999846604116 0.0259458734333 
0.87351261934 1.49976990617 0.999846604116 0.0259458734333 
0.86929694557 1.4999537991 0.999969199402 0.0286158910984 
0.86929694557 1.4999537991 0.999969199402 0.0286158910984 
0.865043768648 1.49948093236 0.999653954904 0.0304573929512 
0.860290544348 1.49774284744 0.998495231625 0.0323713969432 
0.832096162616 1.4927332778 0.995155518536 0.0275450919248 
0.792255126079 1.48468532589 0.989790217261 0.0251054147243 
0.702750551203 1.46880580088 0.979203867252 0.00614711580733 
0.443002805215 1.45126122968 0.967507486452 -0.0578565068475 
0.0358090884721 1.41387436609 0.942582910727 -0.12573790842 
0.163290877257 1.37260047699 0.915066984663 -0.0788502813152 
0.275896829058 1.32383929011 0.882559526743 -0.0325636251414 
0.389302362011 1.26415867444 0.842772449623 0.0124326493021 
0.481667702709 1.20459525606 0.803063504043 0.0475118750522 
0.57434565076 1.13657626076 0.757717507176 0.0745722911229 
0.650133539394 1.07341768891 0.715611792607 0.0885595098302 
0.707788509761 1.01865455935 0.679103039569 0.0957229427176 
0.754861903767 0.971468381356 0.64764558757 0.0979999338028 
0.790599668764 0.931183299852 0.620788866568 0.0964043757656 
0.800324607019 0.895024871246 0.596683247497 0.0942214419001 
0.810657542581 0.872928869598 0.581952579732 0.0952956703117 
0.821391711914 0.856532570122 0.571021713415 0.0957615308021 
0.832916171251 0.843539489257 0.562359659505 0.0943785614917 
0.836829893547 0.840790264563 0.560526843042 0.0929517082449 
0.843779525615 0.835879269228 0.557252846152 0.0947144218315 
0.846092635523 0.834777325154 0.55651821677 0.0916264371709 
0.846093133933 0.839554904798 0.559703269865 0.0955218515035 
0.847117471437 0.84898544693 0.565990297953 0.0924311795407 
0.846586898001 0.853211271055 0.568807514037 0.0961259238164 
0.846304634346 0.858186971202 0.572124647468 0.0961573411512 
0.845409500442 0.863126154869 0.575417436579 0.0977410211222 
0.84215060223 0.873261461819 0.582174307879 0.0967540984237 
0.84135437904 0.875346578615 0.583564385743 0.0977705818551 
0.840053181798 0.879167015048 0.586111343366 0.100286895886 
0.840229109606 0.878006768081 0.585337845387 0.0967641869187 
0.840229109606 0.878006768081 0.585337845387 0.0967641869187 
0.841050156172 0.872945659623 0.581963773082 0.0966408029543 
0.851200870033 0.835700880911 0.557133920607 0.0971702659952 
0.872536251733 0.778333510072 0.518889006715 0.0938204556001 
0.916229805862 0.690273044881 0.460182029921 0.0832691730433 
0.978035222154 0.596452172018 0.397634781346 0.0703618765757 
1.04658309594 0.515867995186 0.34391199679 0.0543551148035 
1.1015337116 0.461510992917 0.307673995278 0.0423445968349 
1.15430937106 0.417696345149 0.278464230099 0.025536291615 
1.19859399644 0.389707898284 0.259805265523 0.013491045856 
1.22503899282 0.374103686741 0.249402457827 0.00453583079604 
1.27033130436 0.397143439519 0.264762293013 -0.00228386291456 
1.31105058488 0.426139946633 0.284093297756 -0.00572852845497 
1.31937025797 0.420882908556 0.280588605704 -0.00817404546139 
1.32629081245 0.418438482279 0.278958988186 -0.0103661515241 
1.35109848741 0.441942640331 0.294628426887 -0.0105033880885 
1.35464058645 0.440400032218 0.293600021479 -0.0106470360898 
1.3586360509 0.439318964426 0.292879309618 -0.0112233266866 
1.37209667706 0.454401012935 0.302934008623 -0.00901813070169 
1.37206991083 0.454402581959 0.302935054639 -0.00806173813408 
1.3722255751 0.454336039219 0.302890692812 -0.00701623346642 
1.37171268845 0.454430075174 0.302953383449 -0.00569533656242 
1.38929836625 0.468448106929 0.312298737952 -0.00520609554175 
1.39144503387 0.46819287675 0.3121285845 -0.00508383892575 
1.37792629577 0.457579181282 0.305052787522 -0.00654153229909 
1.40077190711 0.480082818934 0.320055212622 -0.00490134954188 
1.40034683402 0.480306297447 0.320204198298 -0.00409840655104 
1.39777427763 0.482120240118 0.321413493412 -0.00402761236112 
1.37786022042 0.465892745123 0.310595163415 -0.00466769118 
1.37792093058 0.466056494771 0.310704329847 -0.00545803413359 
1.37368196775 0.469148013552 0.312765342368 -0.00757742242652 
1.36883108767 0.4721346432 0.3147564288 -0.00870913981314 
1.32856077145 0.445390799241 0.296927199494 -0.0105258261999 
1.31205386674 0.458384620769 0.305589747179 -0.00771101811162 
1.29522475246 0.473092356006 0.315394904004 -0.00723920053762 
1.31195734721 0.523884812447 0.349256541631 -0.00303676192668 
1.2906060966 0.545276883609 0.363517922406 -0.0027020359413 
1.26703872872 0.568199916041 0.378799944027 -0.000160817455841 
1.22843702441 0.569923992166 0.379949328111 -0.000825192676447 
1.16589163412 0.551498966009 0.367665977339 -0.00409440669234 
1.15687355471 0.561325125111 0.374216750074 -0.00458223585367 
1.14875176463 0.570297370687 0.380198247125 -0.0030709688362 
1.1443294356 0.575562655758 0.383708437172 -0.00295502385537 
1.14258152198 0.577123020246 0.384748680164 -0.00190013594871 
1.1138356639 0.555009041411 0.370006027608 -0.00514578056598 
1.13325821875 0.571310503444 0.380873668962 -0.00453169736419 
1.10491016673 0.550691023629 0.367127349086 -0.0064165769912 
1.10383940667 0.55178253182 0.367855021213 -0.00670261221474 
1.10275780433 0.55266843214 0.368445621427 -0.00696440785952 
1.12431180869 0.568020462841 0.378680308561 -0.00713214946646 
1.1267749961 0.566898947746 0.377932631831 -0.00837046961152 
1.12413681337 0.569690106221 0.379793404147 -0.00809076345397 
1.12566366493 0.568175754132 0.378783836088 -0.0101399631831 
1.12589169095 0.568262593474 0.378841728983 -0.0109019275195 
1.12504259808 0.569287898731 0.379525265821 -0.011307661614 
1.12469225295 0.569500969344 0.379667312896 -0.0104153582733 
1.12690281014 0.567684533801 0.378456355868 -0.00987301057008 
1.12690585422 0.567704657392 0.378469771595 -0.0115920070624 
1.12477604574 0.568330355408 0.378886903605 -0.013776420291 
1.12472520946 0.568099476277 0.378732984185 -0.0125992473392 
1.10459339868 0.551700497335 0.367800331556 -0.0135583138383 
1.10460746862 0.551778180284 0.36785212019 -0.0126855564769 
1.10186394828 0.554982654232 0.369988436154 -0.0118597793744 
1.09457078399 0.561373272002 0.374248848002 -0.0106429899915 
1.08682797777 0.567796563888 0.378531042592 -0.0093729073875 
1.05828585312 0.559800006714 0.373200004476 -0.0103165411094 
1.04471583277 0.572449014438 0.381632676292 -0.00929562986868 
1.02986822448 0.586313474586 0.390875649724 -0.00889082266347 
0.962445521626 0.568630070445 0.37908671363 -0.0101838186535 
0.938636865109 0.591087646216 0.394058430811 -0.00923171154252 
0.85970055235 0.55968835562 0.373125570413 -0.00972055330695 
0.839433423046 0.577438383134 0.384958922089 -0.00780568417056 
0.784402603748 0.555103127349 0.370068751566 -0.00769449418929 
0.774443685396 0.564110315158 0.376073543438 -0.0071567906475 
0.764350771709 0.572201376033 0.381467584022 -0.0067556950098 
0.762652634508 0.573262885992 0.382175257328 -0.00673293076055 
0.765465824199 0.571957236884 0.381304824589 -0.00734105089851 
0.759632180821 0.577064335475 0.384709556984 -0.00606874007186 
0.754993050014 0.579749901177 0.386499934118 -0.00596857940291 
0.757607355738 0.576375517735 0.384250345157 -0.00872694913585 
0.738964789476 0.560782948026 0.373855298684 -0.00890340199205 
0.745538272473 0.555948937694 0.370632625129 -0.0106287023536 
0.76826815729 0.577671904833 0.385114603222 -0.00902962705336 
0.769623191017 0.576520843587 0.384347229058 -0.010018568718 
0.769914683572 0.576343983092 0.384229322061 -0.0111437737255 
0.768488101662 0.577607815417 0.385071876945 -0.00955442129571 
0.767171790762 0.578771536689 0.385847691126 -0.00869513430727 
0.773114976156 0.573898100991 0.382598733994 -0.00936085567182 
0.7727438069 0.574259512794 0.382839675196 -0.00763440367734 
0.774176695221 0.572509433796 0.381672955864 -0.0091147279002 
0.772818587916 0.572997044021 0.381998029347 -0.00932062252555 
0.777911603039 0.568270754576 0.378847169717 -0.0107547533467 
0.777396619689 0.568467554703 0.378978369802 -0.00904674852223 
0.750736216497 0.543890641565 0.362593761043 -0.0105212685951 
0.753991112725 0.541347510307 0.360898340205 -0.0109041492267 
0.754013283982 0.541351831286 0.360901220857 -0.0114636423214 
0.750836115697 0.543348497942 0.362232331962 -0.0114377652254 
0.746163644543 0.546372550828 0.364248367219 -0.0110017679357 
0.736994823924 0.55222964822 0.368153098813 -0.0116043937354 
0.693937851591 0.523974667338 0.349316444892 -0.0123109139503 
0.677845199506 0.534618555935 0.356412370624 -0.0143441482564 
0.606803805703 0.496531369126 0.331020912751 -0.0173422032399 
0.555718549082 0.465788272337 0.310525514891 -0.0237439841768 
0.501020391409 0.447833913265 0.298555942177 -0.0297193456225 
0.437710260108 0.438476240694 0.292317493796 -0.0339599021391 
0.406397920819 0.450565740936 0.300377160624 -0.037856251198 
0.362262751313 0.430752883792 0.287168589195 -0.0426981879647 
0.345475409536 0.436739156437 0.291159437625 -0.0452000534494 
0.337097742442 0.439156416036 0.292770944024 -0.0460411820233 
0.329613617993 0.41411012404 0.276073416026 -0.0523837906967 
0.326984455951 0.415194430322 0.276796286881 -0.0509547565466 
0.332984431829 0.44865775723 0.299105171487 -0.0412392281579 
0.344642628943 0.443613890684 0.295742593789 -0.0425740349796 
0.344642628943 0.443613890684 0.295742593789 -0.0425740349796 
0.347171116652 0.442396237159 0.294930824773 -0.0433081729693 
0.352303307386 0.440897639986 0.29393175999 -0.0420786899736 
0.357660780037 0.439052556651 0.292701704434 -0.043026340542 
0.360159514236 0.437867709869 0.291911806579 -0.0437998962673 
0.35336691964 0.440574436689 0.293716291126 -0.04191549979 
0.354559119885 0.440362586421 0.293575057614 -0.0400909213518 
0.349684073512 0.442629006078 0.295086004052 -0.0385094408013 
0.354139961561 0.440878692511 0.293919128341 -0.0389564946436 
0.35535472099 0.440530552674 0.293687035116 -0.0385735547117 
0.362084451512 0.437742391946 0.291828261297 -0.0384166347804 
0.367189227671 0.433690690941 0.289127127294 -0.0436361129374 
0.360106415332 0.41262936687 0.27508624458 -0.0460966763688 
0.373476673023 0.407621002867 0.271747335245 -0.0463690034451 
0.367667243365 0.413041997123 0.275361331415 -0.0411970921943 
0.370770240462 0.435961242013 0.290640828009 -0.0393691429137 
0.365784604785 0.438488199879 0.292325466586 -0.0379133770613 
0.362241363232 0.422225892424 0.281483928282 -0.0420942531431 
0.35829021153 0.423692644593 0.282461763062 -0.0405094852364 
0.341569382686 0.402198464185 0.268132309457 -0.0447595203566 
0.308040867102 0.409212517628 0.272808345085 -0.0381039848437 
0.259425324011 0.383363081424 0.255575387616 -0.0328726274851 
0.213775711799 0.358635789157 0.239090526105 -0.0451926195914 
0.133105690796 0.263982740838 0.175988493892 0.0768707728843 
0.0866785987298 0.201403647621 0.134269098414 0.0328707474176 
0.0302265407983 0.137172182762 0.0914481218415 0.0139471147208 
-9.7111130111e-19 0.0911922674483 0.0607948449655 0.0115574105354 
-2.77588935937e-21 0.136976432344 0.0913176215627 0.0182402188306 
1.48966383632e-20 0.163739182263 0.109159454842 0.0224922298323 
1.48966383632e-20 0.163739182263 0.109159454842 0.0224922298323 
1.48966383632e-20 0.163739182263 0.109159454842 0.0224922298323 
1.48966383632e-20 0.163739182263 0.109159454842 0.0224922298323 
1.48966383632e-20 0.163739182263 0.109159454842 0.0224922298323 
1.48966383632e-20 0.163739182263 0.109159454842 0.0224922298323 
1.48966383632e-20 0.163739182263 0.109159454842 0.0224922298323 
1.48966383632e-20 0.163739182263 0.109159454842 0.0224922298323 
1.48966383632e-20 0.163739182263 0.109159454842 0.0224922298323 
1.48966383632e-20 0.163739182263 0.109159454842 0.0224922298323 
1.48966383632e-20 0.163739182263 0.109159454842 0.0224922298323 
3.28076291282e-20 0.169609347992 0.113072898661 0.031918211353 
-1.22517826238e-20 0.224083234025 0.149388822683 0.026359904352 
-1.22517826238e-20 0.224083234025 0.149388822683 0.026359904352 
-1.22517826238e-20 0.224083234025 0.149388822683 0.026359904352 
-1.22517826238e-20 0.224083234025 0.149388822683 0.026359904352 
-1.00039055234e-20 0.292396290519 0.194930860346 0.00440223782514 
-1.00039055234e-20 0.292396290519 0.194930860346 0.00440223782514 
-1.00039055234e-20 0.292396290519 0.194930860346 0.00440223782514 
-8.40853172363e-21 0.42438803751 0.28292535834 -0.100970877213 
3.0428752081e-22 0.465055321937 0.310036881291 -0.218696690025 
-4.44026466361e-21 0.449232363051 0.299488242034 -0.233611323324 
-1.32939155914e-20 0.443974627935 0.29598308529 -0.315818972542 
4.8273813027e-21 0.406610153113 0.271073435409 -0.327804451535 
-3.38938222461e-21 0.359878280965 0.239918853977 -0.353567591142 
3.108300714e-21 0.31435367105 0.209569114034 -0.380401910757 
-7.07672477322e-21 0.280575818979 0.187050545986 -0.402642841421 
1.86935696671e-21 0.251341303158 0.167560868772 -0.422384874412 
2.16655326373e-21 0.225419057831 0.150279371888 -0.4387103728 
1.58161019141e-20 0.204404578231 0.136269718821 -0.450794740072 
1.13211626576e-21 0.187390192101 0.124926794734 -0.46093006809 
-1.08216820008e-20 0.172472334927 0.114981556618 -0.468762793484 
-4.8830553395e-21 0.159932372929 0.106621581953 -0.47382359216 
-4.8830553395e-21 0.159932372929 0.106621581953 -0.47382359216 
-1.0374580597e-20 0.146697320768 0.0977982138455 -0.479521699702 
-1.0374580597e-20 0.146697320768 0.0977982138455 -0.479521699702 
-1.0374580597e-20 0.146697320768 0.0977982138455 -0.479521699702 
-1.0374580597e-20 0.146697320768 0.0977982138455 -0.479521699702 
2.98585596607e-21 0.133521512861 0.0890143419073 -0.482625968202 
2.98585596607e-21 0.133521512861 0.0890143419073 -0.482625968202 
2.98585596607e-21 0.133521512861 0.0890143419073 -0.482625968202 
2.98585596607e-21 0.133521512861 0.0890143419073 -0.482625968202 
2.98585596607e-21 0.133521512861 0.0890143419073 -0.482625968202 
2.98585596607e-21 0.133521512861 0.0890143419073 -0.482625968202 
2.98585596607e-21 0.133521512861 0.0890143419073 -0.482625968202 
2.98585596607e-21 0.133521512861 0.0890143419073 -0.482625968202 
2.98585596607e-21 0.133521512861 0.0890143419073 -0.482625968202 
2.98585596607e-21 0.133521512861 0.0890143419073 -0.482625968202 
2.98585596607e-21 0.133521512861 0.0890143419073 -0.482625968202 
1.54212285751e-21 0.138419155699 0.0922794371328 -0.472488846368 
1.54212285751e-21 0.138419155699 0.0922794371328 -0.472488846368 
-3.00625546187e-21 0.154812377688 0.103208251792 -0.458486050575 
5.82455527165e-21 0.164130764036 0.109420509357 -0.452175931197 
3.03761903626e-21 0.174163657154 0.116109104769 -0.445590944873 
-4.65476164764e-21 0.180799450282 0.120532966855 -0.439503968786 
-1.11970309604e-20 0.187934061551 0.125289374367 -0.431999907276 
4.4171675988e-21 0.195094268335 0.130062845557 -0.424707462589 
1.28718461163e-21 0.201759649981 0.134506433321 -0.416704225293 
8.63686176636e-21 0.208190561556 0.138793707704 -0.408281528403 
-5.43667488156e-21 0.214517803635 0.14301186909 -0.4012437992 
4.64353404679e-21 0.21987318059 0.146582120393 -0.392934868431 
4.64353404679e-21 0.21987318059 0.146582120393 -0.392934868431 
-3.42630146337e-21 0.232080091199 0.154720060799 -0.381599664427 
-3.42630146337e-21 0.232080091199 0.154720060799 -0.381599664427 
7.88309005328e-21 0.239798827953 0.159865885302 -0.374349304523 
7.88309005328e-21 0.239798827953 0.159865885302 -0.374349304523 
7.88309005328e-21 0.239798827953 0.159865885302 -0.374349304523 
7.88309005328e-21 0.239798827953 0.159865885302 -0.374349304523 
-4.81142811164e-21 0.248059971979 0.165373314653 -0.368137951577 
-4.81142811164e-21 0.248059971979 0.165373314653 -0.368137951577 
-4.81142811164e-21 0.248059971979 0.165373314653 -0.368137951577 
-4.81142811164e-21 0.248059971979 0.165373314653 -0.368137951577 
-4.81142811164e-21 0.248059971979 0.165373314653 -0.368137951577 
-4.81142811164e-21 0.248059971979 0.165373314653 -0.368137951577 
-4.81142811164e-21 0.248059971979 0.165373314653 -0.368137951577 
-4.81142811164e-21 0.248059971979 0.165373314653 -0.368137951577 
-4.81142811164e-21 0.248059971979 0.165373314653 -0.368137951577 
-4.81142811164e-21 0.248059971979 0.165373314653 -0.368137951577 
-4.81142811164e-21 0.248059971979 0.165373314653 -0.368137951577 
-4.81142811164e-21 0.248059971979 0.165373314653 -0.368137951577 
-4.81142811164e-21 0.248059971979 0.165373314653 -0.368137951577 
6.65237636743e-21 0.264922056484 0.176614704323 -0.370710578666 
2.4107423521e-21 0.28550304253 0.190335361687 -0.372634239244 
2.4107423521e-21 0.28550304253 0.190335361687 -0.372634239244 
4.58245624811e-21 0.336749954502 0.224499969668 -0.374745327848 
1.50567134807e-20 0.405466779112 0.270311186074 -0.375669206648 
5.08219768353e-21 0.931183418486 0.620788945657 0.316624535176 
8.7444740656e-22 0.98382038702 0.655880258013 0.306064314995 
1.591715195e-23 1.03839260047 0.692261733649 0.298123347287 
9.18970562895e-22 1.08501140759 0.723340938394 0.291650495596 
8.43062855967e-22 1.13750876291 0.758339175271 0.281512693298 
1.5660369918e-21 1.19541789372 0.796945262479 0.26920885746 
6.03772507851e-23 1.24630267035 0.830868446902 0.257054401944 
5.79520532405e-21 1.30024084037 0.866827226911 0.241209544125 
-6.90448995983e-21 1.35262672555 0.901751150368 0.221300976604 
-2.04273870669e-21 1.3950050572 0.930003371468 0.202935737724 
-2.68922210229e-21 1.43206143372 0.954707622477 0.185006751286 
-3.48082608778e-21 1.47202032866 0.981346885775 0.16287488686 
4.11625935603e-21 1.50366233966 1.00244155977 0.144469638281 
-3.06512625589e-21 1.52909238099 1.01939492066 0.12827942048 
2.1442003671e-21 1.55118768274 1.03412512183 0.113203178035 
1.05652115431e-21 1.56989873042 1.04659915361 0.101453480332 
9.99742362667e-21 1.58267039131 1.05511359421 0.0933472014182 
-6.21870496867e-21 1.59048742694 1.0603249513 0.0878157775008 
-3.185701559e-21 1.5977752292 1.06518348613 0.0835257998313 
4.04550726499e-21 1.60218622573 1.06812415049 0.0836314411081 
3.52024186999e-21 1.60672694574 1.07115129716 0.0777835963098 
3.93550352969e-21 1.60928720804 1.07285813869 0.0778774626936 
6.23883268218e-22 1.61013892137 1.07342594758 0.0778616892728 
5.19900919068e-21 1.60772999399 1.07181999599 0.0778295391137 
1.02851994854e-20 1.60066016412 1.06710677608 0.0872926075143 
-8.46222736816e-21 1.58019089314 1.05346059543 0.105193071681 
-1.2894315922e-21 1.55846770384 1.03897846922 0.122836708487 
5.15366771576e-21 1.53650682902 1.02433788601 0.138431391312 
6.16416739126e-21 1.50696876544 1.00464584362 0.155656889635 
-3.76903055386e-21 1.47968917307 0.986459448715 0.171091056023 
-1.515009671e-21 1.45059367758 0.967062451718 0.186178530929 
1.47399382854e-21 1.41017268607 0.940115124045 0.204838807699 
4.165218826e-21 1.36725683036 0.911504553573 0.222977782236 
6.61903939989e-21 1.31265448367 0.875102989111 0.241202179073 
3.97203517168e-21 1.24428986098 0.829526573986 0.261144367744 
-2.23406152448e-21 1.17442923571 0.782952823809 0.278803171682 
1.59787877762e-22 1.10852521145 0.739016807634 0.29554481966 
-6.39610230798e-18 1.04010575255 0.693403835033 0.311483380177 
5.88607860066e-18 0.97835023916 0.652233492773 0.325947113924 
4.38720750959e-18 0.916647508315 0.611098338877 0.340397178505 
4.18705377238e-18 0.862336953707 0.574891302471 0.350523959687 
-1.77361146631e-18 0.825130727485 0.550087151657 0.352737310453 
1.81403139438e-18 0.789307519112 0.526205012742 0.361141099474 
6.07778687955e-24 0.770567485344 0.513711656896 0.35366452284 
8.44078841533e-07 0.75370714405 0.502471429367 0.348067652201 
0.00450781014845 0.736731360963 0.491154240642 0.346536010693 
0.0122338941707 0.721249731807 0.480833154538 0.346036329275 
0.0122338941707 0.721249731807 0.480833154538 0.346036329275 
0.0112951387007 0.716424272551 0.477616181701 0.345382563777 
0.0211639503454 0.699674351915 0.466449567943 0.344758668338 
0.0192963774796 0.695009561172 0.463339707448 0.3430761236 
0.0271500011086 0.672407852605 0.448271901737 0.338375862987 
0.0304170912407 0.644705376988 0.429803584659 0.330718885188 
0.0269677041804 0.608124035809 0.405416023873 0.318669821095 
0.0256691066419 0.571081081737 0.380720721158 0.305949396094 
0.0260404399078 0.549942717627 0.366628478418 0.209176742829 
-2.00729276736e-18 0.31240816871 0.208272112474 -0.156628129767 
-3.69735237687e-21 0.295738615423 0.197159076949 -0.118051127852 
3.8797698912e-22 0.299118800101 0.1994125334 -0.0957929999119 
9.28309015373e-21 0.296187048447 0.197458032298 -0.0840827482092 
-1.13805712742e-21 0.297808227749 0.1985388185 -0.0732801725884 
6.8575691457e-21 0.294918131526 0.196612087684 -0.0631353621281 
1.28990267705e-21 0.277129609125 0.18475307275 -0.0532142774677 
5.42402501876e-21 0.230371897553 0.153581265036 -0.0420540109383 
5.42402501876e-21 0.230371897553 0.153581265036 -0.0420540109383 
5.42402501876e-21 0.230371897553 0.153581265036 -0.0420540109383 
-5.03608156227e-21 0.29550737613 0.19700491742 -0.0866527662863 
2.91636103019e-21 0.340839270726 0.227226180484 -0.153525166457 
-3.95987732279e-21 0.357806206204 0.238537470803 -0.214974343418 
-1.23980216349e-20 0.350704501259 0.23380300084 -0.252861904438 
4.97257355242e-21 0.351959236706 0.234639491138 -0.287751485523 
4.97257355242e-21 0.351959236706 0.234639491138 -0.287751485523 
-1.31860985252e-20 0.347069819951 0.231379879967 -0.315504252756 
-1.31860985252e-20 0.347069819951 0.231379879967 -0.315504252756 
-1.31860985252e-20 0.347069819951 0.231379879967 -0.315504252756 
-1.31860985252e-20 0.347069819951 0.231379879967 -0.315504252756 
-1.31860985252e-20 0.347069819951 0.231379879967 -0.315504252756 
-3.26397966971e-21 0.365690313019 0.243793542013 -0.328830702229 
-3.26397966971e-21 0.365690313019 0.243793542013 -0.328830702229 
-3.26397966971e-21 0.365690313019 0.243793542013 -0.328830702229 
1.15663870752e-20 0.382412987674 0.254941991783 -0.322592992406 
3.50574902903e-21 0.394981523907 0.263321015938 -0.318140781171 
-6.44578565987e-21 0.42395806954 0.282638713027 -0.307047453479 
-1.70874650758e-20 0.457077375526 0.30471825035 -0.290367093422 
-2.12580371457e-18 0.726570039465 0.48438002631 0.229342689477 
-5.61652552713e-22 0.746546954218 0.497697969478 0.235693466905 
0.0389462784334 0.808774680896 0.539183120597 0.169324078301 
0.0786883440259 0.892359214871 0.594906143247 0.136586408135 
0.111505629362 0.971303393526 0.647535595684 0.127727364141 
0.128630971267 1.03182540843 0.687883605618 0.129699498812 
0.117617306491 1.08724812961 0.724832086404 0.139530512527 
0.104476463034 1.14821770138 0.765478467586 0.144299921776 
0.0624281266022 1.20020173072 0.800134487144 0.150783346979 
0.023230672523 1.24502074814 0.830013832091 0.151354445071 
1.25492189326e-18 1.2907329453 0.8604886302 0.141394458586 
4.94061872434e-23 1.33130026175 0.88753350783 0.128611784112 
-1.59663015424e-21 1.36790233392 0.911934889277 0.113450754299 
1.41760559572e-21 1.40833184351 0.938887895673 0.0899691477751 
-7.32583356099e-21 1.44064718203 0.96043145469 0.0691109616641 
-6.82986278853e-21 1.46666507589 0.977776717259 0.050764499886 
1.45759528332e-21 1.49257184904 0.99504789936 0.0319666441659 
7.07255930051e-21 1.51292820029 1.00861880019 0.0147618915894 
-1.80021644561e-22 1.53088181689 1.02058787793 5.79395088463e-05 
7.04181503028e-21 1.54760297417 1.03173531612 -0.0139159065637 
1.01312089092e-21 1.56074234407 1.04049489605 -0.0252565382154 
-4.25801062707e-21 1.5731686062 1.0487790708 -0.0334774821102 
9.30381762469e-21 1.58243827493 1.05495884996 -0.0401528602989 
-4.77617866332e-21 1.59152790086 1.06101860058 -0.0449121092205 
1.09543512749e-20 1.59713367877 1.06475578584 -0.049870419385 
2.51955770974e-21 1.60219320018 1.06812880012 -0.0551579387217 
2.42945875136e-21 1.60595545244 1.07063696829 -0.0587206243293 
2.16723210439e-21 1.60889148295 1.07259432197 -0.0590126531997 
-4.17697674918e-22 1.61148062339 1.07432041559 -0.0593803882039 
1.99436154139e-21 1.61413495028 1.07608996686 -0.0597494042197 
4.38579586003e-21 1.61414983709 1.07609989139 -0.0627126924935 
-2.79494908711e-21 1.6125412006 1.07502746707 -0.0623684104413 
-2.43788268271e-21 1.6115510396 1.07436735973 -0.0540987636473 
4.98355461891e-21 1.60957568661 1.07305045774 -0.048385978602 
1.05525999518e-21 1.60441718981 1.06961145987 -0.0399028585312 
-1.54216473848e-21 1.59538271559 1.06358847706 -0.0301889236063 
-6.29590014856e-22 1.58264231732 1.05509487821 -0.0197808984458 
-3.56005328588e-21 1.56586291227 1.04390860818 -0.00822845287777 
3.79530408965e-21 1.54693647817 1.03129098545 0.00432307215276 
8.69098783761e-23 1.52363330101 1.015755534 0.0181123529101 
5.27156030158e-21 1.50127779248 1.00085186165 0.0297133638092 
7.6498315428e-21 1.47439875081 0.982932500541 0.0411762638434 
-5.63237599299e-22 1.44249905328 0.961666035519 0.056972123608 
5.20082461738e-22 1.39916667341 0.932777782276 0.0741686861455 
-2.81869119882e-22 1.3533251432 0.902216762136 0.0895484217145 
0.0551257707095 1.29929542148 0.866196947656 0.103938406226 
0.129038168332 1.23553742703 0.823691618018 0.110008838562 
0.172116882573 1.1847062048 0.789804136533 0.111149602959 
0.200228856778 1.13852003371 0.759013355808 0.106705495765 
0.208368070162 1.09233194602 0.728221297344 0.100757726096 
0.217893697072 1.04858030728 0.699053538186 0.0936809283249 
0.226401740122 1.00654128732 0.671027524882 0.0830615742774 
0.203770380022 0.957612961604 0.638408641069 0.0747781940385 
0.171787824709 0.900173479493 0.600115652995 0.0684946962193 
0.138291729902 0.825970216481 0.550646810987 0.0640526176519 
0.0588762135683 0.71482515928 0.476550106187 0.0893924303529 
-1.73598416587e-18 0.605330234146 0.403553489431 0.201390039844 
1.18456350933e-21 0.591348397584 0.394232265056 0.136857073858 
1.11665773394e-21 0.586588542725 0.391059028484 0.0903681418976 
-1.42018944249e-21 0.573233935282 0.382155956855 0.0413392885685 
-5.70145688748e-22 0.585022900039 0.390015266693 0.0336127638296 
-5.70145688748e-22 0.585022900039 0.390015266693 0.0336127638296 
1.768076649e-21 0.59683766164 0.397891774427 0.0165288291248 
-1.06298567499e-21 0.484676499299 0.323117666199 -0.242742994824 
-1.79905369827e-21 0.496778291826 0.331185527884 -0.244479454262 
-1.79905369827e-21 0.496778291826 0.331185527884 -0.244479454262 
-1.79905369827e-21 0.496778291826 0.331185527884 -0.244479454262 
-1.79905369827e-21 0.496778291826 0.331185527884 -0.244479454262 
-2.68400635163e-21 0.509890106747 0.339926737831 -0.249977666859 
-2.68400635163e-21 0.509890106747 0.339926737831 -0.249977666859 
-2.68400635163e-21 0.509890106747 0.339926737831 -0.249977666859 
-2.68400635163e-21 0.509890106747 0.339926737831 -0.249977666859 
8.784125332e-23 0.52608774514 0.350725163427 -0.252011853686 
1.34849415414e-21 0.548417921432 0.365611947621 -0.250364225307 
1.00666876194e-21 0.673496665672 0.448997777115 -0.00330653306527 
-3.75378099646e-21 0.69978901192 0.466526007947 -0.00284700684712 
-1.03369970331e-20 0.716566764321 0.477711176214 -0.000124488677272 
1.37928961188e-21 0.759406401747 0.506270934498 0.00402923963245 
-3.32209879485e-21 0.800118652074 0.533412434716 0.011675715277 
-2.00373773086e-22 0.862960541747 0.575307027831 0.0249158450518 
0.0211491235905 0.929252759573 0.619501839715 0.0357138011583 
0.0498951366482 0.984828170798 0.656552113865 0.0432327391035 
0.0659488022129 1.05868311802 0.705788745344 0.0571568723031 
0.0488860260821 1.13394918914 0.75596612609 0.0752534292132 
0.0359830326484 1.19848074979 0.79898716653 0.0806286178034 
-7.50558945962e-21 1.24740709219 0.831604728123 0.083829469932 
-8.94755387657e-22 1.30667236495 0.871114909966 0.076606129127 
-2.02468093049e-21 1.35487604102 0.903250694015 0.0680762590439 
1.13534610834e-21 1.39658748618 0.931058324118 0.0574599528229 
4.10849662999e-21 1.4349827688 0.956655179201 0.0421369943447 
-6.68563695416e-22 1.46623429667 0.977489531113 0.0274176971938 
5.71031070366e-21 1.49322459169 0.995483061127 0.0134818711354 
-4.74941360906e-21 1.5170667001 1.01137780007 -0.00279008219492 
-8.40915740796e-22 1.53589928541 1.02393285694 -0.0164653488439 
3.7241566124e-21 1.55476222868 1.03650815245 -0.0296857122231 
8.05679830338e-21 1.57104940205 1.04736626803 -0.0428635312988 
6.8978168952e-21 1.58712417612 1.05808278408 -0.0540833360665 
-1.39795626078e-21 1.59782273078 1.06521515385 -0.0637293051664 
-1.10099834379e-21 1.60966838946 1.07311225964 -0.0749253102801 
9.99828361979e-22 1.62074989171 1.0804999278 -0.0856905919057 
-1.1333558909e-21 1.63071097631 1.08714065088 -0.0948440963277 
4.08093955285e-22 1.63865941851 1.09243961234 -0.103849855295 
-1.47909731438e-21 1.64882142746 1.09921428497 -0.112710106982 
-5.71262566592e-22 1.65782764238 1.10521842825 -0.119375643292 
-2.4700704055e-22 1.66831702085 1.11221134723 -0.120828775479 
0.621068342082 1.64758100834 1.09838733889 0.0951975153463 
0.649376161744 1.65674599999 1.10449733333 0.0839107737353 
0.690222908684 1.66247518084 1.10831678723 0.103398557897 
0.714886982537 1.67107577099 1.114050514 0.0951708016392 
0.741255138159 1.67750735832 1.11833823888 0.089441728071 
0.761410142525 1.68243129384 1.12162086256 0.0850677184201 
0.777653276791 1.68559744793 1.12373163195 0.081759304291 
0.78866999227 1.68842215745 1.12561477164 0.0780344507232 
0.797301091859 1.69047243825 1.1269816255 0.0747461144802 
0.803936129834 1.6926410886 1.1284273924 0.073606521163 
0.804192519179 1.69339968032 1.12893312021 0.0735250882629 
0.804423134209 1.69390164475 1.12926776317 0.0734515914205 
0.804011609799 1.69099955108 1.12733303406 0.0735288871866 
0.791707193525 1.68527048275 1.12351365517 0.078090384949 
0.767031725442 1.67720770049 1.11813846699 0.0896295259266 
0.733371132133 1.66566042692 1.11044028461 0.104375494698 
0.681257138242 1.64302002008 1.09534668005 0.129518399982 
0.581737150063 1.6266339642 1.0844226428 0.0849344998305 
2.29023201581e-15 1.62766506341 1.08511004227 -0.102854095772 
-8.80380674499e-22 1.59273298405 1.06182198937 -0.0817465848807 
6.43510951689e-21 1.55052585535 1.03368390356 -0.0566621154304 
-3.98469556142e-21 1.51306534073 1.00871022715 -0.0313797708752 
-4.53715435685e-21 1.47408603958 0.98272402639 -0.00437178720751 
2.38223705843e-21 1.43066362037 0.953775746917 0.0275677753112 
9.17294159122e-22 1.38094427516 0.920629516774 0.0593187576359 
0.00220291464268 1.31621911777 0.877479411847 0.0908872392002 
0.065278343865 1.25907332323 0.839382215486 0.113071383931 
0.106588768136 1.2052357909 0.803490527267 0.126759908191 
0.139595833507 1.15075564338 0.767170428919 0.130925422981 
0.150811560121 1.09781359368 0.731875729122 0.133579338116 
0.16177177233 1.05032899617 0.70021933078 0.1300742203 
0.168888286626 1.00807787798 0.672051918652 0.122597435562 
0.149553049995 0.953602877928 0.635735251952 0.120536129389 
0.127067316654 0.901738103075 0.601158735383 0.120720387252 
0.0884285143532 0.839903693688 0.559935795792 0.13009449602 
0.0499664759897 0.76385249868 0.50923499912 0.154441734016 
2.27083447192e-19 0.686389999528 0.457593333019 0.233566161344 
2.16976720195e-22 0.683210921584 0.455473947723 0.183901053611 
7.44936043843e-22 0.674783225019 0.449855483346 0.138040087495 
-1.44538154094e-21 0.66018264996 0.44012176664 0.0919777322202 
3.20841129716e-21 0.654101156552 0.436067437701 0.0473228391919 
-1.00028608842e-20 0.664930908529 0.443287272353 0.0115057337647 
3.24786447119e-21 0.650189379529 0.433459586353 -0.0209340132243 
-1.09436017453e-21 0.661257245174 0.440838163449 -0.0330550404469 
4.09271210071e-21 0.637085386115 0.424723590744 -0.0491748259553 
4.09271210071e-21 0.637085386115 0.424723590744 -0.0491748259553 
1.60855040296e-20 0.549555296403 0.366370197602 -0.261657857032 
-3.83220958239e-22 0.537255965992 0.358170643995 -0.261832298845 
-3.83220958239e-22 0.537255965992 0.358170643995 -0.261832298845 
-3.83220958239e-22 0.537255965992 0.358170643995 -0.261832298845 
-3.83220958239e-22 0.537255965992 0.358170643995 -0.261832298845 
-3.83220958239e-22 0.537255965992 0.358170643995 -0.261832298845 
-3.83220958239e-22 0.537255965992 0.358170643995 -0.261832298845 
-3.83220958239e-22 0.537255965992 0.358170643995 -0.261832298845 
-3.83220958239e-22 0.537255965992 0.358170643995 -0.261832298845 
-3.83220958239e-22 0.537255965992 0.358170643995 -0.261832298845 
-3.83220958239e-22 0.537255965992 0.358170643995 -0.261832298845 
-3.83220958239e-22 0.537255965992 0.358170643995 -0.261832298845 
-3.83220958239e-22 0.537255965992 0.358170643995 -0.261832298845 
-3.83220958239e-22 0.537255965992 0.358170643995 -0.261832298845 
-4.96572958961e-21 0.554066987091 0.369377991394 -0.257955025811 
-2.40185627813e-20 0.538680983526 0.359120655684 -0.249826632936 
-2.40185627813e-20 0.538680983526 0.359120655684 -0.249826632936 
-2.40185627813e-20 0.538680983526 0.359120655684 -0.249826632936 
-2.40185627813e-20 0.538680983526 0.359120655684 -0.249826632936 
-5.66941640751e-21 0.677233032492 0.451488688328 0.0415640507645 
1.96960008568e-21 0.680238097068 0.453492064712 0.0614092903569 
4.52556630333e-21 0.686953600856 0.457969067237 0.0856139691297 
-1.42955150932e-21 0.684570698166 0.456380465444 0.125227283301 
0.0294141843574 0.672540100077 0.448360066718 0.1307647793 
0.100288993908 0.714447227457 0.476298151638 0.0826391874721 
0.201186305932 0.723223766011 0.482149177341 0.0573432855662 
0.311367636588 0.718659053055 0.47910603537 0.0445500836448 
0.420766136862 0.700925869719 0.467283913146 0.0394671831122 
0.549672287898 0.673705815966 0.449137210644 0.039235998374 
0.705990789348 0.641290689927 0.427527126618 0.0412220710392 
0.831052541741 0.581534349287 0.387689566192 0.0423321707623 
0.903833617351 0.509644257096 0.339762838064 0.043941241323 
0.96985762932 0.45297581439 0.30198387626 0.0392478089849 
1.03443402966 0.40321466398 0.268809775987 0.0320754442336 
1.08090779815 0.36993058751 0.246620391673 0.0283367248414 
1.08240475937 0.281959819864 0.187973213243 0.0260602115909 
1.11662903602 0.265790805648 0.177193870432 0.0217488005194 
1.13905685424 0.254263935088 0.169509290059 0.0194972302956 
1.15802496325 0.245421287718 0.163614191812 0.0171273487398 
1.17371518215 0.238261132796 0.158840755197 0.0135427194185 
1.17829671646 0.231136813591 0.15409120906 0.0124607744543 
1.18478858887 0.222515953965 0.14834396931 0.00976192795295 
1.1922416524 0.214918280084 0.143278853389 0.00992814177686 
1.17750025587 0.161433188564 0.107622125709 0.00978662271764 
1.17959495598 0.160673356232 0.107115570821 0.00750155179462 
1.18878517166 0.157966384932 0.105310923288 0.00952709476956 
1.18520835488 0.158948910106 0.10596594007 0.0104928467969 
1.19388846401 0.158023596727 0.105349064485 0.00884392083231 
1.18907385069 0.161296300617 0.107530867078 0.00994496712472 
1.18907385069 0.161296300617 0.107530867078 0.00994496712472 
1.18912508908 0.161391462571 0.107594308381 0.00700304173029 
1.18878858944 0.161744568533 0.107829712355 0.00822719718533 
1.18810580236 0.162377780704 0.108251853803 0.0103569950098 
1.19519595579 0.165803335294 0.110535556863 0.00967545051698 
1.18074312294 0.172540838338 0.115027225559 0.0121622137094 
1.1529937821 0.182684352385 0.121789568256 0.019941719193 
1.09248567844 0.20375963247 0.13583975498 0.0416594075909 
1.01354252338 0.235607097442 0.157071398295 0.0674331166595 
0.975134447466 0.400598660922 0.267065773948 0.0846869360603 
0.937789028899 0.533845129275 0.35589675285 0.0989765637336 
0.869416192339 0.608509511704 0.405673007802 0.117901215008 
0.88901807615 0.704239243181 0.469492828787 0.114671258286 
0.860163605251 0.758861720414 0.50590781361 0.121592422884 
0.838137402098 0.808440440102 0.538960293401 0.126053042912 
0.826433934421 0.839521644422 0.559681096281 0.125745324479 
0.815954414016 0.870167255047 0.580111503365 0.125202181821 
0.803997721448 0.901785458735 0.601190305823 0.125667371701 
0.758373872852 0.92833817121 0.61889211414 0.128391065908 
0.750284164273 0.960628679098 0.640419119399 0.130407296445 
0.709718144004 0.985127320055 0.656751546703 0.127567410261 
0.707663432341 0.998561790459 0.665707860306 0.126029482236 
0.705758870959 1.00969696383 0.673131309221 0.131068482606 
0.673501667427 1.02692764245 0.684618428298 0.126629292661 
0.672346256247 1.0370395473 0.691359698198 0.130142501826 
0.66886145637 1.04987897928 0.699919319517 0.123879957315 
0.664821580794 1.0565836336 0.704389089068 0.119433932413 
0.663408255148 1.06323880081 0.708825867205 0.121860492414 
0.635910610152 1.07047257431 0.713648382871 0.115521404311 
0.635616287754 1.07350313737 0.715668758247 0.116308234587 
0.635259777063 1.07656697995 0.71771131997 0.117100694449 
0.634393836501 1.08294608519 0.721964056792 0.11902523745 
0.631342754945 1.08895907267 0.725972715111 0.114449825168 
0.630100930901 1.09487839138 0.72991892759 0.116897368149 
0.607300615996 1.09655355381 0.731035702542 0.113243047746 
0.607469551658 1.0929886009 0.728659067266 0.112981492669 
0.610825655345 1.07529119912 0.71686079941 0.119032977885 
0.648702859489 1.05363234588 0.702421563918 0.125863808432 
0.691535856277 1.0087953039 0.672530202598 0.129742768633 
0.75846004308 0.931801567831 0.62120104522 0.130269306032 
0.826108193611 0.841110641712 0.560740427808 0.120201280348 
0.863658002707 0.737745166117 0.491830110745 0.111015817786 
0.923683513071 0.630746288338 0.420497525558 0.0944536909988 
0.994279170606 0.538634377244 0.35908958483 0.0736777512283 
1.00853748645 0.409259367856 0.272839578571 0.060458007212 
1.077369475 0.36369081583 0.242460543887 0.0411390077277 
1.12247913414 0.334815148064 0.223210098709 0.0287495520434 
1.16849147651 0.311288763623 0.207525842415 0.0180995643486 
1.19677929663 0.299327002518 0.199551335012 0.0124169670928 
1.2195578452 0.292025934295 0.194683956197 0.00544043869655 
1.23298651306 0.288322076901 0.192214717934 0.00133172142991 
1.24628359725 0.285892129448 0.190594752965 0.0001293088109 
1.24587168208 0.286302026502 0.190868017668 -0.00138291104891 
1.24587168208 0.286302026502 0.190868017668 -0.00138291104891 
1.24677229269 0.286169255754 0.190779503836 -0.00399078534217 
1.24833173108 0.285835263861 0.190556842574 -0.00298149730738 
1.24833173108 0.285835263861 0.190556842574 -0.00298149730738 
1.24944717609 0.285581024199 0.190387349466 -0.00755579594764 
1.24560624611 0.287560032277 0.191706688185 -0.00445621101298 
1.23948525888 0.290394513224 0.193596342149 -0.00415094477222 
1.22655262716 0.295189441349 0.196792960899 -0.00026337277882 
1.20947893135 0.300616871531 0.200411247687 0.00475428100048 
1.19241339117 0.309656965569 0.206437977046 0.0125133584353 
1.15368954443 0.327009471055 0.218006314037 0.0217580242752 
1.11346969389 0.345869424864 0.230579616576 0.0303775753216 
1.06722290887 0.373413425258 0.248942283505 0.0445901149287 
1.03953965836 0.503569029392 0.335712686261 0.0619697145493 
0.949228005398 0.59220652961 0.394804353073 0.0868651660411 
0.917155366262 0.731592285348 0.487728190232 0.103050330709 
0.827197698573 0.866758044 0.577838696 0.127644828055 
0.698337724976 0.997191533363 0.664794355575 0.144286587285 
0.511192022041 1.13131637036 0.754210913571 0.134855780633 
0.214765245393 1.28786312868 0.85857541912 0.0746121449276 
1.50869548942e-17 1.40278786658 0.93519191105 -0.00126747775458 
-1.28767003319e-21 1.47790120861 0.985267472407 -0.033565958514 
6.6236136782e-21 1.54096573512 1.02731049008 -0.0565231545247 
-4.14041389778e-22 1.58883130362 1.05922086908 -0.0737682811428 
1.48852071667e-22 1.62597645763 1.08398430508 -0.0901110066223 
0.00127247704511 1.6582946472 1.1055297648 -0.106324333749 
0.703141503977 1.63895028329 1.09263352219 -0.0406110166412 
0.749467398636 1.65064224112 1.10042816074 -0.0802232229567 
0.794907426132 1.65985496003 1.10656997335 -0.1155947633 
0.828913483252 1.66607527157 1.11071684771 -0.138509288371 
0.855035144813 1.66991950205 1.11327966803 -0.153088158173 
0.873345314252 1.67255274807 1.11503516538 -0.161816160431 
0.886513434477 1.67447728176 1.11631818784 -0.165786400717 
0.896408938245 1.67499663958 1.11666442639 -0.167747679379 
0.902946248902 1.67589189458 1.11726126305 -0.169476219994 
0.903249018389 1.67698030241 1.11798686828 -0.169641125051 
0.907568673674 1.67697387798 1.11798258532 -0.170785608353 
0.907397242535 1.67605437807 1.11736958538 -0.170599684007 
0.898429358885 1.67532777935 1.11688518623 -0.164214514302 
0.884821435637 1.67223538896 1.11482359264 -0.156738126493 
0.856431144216 1.66457263265 1.10971508844 -0.139176339631 
0.805748492768 1.6483841238 1.0989227492 -0.0945762600021 
0.752826621707 1.62723100657 1.08482067104 -0.0414462733535 
0.69709788277 1.59569570042 1.06379713362 0.0173295360302 
0.607825828304 1.55852948814 1.03901965876 0.0249994128298 
1.3534572489e-15 1.5293500818 1.0195667212 -0.103262734403 
-2.19965669266e-21 1.46467232228 0.97644821485 -0.0925184797662 
0.0213557668603 1.37706643152 0.918044287677 -0.0697931048988 
0.272137511272 1.28404525784 0.856030171891 -0.000868003005602 
0.460352891707 1.18120090355 0.787467269035 0.0409465277955 
0.629640427951 1.05718298045 0.704788653632 0.0632533744588 
0.755971307003 0.938565917664 0.625710611776 0.0647273961183 
0.85015779639 0.828713647088 0.552475764725 0.0555844802936 
0.897329853943 0.711157783404 0.474105188936 0.0415316229993 
0.959879622945 0.615577500089 0.410385000059 0.0289047702423 
1.0198143268 0.548503603281 0.365669068854 0.0179508114884 
1.07993500587 0.495305305662 0.330203537108 0.00554697542751 
1.18329905277 0.521321067907 0.347547378604 0.000947850925057 
1.25337908476 0.533586301197 0.355724200798 -0.00342649166581 
1.2691287128 0.519011199302 0.346007466201 -0.00743311278139 
1.30641990754 0.528318589447 0.352212392964 -0.00900011860618 
1.31553577888 0.521916219003 0.347944146002 -0.0100524015222 
1.32414737101 0.518018568477 0.345345712318 -0.0108394659143 
1.32774458564 0.516998370798 0.344665580532 -0.0136078467148 
1.32724642048 0.517423020534 0.344948680356 -0.0122950762406 
1.32126672317 0.520206098625 0.34680406575 -0.0110998749094 
1.3210679716 0.52019950588 0.346799670586 -0.009526261191 
1.32025139381 0.520681932093 0.347121288062 -0.00700048572164 
1.31310057169 0.523465828717 0.348977219145 -0.00853619949013 
1.28582804081 0.500191997988 0.333461331992 -0.00763171667853 
1.2779441115 0.508182834189 0.338788556126 -0.00355570831295 
1.26415501718 0.517471083448 0.344980722299 -0.0016210255755 
1.25368088631 0.524668840681 0.349779227121 0.000334047967307 
1.23599620433 0.539115035493 0.359410023662 0.00462403742134 
1.18618406077 0.531453436573 0.354302291049 0.00685960291427 
1.15844602913 0.556282460525 0.370854973684 0.0116114464834 
1.09069611019 0.568053672637 0.378702448425 0.0164141465766 
1.05473944446 0.605698111904 0.403798741269 0.0169982622782 
0.946905332811 0.580922592282 0.387281728188 0.0100786462166 
0.711429919101 0.434078864069 0.28938590938 0.00470696993163 
0.524912363676 0.287872188953 0.191914792635 0.0040657323586 
0.398831742197 0.187418384553 0.124945589702 -0.010100552233 
0.283290926641 0.144357778651 0.0962385191008 -0.0675264610434 
0.1757543783 0.0712374457542 0.0474916305028 -0.00122921376474 
0.0992008350372 0.0763944781026 0.0509296520684 0.00826677405463 
0.0244707659585 0.0424369053788 0.0282912702525 0.0121516270642 
5.74152289103e-18 0.0442648003817 0.0295098669211 0.0262789763304 
1.44012856973e-20 0.0461183102129 0.0307455401419 0.0428229974116 
1.26959397865e-22 0.104583252251 0.0697221681673 0.0599454320344 
-1.21353811278e-20 0.104818812388 0.0698792082586 0.0726936710455 
4.52044301619e-21 0.108157798785 0.07210519919 0.0814846517618 
4.52044301619e-21 0.108157798785 0.07210519919 0.0814846517618 
4.10662209298e-21 0.114348685965 0.0762324573097 0.0959447961 
4.10662209298e-21 0.114348685965 0.0762324573097 0.0959447961 
4.10662209298e-21 0.114348685965 0.0762324573097 0.0959447961 
4.10662209298e-21 0.114348685965 0.0762324573097 0.0959447961 
4.10662209298e-21 0.114348685965 0.0762324573097 0.0959447961 
4.10662209298e-21 0.114348685965 0.0762324573097 0.0959447961 
-1.59701546463e-20 0.119524953603 0.0796833024017 0.108466932335 
-1.59701546463e-20 0.119524953603 0.0796833024017 0.108466932335 
-1.59701546463e-20 0.119524953603 0.0796833024017 0.108466932335 
-1.00752085105e-20 0.177944218034 0.118629478689 0.121335511296 
-1.00752085105e-20 0.177944218034 0.118629478689 0.121335511296 
-1.00752085105e-20 0.177944218034 0.118629478689 0.121335511296 
-1.00752085105e-20 0.177944218034 0.118629478689 0.121335511296 
-1.00752085105e-20 0.177944218034 0.118629478689 0.121335511296 
-1.00752085105e-20 0.177944218034 0.118629478689 0.121335511296 
-1.00752085105e-20 0.177944218034 0.118629478689 0.121335511296 
-1.00752085105e-20 0.177944218034 0.118629478689 0.121335511296 
-1.00752085105e-20 0.177944218034 0.118629478689 0.121335511296 
-6.30428375343e-21 0.173331621234 0.115554414156 0.133404959454 
-6.30428375343e-21 0.173331621234 0.115554414156 0.133404959454 
-1.24372811921e-20 0.171551299297 0.114367532865 0.122860004858 
-1.55553045416e-20 0.100076753259 0.0667178355063 0.0894563370169 
-6.73396539108e-21 0.061721370684 0.041147580456 0.0630048354382 
0.0494804843011 0.0552434749374 0.0368289832916 0.0565312314187 
0.126492744807 0.0765136509549 0.0510091006366 0.0549882059427 
0.229395787423 0.066266827952 0.0441778853013 0.0458157661627 
0.385035120055 0.141710041307 0.0944733608716 -0.0246909630157 
0.534296229009 0.159786123129 0.106524082086 0.0101923070299 
0.692220916187 0.214534704681 0.143023136454 0.0135703588337 
0.864387913454 0.290895135848 0.193930090565 0.00931933187884 
0.955335256102 0.251021907292 0.167347938195 0.00893687151433 
1.07428856306 0.292247629176 0.194831752784 0.0066870843133 
1.1525123578 0.255657256818 0.170438171212 0.00641376462117 
1.21749369842 0.227281960996 0.151521307331 0.00747984521972 
1.27537515942 0.203694967971 0.135796645314 0.00511461228222 
1.30496759241 0.151425801439 0.100950534292 0.00290137359484 
1.33900856278 0.138697851686 0.0924652344575 0.00327650380786 
1.34148124702 0.0685869241886 0.0457246161257 0.00410886647169 
1.37987712639 0.0940604337014 0.0627069558009 0.0050290184363 
1.38864192816 0.0745369913466 0.0496913275644 0.00560768130316 
1.39174146554 0.058740409283 0.0391602728553 0.00639172460657 
1.39736036975 0.0570058976818 0.0380039317879 0.00598173991846 
1.39667032886 0.0423959314482 0.0282639542988 0.00525785055176 
1.39963450278 0.0411384817228 0.0274256544819 0.00460214659058 
1.40465527844 0.0529945720687 0.0353297147125 0.00315148252957 
1.40123756895 0.0532659335204 0.0355106223469 0.0032556089409 
1.38556798423 0.0192450886411 0.0128300590941 0.00228214334391 
1.38547672383 0.0193371586103 0.0128914390735 0.0027256986096 
1.38022277195 0.0196759418466 0.0131172945644 0.00679769109729 
1.38216266776 0.0193123552538 0.0128749035025 0.00624223590189 
1.38176183331 0.0195295696095 0.013019713073 0.00812471474954 
1.37992644397 0.0202364030216 0.0134909353478 0.00923482051861 
1.37399025812 0.0210758792749 0.0140505861833 0.0111833018523 
1.36848297282 0.00404417660243 0.00269611773495 0.00786661637408 
1.36851545355 0.00414275736051 0.00276183824034 0.00712851799871 
1.36833841449 0.00425771244743 0.00283847496495 0.00878706042683 
1.36196480246 0.00528522964024 0.00352348642682 0.0115874596091 
1.36598825471 0.00540574213214 0.00360382808809 0.0107196639382 
1.37273319968 0.0270513554984 0.018034236999 0.0113485010976 
1.37499708144 0.0273304880256 0.0182203253504 0.0104396886762 
1.37302040195 0.0284103593152 0.0189402395435 0.0114645877406 
1.36068602538 0.013510644227 0.00900709615132 0.0103820060609 
1.35710313914 0.0132276825389 0.00881845502591 0.0116678266675 
1.34591275388 6.58073397009e-19 4.38715598006e-19 0.0120151433597 
1.34106638514 0.000317827609543 0.000211885073029 0.0155215682759 
1.33374845223 9.02754899392e-19 6.01836599595e-19 0.0195363339768 
1.32294768421 -2.19974290639e-19 -1.46649527092e-19 0.0227438239935 
1.32586547315 -1.32889050964e-22 -8.85927006429e-23 0.0253770935111 
1.29906815238 -2.40994733724e-19 -1.60663155816e-19 0.0336327469286 
1.26669214021 0.00538623245728 0.00359082163819 0.0398754830582 
1.21240525958 5.63922713473e-18 3.75948475649e-18 0.0453598582377 
1.13984111087 0.0198553099463 0.0132368732975 0.0528854751514 
1.04525552571 0.0500378019682 0.0333585346455 0.0645688170391 
0.974773315099 0.181206440981 0.120804293987 0.0591075111502 
0.825815411585 0.238398833518 0.158932555679 0.0625077710042 
0.680538590298 0.296996976094 0.197997984063 0.0653654068933 
0.511762445815 0.251234247641 0.167489498427 0.087987890094 
0.375005386163 0.248526007305 0.16568400487 0.122801555976 
0.281350650216 0.290997004283 0.193998002856 0.130852338116 
0.209791520373 0.322290089975 0.214860059983 0.125003053927 
0.162657507041 0.350422139389 0.233614759592 0.10864651251 
0.0950324761525 0.175860987954 0.117240658636 -0.105473423459 
0.0750259569138 0.18453837465 0.1230255831 -0.0990602439997 
0.0646088547125 0.185711167744 0.123807445163 -0.0906982417292 
0.0504435104142 0.192338825476 0.128225883651 -0.0869827944963 
0.0467068797579 0.192414987047 0.128276658031 -0.0816253017754 
0.0388981921954 0.193779891998 0.129186594665 -0.0781288847317 
0.0358040301958 0.194239132097 0.129492754732 -0.078114097684 
0.0367730783866 0.21532274806 0.143548498707 -0.0839788707105 
0.0348746755004 0.215943479815 0.143962319877 -0.0844452978358 
0.0304479096628 0.216338684773 0.144225789848 -0.0840891595071 
0.0308947548367 0.216607821368 0.144405214245 -0.078856668259 
0.0328011728816 0.199111588593 0.132741059062 -0.0738658085009 
0.0301672079896 0.198791392055 0.132527594703 -0.0738890609694 
0.0276007883464 0.198836296266 0.132557530844 -0.073966289457 
0.0289895216645 0.198548421791 0.132365614527 -0.0741492299893 
0.0313967597678 0.198983634149 0.132655756099 -0.078900996776 
0.0393179083337 0.19779416473 0.131862776487 -0.0786057846886 
0.0424393130404 0.196955409917 0.131303606612 -0.0781022510647 
0.0475838392064 0.215933370464 0.143955580309 -0.0808567402225 
0.0539363510595 0.182776170142 0.121850780095 -0.0676465085204 
0.0651112806799 0.195611141313 0.130407427542 -0.0724119841302 
0.0678730252946 0.194779968363 0.129853312242 -0.0677463978159 
0.0697302707716 0.174632261621 0.116421507747 -0.0627556693059 
0.0759494408745 0.173898677289 0.115932451526 -0.0589572312034 
0.0781529548775 0.158553508936 0.105702339291 -0.0531471143372 
0.0789126006572 0.162092843786 0.108061895857 -0.0499336091186 
0.0836745872359 0.154342534951 0.102895023301 -0.0465098107415 
0.0962152272131 0.162933442615 0.108622295076 -0.0476369378007 
0.116015279308 0.178214026647 0.118809351098 -0.0554004016467 
0.140290420699 0.171571911182 0.114381274121 -0.056093542678 
0.183585199166 0.174620829224 0.116413886149 -0.0748300323987 
0.23250841559 0.16545548252 0.110303655013 -0.0723230858245 
0.309995422861 0.214291236228 0.142860824152 0.0322091804465 
0.417896420794 0.206729420201 0.137819613467 0.0643029073049 
0.545324902657 0.235497864521 0.156998576347 0.0577029509544 
0.661677825759 0.202012153552 0.134674769035 0.0640553697824 
0.80151116277 0.160466715037 0.106977810025 0.073180707302 
0.928255380716 0.117018790512 0.0780125270083 0.0776427126139 
1.02439308788 7.8926472778e-18 5.26176485187e-18 0.0860646048907 
1.14617819496 2.02844999917e-22 1.35229999945e-22 0.0708329488576 
1.23461820665 2.65316899467e-22 1.76877932978e-22 0.0636991845961 
1.31287584607 4.87421510893e-22 3.24947673929e-22 0.0571424442117 
1.37277048617 -4.13591457136e-22 -2.75727638091e-22 0.0536711609429 
1.41898119693 2.12046748677e-23 1.41364499118e-23 0.0504363434085 
1.44805579481 1.70689921676e-21 1.13793281117e-21 0.047949642714 
1.47570101388 -1.1258436806e-23 -7.50562453736e-24 0.0456076760081 
1.49270511097 2.39794533003e-22 1.59863022002e-22 0.0459421490644 
1.50219987559 1.87478366658e-22 1.24985577772e-22 0.0499167823475 
1.50709594154 -5.91152897862e-22 -3.94101931908e-22 0.0472817819783 
1.50729448312 9.74806576609e-22 6.49871051073e-22 0.0477056171689 
1.50803954803 -3.47961926781e-22 -2.31974617854e-22 0.0483151001843 
1.50821726593 2.033127032e-21 1.35541802134e-21 0.0476174831942 
1.50786530529 -1.18551913967e-21 -7.90346093114e-22 0.0469822347874 
1.50504961441 3.89815126863e-22 2.59876751242e-22 0.0445978297296 
1.50243178827 7.10115317904e-22 4.73410211936e-22 0.0439710996574 
1.49626402242 -4.71098103686e-22 -3.14065402457e-22 0.0464580927369 
1.49607801141 2.34875130745e-22 1.56583420497e-22 0.047592967958 
1.49590806191 -4.22039978269e-23 -2.81359985512e-23 0.0494469354332 
1.4953136444 1.47563032109e-21 9.83753547392e-22 0.0487726991183 
1.49321161034 -1.17955927699e-23 -7.86372851325e-24 0.0505889820198 
1.48754984885 1.4859160166e-21 9.90610677732e-22 0.0528737416262 
1.48172835904 -4.54838758463e-23 -3.03225838976e-23 0.0530553685175 
1.48394868358 1.41741104638e-21 9.44940697587e-22 0.0513203776552 
1.47931267416 -3.43015634212e-22 -2.28677089474e-22 0.0516928214937 
1.47419137907 1.92657882342e-21 1.28438588228e-21 0.0506538160441 
1.47932114155 1.14148488266e-21 7.60989921773e-22 0.0499161848127 
1.47932114155 1.14148488266e-21 7.60989921773e-22 0.0499161848127 
1.48212379701 1.69003856586e-21 1.12669237724e-21 0.0491161707086 
1.47854860298 -4.07864085522e-24 -2.71909390348e-24 0.0533450724562 
1.48133897606 -7.35991755928e-22 -4.90661170618e-22 0.0537609979352 
1.48183643525 -1.65559394005e-21 -1.10372929336e-21 0.0531561140832 
1.47253900851 9.61643675045e-22 6.41095783363e-22 0.0564576651094 
1.45575021198 1.5879219208e-22 1.05861461387e-22 0.0623232073075 
1.44116331226 -7.22342915e-22 -4.81561943333e-22 0.0646940196577 
1.41815545554 -5.22799080205e-22 -3.48532720137e-22 0.0686679188595 
1.38262420793 -1.09913003221e-21 -7.32753354808e-22 0.0723711308812 
1.34145802267 -1.04634352276e-21 -6.97562348504e-22 0.0736216174112 
1.28016229369 2.49419207631e-19 1.66279471754e-19 0.0768358095922 
1.18136347187 3.92450490056e-18 2.61633660037e-18 0.0839295090736 
1.0862861652 -1.63524609657e-17 -1.09016406438e-17 0.0891799319679 
0.98305612439 0.0328652533218 0.0219101688812 0.100004462042 
0.884674425518 0.134084996936 0.0893899979572 0.108210704714 
0.767154771626 0.182597450992 0.121731633994 0.13331019333 
0.654061457313 0.229965916875 0.15331061125 0.14665028922 
0.534621645377 0.284853522405 0.18990234827 0.167895947589 
0.435255686452 0.334850117743 0.223233411829 0.18883034367 
0.361211153266 0.375602727994 0.250401818662 0.20462614693 
0.308500600218 0.402469456401 0.268312970934 0.213583335331 
0.269333126774 0.416150598384 0.277433732256 0.218951939528 
0.249198301668 0.416168211341 0.277445474228 0.215862959327 
0.229552297922 0.430120300742 0.286746867161 0.223906706428 
0.219410609469 0.428346827982 0.285564551988 0.222392652277 
0.205627963102 0.439735908584 0.293157272389 0.229778896197 
0.200994682822 0.437367086092 0.291578057395 0.229290126703 
0.197484509662 0.434426368668 0.289617579112 0.228667680686 
0.195481948646 0.43179445188 0.28786296792 0.228603549641 
0.193329955973 0.431439095039 0.287626063359 0.228726239979 
0.191112901951 0.432007931431 0.288005287621 0.229419289361 
0.196380503378 0.424624700274 0.283083133516 0.229133773119 
0.200464693768 0.417985574485 0.278657049657 0.228453443553 
0.192886012267 0.434121925594 0.289414617063 0.234480637315 
0.192886012267 0.434121925594 0.289414617063 0.234480637315 
0.197186039919 0.43397541058 0.289316940387 0.235315885139 
0.201202406681 0.435593832973 0.290395888649 0.236558662173 
0.208456222814 0.436977726968 0.291318484645 0.237826868308 
0.212084215532 0.437199337209 0.291466224806 0.237846716971 
0.222574220506 0.464722888963 0.309815259309 0.189877228033 
0.219240078387 0.472155666684 0.314770444456 0.189795849325 
0.201947370188 0.485531650125 0.32368776675 0.187673872741 
0.204704741459 0.53617893691 0.357452624607 0.117667244327 
