0.0 0.0 0.0 0.0 
8.98334643493e-21 0.309784983993 0.206523322662 0.226810293953 
2.88954631002e-21 0.329975776739 0.219983851159 0.227324236729 
-5.92808851445e-22 0.36745495972 0.244969973147 0.244508948301 
1.41428363589e-20 0.392634100627 0.261756067084 0.310391098042 
-1.07687455305e-20 0.421562411592 0.281041607728 0.383557755906 
1.99326551529e-21 0.435199441817 0.290132961211 0.413137281857 
1.15770282251e-20 0.441319751528 0.294213167685 0.448174794292 
3.91501238747e-21 0.445715942208 0.297143961472 0.465868572299 
7.27675765301e-21 0.45162731804 0.301084878694 0.467203413148 
6.19538338202e-21 0.45118811695 0.300792077966 0.435090700763 
1.74991768647e-21 0.455734122203 0.303822748135 0.43583410061 
1.06672169053e-20 0.455494665706 0.30366311047 0.407639202559 
1.06672169053e-20 0.455494665706 0.30366311047 0.407639202559 
2.30523560676e-21 0.446847953437 0.297898635625 0.403731325735 
7.19050817949e-21 0.437025909301 0.291350606201 0.362652974631 
1.14958845732e-20 0.426410748065 0.284273832044 0.324549073578 
8.79769838047e-21 0.420774996318 0.280516664212 0.322759355769 
8.79769838047e-21 0.420774996318 0.280516664212 0.322759355769 
8.79769838047e-21 0.420774996318 0.280516664212 0.322759355769 
-9.4844879744e-22 0.413930480087 0.275953653391 0.293258806888 
-9.4844879744e-22 0.413930480087 0.275953653391 0.293258806888 
-1.36596597382e-20 0.42687149482 0.284580996546 0.297839435062 
7.48372473848e-21 0.439202355507 0.292801570338 0.299361691462 
1.12083362663e-20 0.449405005152 0.299603336768 0.301122633706 
2.14295510461e-21 0.457086044684 0.30472402979 0.303712316448 
-3.00228292314e-21 0.463437854238 0.308958569492 0.353089950138 
1.62888943804e-21 0.455734785712 0.303823190475 0.351260462728 
0.0125373139529 0.434012320008 0.289341546672 0.342241435512 
0.0230151614463 0.42588814722 0.28392543148 0.361645719908 
0.0377430332517 0.415717416023 0.277144944016 0.386006866319 
0.0595168578895 0.405660409963 0.270440273309 0.43090218388 
0.107517660468 0.369243397959 0.246162265306 0.463242166392 
0.148576753362 0.331995982952 0.221330655302 0.523598775598 
0.172071161235 0.311947809483 0.207965206322 0.523598775598 
0.201694063392 0.280103760965 0.186735840643 0.523598775598 
0.218428819094 0.264728077456 0.176485384971 0.523598775598 
0.239865654393 0.240453840763 0.160302560509 0.523598775598 
0.263795402627 0.21040733902 0.140271559347 0.523598775598 
0.281563051946 0.193006808153 0.128671205435 0.523598775598 
0.321614770485 0.153953001121 0.102635334081 0.523598775598 
0.34853010926 0.130165494078 0.0867769960518 0.523598775598 
0.410804068496 0.106769055407 0.0711793702715 0.523598775598 
0.461704253008 0.0934563139055 0.0623042092703 0.523598775598 
0.474841984508 0.0970712375113 0.0647141583408 0.523598775598 
0.489714626001 0.100542570298 0.0670283801985 0.523598775598 
0.511372320577 0.102638902545 0.06842593503 0.523598775598 
0.531431313084 0.112714333884 0.0751428892562 0.523598775598 
0.550656065884 0.127533876718 0.0850225844789 0.523598775598 
0.537946940152 0.204080589721 0.136053726481 0.523598231462 
0.955147923673 0.813738160648 0.542492107099 0.118472654949 
0.952778956355 0.825751075672 0.550500717115 0.132249885349 
0.950148755061 0.840827179117 0.560551452744 0.136307197735 
0.947891305071 0.852691751386 0.568461167591 0.150275694473 
0.946230275913 0.862190550252 0.574793700168 0.16050941905 
0.944826770997 0.875726599138 0.583817732758 0.16860271655 
0.941284205414 0.903449338098 0.602299558732 0.165390206643 
0.936176715708 0.940169939078 0.626779959386 0.169068211361 
0.881998855858 0.979582160212 0.653054773475 0.168519895914 
0.841783546814 1.02153538337 0.681023588913 0.164928725976 
0.839132391565 1.05467560721 0.703117071474 0.163403567743 
0.728299754552 1.12435957321 0.749573048805 0.143618438416 
0.635576425829 1.18860203243 0.792401354951 0.124020760276 
0.5184732743 1.25459298695 0.836395324636 0.0911025990994 
0.403474282325 1.31480404945 0.876536032964 0.0507074813307 
0.263455719859 1.37990944618 0.919939630785 -0.00181826377219 
0.143948081282 1.43064108291 0.953760721938 -0.0493128740439 
0.065771406267 1.47006072901 0.980040486009 -0.0920777202557 
-8.28871802337e-17 1.53799590304 1.02533060203 -0.167580476379 
1.62183599806e-21 1.56986782518 1.04657855012 -0.192326104903 
-2.11184253433e-22 1.59493751447 1.06329167631 -0.20776269052 
3.12729022829e-21 1.61694420452 1.07796280301 -0.210066738412 
2.53724391004e-22 1.6355968301 1.09039788673 -0.220319840539 
5.21723040363e-22 1.64586601382 1.09724400921 -0.232445753855 
2.92462464267e-18 1.67948670132 1.11965780088 -0.236107032327 
1.91382321692e-18 1.69133695898 1.12755797265 -0.237584716309 
0.000532017838501 1.70162032912 1.13441355274 -0.238834168968 
0.000774734454036 1.70613532408 1.13742354939 -0.239546594945 
0.000938769948336 1.70840475837 1.13893650558 -0.24007470889 
0.00129289235413 1.71152723119 1.14101815413 -0.240722442083 
0.00155319418656 1.71268443581 1.14178962387 -0.241182798922 
0.00188382156696 1.71406879998 1.14271253332 -0.241617166599 
0.00201570545155 1.71337793771 1.14225195847 -0.241737021571 
0.00187431794558 1.71113179849 1.14075453233 -0.241480272175 
0.00155718720961 1.70879719635 1.1391981309 -0.240865062694 
8.73503333359e-21 1.70320773384 1.13547182256 -0.229677869033 
-1.4061400479e-22 1.68059530101 1.12039686734 -0.227098972429 
-1.69951430548e-22 1.66990516397 1.11327010931 -0.213671091891 
-2.8657312523e-22 1.6512232139 1.10081547594 -0.21162486386 
2.17519786619e-21 1.62856116907 1.08570744605 -0.196889362565 
-2.81344657908e-21 1.58803231015 1.05868820677 -0.182643575359 
-1.30132801215e-21 1.54210893927 1.02807262618 -0.162322007192 
-6.75974983707e-22 1.48026384407 0.986842562713 -0.138175346392 
0.083073760783 1.42753503112 0.951690020746 -0.0972283371232 
0.265542007018 1.34882518702 0.899216791345 -0.0428377240075 
0.432698123281 1.2643633385 0.842908892335 0.00435264619357 
0.598678233248 1.16749787381 0.778331915873 0.0381637818341 
0.776514558044 1.04584390037 0.697229266912 0.0620710502415 
0.869719283236 0.967509717725 0.645006478483 0.0624294270272 
0.95323411308 0.889495806901 0.592997204601 0.0543669397077 
0.962451847727 0.841557326585 0.561038217723 0.0456056104766 
1.01389948847 0.804824056686 0.536549371124 0.0432191635346 
1.0214352429 0.77558556047 0.517057040314 0.0395935203517 
1.02496503143 0.757733061293 0.505155374196 0.0413911028374 
1.03657601335 0.71807066986 0.478713779907 0.0366793048958 
1.00887846021 0.69998464601 0.466656430673 0.0398536808037 
0.981847786531 0.677230021471 0.451486680981 0.0461431911328 
0.927049039268 0.659068702735 0.439379135157 0.052781242754 
0.91488640948 0.674339890642 0.449559927095 0.0560005433482 
0.833881748025 0.66317749548 0.44211833032 0.061204375579 
0.76853910258 0.655242427858 0.436828285239 0.0617418106698 
0.705471906166 0.63611790578 0.424078603853 0.0583067408438 
0.625301750222 0.611947217374 0.407964811582 0.0525852294416 
0.553833469656 0.603197843641 0.402131895761 0.0530143984064 
0.489739945976 0.57021534807 0.38014356538 0.0545256212455 
0.429579299202 0.535831761921 0.357221174614 0.0525122058209 
0.384520045387 0.504869949506 0.336579966337 0.0381356900033 
0.270236705338 0.453255134869 0.302170089913 0.0623750928079 
0.242872667318 0.443070044547 0.295380029698 0.0468803312896 
0.200188999798 0.35467394114 0.236449294093 0.106138375581 
0.182218073376 0.327069847516 0.21804656501 0.0919392704417 
0.158952871146 0.330175084075 0.220116722716 0.0916365281491 
0.153269933449 0.298148320567 0.198765547045 0.0847489509933 
0.149862208792 0.298137180803 0.198758120536 0.0845004906654 
0.148191064102 0.298274275203 0.198849516802 0.0846609192109 
0.148191064102 0.298274275203 0.198849516802 0.0846609192109 
0.143404920269 0.324272810754 0.216181873836 0.0946030031695 
0.143272435 0.303414489842 0.202276326562 0.0946554085 
0.139757901226 0.304385343079 0.202923562053 0.095281331413 
0.139757901226 0.304385343079 0.202923562053 0.095281331413 
0.138332699651 0.316450273551 0.210966849034 0.102657526808 
0.136726563704 0.307121795674 0.204747863782 0.103045805441 
0.140131588568 0.305945097979 0.203963398652 0.102773043512 
0.135958517482 0.307187324736 0.204791549824 0.103586568337 
0.138357804953 0.308020010245 0.205346673496 0.10419976225 
0.132598873696 0.309807864179 0.206538576119 0.104484686425 
0.136291483288 0.308955151108 0.205970100739 0.104384743461 
0.136291483288 0.308955151108 0.205970100739 0.104384743461 
0.130713756514 0.310405532038 0.206937021358 0.104938986831 
0.132422842764 0.310063661192 0.206709107461 0.105358883884 
0.124233320799 0.302706562268 0.201804374845 0.144353958943 
0.1174548932 0.290182706603 0.193455137735 0.14649075975 
0.111649242751 0.28994583282 0.19329722188 0.147300304651 
0.109764621258 0.300424669536 0.200283113024 0.176268348999 
0.113198550429 0.273882102854 0.182588068569 0.169418514967 
0.118100381281 0.264456760974 0.176304507316 0.135146891736 
0.125846053726 0.294520042828 0.196346695219 0.14183816754 
0.15122482529 0.291566648662 0.194377765775 0.202553620929 
0.185245638797 0.258120602943 0.172080401962 0.193499711923 
0.218570134693 0.22035028407 0.14690018938 0.185935278903 
0.28510511909 0.185712130842 0.123808087228 0.174605992452 
0.343558626888 0.164601978264 0.109734652176 0.167751342627 
0.443654018178 0.1453059954 0.0968706636001 0.158399344836 
0.693015346997 0.37702117844 0.251347452294 0.040013584634 
0.790457311329 0.326485802979 0.217657201986 0.060481097836 
0.903350854085 0.267783678451 0.178522452301 0.0662390818609 
0.973471372938 0.228114198422 0.152076132281 0.0723209294325 
1.0027697884 1.93842762152e-16 1.29228508101e-16 0.102192984215 
1.08687174596 -4.4662172898e-22 -2.9774781932e-22 0.102646514236 
1.15527640359 4.3444483869e-22 2.8962989246e-22 0.0923881573917 
1.21485309144 3.74102288878e-22 2.49401525918e-22 0.0849852985763 
1.26542287292 8.04705123451e-22 5.36470082301e-22 0.0799415508621 
1.31030696455 -1.37689038409e-21 -9.1792692273e-22 0.0743128970189 
1.35225302381 1.7166358744e-22 1.14442391626e-22 0.0742289056125 
1.36364231984 5.31946531542e-22 3.54631021028e-22 0.0747249829269 
1.39293650193 5.04289047494e-22 3.36192698329e-22 0.0691028231599 
1.41073047916 -1.81701199702e-23 -1.21134133134e-23 0.0666090570872 
1.42298110171 -4.76485598022e-22 -3.17657065348e-22 0.065655121616 
1.41999496802 -2.04666232698e-21 -1.36444155132e-21 0.0677324744668 
1.42311876892 2.13196590343e-22 1.42131060229e-22 0.0650670334502 
1.41242980209 -8.18804337778e-22 -5.45869558519e-22 0.0661447259893 
1.41199360896 -2.6177130235e-22 -1.74514201567e-22 0.0675499765473 
1.39785540654 -9.00649609151e-22 -6.00433072768e-22 0.0685106856567 
1.40041671733 -8.6934049149e-24 -5.7956032766e-24 0.0656612012653 
1.40493438929 1.76195030146e-21 1.17463353431e-21 0.0654565176951 
1.39372269883 5.77315072858e-22 3.84876715239e-22 0.0707731171362 
1.38781337223 4.15582865523e-22 2.77055243682e-22 0.0730531039731 
1.38457046923 -9.00099400886e-22 -6.00066267257e-22 0.0701961740186 
1.366176431 -2.81428061738e-22 -1.87618707825e-22 0.0755456631051 
1.34825228861 3.11310057735e-22 2.0754003849e-22 0.0747355638863 
1.30867477889 4.7596616955e-23 3.173107797e-23 0.0783328858359 
1.24372095557 -7.05050385084e-18 -4.70033590056e-18 0.0783177779428 
1.15867578462 -9.84412726262e-18 -6.56275150841e-18 0.0891139462245 
1.11042366153 6.83741417657e-18 4.55827611771e-18 0.10247360991 
1.0693914265 0.0103072523133 0.00687150154219 0.113384197442 
1.02049840991 0.0254333378948 0.0169555585965 0.118462355876 
0.967057383425 0.0487531445944 0.0325020963963 0.131479331773 
0.893426395131 0.0830983852172 0.0553989234781 0.140500076891 
0.864586311612 0.26813892174 0.17875928116 0.0984572574709 
0.789143228906 0.307137240218 0.204758160145 0.0807208590621 
0.690550919675 0.353662650894 0.235775100596 0.0658534246478 
0.553535503419 0.296233987357 0.197489324905 0.069935189091 
0.423205904212 0.264163739541 0.176109159694 0.0743939077684 
0.307731078147 0.217814867584 0.145209911722 0.0105066254451 
0.264718362156 0.170491666332 0.113661110888 -0.27449772297 
0.150715657402 0.210431180675 0.140287453783 -0.148737862609 
0.0899097478311 0.162169971575 0.108113314383 -0.0885372823216 
0.0415318273891 0.170005212031 0.113336808021 -0.0816840075131 
0.00754065494083 0.144810629503 0.0965404196686 -0.0641292570328 
4.41992917931e-18 0.112773619707 0.0751824131377 -0.0506440779957 
1.41641647045e-21 0.115542852208 0.077028568139 -0.046798708133 
1.41641647045e-21 0.115542852208 0.077028568139 -0.046798708133 
2.93385543685e-22 0.119929408443 0.0799529389623 -0.0416044307454 
2.93385543685e-22 0.119929408443 0.0799529389623 -0.0416044307454 
2.93385543685e-22 0.119929408443 0.0799529389623 -0.0416044307454 
2.72114635541e-21 0.118999002444 0.0793326682957 -0.0466459558645 
2.72114635541e-21 0.118999002444 0.0793326682957 -0.0466459558645 
1.61473076007e-22 0.137718352163 0.0918122347755 -0.0525147886362 
-3.96778965398e-19 0.105812573662 0.0705417157744 -0.0453653925183 
1.05987241795e-19 0.0843003790887 0.0562002527258 -0.046468937708 
-6.22736865407e-22 0.0961525688797 0.0641017125865 -0.0450167374152 
1.00927349534e-22 0.136852132947 0.0912347552979 -0.055065082148 
0.00540355675675 0.101377594176 0.0675850627842 -0.0464926565913 
0.00741154014795 0.10064734467 0.0670982297803 -0.0460617892376 
0.0101862429181 0.100242516051 0.0668283440342 -0.0471346725605 
0.0119267809141 0.117875109261 0.0785834061741 -0.0536065608718 
0.0193074922551 0.116664147436 0.0777760982905 -0.0542399065056 
0.0209875704695 0.116037697911 0.077358465274 -0.0491901408786 
0.0187580218132 0.117843630373 0.0785624202489 -0.0461116337262 
0.0203505356479 0.118090140447 0.0787267602978 -0.0440983521177 
0.0162914685021 0.119435148745 0.0796234324968 -0.0426005222251 
0.018128439172 0.11972718329 0.079818122193 -0.0361658314341 
0.0185881128775 0.121300673778 0.080867115852 -0.0302973184349 
0.0196314558836 0.127076589095 0.0847177260637 -0.0348382148272 
0.0249038269264 0.126087834694 0.0840585564627 -0.0265165501122 
0.0336794427174 0.161294464407 0.107529642938 -0.0409679886788 
0.0578662255498 0.159426781983 0.106284521322 -0.0605654343819 
0.101570814905 0.151293261862 0.100862174575 -0.060556383555 
0.119417199157 0.151402895983 0.100935263989 -0.0474531995529 
0.12831830145 0.1481879499 0.0987919666 -0.0247236655784 
0.139046367229 0.165912727229 0.11060848482 -0.0224846403451 
0.15397363252 0.163554025528 0.109036017019 -0.0212737235195 
0.191352228652 0.128408895269 0.0856059301792 -0.0183673895461 
0.226548663467 0.121061594429 0.0807077296192 -0.0174715751381 
0.288885527532 0.145147185126 0.0967647900837 -0.0247937960181 
0.367523469013 0.165361428505 0.110240952337 0.0939706595352 
0.469215858273 0.164686786492 0.109791190995 0.129174626046 
0.58399161749 0.146783406867 0.097855604578 0.139263997849 
0.687158648897 0.107057159455 0.0713714396369 0.12748720258 
0.768943614498 0.0818216299812 0.0545477533208 0.131210602715 
0.847706462643 0.0406483399008 0.0270988932672 0.118728422294 
0.939260627401 0.0 0.0 0.124761630504 
1.13152292871 4.00460668916e-22 2.66973779277e-22 0.104813851319 
1.22279517205 -7.95873617893e-22 -5.30582411929e-22 0.105147641785 
1.30502856516 -1.36547846613e-21 -9.1031897742e-22 0.103763227579 
1.39067292101 1.56028628941e-22 1.04019085961e-22 0.101269445861 
1.44409505448 1.26056610639e-21 8.40377404262e-22 0.0987049580131 
1.49663794463 1.88693719607e-21 1.25795813071e-21 0.088106316522 
1.52171356593 5.92404021592e-22 3.94936014394e-22 0.0842531649121 
1.55301777785 -4.96892057164e-22 -3.31261371443e-22 0.0758092085355 
1.57079632679 1.24773139994e-21 8.31820933292e-22 0.0660949391222 
1.57079632679 3.02315330176e-22 2.01543553451e-22 0.0610986016574 
1.57079632679 -2.72387008214e-21 -1.81591338809e-21 0.0563690852445 
1.57079632679 1.59912954764e-21 1.06608636509e-21 0.0509073072491 
1.57079632679 -1.84703384896e-21 -1.23135589931e-21 0.0494588187645 
1.57079632679 -2.24617359651e-21 -1.49744906434e-21 0.0527120241644 
1.57079632679 8.28508330881e-22 5.52338887254e-22 0.0609659087647 
1.57079632679 -5.29101041128e-22 -3.52734027419e-22 0.0541141865638 
1.57079632679 4.7874438927e-21 3.1916292618e-21 0.0561457480507 
1.57079632679 -2.3093072945e-22 -1.53953819633e-22 0.0589952523866 
1.57079632679 -3.4435731429e-22 -2.2957154286e-22 0.0551859750755 
1.57079632679 2.38156222574e-21 1.58770815049e-21 0.0581161710391 
1.57079632679 -1.75377138947e-21 -1.16918092631e-21 0.0620582621258 
1.57079632679 -1.75377138947e-21 -1.16918092631e-21 0.0620582621258 
1.57079632679 -1.25118079743e-21 -8.34120531619e-22 0.063733691222 
1.57079632679 -9.03801755602e-22 -6.02534503735e-22 0.061556268237 
1.57079632679 5.71889333437e-22 3.81259555625e-22 0.0631018737521 
1.57079632679 -7.41310269677e-22 -4.94206846451e-22 0.0688411788765 
1.57079632679 -7.41310269677e-22 -4.94206846451e-22 0.0688411788765 
1.57079632679 1.93074025221e-21 1.28716016814e-21 0.0724906629542 
1.57079632679 -8.5285040108e-22 -5.68566934053e-22 0.0696091101923 
1.57079632679 8.46347167181e-22 5.64231444788e-22 0.0722790953584 
1.57079632679 -4.12206884207e-22 -2.74804589471e-22 0.0699272239021 
1.57079632679 -1.31440198849e-21 -8.76267992328e-22 0.072069200802 
1.57079632679 -2.84596210959e-21 -1.89730807306e-21 0.0697736886533 
1.57079632679 3.04771128354e-22 2.03180752236e-22 0.077169885319 
1.57079632679 1.62910639007e-22 1.08607092671e-22 0.0844906584221 
1.57004046058 8.65291887483e-22 5.76861258322e-22 0.0918095722086 
1.54692252256 1.48594618977e-21 9.90630793178e-22 0.0997719400572 
1.50598416939 -9.69978900849e-24 -6.46652600566e-24 0.108010011093 
1.44766773567 -2.8943267964e-21 -1.9295511976e-21 0.11305589438 
1.35712465946 -3.74797640074e-22 -2.49865093383e-22 0.11584012122 
1.2574577332 1.27581540205e-18 8.50543601366e-19 0.128510394679 
1.12053379684 -1.88346593114e-17 -1.25564395409e-17 0.148626554595 
1.01209292803 0.0366143303448 0.0244095535632 0.152861993701 
0.925217934925 0.0665746687572 0.0443831125048 0.161933142621 
0.815793627838 0.110147059251 0.0734313728337 0.179672682953 
0.763707523974 0.13526953736 0.0901796915735 0.190237319742 
0.694540618959 0.279468424338 0.186312282892 0.150305295876 
0.570217852218 0.325330015043 0.216886676696 0.153518189896 
0.457948050432 0.3593360591 0.239557372733 0.15987408177 
0.348202855857 0.343012452418 0.228674968279 0.204508814207 
0.301897019229 0.345160396108 0.230106930739 0.201451245041 
0.279333651988 0.347538030949 0.231692020633 0.201364419115 
0.261908720752 0.333492844151 0.222328562767 0.182771705815 
0.251062337652 0.332103251894 0.221402167929 0.178342388457 
0.22665091477 0.341286503234 0.227524335489 0.118751782825 
0.193608424432 0.167936093449 0.111957395633 -0.298860250947 
0.174830224758 0.196986718878 0.131324479252 -0.298936689864 
0.120624164248 0.167750012545 0.111833341697 -0.177506606995 
0.0919564441236 0.189171816246 0.126114544164 -0.162492994076 
0.0840767493084 0.190497970366 0.126998646911 -0.163143184154 
0.0989391529147 0.187108553479 0.124739035653 -0.16290132667 
0.136534219193 0.208635897004 0.139090598003 -0.21708605265 
0.165798844827 0.220319811729 0.146879874486 -0.341177873602 
0.198139895651 0.199118169385 0.132745446256 -0.476777832216 
0.168729898347 0.208588667234 0.139059111489 -0.523598775598 
0.0726905534238 0.279522323624 0.186348215749 -0.523598775598 
0.00686304024259 0.341042215622 0.227361477081 -0.523598775598 
1.28753299077e-18 0.34702633867 0.231350892447 -0.523598775598 
8.75044820195e-21 0.318825701732 0.212550467821 -0.523598775598 
1.29850288196e-21 0.264238408782 0.176158939188 -0.523598775598 
2.27866408766e-21 0.195962522473 0.130641681649 -0.523598775598 
1.43577997379e-06 0.123237884666 0.0821585897773 -0.523598775598 
0.101460801106 1.6507899479e-18 1.10052663193e-18 -0.523598775598 
0.132404282611 2.46383254011e-21 1.64255502674e-21 -0.523598775598 
0.18223734409 -9.24299248907e-22 -6.16199499271e-22 -0.523598775598 
0.25765534724 9.24009611814e-21 6.16006407876e-21 -0.523598775598 
0.910924122474 0.332125918531 0.221417279021 0.180367023916 
0.980794801863 0.275940521346 0.183960347564 0.135989878589 
1.15370974616 0.419028788217 0.279352525478 0.0703454908433 
1.2610114246 0.504818044784 0.33654536319 0.0524759845367 
1.51422964429 0.645810799285 0.430540532857 0.0449836910547 
1.56963037837 0.689450871816 0.459633914544 0.0456429874725 
1.57079632679 0.735747617226 0.490498411484 0.0359078899537 
1.57079632679 0.771384890997 0.514256593998 0.0255073914749 
1.57079632679 0.770264967853 0.513509978568 0.0281232291706 
1.57079632679 0.773036134234 0.515357422823 0.0366586058684 
1.56774794752 0.773731579195 0.515821052797 0.0519765316709 
1.37933130952 0.735794601981 0.490529734654 0.047537991484 
1.23156736064 0.705237767407 0.470158511605 0.0739238843119 
1.05884221308 0.675265521679 0.450177014453 0.120777662516 
1.02212898588 0.659041631686 0.439361087791 0.139614636924 
0.979809032935 0.652014129456 0.434676086304 0.1470048863 
0.89573333955 0.673571181992 0.449047454661 0.160629504328 
0.742518036057 0.682829647852 0.455219765235 0.179032446668 
0.430759833968 0.669440609581 0.44629373972 0.271220124008 
0.360903398695 0.676488671891 0.450992447927 0.302717451206 
0.193814390982 0.641794330817 0.427862887211 0.445071683767 
0.062683173183 0.693221661462 0.462147774308 0.469729709958 
5.63036941462e-18 0.704226736472 0.469484490981 0.470784702442 
-3.13827900931e-21 0.659633781379 0.439755854253 0.451291247194 
2.26931433046e-21 0.598768198204 0.399178798803 0.426471583107 
-1.06853455691e-20 0.683552111141 0.455701407428 -0.0668300050597 
-8.65806433656e-18 0.504799664568 0.336533109712 0.211023762422 
0.0662086338989 0.411249853568 0.274166569045 0.302750156296 
0.223553836768 0.228183614534 0.152122409689 0.412924120648 
0.318943136024 0.104048108973 0.0693654059818 0.469134117768 
0.364510963931 0.0511353480048 0.0340902320032 0.438735396657 
0.40733380924 1.47171796189e-18 9.81145307924e-19 0.413049708805 
0.435820812921 1.2535310045e-21 8.35687336335e-22 0.410003082977 
0.518272978561 6.21691531721e-22 4.14461021147e-22 0.356579838867 
0.611226639744 -9.46637710197e-24 -6.31091806798e-24 0.269835527067 
0.680223639121 0.00337302177345 0.0022486811823 0.270332474711 
0.97551976708 0.518909837362 0.345939891574 0.0885228035034 
0.98428595089 0.509497701739 0.339665134493 0.114986410171 
0.98229367025 0.515121109157 0.343414072771 0.141684149423 
0.93448090744 0.490179517228 0.326786344819 0.17802762376 
0.934666690185 0.495952495483 0.330634996988 0.19713533281 
0.920808736287 0.515539257223 0.343692838149 0.213954951122 
0.870570352438 0.573040804661 0.382027203108 0.231684799542 
0.829847883556 0.618105225813 0.412070150542 0.234956871098 
0.636006178673 0.644751648574 0.429834432382 0.274404034476 
0.463294719734 0.668757750525 0.44583850035 0.30930734601 
0.285775066866 0.557633263383 0.371755508922 0.523598775598 
0.15646093829 0.605658500108 0.403772333405 0.523598775598 
0.0893770982361 0.640653427097 0.427102284731 0.447048681711 
0.0243362154094 0.632435839326 0.421623892884 0.366327206148 
0.0342670394432 0.550112023504 0.366741349003 0.328956345394 
0.0792927471988 0.45361552749 0.30241035166 0.292737138344 
0.173516591514 0.300376257396 0.200250838264 0.376220702307 
0.224546361385 0.229134788725 0.152756525817 0.421903465892 
0.241931363452 0.204868337426 0.136578891618 0.410762004181 
0.232007388881 0.220729214689 0.147152809793 0.423117810278 
0.217298593477 0.236736584809 0.157824389873 0.426855425504 
0.163213212993 0.305763441337 0.203842294225 0.373312801756 
0.107654361908 0.363656330667 0.242437553778 0.296888682174 
0.0400050594172 0.467051577767 0.311367718511 0.231325835155 
6.12346260756e-18 0.576721331993 0.384480887995 0.252522387623 
-1.72276574098e-21 0.797924078962 0.531949385975 0.115601723727 
-1.629733293e-21 0.858998785995 0.57266585733 0.186374744764 
-6.39805888874e-21 0.840751123922 0.560500749281 0.308779124874 
-1.22311528749e-21 0.77020574931 0.51347049954 0.523598775598 
0.0019663445208 0.80037049789 0.533580331926 0.523598775598 
0.0628011976332 0.781304027758 0.520869351838 0.523598775598 
0.144304374348 0.747418937014 0.498279291342 0.523598775598 
0.225131017107 0.696850097639 0.464566731759 0.523598775598 
0.321980939501 0.645936901358 0.430624600905 0.50549198408 
0.456639848651 0.578333055367 0.385555370245 0.47140092069 
0.546638051333 0.520188015354 0.346792010236 0.434943659956 
0.660709326804 0.53859948308 0.359066322054 0.341515680983 
0.680746575841 0.518014684375 0.345343122917 0.328555802124 
0.698040834264 0.484365368647 0.322910245765 0.294738276112 
0.693389347332 0.477676524867 0.318451016578 0.279407529633 
0.685133328356 0.4563500518 0.304233367866 0.239691083552 
0.670849214336 0.42851960833 0.285679738887 0.178642941663 
0.658764944633 0.407698954337 0.271799302891 0.121717431828 
0.661593564088 0.390873243527 0.260582162351 0.0836519952827 
0.670688843019 0.369480130005 0.24632008667 0.0386242231721 
0.655717928908 0.303473721441 0.202315814294 -0.00158477152375 
0.687137546986 0.287332003968 0.191554669312 -0.0234034329583 
0.696603750992 0.287278633367 0.191519088912 -0.0293305552622 
0.798084947321 0.397873046818 0.265248697879 -0.0230954919775 
1.04514746482 0.57303201843 0.38202134562 -0.00272315812578 
1.06441864432 0.548026245003 0.365350830002 0.0241939479267 
1.07954844767 0.530425852514 0.35361723501 0.0619119293067 
1.07691010042 0.535131812934 0.356754541956 0.088510037783 
1.05944727691 0.556770051254 0.371180034169 0.112184465666 
1.04204477692 0.57670814938 0.384472099587 0.127623804175 
0.950334672962 0.56181025293 0.37454016862 0.149169376172 
0.927422743629 0.590827423213 0.393884948808 0.152201037295 
0.826495978771 0.585145665866 0.390097110578 0.172508366291 
0.750263248868 0.612686193854 0.408457462569 0.190338073387 
0.62834294186 0.625015862525 0.416677241683 0.218159004758 
0.441824910339 0.627868553031 0.418579035354 0.288638134859 
0.307503594251 0.619337186709 0.412891457806 0.383506920255 
0.188279931394 0.603489693371 0.402326462248 0.523598775598 
0.0428847460338 0.690707524482 0.460471682988 0.462111870141 
0.0117142704284 0.686800062065 0.457866708043 0.456492894802 
-2.27354920704e-18 0.69796241483 0.465308276553 0.385489996083 
-3.41666684279e-21 0.689185338538 0.459456892359 0.381315007796 
3.79213334854e-21 0.683045194068 0.455363462712 0.37818215236 
1.62970211079e-21 0.678690436963 0.452460291309 0.37546626614 
1.62970211079e-21 0.678690436963 0.452460291309 0.37546626614 
-6.40699823797e-22 0.684438597183 0.456292398122 0.377732778033 
-1.72261948658e-21 0.661744751088 0.441163167392 0.368078248591 
0.0314834019026 0.635045555015 0.423363703343 0.358297209952 
0.0788511014252 0.602356917753 0.401571278502 0.345484326913 
0.118122169956 0.566087977931 0.377391985287 0.327124013109 
0.268553894364 0.769186830172 0.512791220115 0.0594067201986 
0.310578786547 0.84067449004 0.560449660026 0.0472617490958 
0.318972399884 0.87909164506 0.586061096707 0.053443010235 
0.327148321484 0.93173833971 0.62115889314 0.0643806949942 
0.316197235588 0.980907221172 0.653938147448 0.0699374775662 
0.302580019202 1.04670666115 0.697804440766 0.076919028672 
0.224739393612 1.12840379126 0.752269194171 0.0842444915505 
0.134231503929 1.20818323568 0.805455490456 0.0832220031954 
0.0551532343321 1.26578974534 0.843859830229 0.0765130756883 
-7.92102890839e-18 1.34316675888 0.895444505921 0.0644418878584 
-9.10610518439e-22 1.37911153045 0.919407686964 0.0546111286715 
-8.89135669323e-22 1.45438230393 0.969588202623 0.0299493628192 
-2.88927494312e-21 1.53424492025 1.02282994683 0.00427833768042 
-3.54688487331e-22 1.59278578564 1.06185719042 -0.0204231785417 
1.95817529341e-21 1.64993420913 1.09995613942 -0.0449855093498 
1.54119614144e-21 1.6871252042 1.12475013613 -0.066017854811 
3.67366043902e-19 1.73147877934 1.15431918623 -0.0838364621975 
-1.63590524258e-21 1.75256923922 1.16837949282 -0.0948787598859 
1.10524390351e-19 1.77490637176 1.1832709145 -0.108587368597 
0.000304683031181 1.8005159884 1.20034399227 -0.12001836041 
0.859861376857 1.70275175761 1.13516783841 -0.186865819276 
0.903594722997 1.7076396719 1.13842644793 -0.208080859727 
0.933031176086 1.711386255 1.14092417 -0.225337277329 
0.970048243787 1.71628729141 1.14419152761 -0.246191713325 
0.986421823792 1.72085300145 1.1472353343 -0.250736276644 
1.00403237313 1.72440584426 1.14960389617 -0.257296138217 
1.01769607385 1.72765796592 1.15177197728 -0.258994650388 
1.00405200971 1.7277579265 1.15183861767 -0.245264859445 
0.946148913687 1.72017985165 1.14678656777 -0.190189816565 
0.72396278011 1.68618569808 1.12412379872 -0.0167163022003 
-1.41272302982e-14 1.63620632898 1.09080421932 -0.0198959162795 
2.13812081584e-21 1.45774536208 0.971830241387 0.0361989950664 
0.187289468154 1.20081944979 0.800546299859 0.0740027491121 
0.304179386439 1.02769430664 0.685129537761 0.0563091706015 
0.30332330756 0.868668386538 0.579112257692 0.0380841706039 
0.273956349369 0.778079064104 0.518719376069 0.0315910336273 
0.22331629356 0.676773373414 0.451182248943 0.0419193469045 
0.173749754229 0.602164010085 0.40144267339 0.0728570988396 
0.107922560077 0.50111549755 0.334076998367 0.176206672484 
0.0528956785519 0.494625998895 0.32975066593 0.169438674268 
0.00879703086446 0.467976757288 0.311984504859 0.0685218073354 
4.6661327591e-19 0.465510342568 0.310340228378 0.0113644272839 
-8.25618881621e-21 0.487296977122 0.324864651415 0.0073645203762 
-9.72077068936e-21 0.463177045387 0.308784696925 0.00640080613953 
-9.72077068936e-21 0.463177045387 0.308784696925 0.00640080613953 
1.8067578569e-21 0.446047221047 0.297364814032 0.000796628652602 
1.8067578569e-21 0.446047221047 0.297364814032 0.000796628652602 
1.8067578569e-21 0.446047221047 0.297364814032 0.000796628652602 
1.8067578569e-21 0.446047221047 0.297364814032 0.000796628652602 
8.28202192154e-21 0.478272460718 0.318848307145 -0.00998844867521 
-2.0983465551e-21 0.495349993405 0.330233328937 -0.017942917686 
1.94040023306e-21 0.472600996213 0.315067330809 -0.0149963948392 
-1.06012100169e-21 0.507279860297 0.338186573532 -0.014186086473 
6.80418322415e-21 0.584908053204 0.389938702136 -0.0107538583732 
1.86149402944e-21 0.646989377443 0.431326251629 -0.043162682419 
-2.27460247483e-21 0.749246366118 0.499497577412 -0.0512225088279 
1.54075358829e-21 0.84599262887 0.563995085913 -0.0390793568914 
-9.34182190578e-22 0.897534482163 0.598356321442 -0.0291946919829 
3.33062713282e-22 0.954901685731 0.636601123821 -0.0121924148301 
0.00334635489805 1.0136141093 0.675742739535 0.00539946754773 
-5.50580643296e-21 1.10912862147 0.739419080983 0.023827400357 
1.46732299691e-21 1.2565939341 0.837729289401 0.0460210946227 
1.60880427922e-21 1.3577602506 0.905173500398 0.047433890362 
-1.00679392474e-21 1.43085683459 0.953904556392 0.0428686251306 
4.23261915471e-21 1.49360447059 0.995736313725 0.0320956366965 
1.99589661375e-21 1.55850322929 1.03900215286 0.0144442823168 
3.67381535664e-21 1.58966051026 1.05977367351 -0.00864751436545 
2.94540511501e-18 1.72148226321 1.14765484214 -0.0708154246615 
1.88320133998e-20 1.75023109297 1.16682072865 -0.102226257671 
-2.89628029921e-19 1.77176903725 1.18117935816 -0.123503004453 
0.00602931471346 1.78799449702 1.19199633135 -0.133587762442 
0.95569797706 1.67463089698 1.11642059799 -0.225640320453 
0.982123838181 1.67128474231 1.11418982821 -0.25772826014 
1.04578455216 1.67212530996 1.11475020664 -0.302640428277 
1.11272130391 1.68021929266 1.12014619511 -0.328353811725 
1.15066593035 1.68737403379 1.12491602253 -0.34551038933 
1.17884295844 1.69404454289 1.12936302859 -0.354406764158 
1.18970992345 1.69638082182 1.13092054788 -0.358713157353 
1.19861142173 1.6972836754 1.13152245026 -0.362634032071 
1.20354951855 1.69761119904 1.13174079936 -0.364869170342 
1.20861716982 1.69693762734 1.13129175156 -0.368170598474 
1.21266452009 1.69732086623 1.13154724416 -0.370034556344 
1.21603971784 1.69776991425 1.1318466095 -0.371842878131 
1.2189789398 1.69889522882 1.13259681922 -0.372619354732 
1.21912382597 1.6994156076 1.1329437384 -0.372750202569 
1.21919298277 1.69978113736 1.13318742491 -0.372790223849 
1.21900046287 1.69930544202 1.13287029468 -0.37261880201 
1.21643234825 1.70090064898 1.13393376598 -0.370034774035 
1.21509600152 1.70108607487 1.13405738325 -0.367400941809 
1.21479873431 1.70009957676 1.13339971784 -0.367065410133 
1.21162715662 1.70168453858 1.13445635905 -0.363146400894 
1.21146209632 1.70117622817 1.13411748545 -0.362917675233 
1.20838366365 1.70206511708 1.13471007805 -0.360393741512 
1.20623740846 1.70199292428 1.13466194952 -0.358916028041 
1.20228413389 1.70243355076 1.13495570051 -0.357239483689 
1.19503931463 1.70216401799 1.13477601199 -0.355297615863 
1.18015056742 1.70453655636 1.13635770424 -0.347361301592 
1.12167465374 1.70270417554 1.13513611702 -0.321282486003 
1.039112903 1.69366880083 1.12911253388 -0.274506531345 
0.915720545219 1.68444107656 1.1229607177 -0.191347981241 
0.791930011231 1.6763171762 1.11754478413 -0.0942498417709 
0.649810239042 1.66186277696 1.10790851798 0.00464398182392 
-3.05039395563e-15 1.65268636351 1.10179090901 -0.021981185313 
-3.50304442742e-21 1.57049722945 1.04699815297 0.0283755791657 
4.78592544972e-22 1.43833307021 0.958888713476 0.0933815845843 
0.142316099036 1.30418516894 0.869456779296 0.144448559222 
0.378325903353 1.14206993765 0.761379958435 0.163479574925 
0.48388088402 1.04661851025 0.697745673498 0.155405053726 
0.533885274727 0.968710093352 0.645806728901 0.138796246909 
0.543991487067 0.889207515532 0.592805010355 0.126900609048 
0.52770049423 0.839265825497 0.559510550332 0.123242281658 
0.490422595693 0.783821314797 0.522547543198 0.130817447379 
0.446347327326 0.738337670589 0.492225113726 0.162464787407 
0.377351345719 0.679331288738 0.452887525826 0.211680742768 
0.32821922742 0.635104667324 0.423403111549 0.248084402744 
0.25373684438 0.588182135472 0.392121423648 0.330081409061 
0.219188435948 0.581158979007 0.387439319338 0.322934028352 
0.174778665678 0.585150912458 0.390100608305 0.326237727921 
0.15152886381 0.554742503896 0.369828335931 0.391405631823 
0.134937171564 0.564676594544 0.376451063029 0.395228770744 
0.12249143684 0.579728352567 0.386485568378 0.401241759184 
0.117268160747 0.574535415556 0.383023610371 0.397338716516 
0.100739392202 0.591625211371 0.394416807581 0.403681622691 
0.101921452345 0.594741773316 0.396494515544 0.40363273138 
0.103239172168 0.589352811716 0.392901874478 0.397258009691 
0.0979628549221 0.600420639219 0.400280426146 0.401089909812 
0.0954884847738 0.598880073994 0.399253382663 0.39966252156 
0.091485196449 0.597149228222 0.398099485482 0.397656121927 
0.0786431071801 0.629107645384 0.419405096922 0.365994070518 
0.0661088114926 0.653172118475 0.435448078983 0.377832866915 
0.0578917999627 0.672239238498 0.448159492332 0.384508451301 
0.0989307895891 0.825187603442 0.550125068961 0.166252865101 
0.12358185886 0.901094516599 0.600729677732 0.134037975997 
0.132674919369 0.968129586505 0.645419724337 0.121170113088 
0.11241993679 1.06900258587 0.71266839058 0.123987348888 
0.100817117569 1.13511441198 0.756742941318 0.123747155856 
0.024725560593 1.23578161027 0.823854406846 0.127465813266 
2.70165560107e-18 1.35934350612 0.90622900408 0.110839724215 
-1.78685730714e-21 1.46422983666 0.976153224439 0.0806377755262 
-8.92384850557e-21 1.58908336285 1.05938890857 0.0307552591419 
-2.02173822966e-22 1.64257702591 1.09505135061 -0.00347739132235 
6.81364961996e-21 1.71279863304 1.14186575536 -0.0477128395827 
-1.0084114674e-19 1.74880438731 1.16586959154 -0.0853258384033 
0.885430816903 1.69155047253 1.12770031502 -0.194357472891 
0.97178303995 1.69161818139 1.12774545426 -0.237881739459 
1.04147024679 1.69227385182 1.12818256788 -0.265850831916 
1.09882728536 1.69440243342 1.12960162228 -0.287517364438 
1.11524368252 1.69444216364 1.12962810909 -0.297802827696 
1.13954777428 1.69603183896 1.13068789264 -0.306174801396 
1.15234678405 1.69713750557 1.13142500372 -0.311317905824 
1.15972501301 1.69749043146 1.13166028764 -0.311689856401 
1.15986654897 1.69813884979 1.13209256653 -0.311755748971 
1.15986654897 1.69813884979 1.13209256653 -0.311755748971 
1.15401993596 1.69888601132 1.13259067421 -0.306615615374 
1.14974419352 1.69951729246 1.1330115283 -0.303292326983 
1.1365534666 1.70077271617 1.13384847745 -0.295677809853 
1.09136368483 1.69989264711 1.13326176474 -0.275486929768 
1.02871343059 1.69623761487 1.13082507658 -0.22316201989 
0.878179464213 1.68124093389 1.12082728926 -0.111969501225 
0.660683085395 1.65431158986 1.10287439324 0.0413854929483 
8.6689504859e-16 1.62768903612 1.08512602408 0.00626721788825 
5.51198276545e-21 1.53182717146 1.02121811431 0.0685456032539 
0.0891843224822 1.33029765705 0.886865104698 0.166652937815 
0.192541005174 1.25938012808 0.839586752051 0.189422065432 
0.384077092643 1.11532487209 0.743549914728 0.184909008744 
0.510033265024 0.991757195798 0.661171463865 0.156705843195 
0.519955399976 0.91115721038 0.607438140254 0.138727028446 
0.53023371714 0.839019775505 0.559346517003 0.117292935279 
0.440801301338 0.741197860537 0.494131907025 0.112651425951 
0.302771887479 0.641043832205 0.427362554803 0.135546425644 
0.252004503879 0.576584089446 0.384389392964 0.160344888478 
0.185643641169 0.477644582864 0.318429721909 0.241781565015 
0.160308581884 0.465251543968 0.310167695979 0.232930094962 
0.143275266966 0.465465198655 0.310310132437 0.232136882684 
0.131551207282 0.482963352898 0.321975568599 0.237860949248 
0.123384360043 0.49169019136 0.327793460907 0.24132543346 
0.120208308195 0.477776741347 0.318517827564 0.231814873233 
0.120208308195 0.477776741347 0.318517827564 0.231814873233 
0.117068871793 0.461488126296 0.307658750864 0.220769938803 
0.113350952004 0.450703116854 0.300468744569 0.165024669154 
0.107689166282 0.426223642995 0.28414909533 0.120064045502 
0.0979495872159 0.427362177505 0.284908118336 0.119945428469 
0.0956806384184 0.428692205666 0.285794803778 0.120305622061 
0.0990843041702 0.449555865057 0.299703910038 0.126972691224 
0.0942905019806 0.507186328178 0.338124218785 0.150471731453 
0.0854432628267 0.543008650278 0.362005766852 0.289449745488 
0.09607870437 0.572093316106 0.381395544071 0.303648809611 
0.106985740857 0.607898089275 0.40526539285 0.325878946849 
0.114728163141 0.608585690027 0.405723793351 0.438635413296 
0.136416921881 0.638808354017 0.425872236011 0.458765913666 
0.17601052498 0.632435940568 0.421623960378 0.523598775598 
0.222812695948 0.636728766888 0.424485844592 0.523598775598 
0.301724338128 0.602065636715 0.401377091143 0.523598775598 
0.329829732145 0.594680894421 0.396453929614 0.523598775598 
0.367673273675 0.565827878292 0.377218585528 0.523598775598 
0.426005029781 0.522795912909 0.348530608606 0.523598775598 
0.472391481912 0.49727583418 0.331517222786 0.513084259629 
0.519914164923 0.468070485396 0.312046990264 0.500751055466 
0.554290010672 0.437634481452 0.291756320968 0.485079926693 
0.570035312736 0.416441598366 0.277627732244 0.474155813494 
0.562529589164 0.402740756727 0.268493837818 0.463028536655 
0.572968699839 0.371648903275 0.247765935516 0.439868988043 
0.587966179225 0.321590816559 0.214393877706 0.399192458427 
0.635117044988 0.240124473328 0.160082982218 0.323835562681 
0.627286860609 0.183511888815 0.12234125921 0.263264402958 
0.582991161942 0.0976287902621 0.0650858601747 0.158793505928 
0.560816694865 0.0283431499852 0.0188954333234 0.0698546426669 
0.563988025915 -5.73616497966e-19 -3.82410998644e-19 -0.0567268932496 
0.622392945489 8.11614777182e-23 5.41076518122e-23 -0.0790409821033 
0.701825986293 0.0792640705729 0.0528427137152 -0.0184342003542 
0.868330849976 0.297110376657 0.198073584438 0.0145779219331 
0.890146761308 0.292776813389 0.195184542259 0.0701070159018 
0.935944564095 0.396397893463 0.264265262309 0.12528998547 
0.926076332616 0.412085660981 0.274723773987 0.165075022677 
0.90235022394 0.441161634875 0.294107756583 0.201830123213 
0.802129693673 0.437780127196 0.29185341813 0.268556575964 
0.764146437576 0.466021547237 0.310681031492 0.29172868603 
0.718494878919 0.498734514442 0.332489676295 0.318109660025 
0.610788496221 0.486432859828 0.324288573218 0.397151616501 
0.459921978948 0.557873896862 0.371915931241 0.423109726172 
0.211412949034 0.612594771654 0.408396514436 0.523598775598 
0.114093144364 0.650906225227 0.433937483485 0.489191001593 
0.0293771758 0.671972000472 0.447981333648 0.387223982823 
6.74378988692e-19 0.649593850778 0.433062567185 0.302141395229 
-8.70474752881e-22 0.607932566715 0.40528837781 0.285401842646 
1.80875116832e-21 0.588718754443 0.392479169629 0.207360335649 
-2.90360314913e-24 0.578560645389 0.385707096926 0.204427377417 
0.000551824070023 0.564275963839 0.376183975893 0.196686909474 
2.86081706118e-22 0.575425999816 0.383617333211 0.198166358028 
0.0213798647177 0.539364351825 0.35957623455 0.190958924815 
0.0731609262664 0.431132342905 0.287421561936 0.159795511155 
0.159932766125 0.253010407922 0.168673605281 0.191010310154 
0.221842681898 0.138893989606 0.0925959930705 0.236710719913 
0.286478641531 0.0637074601438 0.0424716400958 0.295406720214 
0.365065356136 0.00166354003813 0.00110902669209 0.365411964727 
0.422279862015 5.42552611635e-18 3.6170174109e-18 0.424927525743 
0.49284163357 -1.43425111446e-18 -9.56167409642e-19 0.412328168151 
0.541198897244 0.0339700039935 0.022646669329 0.430826048597 
0.533322010361 0.154929613705 0.103286409137 0.520815376586 
0.903594010116 0.800601444195 0.53373429613 0.13718099379 
0.885455096759 0.896511922286 0.597674614858 0.203934797372 
0.602566913064 1.04390579549 0.695937196996 0.272078650269 
0.295148207135 1.21265750536 0.808438336907 0.297847110047 
-7.44813013944e-18 1.38573643707 0.923824291382 0.269846012213 
5.85762304595e-22 1.47324881595 0.982165877302 0.230916295052 
9.7246030952e-22 1.54981260007 1.03320840005 0.188343524539 
1.73508877998e-21 1.60483510685 1.06989007123 0.148088882936 
1.34294021406e-21 1.64801625191 1.09867750127 0.110801956109 
-4.48943240259e-21 1.68873737272 1.12582491514 0.0729550420229 
2.35711745908e-21 1.70369710312 1.13579806875 0.0431004882228 
2.7673982653e-21 1.73528042622 1.15685361748 0.0050129693299 
-1.10836356298e-20 1.77086439057 1.18057626038 -0.0232637618805 
3.71841462177e-19 1.79688139617 1.19792093078 -0.0534021987559 
0.897289267269 1.70273969787 1.13515979858 -0.246139256193 
0.972605678384 1.70555500526 1.13703667018 -0.290858493707 
1.02779216848 1.71155111259 1.14103407506 -0.309194220729 
1.07046661048 1.71756798578 1.14504532386 -0.315679248677 
1.08423128692 1.71791487624 1.14527658416 -0.324316865403 
1.10850803874 1.72025290675 1.14683527117 -0.330882622494 
1.12436604862 1.72347175333 1.14898116889 -0.325578656774 
1.1243947552 1.72449918204 1.14966612136 -0.320944941959 
1.1090072778 1.72094409283 1.14729606189 -0.31163421502 
1.06049195426 1.7135912437 1.14239416246 -0.276080030465 
0.829223065708 1.68283707442 1.12189138295 -0.0284818293457 
2.47541051369e-14 1.67318952857 1.11545968571 -0.0362905426259 
-1.1369528855e-21 1.49744272393 0.998295149285 0.0482107684125 
0.228883564782 1.21705008251 0.811366721672 0.129824771575 
0.397957796714 1.01352345141 0.675682300942 0.110108986099 
0.364583254307 0.819455303744 0.54630353583 0.100478395891 
0.250552472425 0.674764461197 0.449842974132 0.124030136807 
0.119425036915 0.526117741364 0.35074516091 0.214451261974 
0.0805856788265 0.500224545448 0.333483030299 0.156534666778 
0.00646696537323 0.24712851425 0.164752342833 -0.0952360666388 
8.55406006954e-19 0.130361867039 0.0869079113595 -0.0485225290122 
-1.34890815634e-20 0.023768513703 0.015845675802 -0.0231645738147 
1.21429603579e-19 3.38572989538e-18 2.25715326359e-18 -0.0163735973386 
1.21429603579e-19 3.38572989538e-18 2.25715326359e-18 -0.0163735973386 
3.7745461936e-21 -1.53511073832e-21 -1.02340715888e-21 -0.0138421738014 
3.7745461936e-21 -1.53511073832e-21 -1.02340715888e-21 -0.0138421738014 
3.7745461936e-21 -1.53511073832e-21 -1.02340715888e-21 -0.0138421738014 
1.06492213456e-20 3.3595230962e-21 2.23968206414e-21 -0.0118718861325 
1.06492213456e-20 3.3595230962e-21 2.23968206414e-21 -0.0118718861325 
9.95567558297e-21 7.27641076458e-22 4.85094050972e-22 -0.0146020124532 
1.15039978233e-20 1.55226262014e-21 1.03484174676e-21 -0.0189186353551 
1.15039978233e-20 1.55226262014e-21 1.03484174676e-21 -0.0189186353551 
-7.01614513229e-21 1.52873606028e-21 1.01915737352e-21 -0.0145575039136 
2.99396019831e-21 -3.05485912584e-22 -2.03657275056e-22 -0.0098016785213 
-5.58315339845e-21 1.87946929016e-23 1.25297952677e-23 -0.011931229584 
8.77448461911e-21 2.79421731202e-21 1.86281154135e-21 -0.00834389488399 
-7.3710486176e-21 -1.69818343594e-23 -1.13212229063e-23 -0.0059358490498 
-7.3710486176e-21 -1.69818343594e-23 -1.13212229063e-23 -0.0059358490498 
2.69448114196e-23 -5.1204826276e-22 -3.41365508506e-22 -0.00377239108941 
2.69448114196e-23 -5.1204826276e-22 -3.41365508506e-22 -0.00377239108941 
2.21853331945e-20 -1.33406300294e-22 -8.89375335296e-23 -0.00669004302995 
2.21853331945e-20 -1.33406300294e-22 -8.89375335296e-23 -0.00669004302995 
-6.04469632427e-21 2.33929472902e-21 1.55952981935e-21 -0.00502690205861 
-6.04469632427e-21 2.33929472902e-21 1.55952981935e-21 -0.00502690205861 
6.96288249724e-21 0.000133420465661 8.89469771073e-05 -0.00352461205675 
0.000336216442609 -1.27436270593e-19 -8.49575137287e-20 -0.000807129805995 
-1.07446675324e-21 -1.62224486135e-21 -1.08149657423e-21 -5.8473210165e-10 
0.00417969199355 0.0190024030773 0.0126682687182 -0.00469952577527 
0.0057131858403 0.0193736218052 0.0129157478702 -0.00676843410161 
0.00868304901202 0.00644799037219 0.00429866024813 -0.00585877624037 
0.012842007837 1.9418740733e-18 1.29458271553e-18 -0.00726746994984 
0.0114386617133 0.0173892023513 0.0115928015675 -0.012873056298 
0.0099688205949 0.00266606367092 0.00177737578061 -0.0123819142095 
0.0127076613685 0.0314493293363 0.0209662195575 -0.0159222374749 
0.0208529324249 0.0347072414428 0.0231381609619 -0.0163435231849 
0.0341830131399 7.30519991834e-19 4.87013327889e-19 -0.00442887367529 
0.0361102967461 9.4213991317e-22 6.28093275447e-22 0.00539684797246 
0.0445255506672 1.29442941166e-21 8.62952941109e-22 0.0114711609371 
0.0511452491825 1.66657865376e-21 1.11105243584e-21 0.0108215351295 
0.0731071660898 -2.20259648005e-22 -1.46839765337e-22 0.00868445535278 
0.104415133606 8.64736391327e-23 5.76490927551e-23 0.0150691933858 
0.135513679263 -4.79036067275e-22 -3.19357378183e-22 0.0156155178307 
0.170586382851 2.18493296797e-21 1.45662197865e-21 0.0128435274371 
0.196309772076 3.93038137327e-22 2.62025424885e-22 0.0213363857875 
0.229675657676 -3.46932283942e-22 -2.31288189295e-22 0.019718223696 
0.242524893495 -7.18423248837e-23 -4.78948832558e-23 0.0202853649322 
0.260064245024 -7.07285898334e-22 -4.71523932223e-22 0.0195700758799 
0.313575550306 -1.46986785399e-22 -9.7991190266e-23 -0.00183616531371 
0.374737469651 1.25724616889e-21 8.38164112596e-22 -0.0533239240243 
0.61533203714 2.83075648445e-22 1.88717098964e-22 -0.0720506751252 
0.708402088081 2.41875519116e-22 1.61250346078e-22 -0.058441322771 
0.779554851021 4.45716613017e-25 2.97144408678e-25 -0.0526688464356 
0.874017212869 -2.40044937716e-23 -1.60029958477e-23 -0.0549025139233 
0.960968596213 2.20576759474e-06 1.47051172983e-06 -0.0521882779532 
1.25259956166 0.401627871026 0.267751914018 -0.0239639059645 
1.28404247494 0.373834250033 0.249222833356 -0.023359666073 
1.3239561299 0.342966748767 0.228644499178 -0.0219290669309 
1.32500319006 0.300649063128 0.200432708752 -0.0185556792134 
1.37713307261 0.287939323326 0.191959548884 -0.0169446640794 
1.36595082617 0.217513062768 0.145008708512 -0.0160397145933 
1.3798536769 0.126219885307 0.0841465902045 -0.0119770079089 
1.38570415421 0.0434277390618 0.0289518260412 -0.00725079498044 
1.39220214863 0.0109635496137 0.00730903307577 -0.0069459807865 
1.40743745345 -7.66992907916e-19 -5.11328605278e-19 -0.00829228978099 
1.41691181619 4.39329035692e-22 2.92886023794e-22 -0.00438246731895 
1.43341281505 -3.64277476594e-22 -2.42851651062e-22 -0.00629170920408 
1.42669465493 -1.52120088558e-22 -1.01413392372e-22 -0.00224588682577 
1.43737081194 3.89683171422e-22 2.59788780948e-22 -0.00516679560726 
1.44860420805 7.02610702288e-22 4.68407134859e-22 -0.00376931213961 
1.44908709884 -3.31612843494e-22 -2.21075228996e-22 0.00156766421085 
1.45786315738 6.89772173955e-22 4.5984811597e-22 0.00065946746103 
1.45939576257 -8.00742333595e-22 -5.33828222397e-22 0.00659467898378 
1.45953418784 1.80309275685e-21 1.2020618379e-21 0.00615008679918 
1.46195380693 -7.26443668266e-22 -4.84295778844e-22 0.0028914039952 
1.46476864893 -3.07076115981e-22 -2.04717410654e-22 0.00463483305826 
1.46899290017 -4.97839187913e-23 -3.31892791942e-23 0.00412768529556 
1.4661225674 7.5848883639e-23 5.0565922426e-23 0.00652919268161 
1.46624787959 -4.23354286253e-22 -2.82236190835e-22 0.00574362445818 
1.45309359013 -7.24446889537e-22 -4.82964593025e-22 0.0155176290861 
1.45820742657 1.02317339118e-21 6.82115594117e-22 0.0140243289572 
1.44678854138 6.20313612385e-22 4.13542408257e-22 0.0160559758502 
1.44894009516 -5.03380024238e-22 -3.35586682825e-22 0.0156793861511 
1.45134489512 1.13297887779e-21 7.55319251862e-22 0.0203427178755 
1.44037927994 -1.12597556953e-23 -7.50650379684e-24 0.0189133782372 
1.42239326998 -1.90384615495e-21 -1.26923076997e-21 0.0236522995077 
1.40340097197 -6.47900049846e-21 -4.31933366564e-21 0.0257663901029 
1.37209133702 -1.21917087401e-20 -8.12780582672e-21 0.0346132010535 
1.35194013281 1.62049431206e-20 1.08032954137e-20 0.0349284195975 
1.31491686733 8.57762344416e-19 5.71841562944e-19 0.0388274441236 
1.28105803051 -3.333559723e-18 -2.22237314867e-18 0.0447684676977 
1.23801036031 -1.5227366793e-18 -1.0151577862e-18 0.0555894563013 
1.19484346765 1.08142529475e-17 7.20950196497e-18 0.0555380471661 
1.10966875656 -4.79508742387e-18 -3.19672494925e-18 0.060345466092 
1.09629749747 0.00473472288959 0.00315648192639 0.0578007838559 
1.04774537978 0.0263972948844 0.0175981965896 0.0645244535258 
1.00195900573 0.0458029109156 0.0305352739438 0.0611376078219 
0.968694111496 0.0580541100378 0.0387027400252 0.0531912754797 
0.922159440393 0.0797935030172 0.0531956686781 0.0457362046456 
0.843808641588 0.114298416162 0.0761989441081 0.0401533132361 
0.782357471591 0.139581075474 0.0930540503161 0.0169621714238 
0.651898207665 0.0669189450566 0.0446126300378 0.0128801940272 
0.573201469282 0.0891206214985 0.0594137476656 -0.0254269582324 
0.463068760083 0.0470145412158 0.0313430274772 -0.150548075794 
0.418406382587 0.114395662268 0.0762637748455 -0.351208307625 
0.314658736952 0.235929692484 0.157286461656 -0.428139055514 
0.275433099521 0.285106432357 0.190070954905 -0.461438234715 
0.173142999502 0.393198267675 0.26213217845 -0.333657026822 
0.158666304383 0.435164649328 0.290109766219 -0.352895938812 
0.143617409347 0.467489318896 0.311659545931 -0.371540187628 
0.143071339958 0.480735860533 0.320490573689 -0.38038288701 
0.13620653413 0.495600713181 0.330400475454 -0.393501856774 
0.12773589116 0.519227478689 0.346151652459 -0.410682111066 
0.13252267355 0.524770806842 0.349847204562 -0.414457936349 
0.125111914594 0.53477698499 0.356517989993 -0.427079285526 
0.118043484369 0.53630706011 0.357538040073 -0.431182744782 
0.118043484369 0.53630706011 0.357538040073 -0.431182744782 
0.118043484369 0.53630706011 0.357538040073 -0.431182744782 
0.118043484369 0.53630706011 0.357538040073 -0.431182744782 
0.118043484369 0.53630706011 0.357538040073 -0.431182744782 
0.124336844402 0.535279356041 0.356852904028 -0.428543949355 
0.124336844402 0.535279356041 0.356852904028 -0.428543949355 
0.118563821793 0.534295753606 0.356197169071 -0.430178788865 
0.118563821793 0.534295753606 0.356197169071 -0.430178788865 
0.118084437321 0.541533613279 0.361022408853 -0.433550899773 
0.123897947629 0.545720366608 0.363813577739 -0.434520889547 
0.125092645995 0.552359205721 0.36823947048 -0.440083831278 
0.113555344334 0.563243890723 0.375495927149 -0.45086894402 
0.113555344334 0.563243890723 0.375495927149 -0.45086894402 
0.113555344334 0.563243890723 0.375495927149 -0.45086894402 
0.109416615157 0.562452025424 0.374968016949 -0.450066198797 
0.103940006493 0.588622580917 0.392415053945 -0.38900454036 
0.100779316187 0.613042300579 0.408694867053 -0.331700958806 
0.126949848066 0.648847392025 0.432564928016 -0.227132272527 
0.177213097791 0.675642141712 0.450428094475 -0.153246373071 
0.285323065722 0.72569970276 0.48379980184 -0.0831082449925 
0.325782086735 0.747268542913 0.498179028609 -0.0577355936863 
0.425843089115 0.756850140581 0.504566760387 -0.0388536858764 
0.496790975879 0.765491149857 0.510327433238 -0.0255688665987 
0.562057867852 0.790109532293 0.526739688195 -0.009353603487 
0.619626406687 0.806614262607 0.537742841738 0.00267610403432 
0.655315248778 0.827354094898 0.551569396598 0.0146068122839 
0.654482469448 0.83962076757 0.55974717838 0.0187847899243 
0.651038926696 0.86531637009 0.57687758006 0.0226498486445 
0.641716306797 0.91780982021 0.611873213473 0.0312703871175 
0.635153193019 0.971101743862 0.647401162575 0.0367142363943 
0.63106006124 1.01162826094 0.674418840629 0.03648279431 
0.627446423583 1.04105181274 0.694034541829 0.0324980028211 
0.623893010191 1.06856977179 0.712379847857 0.0234975356689 
0.560513404991 1.10060382357 0.733735882377 0.00785297354773 
0.496373895389 1.15184967621 0.767899784138 -0.0128025893951 
0.445046635885 1.18893987319 0.792626582127 -0.0274717962384 
0.379037801011 1.23318123424 0.822120822826 -0.0486088704022 
0.272858832215 1.29311714249 0.862078094991 -0.0769441043565 
0.180401888589 1.33732716396 0.891551442642 -0.109011286352 
0.0640700239157 1.38905252558 0.92603501705 -0.154890709277 
2.08433303693e-18 1.42622285981 0.950815239871 -0.187560654488 
1.87998932375e-21 1.45428555647 0.969523704314 -0.201524568537 
1.98916674719e-21 1.48144649303 0.987630995355 -0.214212589511 
-6.84279905084e-22 1.49575775934 0.997171839558 -0.22762425618 
-4.83267981351e-22 1.52338856676 1.01559237784 -0.235723831587 
2.06314331201e-22 1.55245004437 1.03496669625 -0.251535742896 
1.53461296932e-21 1.56953569144 1.04635712763 -0.279621144213 
-7.96853209539e-22 1.62375215874 1.08250143916 -0.27951935419 
4.3944970226e-21 1.64326832431 1.09551221621 -0.282298498107 
-3.33669906173e-22 1.66393497014 1.10928998009 -0.285079890101 
2.53709870693e-19 1.68707323379 1.1247154892 -0.287495032582 
9.42631659367e-19 1.70519506659 1.13679671106 -0.282907511781 
1.10767863171 1.58814067393 1.05876044929 -0.241598612819 
1.12636035515 1.59491191567 1.06327461045 -0.255360190896 
1.14522337068 1.60332033837 1.06888022558 -0.26518506066 
1.15539254984 1.60864368368 1.07242912245 -0.271476751045 
1.16501688238 1.61160740338 1.07440493558 -0.278298243323 
1.17517923971 1.61526403844 1.07684269229 -0.285154199584 
1.18633080282 1.62052044965 1.08034696643 -0.292760709522 
1.2011553178 1.62723208439 1.08482138959 -0.30164944338 
1.21650351823 1.63660871653 1.09107247769 -0.306903690715 
1.22028022825 1.6384489506 1.0922993004 -0.30752013703 
1.2204374179 1.63881638531 1.09254425687 -0.307549066676 
1.216120387 1.64072788823 1.09381859215 -0.304526927674 
1.19901355065 1.63812061238 1.09208040825 -0.300919157138 
1.15558188337 1.62969621293 1.08646414196 -0.280491617585 
1.13297819342 1.62550020096 1.08366680064 -0.240087175101 
1.0571640196 1.60819248719 1.07212832479 -0.168431202839 
0.927397137697 1.56757103652 1.04504735768 -0.0680629307609 
0.804315709216 1.50647131593 1.00431421062 -0.000497688776318 
9.47708348267e-17 1.41029510061 0.940196733738 -0.148274156807 
0.272511293972 1.24942265017 0.832948433447 -0.0662911838446 
0.613031811895 1.04096020123 0.693973467484 -0.0212828353161 
0.756107215914 0.921802084011 0.614534722674 -0.0131803590466 
0.774039912951 0.843453421949 0.562302281299 -0.0261831171807 
0.793909323611 0.790691730186 0.527127820124 -0.0396496603109 
0.808500320144 0.75778294738 0.505188631587 -0.0449679952091 
0.823097598624 0.7242831421 0.482855428067 -0.0527271440624 
0.784315389796 0.6502388322 0.4334925548 -0.062200994146 
0.789399788403 0.638763320297 0.425842213531 -0.0597903238939 
0.747934125743 0.582462868725 0.38830857915 -0.0603449722717 
0.746841699866 0.581705471121 0.387803647414 -0.0556564167898 
0.688885552815 0.516670494201 0.344446996134 -0.0541720203837 
0.659193290261 0.477462162093 0.318308108062 -0.0562323561911 
0.616446420321 0.436149684655 0.290766456437 -0.0618400022057 
0.583826260636 0.411546380763 0.274364253842 -0.0637334275003 
0.541865440618 0.381638515798 0.254425677199 -0.0713520569452 
0.489007679456 0.334636044612 0.223090696408 -0.10307906146 
0.429390694426 0.299306113776 0.199537409184 -0.163236167981 
0.379276997552 0.2753596735 0.183573115666 -0.278314511046 
0.346020746474 0.293592200757 0.195728133838 -0.39009536194 
0.298569526605 0.35507556997 0.236717046647 -0.448602868881 
0.265388911265 0.39647759895 0.2643183993 -0.489474163565 
0.243668879532 0.424837108 0.283224738667 -0.516197204014 
0.191903703147 0.490385342106 0.326923561404 -0.482000601868 
0.179945688394 0.502248454156 0.33483230277 -0.492488937974 
0.159455818913 0.528176319559 0.352117546373 -0.510726000396 
0.159455818913 0.528176319559 0.352117546373 -0.510726000396 
0.130570037391 0.566489060294 0.377659373529 -0.472830832516 
0.134163143215 0.566278962948 0.377519308632 -0.471999124882 
0.128437501619 0.565477443063 0.376984962042 -0.473791963426 
0.128437501619 0.565477443063 0.376984962042 -0.473791963426 
0.12538778717 0.559480678649 0.372987119099 -0.470586385873 
0.134113725562 0.551743678908 0.367829119272 -0.461948629793 
0.132441046545 0.546451337321 0.364300891547 -0.459634624828 
0.128737042077 0.545250865758 0.363500577172 -0.459683723683 
0.132741278947 0.540547997738 0.360365331826 -0.454312350869 
0.138046897381 0.539256233485 0.359504155657 -0.451935492386 
0.134378016829 0.535683016384 0.357122010923 -0.451202796744 
0.134378016829 0.535683016384 0.357122010923 -0.451202796744 
