0.0 0.0 0.0 0.0 
1.51401568796e-20 0.347660243137 0.231773495425 0.195423860061 
1.51401568796e-20 0.347660243137 0.231773495425 0.195423860061 
1.610519652e-20 0.387280854879 0.258187236586 0.188898237595 
1.610519652e-20 0.387280854879 0.258187236586 0.188898237595 
-5.4073263789e-21 0.461374129355 0.307582752903 0.195580261622 
-5.4073263789e-21 0.461374129355 0.307582752903 0.195580261622 
-1.75519076824e-20 0.481809446073 0.321206297382 0.197658691961 
-1.75519076824e-20 0.481809446073 0.321206297382 0.197658691961 
-1.75519076824e-20 0.481809446073 0.321206297382 0.197658691961 
-1.71420273907e-21 0.461740989092 0.307827326061 0.201299811307 
2.14125439937e-21 0.490293798842 0.326862532561 0.206256357634 
1.27022751779e-20 0.466544221424 0.311029480949 0.205153055859 
1.27022751779e-20 0.466544221424 0.311029480949 0.205153055859 
1.27022751779e-20 0.466544221424 0.311029480949 0.205153055859 
1.27022751779e-20 0.466544221424 0.311029480949 0.205153055859 
7.02430603324e-22 0.424752952597 0.283168635064 0.200601552696 
7.02430603324e-22 0.424752952597 0.283168635064 0.200601552696 
7.02430603324e-22 0.424752952597 0.283168635064 0.200601552696 
7.02430603324e-22 0.424752952597 0.283168635064 0.200601552696 
1.83681171736e-20 0.394569464773 0.263046309849 0.209708239426 
1.83681171736e-20 0.394569464773 0.263046309849 0.209708239426 
-1.24887255221e-20 0.416633865533 0.277755910356 0.215045818067 
-1.24887255221e-20 0.416633865533 0.277755910356 0.215045818067 
-1.24887255221e-20 0.416633865533 0.277755910356 0.215045818067 
-4.7862306954e-21 0.432249834048 0.288166556032 0.217832674593 
2.69189122239e-21 0.465410672998 0.310273781998 0.221667402745 
4.4723509439e-21 0.47098915981 0.313992773207 0.357268662678 
0.00310584173491 0.451718587717 0.301145725145 0.360286935358 
0.0134870002742 0.448753741082 0.299169160721 0.363292528324 
0.0298560520206 0.441905059591 0.29460337306 0.366688679319 
0.0405268949027 0.44536878753 0.29691252502 0.36714811264 
0.0861755249054 0.40248488335 0.268323255567 0.36872029877 
0.122685591046 0.404206821578 0.269471214385 0.364040731544 
0.146838027572 0.38531353306 0.256875688707 0.354929933398 
0.326591523545 0.67467091892 0.449780612613 -0.0334845489216 
0.375268670954 0.70790270296 0.471935135307 -0.0255512203964 
0.420853612396 0.715990916228 0.477327277485 -0.0230703931529 
0.46109256697 0.707461089359 0.47164072624 -0.0240372179877 
0.516209439722 0.741767554669 0.494511703112 -0.0182158586942 
0.621050724194 0.759634736579 0.506423157719 -0.0112522818141 
0.686129795556 0.773127490346 0.515418326897 -0.00860798501202 
0.816947773064 0.797912601479 0.531941734319 0.00310355231268 
0.89138851363 0.793602849969 0.529068566646 0.0280275647277 
0.895348058016 0.782711714156 0.521807809438 0.032860736094 
0.899016647011 0.773821092462 0.515880728308 0.0338286928515 
0.907710070331 0.753477445983 0.502318297322 0.0373593605505 
0.907331872582 0.754610156743 0.503073437829 0.0451744951732 
0.908108713133 0.752653194414 0.501768796276 0.0570286579626 
0.907253996163 0.754418399274 0.502945599516 0.068483505382 
0.904615808923 0.760719345002 0.507146230001 0.0797379199363 
0.899203067182 0.774324950118 0.516216633412 0.0983711535494 
0.895014404672 0.784164150038 0.522776100026 0.108081691678 
0.888679739166 0.801278185719 0.534185457146 0.126513989981 
0.884831053424 0.808578382435 0.539052254957 0.137882871986 
0.88112162546 0.814060108986 0.542706739324 0.147215296269 
0.874568351086 0.830512688038 0.553675125358 0.161470640249 
0.844462700171 0.863418405691 0.575612270461 0.164451637514 
0.82061266853 0.903782693486 0.602521795657 0.169223067075 
0.791323111762 0.951416954421 0.634277969614 0.173509390072 
0.762068244383 0.991816255853 0.661210837236 0.173914800839 
0.700046458052 1.05351118404 0.702340789362 0.173921754707 
0.643474017509 1.11538915531 0.74359277021 0.180286794382 
0.576506291653 1.19203690051 0.794691267009 0.161843053496 
0.518261768086 1.24838529453 0.832256863017 0.144889242727 
0.417807126845 1.32908788686 0.88605859124 0.103165723557 
0.298780200784 1.39358547446 0.929056982977 0.0641189959765 
0.114197266361 1.44876923403 0.965846156021 0.0185083504887 
8.63791504221e-16 1.52583079561 1.01722053041 -0.0508475198423 
-1.60620119108e-21 1.5632607214 1.04217381426 -0.0749004260204 
-1.2091502186e-21 1.59106423069 1.06070948713 -0.087941547998 
-6.31672580587e-22 1.61706555784 1.07804370523 -0.0998381181662 
-5.79454681527e-22 1.63692690827 1.09128460551 -0.110336996676 
-5.59601430752e-22 1.64428565097 1.09619043398 -0.111139159971 
1.00137609486 1.57533470599 1.05022313732 -0.1304922281 
1.01669579682 1.58189737986 1.05459825324 -0.167281650716 
1.03074754286 1.58780879472 1.05853919648 -0.198578298816 
1.04236155599 1.58998330351 1.05998886901 -0.205262325057 
1.0504826644 1.59044153866 1.0602943591 -0.210785741861 
1.05604839941 1.59231094172 1.06154062781 -0.216572188761 
1.05437875312 1.59200204592 1.06133469728 -0.234680364917 
1.05478085958 1.59365883773 1.06243922515 -0.234915681281 
1.05473337208 1.59321286432 1.06214190955 -0.234801084988 
1.04928426191 1.59211933687 1.06141289124 -0.229769841253 
1.04055899776 1.59178041637 1.06118694425 -0.22369283855 
1.01829861983 1.58939306666 1.05959537777 -0.208855226084 
0.980692251015 1.57924275353 1.05282850236 -0.111224373897 
0.975492258557 1.57371968716 1.04914645811 -0.0301334695115 
0.944723378996 1.56053357486 1.04035571657 0.0231026950727 
0.923602334036 1.53825008979 1.02550005986 0.132397875515 
0.908026084894 1.48076221594 0.987174810627 0.266602055393 
0.880350386604 1.43368237235 0.955788248236 0.273011544386 
-5.11191856723e-16 1.47116138189 0.980774254593 -0.0300744609969 
0.168658007285 1.41284325469 0.941895503124 0.0173989965178 
0.406432538445 1.32079284002 0.880528560013 0.0690725028049 
0.535672962244 1.22736496761 0.818243311741 0.0979461140569 
0.640227880477 1.13189497543 0.754596650288 0.10205276547 
0.767983315878 0.99571958551 0.663813057007 0.0880851089 
0.832907245938 0.913323092836 0.60888206189 0.0715839546831 
0.860268964588 0.807375709726 0.538250473151 0.0469865755469 
0.887086070775 0.758972355605 0.505981570403 0.0381676406731 
0.914257639083 0.712282144961 0.474854763307 0.0267642234318 
0.930869878165 0.687916483704 0.458610989136 0.0192000691857 
0.930869878165 0.687916483704 0.458610989136 0.0192000691857 
0.952911605153 0.650722590054 0.433815060036 0.00553295193435 
0.946389100021 0.656740787388 0.437827191592 0.00899491867443 
0.941836618946 0.662411190017 0.441607460012 0.0120260636739 
0.928036372692 0.682682966328 0.455121977552 0.0168512064569 
0.914347045582 0.704710966492 0.469807310995 0.0183551673208 
0.89884199412 0.732087895993 0.488058597329 0.0205400156982 
0.885917402711 0.756672446921 0.504448297947 0.0179308246487 
0.769338032886 0.713296532507 0.475531021672 0.00935170893973 
0.638374134747 0.651589786449 0.434393190966 -0.00132343249227 
0.584550542034 0.668867622037 0.445911748025 0.00354749228058 
0.487164266015 0.607986036397 0.405324024265 -0.00168155560503 
0.413079550915 0.541865747975 0.361243831983 -0.0131642398996 
0.391618446674 0.510339920771 0.340226613847 -0.0158434370099 
0.262112380987 0.47046705216 0.31364470144 -0.0363022874248 
0.229787256474 0.437061178972 0.291374119315 -0.0544279164917 
0.20330104121 0.37905991695 0.2527066113 -0.124570827595 
0.193729983217 0.368039999946 0.245359999964 -0.187183661236 
0.171071397756 0.397045939144 0.264697292763 -0.193995347945 
0.175741995157 0.367400273213 0.244933515475 -0.307729816904 
0.178004972482 0.361780604762 0.241187069841 -0.342873514565 
0.175209969742 0.365975327714 0.243983551809 -0.344130261443 
0.177288445123 0.365711415983 0.243807610655 -0.344490648637 
0.161194057619 0.388158925291 0.258772616861 -0.280239969071 
0.172486736634 0.371012890409 0.24734192694 -0.348399849175 
0.168054663164 0.378082415382 0.252054943588 -0.347062580624 
0.168054663164 0.378082415382 0.252054943588 -0.347062580624 
0.160139497808 0.387564585674 0.258376390449 -0.30180061101 
0.162484570014 0.382254372485 0.254836248323 -0.334534598027 
0.166607823582 0.373824680518 0.249216453679 -0.333740816245 
0.159666292952 0.38704126304 0.258027508693 -0.332774812197 
0.159109336908 0.388100350341 0.258733566894 -0.297749158867 
0.156531338628 0.390687875436 0.260458583624 -0.332416224428 
0.16185133724 0.384104045665 0.256069363776 -0.333508001823 
0.164157818899 0.378329833263 0.252219888842 -0.33382436526 
0.154816904385 0.39727188369 0.26484792246 -0.333472485818 
0.159324754404 0.383251489896 0.255500993264 -0.33291804215 
0.15230184464 0.397099099075 0.264732732717 -0.33198283127 
0.154344524599 0.392356889023 0.261571259348 -0.376489305615 
0.152113132373 0.397742869198 0.265161912799 -0.416636869552 
0.140257917053 0.417813262321 0.278542174881 -0.35053744638 
0.154422584968 0.396156734635 0.264104489756 -0.417939099291 
0.167695011278 0.376283296848 0.250855531232 -0.465295089495 
0.157619672707 0.393011226336 0.262007484224 -0.366991636209 
0.168184664292 0.395833492376 0.263888994917 -0.243563624165 
0.210507051746 0.35181107632 0.234540717547 -0.230909383119 
0.246041270081 0.318339344647 0.212226229764 -0.222057780805 
0.313569757893 0.238217442151 0.158811628101 -0.160945924276 
0.363467756733 0.230382173953 0.153588115968 -0.107324913497 
0.462479359313 0.25586854503 0.17057903002 -0.0330788738345 
0.648183387973 0.342539261266 0.228359507511 -0.0072811464838 
0.863340615233 0.510195650318 0.340130433546 0.00350031216195 
0.962679007595 0.429391723443 0.286261148962 0.00798228215727 
1.01414532715 0.392271304679 0.261514203119 0.0155156014734 
0.981544557663 1.2044812358e-17 8.02987490534e-18 0.0243243086491 
1.0598148496 3.86612191235e-22 2.57741460823e-22 0.0419350447937 
1.1213099141 5.24011708655e-22 3.49341139103e-22 0.0413190455617 
1.17985954059 -1.25058526159e-22 -8.33723507729e-23 0.0447216589425 
1.22859616208 -1.41653858923e-22 -9.44359059486e-23 0.037488736302 
1.27443320642 1.16102810396e-21 7.74018735971e-22 0.0339727505812 
1.3176330787 7.92262933281e-22 5.28175288854e-22 0.0387488994944 
1.3231209803 -1.24577174878e-22 -8.30514499187e-23 0.0448398871605 
1.35450163915 3.96340604141e-22 2.64227069427e-22 0.0371054967203 
1.37311957535 -6.65658571491e-22 -4.43772380994e-22 0.0331870282874 
1.38537893164 -2.03675932822e-22 -1.35783955215e-22 0.0352003209022 
1.38433172031 2.58356764938e-22 1.72237843292e-22 0.0399353117963 
1.3888892916 1.56760368723e-21 1.04506912482e-21 0.0338335627657 
1.37876372541 1.01726844525e-21 6.78178963502e-22 0.0351723629225 
1.37929357254 7.44738485384e-22 4.96492323589e-22 0.0341535313119 
1.36360833799 -1.12872919637e-21 -7.52486130911e-22 0.0367726967308 
1.36938854303 3.65016588583e-22 2.43344392389e-22 0.0295684047232 
1.37366350934 3.3089715033e-22 2.2059810022e-22 0.0292770895454 
1.36294346702 -2.4635480877e-23 -1.6423653918e-23 0.0362970406338 
1.35514843354 3.09458860767e-22 2.06305907178e-22 0.0388064384928 
1.35453950275 -1.95457348273e-22 -1.30304898849e-22 0.0365069131951 
1.33438775524 1.98836949681e-22 1.32557966454e-22 0.0462148800738 
1.32297369561 9.44576858159e-23 6.29717905439e-23 0.0439369925969 
1.29600374977 7.289175325e-22 4.85945021667e-22 0.049194836542 
1.23812768823 2.0131217419e-18 1.34208116127e-18 0.0485746323779 
1.15631238572 -6.67522504338e-18 -4.45015002892e-18 0.0474125583501 
1.10404006451 5.55249264106e-18 3.70166176071e-18 0.0550619560213 
1.05894270425 0.00563067237488 0.00375378158325 0.0593930633459 
1.00660210532 0.0195755069752 0.0130503379835 0.0545834742006 
0.951254147351 0.0391311009826 0.026087400655 0.0715462601792 
0.877666135448 0.0672361635395 0.0448241090263 0.0802959004137 
0.941294306342 0.45736921952 0.304912813013 0.0409931499909 
0.893215727278 0.492898927215 0.32859928481 0.0274472418314 
0.723003999998 0.435650361386 0.290433574257 0.0185636243644 
0.572035140669 0.323791224087 0.215860816058 0.0202661360313 
0.420776937561 0.244669134485 0.163112756323 0.0284758056043 
0.306410288125 0.178484826848 0.118989884565 -0.128291154249 
0.255255190512 0.213750238594 0.142500159063 -0.190454072499 
0.159032161008 0.323296182824 0.215530788549 -0.229810919244 
0.138415201745 0.357874607975 0.238583071983 -0.411478123044 
0.0915310571925 0.420909653853 0.280606435902 -0.509577189676 
0.0675412197059 0.450062543008 0.300041695339 -0.523598775598 
0.0601160308375 0.44727162288 0.29818108192 -0.523598775598 
0.0480091410192 0.465177227214 0.310118151476 -0.523598775598 
0.0563160504678 0.453290668644 0.302193779096 -0.523598775598 
0.0467822164958 0.467499691206 0.311666460804 -0.523598775598 
0.053129973003 0.458362192512 0.305574795008 -0.523598775598 
0.0561818088731 0.458674750522 0.305783167015 -0.523598775598 
0.0543258732076 0.458727607287 0.305818404858 -0.523598775598 
0.0623217608429 0.449716829474 0.299811219649 -0.523598775598 
0.0508230212799 0.46455593215 0.309703954767 -0.523598775598 
0.0690346306514 0.437640402048 0.291760268032 -0.523598775598 
0.0715021080078 0.436771529637 0.291181019758 -0.523598775598 
0.0649582393242 0.444277039009 0.296184692672 -0.523598775598 
0.0517575909313 0.463857672048 0.309238448032 -0.523598775598 
0.0753419320091 0.433902960924 0.289268640616 -0.523598775598 
0.0753419320091 0.433902960924 0.289268640616 -0.523598775598 
0.0753419320091 0.433902960924 0.289268640616 -0.523598775598 
0.0762896337721 0.435972628273 0.290648418848 -0.523598775598 
0.0863564548723 0.420552385846 0.280368257231 -0.523598775598 
0.08960731488 0.420883277365 0.280588851576 -0.523598775598 
0.08960731488 0.420883277365 0.280588851576 -0.523598775598 
0.08960731488 0.420883277365 0.280588851576 -0.523598775598 
0.0840309751065 0.429562822632 0.286375215088 -0.523598775598 
0.0886519626916 0.423871229207 0.282580819471 -0.523598775598 
0.089926466753 0.425289578325 0.28352638555 -0.523598775598 
0.0858749766673 0.429579053138 0.286386035425 -0.523598775598 
0.0909987706897 0.425205206042 0.283470137361 -0.523598775598 
0.0870407442422 0.435305974909 0.290203983273 -0.523598775598 
0.103704214224 0.413376624218 0.275584416146 -0.523598775598 
0.15464266694 0.348231746395 0.232154497596 -0.515936594467 
0.173623087677 0.325366258274 0.216910838849 -0.464652601237 
0.189337948233 0.31057719044 0.207051460293 -0.464279213092 
0.18257606851 0.319084215377 0.212722810251 -0.386553043015 
0.195755517495 0.306040339132 0.204026892755 -0.383840485314 
0.246254340735 0.240635973435 0.16042398229 -0.396169436932 
0.273917997215 0.209665047452 0.139776698301 -0.366281305758 
0.300825719366 0.175823567049 0.117215711366 -0.235738797812 
0.350314413865 0.114946507861 0.0766310052406 -0.148355897414 
0.416293219584 0.0761695715745 0.050779714383 -0.00183520643713 
0.561787015943 0.175486943345 0.116991295564 0.0274171423374 
0.661468393917 0.144894867246 0.0965965781641 0.0212626618518 
0.843898101477 0.368501291441 0.245667527627 0.0208008165858 
0.912721878243 0.331223058348 0.220815372232 0.0227162146732 
0.991690368528 0.289700293306 0.193133528871 0.0269026281828 
1.06830102896 -6.51144953075e-17 -4.34096635383e-17 0.0446219788695 
1.15139491772 -2.82111122e-22 -1.88074081333e-22 0.046820083076 
1.22341600738 1.45783024702e-22 9.71886831349e-23 0.0568335634141 
1.31665440416 -2.33521930346e-22 -1.55681286897e-22 0.0589013531787 
1.36671098407 -1.95740646986e-22 -1.30493764657e-22 0.0591457481968 
1.4309649045 1.52268386938e-21 1.01512257958e-21 0.0498823877789 
1.45370057475 -2.07414222799e-22 -1.38276148532e-22 0.0525509697192 
1.49159888176 1.40455667347e-21 9.36371115647e-22 0.0467264917247 
1.52371728322 -2.2162891805e-23 -1.47752612033e-23 0.0364028785813 
1.53359628626 2.06565991847e-22 1.37710661231e-22 0.0378478028406 
1.56338578981 -1.13139794967e-21 -7.54265299782e-22 0.0333237902857 
1.57079632679 -6.56272805359e-22 -4.37515203573e-22 0.0276386589089 
1.57079632679 -4.48223987607e-22 -2.98815991738e-22 0.0269701500735 
1.57079632679 -1.13210837672e-21 -7.54738917813e-22 0.0292014029752 
1.57079632679 4.11462436853e-22 2.74308291235e-22 0.042151613965 
1.57079632679 -1.11794267118e-21 -7.4529511412e-22 0.0294725660923 
1.57079632679 1.15719176161e-21 7.71461174407e-22 0.0316679749956 
1.57079632679 -7.18207400795e-22 -4.78804933863e-22 0.0357665211289 
1.57079632679 5.58339024492e-22 3.72226016328e-22 0.0279202002713 
1.57079632679 -4.07484527608e-22 -2.71656351739e-22 0.0323557022118 
1.57079632679 1.177005472e-21 7.84670314667e-22 0.0410313880977 
1.57079632679 -4.15084243685e-22 -2.76722829123e-22 0.0379255825315 
1.57079632679 4.52550293952e-22 3.01700195968e-22 0.0394335361999 
1.57079632679 2.2670422656e-22 1.5113615104e-22 0.0328525485373 
1.57079632679 6.32966280097e-22 4.21977520065e-22 0.0337934751386 
1.57079632679 5.64473492237e-23 3.76315661491e-23 0.0408994707368 
1.57079632679 -7.01644225795e-22 -4.67762817197e-22 0.0397025048886 
1.57079632679 3.59085361311e-22 2.39390240874e-22 0.0470761541316 
1.57079632679 -2.54338731515e-21 -1.69559154343e-21 0.039207201667 
1.57079632679 1.66393717947e-21 1.10929145298e-21 0.0428379737311 
1.57079632679 1.6041990807e-21 1.0694660538e-21 0.0372002426156 
1.57079632679 2.63401267427e-21 1.75600844952e-21 0.0412352365137 
1.57079632679 -1.72224323365e-21 -1.14816215577e-21 0.0368731743463 
1.57079632679 1.51461767131e-21 1.0097451142e-21 0.0429546605276 
1.55900286005 -2.99349310403e-22 -1.99566206935e-22 0.0490756747598 
1.53662108589 2.50805446421e-21 1.67203630947e-21 0.0505907899544 
1.51084479873 2.76604647252e-22 1.84403098168e-22 0.0561115915976 
1.46659778412 -8.239741542e-22 -5.493161028e-22 0.066240085856 
1.41770320766 1.11624824904e-21 7.44165499361e-22 0.0724120668583 
1.3202480445 4.67300748434e-22 3.11533832289e-22 0.0678918735182 
1.23034310746 -1.20249963305e-18 -8.01666422036e-19 0.0746588191296 
1.08847806775 1.25454836534e-17 8.36365576894e-18 0.0889519149104 
0.980401414387 0.0326129540126 0.0217419693417 0.0853336951324 
0.876303656934 0.0715309482003 0.0476872988002 0.0855643082482 
0.903940404135 0.432994452895 0.288662968597 0.0466448660085 
0.870292871541 0.457604280777 0.305069520518 0.0507233530894 
0.795783283714 0.512143628727 0.341429085818 0.0436338357105 
0.579027567546 0.418733576977 0.279155717985 0.0489301949694 
0.45003819529 0.402163717438 0.268109144959 0.0567948697126 
0.312847643002 0.363276943853 0.242184629236 0.0730306959312 
0.254901058452 0.344675308637 0.229783539091 0.060994129974 
0.221672292115 0.325502886629 0.217001924419 0.0707116429402 
0.202921532047 0.276008834918 0.184005889946 0.0613968100504 
0.195839960777 0.225202117743 0.150134745162 -0.087512497191 
0.178009256414 0.280187060942 0.186791373961 -0.0708323835044 
0.154807650002 0.26564247281 0.177094981874 -0.078850330649 
0.132654887686 0.290927167599 0.193951445066 -0.0690646732793 
0.0971974880691 0.169221067074 0.112814044716 -0.0145282715852 
0.0675047402897 0.214718787224 0.143145858149 -0.0065018140204 
0.0569240014516 0.248143948646 0.165429299097 0.00705638885855 
0.0735884930205 0.248447188111 0.165631458741 -0.00410671460616 
0.101751568766 0.244927835244 0.163285223496 -0.00351738893571 
0.120468358965 0.344429965723 0.229619977149 -0.009230393077 
0.141439847742 0.421965009679 0.281310006453 0.160457182914 
0.130608484413 0.512683346575 0.341788897717 0.186089887347 
0.0599255428098 0.658985389725 0.43932359315 0.226281846103 
-1.61601383747e-18 0.713665496427 0.475776997618 0.279455706339 
-6.039331457e-22 0.800157644168 0.533438429445 0.181634653406 
1.91622772351e-21 0.853004062143 0.568669374762 0.204488523839 
1.38888533488e-18 0.816123835294 0.544082556863 0.289499257443 
0.00865693203789 0.746995391955 0.49799692797 0.476575325403 
0.11722861572 0.669448377152 0.446298918101 0.490345405463 
0.267670175139 0.535736579701 0.357157719801 0.49491253642 
0.372027371199 0.438475827348 0.292317218232 0.480479367456 
0.600054173431 0.536890748787 0.357927165858 0.209210747766 
0.751001130912 0.406756623846 0.271171082564 0.180842217215 
0.866228738163 0.321752415769 0.214501610513 0.143186099986 
0.96473615611 0.258269513788 0.172179675858 0.10940712266 
1.04978380914 0.205641802325 0.137094534883 0.0568836353442 
1.16699251965 0.358035289828 0.238690193219 0.0264345806584 
1.50492336458 0.636042563805 0.42402837587 0.0152209471323 
1.53626408904 0.658321394416 0.438880929611 0.0149452832491 
1.57079632679 0.704984317589 0.469989545059 0.00898847829748 
1.57079632679 0.746145657405 0.49743043827 -0.00473589139068 
1.57079632679 0.744508840455 0.49633922697 -0.00327060943467 
1.57079632679 0.750071295273 0.500047530182 0.00514983743825 
1.54882900191 0.751693425983 0.501128950656 0.0135212974922 
1.32507199536 0.67640273302 0.450935155347 0.00737319486944 
1.09258381271 0.567653447959 0.378435631973 0.0215093859422 
0.958642264414 0.58216688343 0.38811125562 0.0868785893526 
0.944310053927 0.601036612029 0.400691074686 0.103564489206 
0.926636969214 0.623142498982 0.415428332654 0.105653468654 
0.887066209992 0.682593260623 0.455062173749 0.115006902581 
0.846496905275 0.75364021807 0.502426812047 0.111932767495 
0.304562109866 0.604845396067 0.403230264044 0.282855540619 
0.265286016609 0.630401232862 0.420267488574 0.285191770213 
0.0739470574515 0.627382752847 0.418255168565 0.523598775598 
-5.59453828441e-18 0.758993938852 0.505995959234 0.272264361117 
5.59795350725e-21 0.841405464442 0.560936976295 0.113816275176 
4.44551391214e-21 0.866783431452 0.577855620968 0.0203228455555 
3.07024855542e-21 0.838213381278 0.558808920852 -0.0470587503034 
-3.17304071264e-21 0.758495079426 0.505663386284 -0.110072286769 
1.02398910655e-17 0.602136167027 0.401424111351 -0.311487953278 
0.0670695171828 0.53630934129 0.35753956086 -0.297766907181 
0.26432125659 0.499102280991 0.332734853994 -0.0903057270318 
0.391101178001 0.492941123202 0.328627415468 -0.0688402059987 
0.475942959455 0.466897068946 0.311264712631 -0.0601895617568 
0.532637156465 0.404386321822 0.269590881215 -0.0654983472497 
0.56047218375 0.441241746024 0.294161164016 -0.055435705447 
0.692844544723 0.5213551776 0.3475701184 -0.0256443694409 
0.89513621354 0.598303849597 0.398869233065 0.00262944762682 
0.93355319135 0.554006923671 0.369337949114 0.0103929775609 
0.960518317289 0.525131875725 0.35008791715 0.0474195603905 
0.960550646093 0.525518155269 0.350345436846 0.0638910091032 
0.949264473531 0.535698961007 0.357132640672 0.0927565130877 
0.936648213913 0.547422650429 0.364948433619 0.117015626646 
0.934120687387 0.55082900719 0.367219338127 0.127090992272 
0.918103569559 0.56695978888 0.377973192587 0.137975477801 
0.866274884668 0.632104582073 0.421403054716 0.154012324059 
0.837013504893 0.673914623136 0.449276415424 0.153829252877 
0.777985387462 0.774253485269 0.51616899018 0.147550017715 
0.390652551678 0.676207432202 0.450804954802 0.232960683392 
0.137362237013 0.593292038048 0.395528025365 0.523598775598 
0.00989328567029 0.657061808516 0.438041205677 0.511898864014 
-5.08044001581e-19 0.677375932684 0.451583955123 0.388337920287 
2.49292344101e-22 0.708017000553 0.472011333702 0.140392260706 
-1.96437105358e-18 0.580984350745 0.387322900497 0.0983292740763 
0.0329563233189 0.459045220232 0.306030146822 0.394791997732 
0.155109360417 0.31183921603 0.207892810686 0.382918313238 
0.212907008688 0.256854970523 0.171236647015 0.19095750806 
0.239173721435 0.20790537298 0.138603581987 0.180021850399 
0.227342681386 0.251333376852 0.167555584568 0.180845683482 
0.210072664162 0.252147882013 0.168098588009 0.180395123136 
0.158125959434 0.323387899062 0.215591932708 0.181337756834 
0.107818775895 0.344313026834 0.22954201789 0.285150072572 
0.0283231964398 0.422442384886 0.281628256591 0.265322275596 
-2.60202034871e-17 0.62336066928 0.41557377952 -0.130429695626 
-1.6977696534e-21 0.843216690789 0.562144460526 0.00480508518735 
-3.41899160421e-21 0.928548813134 0.619032542089 0.0234475690917 
-3.76396078608e-22 0.940719628455 0.62714641897 0.0677971504136 
-2.00531718841e-21 0.93638965318 0.624259768786 0.107567134999 
3.56761374542e-21 0.929199809406 0.619466539604 0.172279730897 
2.3154944499e-19 0.884326233987 0.589550822658 0.244433407991 
-2.73683742966e-18 0.806305208999 0.537536806 0.398568537306 
0.032332606225 0.731517602264 0.48767840151 0.523598775598 
0.126142415148 0.670257276692 0.446838184462 0.51243428112 
0.26315190625 0.566775952495 0.377850634997 0.523598775598 
0.35705871232 0.474911517872 0.316607678582 0.518720860281 
0.599253855486 0.607513945935 0.40500929729 0.234474143458 
0.623019963685 0.585824508114 0.390549672076 0.232772518434 
0.647343116011 0.543749201935 0.362499467957 0.198636482471 
0.646863114681 0.540726573529 0.360484382352 0.189582851059 
0.659508758364 0.517261469837 0.344840979892 0.159146101916 
0.663032162582 0.494239694213 0.329493129475 0.107754994577 
0.603850778399 0.357738585762 0.238492390508 0.0883861897825 
0.576862895308 0.215491362364 0.143660908242 0.0798404590893 
0.570174818376 0.105183527655 0.0701223517698 0.0590781418739 
0.573033206331 -2.84875296598e-18 -1.89916864398e-18 -0.0357448478246 
0.619045613956 -1.08317383645e-21 -7.22115890967e-22 -0.0866460539331 
0.625573152258 -2.36526469091e-22 -1.57684312727e-22 -0.0776808029972 
0.661415213655 5.93496411546e-22 3.95664274364e-22 -0.0646497760471 
0.730788013158 -5.77513727225e-22 -3.85009151483e-22 -0.0346287781657 
0.776442402228 0.00232992490917 0.00155328327278 0.006721245598 
1.00453661343 0.437845152847 0.291896768564 0.0384257312874 
0.993643871024 0.445899246944 0.29726616463 0.0596691001433 
0.961963071565 0.472816083313 0.315210722209 0.0848778473585 
0.935929668806 0.497804851453 0.331869900969 0.101224321927 
0.897902618838 0.537509964072 0.358339976048 0.118565006284 
0.868262481131 0.567724068738 0.378482712492 0.117347353646 
0.828038115844 0.611940557252 0.407960371501 0.120731797081 
0.787590457214 0.664480552273 0.442987034848 0.128811640232 
0.534196672394 0.556333899713 0.370889266475 0.199612350574 
0.284373776608 0.463494763729 0.308996509153 0.523598775598 
0.180612042074 0.557951013969 0.371967342646 0.523598775598 
0.0567106385931 0.656085382458 0.437390254972 0.523598775598 
1.15564734341e-18 0.783279991969 0.522186661312 0.20522347167 
2.68620278174e-21 0.798245249136 0.532163499424 0.167292006126 
-2.9324977503e-23 0.820339787631 0.546893191754 0.097485092292 
-2.98322189513e-21 0.817609017936 0.545072678624 0.0725194904483 
-2.98322189513e-21 0.817609017936 0.545072678624 0.0725194904483 
-2.07752713707e-21 0.809813151387 0.539875434258 0.0606468258979 
-2.07752713707e-21 0.809813151387 0.539875434258 0.0606468258979 
-5.80379780737e-21 0.826891493185 0.551260995457 0.0675149144251 
3.99576725545e-21 0.762984366011 0.508656244007 0.0856983728078 
-3.46456439329e-18 0.692403434971 0.461602289981 0.172814235184 
0.0604234157168 0.664274654031 0.442849769354 0.176618526195 
0.167492362785 0.687172414904 0.458114943269 0.0740546682255 
0.267528538189 0.739794142117 0.493196094744 0.0443244939203 
0.348877815773 0.825116137157 0.550077424771 0.0383098187014 
0.370810465725 0.851303606701 0.567535737801 0.0417160518294 
0.419691769371 0.900846819939 0.600564546626 0.0463295690945 
0.465595869846 0.959255439107 0.639503626071 0.0572694653337 
0.496886767046 1.00943632055 0.67295754703 0.0673809912342 
0.486896743998 1.08576631199 0.723844207994 0.0875827005019 
0.428964310342 1.15835701567 0.772238010449 0.103299839367 
0.332128332467 1.22751295504 0.818341970024 0.112719878895 
0.190486168032 1.3071490514 0.871432700936 0.116309154936 
0.143850287751 1.33025746454 0.886838309695 0.114032913486 
-2.02443482743e-18 1.41424098662 0.942827324416 0.0968388452783 
-5.46384488705e-22 1.51329648605 1.00886432403 0.0669112721323 
1.90495274453e-21 1.57797601039 1.05198400693 0.0483846745189 
-1.71952199894e-19 1.64631679078 1.09754452718 0.0239445452696 
-5.65094279921e-19 1.68638526261 1.12425684174 0.00726636018299 
0.0068208246264 1.73674480222 1.15782986815 -0.0243893655714 
0.767124138557 1.67005269631 1.11336846421 -0.145507817769 
0.804080720224 1.6806148483 1.12040989887 -0.211434493729 
0.845461017924 1.69525839114 1.13017226076 -0.268114153817 
0.872986928204 1.7047430755 1.13649538366 -0.28588701556 
0.905677174882 1.71363746805 1.1424249787 -0.305364216751 
0.927903038893 1.72091729412 1.14727819608 -0.317408844646 
0.959660942742 1.72962760027 1.15308506685 -0.337223990428 
0.982820502635 1.7366396329 1.15775975527 -0.324107105593 
0.99793909075 1.74162620929 1.16108413952 -0.331400756172 
1.01674131815 1.74608484537 1.16405656358 -0.326998459166 
1.00796975103 1.74389465234 1.1625964349 -0.320529804961 
0.962003006351 1.7284546464 1.1523030976 -0.295970754487 
0.817018739203 1.68178431669 1.12118954446 -0.144905938013 
0.670010960713 1.55999762048 1.03999841366 0.294234376491 
-3.29604569593e-17 1.4743163142 0.982877542801 0.093405958208 
0.403284699249 1.19984567262 0.799897115081 0.116408703507 
0.495048204117 1.05062623577 0.700417490513 0.0756830200606 
0.361330276608 0.867010881872 0.578007254582 0.0494174277672 
0.289005339108 0.767447148294 0.511631432196 0.0473164828481 
0.201077271136 0.62462129919 0.41641419946 0.0658940666521 
0.134717083807 0.512868009628 0.341912006419 0.155963285821 
0.0834702580153 0.453634885244 0.30242325683 0.402028409014 
0.0241863714664 0.49134439557 0.32756293038 0.395138052074 
-1.17160383874e-18 0.414040771305 0.27602718087 -0.082356225878 
5.14894491598e-21 0.50886523199 0.339243487993 -0.390940842449 
8.68953788345e-21 0.516504666941 0.344336444628 -0.392061423751 
8.68953788345e-21 0.516504666941 0.344336444628 -0.392061423751 
8.34509151637e-22 0.510856301439 0.340570867626 -0.394410130338 
8.34509151637e-22 0.510856301439 0.340570867626 -0.394410130338 
8.34509151637e-22 0.510856301439 0.340570867626 -0.394410130338 
8.34509151637e-22 0.510856301439 0.340570867626 -0.394410130338 
2.85108335739e-23 0.501008446553 0.334005631035 -0.397660568537 
2.87351661865e-22 0.516760447199 0.344506964799 -0.398844070442 
-4.00918719189e-21 0.508791260422 0.339194173614 -0.401044086811 
-4.00918719189e-21 0.508791260422 0.339194173614 -0.401044086811 
7.47453182717e-21 0.519519764572 0.346346509714 -0.400674889334 
6.83461287793e-21 0.539300602054 0.359533734703 -0.398581615372 
9.42543622462e-21 0.592064768431 0.39470984562 -0.107328088999 
8.30957429972e-22 0.719759913087 0.479839942058 -0.0234846885691 
1.97636501263e-21 0.831402675179 0.554268450119 0.00679860743814 
0.00538274268364 0.875288507573 0.583525671715 0.013372030365 
0.0265607587691 0.933436000954 0.622290667303 0.0209835644632 
0.0694790917392 0.995316503661 0.663544335774 0.0341735930287 
0.0965494291682 1.06170220942 0.707801472945 0.0446010883524 
0.112413708039 1.21793134663 0.811954231089 0.0750957478325 
0.015349424441 1.32954891027 0.886365940178 0.088638442014 
1.12852934581e-17 1.4088025037 0.939201669135 0.0875571741137 
3.07321146124e-21 1.48547679999 0.99031786666 0.0765020382982 
-2.96312605107e-21 1.55360587592 1.03573725061 0.0648062898817 
-2.65806052006e-21 1.57166710274 1.0477780685 0.060010483534 
-1.69953013848e-19 1.72166175797 1.14777450532 0.00350322084862 
0.799024777153 1.65894404478 1.10596269652 -0.168265235218 
0.856012230763 1.66404694286 1.10936462857 -0.257625485136 
0.910006081 1.67162098753 1.11441399169 -0.291204092232 
0.952861137183 1.67618765788 1.11745843859 -0.338487877701 
0.96979689307 1.6779826136 1.11865507573 -0.348615938433 
1.02266532146 1.68706251946 1.12470834631 -0.379139103591 
1.0959439549 1.70249723127 1.13499815418 -0.393946838896 
1.13840447864 1.71344277514 1.14229518342 -0.403853396016 
1.17412289861 1.72259253229 1.14839502153 -0.407250828962 
1.18469703331 1.72580573101 1.15053715401 -0.413729919895 
1.19361203727 1.72755253281 1.15170168854 -0.419033727639 
1.19868179844 1.72829834297 1.15219889531 -0.420777964554 
1.20389559001 1.72810712859 1.15207141906 -0.423344553372 
1.20860816301 1.72883896405 1.15255930937 -0.424966645603 
1.2124356864 1.72967041744 1.15311361163 -0.42656878149 
1.21618644934 1.73106580899 1.15404387266 -0.427241398739 
1.21634865121 1.73172969327 1.15448646218 -0.427284958094 
1.21644626847 1.73226899414 1.15484599609 -0.427252755014 
1.2151840118 1.73214952488 1.15476634992 -0.42582058127 
1.21434771759 1.73308250796 1.15538833864 -0.423859367197 
1.21305914276 1.7329159612 1.15527730746 -0.421663994187 
1.21174867493 1.7322623965 1.15484159767 -0.419683820446 
1.21007643528 1.73292808062 1.15528538708 -0.416186698357 
1.20994910443 1.7323661375 1.15491075833 -0.416025091475 
1.20759764463 1.73271954078 1.15514636052 -0.413847659049 
1.20554918561 1.7323164344 1.15487762293 -0.41245919829 
1.20170343648 1.73256536249 1.155043575 -0.410703013502 
1.19226395851 1.73163405066 1.15442270044 -0.413384297991 
1.18151993465 1.73227629053 1.15485086035 -0.408086359267 
1.11641819489 1.7251917943 1.15012786287 -0.398942292729 
1.0312856992 1.70484425115 1.1365628341 -0.384849700507 
0.93172401487 1.67942153196 1.11961435464 -0.32688890442 
0.859059925433 1.66166698454 1.10777798969 -0.238677420987 
0.780364121694 1.65012337666 1.10008225111 -0.0886341019304 
0.647753205478 1.5774299511 1.0516199674 0.235796313008 
0.592761849683 1.49182296908 0.994548646056 0.274364565648 
0.0529301421917 1.42182626846 0.947884178973 0.155227234313 
0.367741880632 1.27345334364 0.848968895763 0.201460340854 
0.573896263155 1.11402653123 0.74268435415 0.179115093106 
0.659741761592 1.03499716302 0.689998108681 0.147405984112 
0.666455964811 0.974515508593 0.649677005729 0.120084960038 
0.71450199332 0.919286170987 0.612857447324 0.092935652017 
0.66797445904 0.884794539828 0.589863026552 0.0827677111156 
0.561745233721 0.825495605831 0.550330403887 0.0793739601272 
0.471580754762 0.776426795183 0.517617863455 0.0995122077536 
0.373310527003 0.724716471323 0.483144314216 0.125349785017 
0.302701839476 0.66848927593 0.445659517286 0.15164480372 
0.253518196115 0.702791436504 0.468527624336 0.14946212184 
0.115828864009 0.528717740006 0.352478493337 0.523598775598 
0.0723951337918 0.553077597645 0.36871839843 0.523598775598 
0.0454812341852 0.573510683759 0.382340455839 0.523598775598 
0.0275639621195 0.582128972757 0.388085981838 0.522359301432 
0.0105242160153 0.601425330836 0.400950220557 0.520920115163 
0.0125367627819 0.585106273359 0.390070848906 0.517098110373 
2.10635579147e-19 0.63238533429 0.42159022286 0.400327279291 
2.10635579147e-19 0.63238533429 0.42159022286 0.400327279291 
0.00399950028357 0.620119425106 0.413412950071 0.399981489105 
1.73472347598e-18 0.639090524455 0.426060349637 0.402191473631 
7.7007448763e-22 0.632029444645 0.421352963096 0.400169220186 
1.15072684151e-23 0.624773842311 0.416515894874 0.398517719155 
-8.10775598586e-23 0.632544225654 0.421696150436 0.39920261712 
1.59945598373e-21 0.65842380622 0.438949204147 0.403585962676 
8.86499179124e-19 0.673875079151 0.449250052768 0.408185435612 
8.89418346284e-19 0.691860624963 0.461240416642 0.413999402276 
3.62980242241e-18 0.741159599476 0.494106399651 0.426911721051 
0.216784334426 0.963843439927 0.642562293285 0.0826035032939 
0.28669735289 1.07297974473 0.715319829821 0.0925761367144 
0.303802114384 1.1170532511 0.744702167403 0.099383520788 
0.297624731353 1.19464092923 0.796427286151 0.116029078497 
0.149072301252 1.31816426384 0.878776175891 0.139420378882 
-6.64866214759e-17 1.43213351269 0.954755675129 0.123327852362 
-5.5209182008e-20 1.58314652958 1.05543101972 0.0712977186048 
-1.80033699496e-19 1.63672449898 1.09114966599 0.054294963836 
-2.65323531612e-20 1.71681249574 1.14454166383 0.00545816035818 
0.717802401926 1.67333648496 1.11555765664 -0.0791318206198 
0.891174142331 1.69071460539 1.12714307026 -0.310313413502 
0.956091508781 1.6990185822 1.1326790548 -0.346315856635 
1.02968893815 1.70622202528 1.13748135019 -0.358420309491 
1.08989471108 1.7132095092 1.1421396728 -0.368940293867 
1.10232480203 1.7151160042 1.14341066947 -0.374393135578 
1.13442213292 1.71869288244 1.14579525496 -0.371720949458 
1.14569586625 1.72080588528 1.14720392352 -0.376720193779 
1.15301016876 1.72175372893 1.14783581928 -0.378529444034 
1.15495843698 1.72292863955 1.14861909303 -0.371891405886 
1.15495843698 1.72292863955 1.14861909303 -0.371891405886 
1.15139629168 1.72236101916 1.14824067944 -0.368418084536 
1.14804117782 1.72239434322 1.14826289548 -0.366297779789 
1.13492180096 1.72184273376 1.14789515584 -0.369691579106 
1.08882222157 1.71696475974 1.14464317316 -0.360379499637 
1.03016870553 1.70392613772 1.13595075848 -0.349833443055 
0.91477006117 1.67245009399 1.11496672933 -0.284782136105 
0.792784674172 1.64790544788 1.09860363192 -0.0670265399606 
0.636188641821 1.55632254768 1.03754836512 0.251973858959 
3.54639932596e-16 1.53716766814 1.02477844543 0.097464360297 
0.364023480109 1.27836048825 0.852240325498 0.21253099085 
0.424082060668 1.23532446612 0.823549644078 0.217346867753 
0.560858624638 1.11740123623 0.744934157489 0.192897318197 
0.677112534321 1.00903674593 0.672691163953 0.139834269575 
0.721231105808 0.959670232203 0.639780154802 0.113901481157 
0.72731241795 0.905822539916 0.603881693278 0.0798347170271 
0.608981669335 0.856769443661 0.571179629107 0.0669615614567 
0.327613173091 0.708931391 0.472620927333 0.0668467832707 
0.254893419186 0.629408696426 0.419605797617 0.0800902057054 
0.182144447651 0.555732498129 0.370488332086 0.105709867328 
0.11995082588 0.45090269899 0.300601799327 0.319189188939 
0.101402451574 0.454991528912 0.303327685941 0.31986398543 
0.0861992905494 0.469728973995 0.31315264933 0.321588636972 
0.0742496890186 0.486697961019 0.324465307346 0.323849941241 
0.075661877402 0.462398283429 0.308265522286 0.321867214566 
0.076196063872 0.457795992807 0.305197328538 0.3217831231 
0.0757036458994 0.450142061686 0.30009470779 0.321196588914 
0.0806303747906 0.433449997645 0.288966665097 0.320259781769 
0.0848021624674 0.403582365278 0.269054910185 0.318250268536 
0.075698483084 0.407435522886 0.271623681924 0.315780501907 
0.0716992357702 0.397418335457 0.264945556972 0.312842847924 
0.0691567693788 0.407931603955 0.271954402637 0.309587333702 
0.0512629368451 0.453752478345 0.30250165223 0.305585750063 
0.0286684063648 0.555992859523 0.370661906349 0.305350928244 
0.0289023530831 0.571021752248 0.380681168165 0.309497661133 
0.027353004895 0.604322400364 0.402881600243 0.317368543257 
0.0182608483556 0.664912636087 0.443275090725 0.331739772962 
0.00391795082317 0.676770425457 0.451180283638 0.456867597302 
0.0204153291121 0.708781839849 0.472521226566 0.465506414516 
0.0509782339037 0.707423112877 0.471615408585 0.474296248554 
0.126152547905 0.662617035458 0.441744690306 0.486656205461 
0.144870028889 0.658488920012 0.438992613341 0.495520658568 
0.179667736024 0.626502389739 0.417668259826 0.501285243051 
0.2344357305 0.573140257113 0.382093504742 0.523598775598 
0.281778180899 0.538133625956 0.358755750637 0.517712375539 
0.33082185196 0.502198356838 0.334798904559 0.514186306289 
0.369295536165 0.459416569382 0.306277712922 0.511990000851 
0.392286352701 0.431385600361 0.28759040024 0.50943671715 
0.396296243576 0.407760461604 0.271840307736 0.504496794266 
0.415091517424 0.371353078458 0.247568718972 0.493026890245 
0.443264546647 0.318916573378 0.212611048919 0.468668762271 
0.54020363704 0.250063059461 0.166708706307 0.28796256599 
0.565035077299 0.184794950058 0.123196633372 0.237955669957 
0.537258609985 2.64387943072e-18 1.76258628714e-18 0.188129870201 
0.548807985477 -2.1941236641e-22 -1.4627491094e-22 0.0269278366581 
0.568278155558 9.60983653959e-22 6.40655769306e-22 -0.110710257769 
0.635336935473 -1.30134993666e-21 -8.67566624439e-22 -0.110793998097 
0.68855770221 -7.22469942354e-23 -4.81646628236e-23 -0.0701099762328 
0.76116871396 4.008546595e-22 2.67236439666e-22 -0.025388234501 
0.783568370022 0.00496386195262 0.00330924130175 0.0500912578347 
0.938748965412 0.438286992701 0.292191328467 0.0790182507238 
0.920918888906 0.455302795207 0.303535196805 0.110016408282 
0.891787943204 0.482642766215 0.321761844143 0.135742104032 
0.824488517344 0.549529742693 0.366353161795 0.167132931097 
0.784439188334 0.588351755789 0.392234503859 0.175470304918 
0.592307750071 0.475362308936 0.316908205958 0.278584949228 
0.515792600799 0.534588436603 0.356392291069 0.295038221076 
0.311646154223 0.497684146406 0.331789430938 0.523598775598 
0.0510748489694 0.668671003951 0.445780669301 0.519024473392 
2.14545595946e-19 0.728726552778 0.485817701852 0.38835365793 
8.70766640384e-22 0.757972784063 0.505315189375 0.170725363679 
-1.74067463899e-21 0.731633051812 0.487755367874 0.0814117661394 
-1.49589455208e-21 0.693554344435 0.462369562957 0.0533028459196 
-4.24081100594e-21 0.627467924255 0.418311949503 0.0287841218714 
1.28863307794e-21 0.607809641323 0.405206427549 0.0171729875252 
2.77924352928e-21 0.511758051502 0.341172034335 -0.391682349627 
-7.90357624564e-21 0.524361806004 0.349574537336 -0.390461711531 
2.09587690722e-21 0.519793291257 0.346528860838 -0.129296898678 
0.0340049163692 0.39398894233 0.262659294887 0.0341185006237 
0.153683486002 0.214504857779 0.143003238519 0.123328709868 
0.232451616167 0.124423920834 0.0829492805561 0.182169340052 
0.303185357845 0.0555126476028 0.0370084317352 0.176820020491 
0.388915328768 2.77461893703e-18 1.84974595802e-18 0.158615838229 
0.541773410057 0.383158661831 0.255439107888 -0.0367457568333 
0.653156317053 0.400220886555 0.26681392437 -0.0114054532196 
0.849478094231 0.617920942949 0.411947295299 0.0188884235909 
0.911274235389 0.722568791759 0.481712527839 0.0741397553516 
0.900270497928 0.746706541667 0.497804361112 0.0891215021696 
0.868274482189 0.826201110038 0.550800740026 0.140490641114 
0.714400379511 0.955247931656 0.636831954437 0.237867257411 
0.558078073316 1.08326279952 0.722175199679 0.304779951918 
0.265974719606 1.27855646771 0.852370978474 0.307862355851 
1.06562564389e-18 1.40886607425 0.939244049498 0.271360844166 
-1.77272992768e-19 1.51310795112 1.00873863408 0.204562666243 
-3.83182464013e-20 1.58000815204 1.05333876803 0.162280119 
5.93261474219e-20 1.63516189538 1.09010793026 0.122735419711 
-5.64079437507e-20 1.68273243117 1.12182162078 0.0866262573046 
-1.14519417889e-21 1.69595972957 1.13063981972 0.0744992377735 
-2.36564784389e-19 1.73070887841 1.15380591894 0.0424103106918 
0.757168445024 1.67556778433 1.11704518956 -0.212715562416 
0.811693658884 1.6810726067 1.12071507113 -0.313653599417 
0.888061194109 1.69734109152 1.13156072768 -0.383976826704 
0.953101545204 1.71379476799 1.14252984532 -0.397500001217 
1.01245345683 1.72794479541 1.15196319694 -0.39956444307 
1.06089663199 1.73847772411 1.15898514941 -0.393303215616 
1.07091937384 1.74106357445 1.16070904964 -0.397960141061 
1.10459879756 1.74596446372 1.16397630914 -0.389004910532 
1.12318963071 1.74919314398 1.16612876265 -0.383904112095 
1.12330402945 1.74961952181 1.16641301454 -0.38388890529 
1.1098155273 1.74447876452 1.16298584301 -0.375653525587 
1.05774479162 1.73034285848 1.15356190565 -0.3746646935 
0.907540783557 1.67925252606 1.11950168404 -0.102956734342 
0.716014670128 1.60583641822 1.07055761215 0.196320634736 
0.623482667264 1.4279703763 0.951980250866 0.275451822363 
0.423061697022 1.20636684423 0.804244562817 0.167773238454 
0.58810536924 1.03919246239 0.692794974925 0.114284287581 
0.420822226252 0.846611117244 0.564407411496 0.0778292673768 
0.250014832922 0.679784800943 0.453189867295 0.100062996844 
0.0835224519211 0.515055247237 0.343370164825 0.204619784616 
0.0437754499269 0.502812465842 0.335208310561 0.199326430398 
-1.08147604041e-19 0.289317937981 0.192878625321 -0.0704118098264 
4.49783652142e-21 0.157578137826 0.105052091884 -0.0321812993184 
1.00168536159e-21 0.0233493432951 0.0155662288634 -0.0124479895294 
5.16454033865e-20 2.49430814227e-18 1.66287209484e-18 -0.00761983403024 
5.16454033865e-20 2.49430814227e-18 1.66287209484e-18 -0.00761983403024 
5.16454033865e-20 2.49430814227e-18 1.66287209484e-18 -0.00761983403024 
5.16454033865e-20 2.49430814227e-18 1.66287209484e-18 -0.00761983403024 
5.16454033865e-20 2.49430814227e-18 1.66287209484e-18 -0.00761983403024 
5.16454033865e-20 2.49430814227e-18 1.66287209484e-18 -0.00761983403024 
-1.37402189343e-20 5.40249595067e-23 3.60166396712e-23 -0.00413889009515 
-1.37402189343e-20 5.40249595067e-23 3.60166396712e-23 -0.00413889009515 
-1.37402189343e-20 5.40249595067e-23 3.60166396712e-23 -0.00413889009515 
-1.37402189343e-20 5.40249595067e-23 3.60166396712e-23 -0.00413889009515 
-1.37402189343e-20 5.40249595067e-23 3.60166396712e-23 -0.00413889009515 
2.37583489828e-21 -4.46186833901e-22 -2.97457889268e-22 0.00349553293608 
1.0432677081e-20 6.17085256628e-23 4.11390171086e-23 -0.00114775827652 
-2.7822300926e-21 -7.86461725387e-22 -5.24307816925e-22 0.003095059943 
-2.7822300926e-21 -7.86461725387e-22 -5.24307816925e-22 0.003095059943 
-2.7822300926e-21 -7.86461725387e-22 -5.24307816925e-22 0.003095059943 
2.37553981725e-21 5.78405628596e-22 3.85603752397e-22 0.00976728692671 
2.37553981725e-21 5.78405628596e-22 3.85603752397e-22 0.00976728692671 
9.70785119197e-22 3.46575304406e-22 2.31050202937e-22 0.00539435540372 
9.70785119197e-22 3.46575304406e-22 2.31050202937e-22 0.00539435540372 
-1.38003413141e-20 -4.99464055366e-22 -3.32976036911e-22 0.00799528151708 
9.44977923409e-22 9.55701681824e-22 6.3713445455e-22 0.00508370457685 
9.44977923409e-22 9.55701681824e-22 6.3713445455e-22 0.00508370457685 
9.44977923409e-22 9.55701681824e-22 6.3713445455e-22 0.00508370457685 
1.35459591845e-21 -8.57501938944e-22 -5.71667959296e-22 0.000341292734218 
3.78472026225e-22 0.000221190516042 0.000147460344028 -0.00475821908395 
0.000451333795919 1.04576606952e-05 6.97177379681e-06 -0.00466123714373 
0.00608147408277 -1.2346067861e-21 -8.23071190735e-22 -0.00386277707292 
0.0121040381829 -5.54140815375e-22 -3.6942721025e-22 -0.00109732976112 
0.00778710714841 5.87895594422e-23 3.91930396281e-23 -0.00673478850935 
0.00745295336696 1.09298220811e-21 7.28654805407e-22 -0.00391800690775 
0.00686128140978 0.0158918569969 0.0105945713313 -0.0102339761887 
0.0149655191408 0.0402111476318 0.0268074317545 -0.0131583137707 
0.0357424516491 6.66409952815e-18 4.44273301876e-18 -0.00834499859897 
0.0376853357579 -5.34008111262e-22 -3.56005407508e-22 -0.00285495885357 
0.0480147507577 4.56008098599e-22 3.04005399066e-22 0.00226229726931 
0.0528071820744 1.2798994053e-21 8.53266270202e-22 0.00170923750498 
0.0730542525464 4.06104070954e-22 2.70736047303e-22 -0.000587055995581 
0.108389805745 -3.22281676469e-21 -2.14854450979e-21 -0.00254686606816 
0.142733137491 1.57178367066e-21 1.04785578044e-21 -0.00384645184686 
0.182589564263 -1.58056683638e-21 -1.05371122425e-21 -0.00620026935596 
0.210011688488 1.40354832864e-21 9.35698885762e-22 -0.00696002788402 
0.252104344202 1.15467493563e-21 7.69783290423e-22 -0.0417698177583 
0.26545247994 2.74171233507e-21 1.82780822338e-21 -0.0412033806461 
0.27458293394 -1.98271357495e-22 -1.32180904997e-22 -0.0415837122595 
0.384178040584 0.0276894351246 0.0184596234164 -0.337684859495 
0.411051573636 -3.26589038613e-18 -2.17726025742e-18 -0.306326659236 
0.620361004959 2.20612990425e-21 1.4707532695e-21 -0.0782456280873 
0.720497803709 1.39042554998e-21 9.26950366656e-22 -0.0460393504188 
0.80275717274 -2.58557773456e-22 -1.72371848971e-22 -0.0409302983343 
0.877322979407 -5.61424881018e-22 -3.74283254012e-22 -0.0225840951384 
0.980812564983 4.79155762321e-22 3.1943717488e-22 -0.0272102685913 
1.04239729906 4.51725281295e-07 3.0115018753e-07 -0.0354659942467 
1.32500206127 0.454919622103 0.303279748069 -0.00744293925969 
1.36388419846 0.421843037229 0.281228691486 -0.0101558594958 
1.33163832848 0.321473076856 0.21431538457 -0.00724942716704 
1.38646977808 0.315594535649 0.210396357099 -0.00997713091041 
1.3863831038 0.283711373111 0.189140915407 -0.0103066040549 
1.40703054058 0.224132110205 0.149421406803 -0.0104779682471 
1.39775385796 0.0839552841722 0.0559701894482 -0.00526172698866 
1.40363841428 0.0496332747096 0.0330888498064 -0.004842805282 
1.41517032864 0.0170250894298 0.0113500596199 -0.00765671464295 
1.41953396532 -5.90370521061e-18 -3.93580347374e-18 -0.00356171530085 
1.44041530183 3.04489219156e-23 2.02992812771e-23 -0.00781880762167 
1.43270969892 1.03226860397e-22 6.88179069311e-23 0.00148261141544 
1.44517639733 -5.92029016415e-22 -3.94686010943e-22 -0.00573389766488 
1.45265636834 6.93040921214e-23 4.62027280809e-23 -0.0083727708962 
1.45169444488 6.34876746679e-22 4.23251164453e-22 0.0013288196591 
1.4631627581 -2.02458462049e-24 -1.34972308033e-24 -0.00388704142255 
1.4621663551 3.29235128095e-23 2.19490085396e-23 0.00531892783602 
1.46529998457 7.58053121803e-22 5.05368747869e-22 0.00257335506887 
1.46934846918 1.21530490795e-22 8.10203271965e-23 -0.00230000110414 
1.47008638023 9.07541143355e-22 6.05027428904e-22 -0.000436580840634 
1.47629159905 1.37957644197e-21 9.1971762798e-22 -0.00397425791039 
1.47253837313 -7.09668693583e-22 -4.73112462389e-22 -0.00428207856677 
1.47187673061 -4.75293450876e-23 -3.16862300584e-23 -0.00611767799383 
1.4558620294 2.09910591265e-21 1.39940394177e-21 0.00922802124466 
1.46202461638 -6.77323269888e-22 -4.51548846592e-22 0.00778330893786 
1.44886834721 -3.27012227741e-22 -2.18008151827e-22 0.00984995510142 
1.45256832828 -9.66893618382e-23 -6.44595745588e-23 0.00826104953173 
1.45659106018 3.11918372131e-22 2.07945581421e-22 0.0132332991392 
1.44656596884 1.17689361873e-21 7.84595745821e-22 0.00722873008761 
1.42672699232 1.72234979598e-20 1.14823319732e-20 0.0108651349104 
1.40777511638 1.47173383877e-22 9.81155892513e-23 0.0107008216634 
1.3726346328 5.20285645607e-21 3.46857097071e-21 0.0206378219767 
1.35726718328 1.11079257737e-21 7.40528384915e-22 0.0178178206129 
1.31831366125 2.03832281099e-18 1.358881874e-18 0.0226224649065 
1.28467394884 -2.43461012101e-18 -1.62307341401e-18 0.0209947519717 
1.23908549615 3.93754999489e-18 2.62503332993e-18 0.0278497341866 
1.1942175759 -1.79957512485e-17 -1.1997167499e-17 0.0234663518067 
1.10062321376 -3.37690699208e-17 -2.25127132805e-17 0.0268780075167 
1.09468573307 1.29769815012e-20 8.65132100079e-21 0.0229107890703 
1.04544206821 0.0155536657087 0.0103691104725 0.0316453158215 
0.994044797568 0.0327830122158 0.0218553414772 0.0317900511756 
0.959387932135 0.0434837663268 0.0289891775512 0.0227340145305 
0.921599462842 0.0560335240132 0.0373556826755 0.0212697161252 
0.838285718598 0.085198296259 0.0567988641727 0.0315022275457 
0.757205179462 -9.16788412072e-17 -6.11192274715e-17 0.0141444448909 
0.654085671825 -2.81002904278e-17 -1.87335269518e-17 -0.00677616420022 
0.580173929725 -1.64981824192e-17 -1.09987882795e-17 -0.0130020576434 
0.475152965826 -3.53960947564e-17 -2.35973965043e-17 -0.1870864393 
0.414201218864 0.0123738353216 0.00824922354771 -0.323189990645 
0.250314678912 0.215095001149 0.143396667433 -0.523598775598 
0.180400705604 0.299092461917 0.199394974611 -0.523598775598 
0.107096326209 0.385290605125 0.256860403416 -0.523598775598 
0.0746132999389 0.423447721106 0.282298480737 -0.523598775598 
0.0391091485346 0.464900652893 0.309933768595 -0.523598775598 
0.0328725425153 0.463957753168 0.309305168779 -0.523598775598 
0.0177333323232 0.482266709064 0.321511139376 -0.523598775598 
-2.05439801235e-18 0.508452793064 0.33896852871 -0.523598775598 
-2.05439801235e-18 0.508452793064 0.33896852871 -0.523598775598 
-2.05439801235e-18 0.508452793064 0.33896852871 -0.523598775598 
-1.66379720911e-21 0.518169067943 0.345446045295 -0.523598775598 
-1.66379720911e-21 0.518169067943 0.345446045295 -0.523598775598 
-1.66379720911e-21 0.518169067943 0.345446045295 -0.523598775598 
-1.66379720911e-21 0.518169067943 0.345446045295 -0.523598775598 
-1.66379720911e-21 0.518169067943 0.345446045295 -0.523598775598 
-6.40217515582e-22 0.506995663105 0.337997108737 -0.523598775598 
-6.40217515582e-22 0.506995663105 0.337997108737 -0.523598775598 
-2.25341010618e-21 0.518238129009 0.345492086006 -0.523598775598 
-9.07814975912e-22 0.525759572943 0.350506381962 -0.523598775598 
-9.07814975912e-22 0.525759572943 0.350506381962 -0.523598775598 
-9.07814975912e-22 0.525759572943 0.350506381962 -0.523598775598 
-7.73013030596e-24 0.532853913188 0.355235942125 -0.523598775598 
4.01096317221e-22 0.541519563832 0.361013042554 -0.523598775598 
4.01096317221e-22 0.541519563832 0.361013042554 -0.523598775598 
6.45545012428e-19 0.549079158408 0.366052772272 -0.523433388147 
0.00338629436889 0.552023581328 0.368015720885 -0.523122061983 
0.0283082075395 0.542729357947 0.361819571964 -0.521565050936 
0.0403803513238 0.537887502508 0.358591668339 -0.519095185146 
0.0965321030802 0.577453163251 0.3849687755 -0.107651018027 
0.163770857332 0.597828629998 0.398552419999 -0.0615671139723 
0.336793937535 0.709084399704 0.472722933136 -0.0112763721883 
0.374368919286 0.737598793104 0.491732528736 -0.00467756333383 
0.512741311349 0.761550271051 0.507700180701 0.00408473076744 
0.607760337049 0.771099579024 0.514066386016 0.00804786657825 
0.738514692218 0.821307544203 0.547538362802 0.0228622125468 
0.80348734772 0.82852287712 0.552348584747 0.0285474361024 
0.803051715159 0.830787402271 0.553858268181 0.0374560898455 
0.803025103597 0.833524202544 0.555682801696 0.040770467842 
0.833604242441 0.859932026983 0.573288017989 0.0438461424404 
0.82216991841 0.902450733911 0.601633822608 0.060105659921 
0.81184282485 0.94496359622 0.629975730813 0.0718165390512 
0.760349399749 0.979820093391 0.653213395594 0.0770993100354 
0.755239964393 1.0083883683 0.672258912203 0.0815915153297 
0.715538419307 1.0354482193 0.690298812864 0.0803233583893 
0.711753754095 1.06529981244 0.710199874958 0.0815993486466 
0.645333127393 1.12083820613 0.747225470756 0.0741161989195 
0.599096989674 1.15649849251 0.77099899501 0.0709152445584 
0.5512615449 1.19929456974 0.799529713158 0.0641318567015 
0.452221317378 1.26684713665 0.844564757769 0.0520336806156 
0.353281491713 1.31437700266 0.876251335107 0.0302412167831 
0.129490788366 1.37770332316 0.918468882105 -0.013313965325 
2.04809263568e-17 1.419293034 0.946195356 -0.0423016225626 
1.92828534144e-21 1.45316926813 0.968779512089 -0.0571111078778 
-2.94214507866e-21 1.48380224757 0.989201498381 -0.0693610216286 
2.71472991783e-21 1.4951746544 0.996783102933 -0.0702316140899 
1.21340149548e-21 1.52776223003 1.01850815335 -0.0791593282945 
-2.59534548174e-21 1.55869914351 1.03913276234 -0.0912290519267 
-6.72976328828e-22 1.56892494618 1.04594996412 -0.0923350789078 
6.17622285685e-21 1.6320309348 1.0880206232 -0.116487188893 
-9.29125534109e-20 1.65164600351 1.10109733568 -0.125773462484 
0.00110720518786 1.67298689428 1.11532459619 -0.128427651702 
1.05441742447 1.57771307645 1.05180871763 -0.214699169224 
1.07135399652 1.58763256501 1.05842171 -0.248808702314 
1.09561404593 1.60143107926 1.0676207195 -0.288450524691 
1.10759739002 1.60996717415 1.07331144943 -0.309430805335 
1.12723309895 1.62071811912 1.08047874608 -0.320123638146 
1.13715017098 1.62757929799 1.08505286533 -0.326068817212 
1.14629693602 1.63164546976 1.0877636465 -0.331850706034 
1.15627000746 1.63658424808 1.09105616538 -0.338129122829 
1.16714457822 1.64316354915 1.0954423661 -0.344303217237 
1.18236308236 1.65144261079 1.10096174052 -0.351642409797 
1.19988254789 1.66292014854 1.10861343236 -0.359473660763 
1.20486768598 1.66487057712 1.10991371808 -0.360150967246 
1.20931054762 1.66485970261 1.10990646841 -0.356819598513 
1.2047222141 1.6667161061 1.11114407074 -0.355023190839 
1.18253235694 1.66280089887 1.10853393258 -0.358471451563 
1.14425773049 1.64990839228 1.09993892819 -0.337665971819 
1.12204175753 1.64091185577 1.09394123718 -0.325951451985 
1.05258517904 1.6158969029 1.07726460193 -0.287430014288 
0.965958899326 1.57632998232 1.05088665488 -0.0662387491222 
0.95225140125 1.48688763357 0.991258422379 0.282328476532 
0.720834756286 1.37535500173 0.916903334488 0.128956698923 
0.413192905053 1.26070270448 0.840468469656 0.0595185035127 
0.706283360711 1.00838498154 0.67225665436 0.0504903140935 
0.833194352734 0.893044337449 0.595362891633 0.0419034979687 
0.854102986457 0.811250304822 0.540833536548 0.0182697352304 
0.874782065588 0.76065980764 0.507106538427 0.00334820179764 
0.886944196981 0.737035564422 0.491357042948 0.000269184411802 
0.899628847635 0.713202015342 0.475468010228 -0.0107443768108 
0.916667073047 0.680930380465 0.453953586977 -0.0214716859836 
0.917223564328 0.677230363012 0.451486908674 -0.0212348235887 
0.681232893089 0.394669721351 0.263113147567 -0.0400460319885 
0.639529049943 0.327031799171 0.218021199447 -0.044592781354 
0.605567082068 0.276256514376 0.184171009584 -0.0403444701397 
0.581594138161 0.231816476876 0.154544317917 -0.0446154200472 
0.538290406929 0.157414656312 0.104943104208 -0.0692841533542 
0.513239180812 0.138146128002 0.092097418668 -0.0705404353968 
0.48037106953 0.105174667229 0.0701164448196 -0.091794118482 
0.448528346664 0.087068900996 0.0580459339973 -0.179934514907 
0.407678128439 0.117485938578 0.0783239590518 -0.244666048153 
0.358189937647 0.15148093434 0.10098728956 -0.404392337264 
0.301847180293 0.210617925413 0.140411950275 -0.523598775598 
0.2061511836 0.315437167661 0.210291445107 -0.523598775598 
0.138375052648 0.395204803752 0.263469869168 -0.523598775598 
0.0969529217594 0.440688764899 0.293792509933 -0.523598775598 
0.0477157752769 0.496967474894 0.331311649929 -0.523598775598 
0.0314373850592 0.514246316092 0.342830877395 -0.523598775598 
-1.39115944095e-18 0.558164477285 0.372109651523 -0.523468945855 
-1.39115944095e-18 0.558164477285 0.372109651523 -0.523468945855 
-1.39115944095e-18 0.558164477285 0.372109651523 -0.523468945855 
-1.39115944095e-18 0.558164477285 0.372109651523 -0.523468945855 
-1.39115944095e-18 0.558164477285 0.372109651523 -0.523468945855 
-1.39115944095e-18 0.558164477285 0.372109651523 -0.523468945855 
-1.39115944095e-18 0.558164477285 0.372109651523 -0.523468945855 
-1.33217386228e-21 0.545818732963 0.363879155308 -0.523228735199 
-1.33217386228e-21 0.545818732963 0.363879155308 -0.523228735199 
-1.33217386228e-21 0.545818732963 0.363879155308 -0.523228735199 
-1.33217386228e-21 0.545818732963 0.363879155308 -0.523228735199 
1.59809583496e-21 0.534962458096 0.356641638731 -0.523598775598 
1.59809583496e-21 0.534962458096 0.356641638731 -0.523598775598 
1.59809583496e-21 0.534962458096 0.356641638731 -0.523598775598 
