0.0 0.0 0.0 0.0 
-5.09172011627e-21 0.477483667146 0.318322444764 0.297633463006 
-8.71239978417e-21 0.501278949875 0.334185966583 0.298152962011 
-8.71239978417e-21 0.501278949875 0.334185966583 0.298152962011 
-8.71239978417e-21 0.501278949875 0.334185966583 0.298152962011 
1.05410436388e-21 0.489463376387 0.326308917591 0.391871814058 
1.05410436388e-21 0.489463376387 0.326308917591 0.391871814058 
6.15653152684e-21 0.480197560678 0.320131707119 0.433935633096 
-3.31758506763e-21 0.473699611318 0.315799740879 0.433798562474 
-3.31758506763e-21 0.473699611318 0.315799740879 0.433798562474 
-6.82996451927e-21 0.46070614125 0.3071374275 0.384024662391 
3.84773670954e-22 0.474253564596 0.316169043064 0.421631999234 
2.62638658359e-21 0.467066724747 0.311377816498 0.380125249296 
4.08167906235e-21 0.479459346368 0.319639564245 0.38877485119 
4.08167906235e-21 0.479459346368 0.319639564245 0.38877485119 
4.08167906235e-21 0.479459346368 0.319639564245 0.38877485119 
1.15766059419e-20 0.461682075621 0.307788050414 0.31362047309 
1.15766059419e-20 0.461682075621 0.307788050414 0.31362047309 
1.15766059419e-20 0.461682075621 0.307788050414 0.31362047309 
1.15766059419e-20 0.461682075621 0.307788050414 0.31362047309 
1.16305470736e-20 0.440028935387 0.293352623592 0.246584766467 
-4.22026529649e-21 0.465573320816 0.310382213877 0.323829063033 
-4.22026529649e-21 0.465573320816 0.310382213877 0.323829063033 
-4.22026529649e-21 0.465573320816 0.310382213877 0.323829063033 
-4.22026529649e-21 0.465573320816 0.310382213877 0.323829063033 
9.40349607401e-21 0.459080546592 0.306053697728 0.323240570278 
1.53311807531e-21 0.462706078306 0.308470718871 0.355774717929 
0.00711259315469 0.450298871869 0.300199247913 0.354774775735 
0.0293277795089 0.410497786941 0.273665191294 0.317391326003 
0.0448617555449 0.40550631372 0.27033754248 0.371014066827 
0.0729472731371 0.373637077399 0.249091384932 0.386985547562 
0.0950644635337 0.361097260615 0.240731507077 0.463157875321 
0.142324639343 0.306910355167 0.204606903445 0.480398618516 
0.198072300048 0.253755513215 0.169170342143 0.523598775598 
0.221875487904 0.22832118638 0.152214124253 0.523598775598 
0.262367594921 0.17822789375 0.118818595833 0.523598775598 
0.278487795369 0.160051871171 0.106701247448 0.523598775598 
0.308646836783 0.12499031209 0.083326874727 0.523598775598 
0.331224940337 0.100447114406 0.0669647429375 0.523598775598 
0.345895549574 0.0866393598883 0.0577595732589 0.523598775598 
0.388702219932 0.0344417148856 0.0229611432571 0.523598775598 
0.42200976217 4.83639201748e-19 3.22426134498e-19 0.523598775598 
0.453934216719 8.30421812571e-22 5.53614541714e-22 0.523598775598 
0.507122741417 1.3301590796e-21 8.86772719734e-22 0.516903693887 
0.525573095901 -3.15784529428e-22 -2.10523019619e-22 0.418024161617 
0.540619179467 2.62288175646e-23 1.74858783764e-23 0.412702987421 
0.571940283383 1.16486826429e-06 7.76578842861e-07 0.279550449038 
0.571940283383 1.16486826429e-06 7.76578842861e-07 0.279550449038 
0.602679340837 0.0217526000543 0.0145017333695 0.283923473006 
0.602679340837 0.0217526000543 0.0145017333695 0.283923473006 
0.89415257105 0.781051382271 0.520700921514 0.0340605082135 
0.887344422603 0.796917762155 0.531278508103 0.0427498908917 
0.881460315001 0.811537589375 0.541025059583 0.0473387623399 
0.874783262879 0.828677843561 0.552451895707 0.0546584789795 
0.874783262879 0.828677843561 0.552451895707 0.0546584789795 
0.868749358682 0.844141399654 0.562760933102 0.0655493609004 
0.859439144131 0.869970651209 0.579980434139 0.0722263264481 
0.850471900105 0.894262962205 0.596175308136 0.0764436025626 
0.838026385888 0.933242281269 0.622161520846 0.08224773078 
0.76503894937 0.984559356947 0.656372904632 0.0861312458516 
0.759370625418 1.02490309869 0.683268732458 0.0947429703598 
0.683736541256 1.07597287798 0.717315251987 0.102560384426 
0.632374022232 1.14068706085 0.760458040565 0.127103108179 
0.54252532314 1.21407771797 0.809385145311 0.126149074722 
0.481756463846 1.26881958451 0.845879723005 0.120905740626 
0.388629340962 1.3469266655 0.897951110335 0.0977627725261 
0.312843564802 1.40671162867 0.937807752446 0.0774735336475 
0.248062745574 1.45527410652 0.970182737682 0.0543519011511 
0.842926420927 1.4403796176 0.960253078398 0.289882729519 
0.885117402785 1.47931133687 0.986207557916 0.269852585184 
0.905344782824 1.51175243301 1.00783495534 0.216327337828 
0.909529695497 1.550345855 1.03356390333 0.0946383892555 
1.029178983 1.46051832078 0.973678880518 -0.523598775598 
1.0350653988 1.46679320799 0.977862138658 -0.523598775598 
1.073244465 1.50490474501 1.00326983001 -0.523598775598 
1.08752343006 1.51576029095 1.01050686063 -0.523598775598 
1.09811022891 1.52683871052 1.01789247368 -0.523598775598 
1.10476300673 1.53150084402 1.02100056268 -0.523598775598 
1.11181722349 1.53285532358 1.02190354905 -0.523598775598 
1.11472001803 1.53646060464 1.02430706976 -0.523598775598 
1.12020513502 1.53533034997 1.02355356665 -0.523598775598 
1.11998803469 1.53842617817 1.02561745212 -0.523598775598 
1.11952486817 1.53878858094 1.02585905396 -0.523598775598 
1.11622132558 1.5362288337 1.0241525558 -0.523598775598 
1.1094467156 1.5342904534 1.02286030227 -0.523598775598 
1.09537500952 1.52775462944 1.01850308629 -0.523598775598 
1.06053075626 1.50597580166 1.00398386778 -0.523598775598 
1.05532474337 1.49993662105 0.999957747365 -0.523598775598 
1.03115853163 1.47803765097 0.985358433981 -0.523598775598 
1.0061180467 1.45740195659 0.971601304392 -0.523598775598 
0.882235456408 1.51299116037 1.00866077358 0.227403815351 
0.915859903853 1.43987764878 0.959918432522 0.339540882111 
0.564556169176 1.45155495993 0.967703306617 0.104970476447 
0.283635359718 1.42570935014 0.950472900093 0.0522415783599 
0.386940481115 1.3440129459 0.896008630602 0.0722908763395 
0.492970000196 1.25150076344 0.834333842291 0.0920269837921 
0.601825436315 1.15565031965 0.770433546435 0.0760451396906 
0.740556195708 1.01175752095 0.674505013968 0.0530393148655 
0.811565981398 0.921286041294 0.614190694196 0.0388827334477 
0.848434974055 0.801867116343 0.534578077562 0.0215751576295 
0.882354053701 0.745827446386 0.497218297591 0.00955179669123 
0.913580078051 0.697322467324 0.464881644882 0.00171404290056 
0.928287404964 0.676693082873 0.451128721915 -0.0063279146929 
0.928287404964 0.676693082873 0.451128721915 -0.0063279146929 
0.944999962676 0.652244803443 0.434829868962 -0.0049960394985 
0.935659052544 0.663786715645 0.442524477097 -0.00201722815356 
0.935659052544 0.663786715645 0.442524477097 -0.00201722815356 
0.922577515977 0.682847383322 0.455231588881 -0.00086255027992 
0.907580371514 0.706931052892 0.471287368594 0.000501655311669 
0.892048734887 0.734613021651 0.489742014434 0.00152366675152 
0.881260730216 0.755843091543 0.503895394362 -0.0017069490309 
0.871804898614 0.775377988107 0.516918658738 -0.0031721058842 
0.859403575985 0.801927127658 0.534618085106 -0.0045017043137 
0.849429474456 0.824635287998 0.549756858665 -0.00547018753889 
0.846429251199 0.831198716805 0.55413247787 -0.00996940078029 
0.835537516484 0.857423021939 0.57161534796 -0.0087963646502 
0.835537516484 0.857423021939 0.57161534796 -0.0087963646502 
0.819356664848 0.904973658594 0.603315772396 -0.0101382079609 
0.815972909768 0.918049032648 0.612032688432 -0.0121383846794 
0.813381478695 0.929862011919 0.619908007946 -0.0126512718529 
0.813381478695 0.929862011919 0.619908007946 -0.0126512718529 
0.812576217879 0.936733226939 0.624488817959 -0.0151843181759 
0.81477611341 0.930801215328 0.620534143552 -0.0172699835079 
0.814397773519 0.935896404248 0.623930936165 -0.0169013947409 
0.816357805898 0.931802127929 0.621201418619 -0.0190958821114 
0.814844529045 0.942453300011 0.628302200008 -0.0170043194353 
0.814844529045 0.942453300011 0.628302200008 -0.0170043194353 
0.814844529045 0.942453300011 0.628302200008 -0.0170043194353 
0.817143297105 0.938525200175 0.625683466783 -0.0189833167911 
0.817674519144 0.942968580393 0.628645720262 -0.0184594172446 
0.818460352583 0.947555842764 0.631703895176 -0.017001466998 
0.821458769094 0.942597677065 0.628398451377 -0.0182399413652 
0.824411620789 0.938664354165 0.62577623611 -0.0181980578148 
0.824138721013 0.948394206951 0.632262804634 -0.0159717396871 
0.82774248612 0.943093768566 0.628729179044 -0.0174467435764 
0.828104043519 0.952583435702 0.635055623802 -0.0158910806753 
1.43787824202 1.01312874369 0.67541916246 0.0404998639749 
1.44425925788 1.01173367729 0.674489118197 0.0400751904449 
1.42838754623 1.01595041514 0.67730027676 0.0401041017558 
1.45223688654 1.00982652941 0.673217686271 0.0387847766657 
1.443221738 1.01330399281 0.675535995206 0.0396807701398 
1.45427845727 1.01371369124 0.675809127495 0.0400727895851 
1.4493324644 1.01648757418 0.677658382789 0.0399715128364 
1.4530553256 1.01636507574 0.677576717158 0.0396756669659 
1.45528331189 1.01599984648 0.677333230988 0.0401042120842 
1.45684011974 1.01505794682 0.676705297878 0.0402520102413 
1.44377213239 1.01463417028 0.676422780187 0.0398580858853 
1.42432618164 1.0112089881 0.674139325402 0.037193628512 
1.4124270721 0.995364305135 0.663576203423 0.0312991014808 
1.397874975 0.984672866947 0.656448577965 0.0270869304107 
1.39539262457 0.961598785336 0.64106585689 0.0210756786662 
1.36300441285 0.935135263766 0.623423509177 0.0159471034748 
1.30227093754 0.896589053677 0.597726035785 0.00971571267428 
1.17729969811 0.804640518671 0.536427012447 0.000628690119141 
0.947039760714 0.607937985417 0.405291990278 -0.0067388871886 
1.02966489859 0.510399624703 0.340266416468 -0.00670991360455 
0.961663648704 0.279871772766 0.186581181844 -0.004570861111 
1.04404080072 0.24106823791 0.160712158606 0.00445099081317 
1.06118582842 -3.38414438423e-17 -2.25609625616e-17 0.00829323302285 
1.11916766148 -2.97707586672e-23 -1.98471724448e-23 0.0129415985749 
1.18247345502 -2.43847276837e-22 -1.62564851224e-22 0.0129240878298 
1.23521953999 -3.03583417948e-22 -2.02388945298e-22 0.00899741145073 
1.27928717011 -1.71926806881e-22 -1.14617871254e-22 0.0104921011937 
1.31071957415 3.63764277088e-22 2.42509518059e-22 0.0159819653099 
1.32756359765 2.49532006688e-22 1.66354671125e-22 0.013820812532 
1.35765139797 1.37901186667e-21 9.19341244447e-22 0.0107332401106 
1.35870612055 -2.44536881461e-22 -1.63024587641e-22 0.0155609574856 
1.38185703631 9.03131254527e-22 6.02087503018e-22 0.0130206183938 
1.37975571232 -2.12115222052e-22 -1.41410148035e-22 0.0161410801376 
1.3769504333 4.57796512967e-22 3.05197675311e-22 0.0145948258018 
1.37529921443 3.09259098615e-22 2.0617273241e-22 0.0136948080823 
1.37963572392 -4.68426457834e-22 -3.12284305223e-22 0.0117718663066 
1.3559769568 2.2661479468e-22 1.51076529787e-22 0.0170441974476 
1.35683779886 -1.9901452224e-22 -1.3267634816e-22 0.0150427481095 
1.37092729476 1.55477959884e-22 1.03651973256e-22 0.0116677677688 
1.36570260048 -1.05657273625e-21 -7.04381824169e-22 0.0126273998849 
1.35548374898 2.40071360096e-22 1.60047573397e-22 0.0145699212221 
1.34862930539 5.28555938975e-22 3.52370625983e-22 0.0165397940934 
1.34245279905 4.24368798363e-22 2.82912532242e-22 0.0151474862691 
1.32978076588 -1.13228296445e-22 -7.54855309637e-23 0.0160815088408 
1.31139899036 -6.37648451705e-22 -4.25098967804e-22 0.0166547540281 
1.25132647488 9.69542343325e-19 6.46361562217e-19 0.0187694590072 
1.20002647242 -2.78787817634e-18 -1.85858545089e-18 0.0179541125311 
1.11671275958 4.55841320281e-18 3.03894213521e-18 0.0241626675112 
1.07238558835 0.00753551801594 0.00502367867729 0.0291013999803 
1.0112241213 0.0223193557451 0.0148795704968 0.0288648299243 
0.961728962899 0.0363895012701 0.0242596675134 0.0294111068251 
0.89497462832 0.0583115789205 0.038874385947 0.0318524802212 
0.957747248719 0.480565511061 0.320377007374 0.0170872829079 
0.90370532553 0.52388652884 0.349257685893 0.0130007901389 
0.933550408415 0.668819868248 0.445879912166 0.00716149779452 
0.896674928904 0.722929938803 0.481953292535 0.00436585033654 
0.857292127376 0.789613894241 0.526409262828 -0.000268692848112 
0.839488581364 0.825626991767 0.550417994511 -0.00439530244351 
0.820157649914 0.870741126573 0.580494084382 -0.00543854993108 
0.802571276221 0.922135451569 0.614756967713 -0.00578319653442 
0.796520592375 0.945969180606 0.630646120404 -0.00753922868263 
0.790295651509 0.978341209936 0.652227473291 -0.00629103956358 
0.789439176176 0.99459915534 0.66306610356 -0.00620283454006 
1.51419275665 1.04547745738 0.69698497159 0.0742111070216 
1.5053606412 1.04975800003 0.69983866669 0.0755310674651 
1.5156144937 1.04691497811 0.697943318738 0.0746503551673 
1.51040502897 1.04896875376 0.699312502509 0.0750523126877 
1.51714034002 1.04609400793 0.697396005289 0.0744605429164 
1.50934725967 1.04778425771 0.698522838472 0.074360845916 
1.50873747797 1.04686907693 0.697912717951 0.0734191209447 
1.50769106803 1.04595079418 0.697300529453 0.0724332312155 
1.50220024102 1.04686010069 0.697906733792 0.0728698706288 
1.51386965905 1.0422279125 0.694818608333 0.0713132625684 
1.51434382594 1.04172589552 0.694483930346 0.0714781416318 
1.50962919422 1.04260137092 0.69506758061 0.0715362861598 
1.4977669345 1.04504404155 0.696696027703 0.0722948889922 
1.50081188881 1.04179554172 0.694530361145 0.0713259983399 
1.50370561286 1.04022721942 0.693484812947 0.07140170929 
1.49931553217 1.04090874272 0.693939161816 0.071609597181 
1.49210444588 1.04230545319 0.694870302126 0.0709250669421 
1.50385252362 1.03804190918 0.692027939451 0.0683585380891 
1.49287337722 1.04053193767 0.693687958447 0.0680736512554 
1.49650130784 1.03939036318 0.692926908784 0.06675683183 
1.51157849871 1.03546615817 0.690310772111 0.0647622276346 
1.51120653009 1.03572248532 0.690481656878 0.064491747494 
1.50890434444 1.03666770871 0.69111180581 0.0646735021867 
1.5111697249 1.0360821865 0.690721457667 0.0644996747251 
1.50326586683 1.03741265681 0.691608437874 0.064959063874 
1.49631615252 1.03863333099 0.692422220662 0.06441657753 
1.48594680839 1.03924260331 0.69282840221 0.063377862371 
1.47739516397 1.03408952957 0.689393019712 0.0613960731559 
1.48751220642 1.01565498639 0.677103324258 0.0548617959154 
1.47279241933 1.01035779003 0.673571860017 0.0516071587979 
1.46645497936 1.00756064583 0.671707097217 0.049175787468 
1.4628270195 1.00276968533 0.668513123553 0.0460126911092 
1.46149621997 0.997742454402 0.665161636268 0.0440728072097 
1.48091674492 0.980287557933 0.653525038622 0.0387095691385 
1.46584121401 0.971530498573 0.647686999049 0.0359242364373 
1.42772051782 0.957433789182 0.638289192788 0.0312246128117 
1.4122199051 0.931642855763 0.621095237176 0.0249088431126 
1.34929019928 0.900054112241 0.600036074828 0.0186766409388 
1.26811893563 0.83708289349 0.558055262327 0.0114370753791 
1.23101465262 0.774799622352 0.516533081568 0.00640211091286 
0.954513452013 0.546142950116 0.364095300078 0.00300341310021 
1.01204484374 0.491109133206 0.327406088804 0.00236798061341 
0.961071968857 0.224634081777 0.149756054518 0.00810811865903 
1.06622966414 3.06726721307e-17 2.04484480871e-17 0.0129052993528 
1.1414658332 4.55467976931e-22 3.03645317954e-22 0.0175187469871 
1.21111360043 2.02476718628e-24 1.34984479085e-24 0.0230885398661 
1.31501560099 -2.38880954873e-23 -1.59253969915e-23 0.021125865748 
1.35728092991 5.88439987744e-22 3.92293325163e-22 0.0233463221859 
1.41557774992 5.27984783567e-23 3.51989855711e-23 0.021979913245 
1.44628229774 -1.76964321137e-23 -1.17976214091e-23 0.0208393425296 
1.47332560053 5.09773518316e-22 3.3984901221e-22 0.0224450886733 
1.49948261978 8.09800927352e-22 5.39867284902e-22 0.0197650478132 
1.51545717902 -3.75500604141e-22 -2.50333736094e-22 0.0197732904577 
1.54794292189 1.77019970544e-21 1.18013313696e-21 0.0167271907562 
1.56605521733 1.37008254804e-22 9.13388365359e-23 0.0151128833526 
1.57079632679 2.3721375005e-21 1.58142500033e-21 0.0151271119425 
1.57079632679 2.3721375005e-21 1.58142500033e-21 0.0151271119425 
1.57079632679 3.33188991474e-22 2.22125994316e-22 0.0171183610329 
1.57079632679 1.46123368207e-22 9.74155788049e-23 0.0157716590434 
1.57079632679 1.72481695382e-21 1.14987796922e-21 0.0122114566008 
1.57079632679 1.98859719637e-21 1.32573146425e-21 0.0131097695592 
1.57079632679 3.09430255563e-22 2.06286837042e-22 0.01558445076 
1.57079632679 -1.12168264691e-21 -7.4778843127e-22 0.0136040125699 
1.57079632679 -1.12168264691e-21 -7.4778843127e-22 0.0136040125699 
1.57079632679 1.73617584972e-22 1.15745056648e-22 0.0109359973286 
1.57079632679 -3.42284609338e-22 -2.28189739558e-22 0.011894752755 
1.57079632679 2.23959163712e-21 1.49306109141e-21 0.0130834620901 
1.57079632679 3.66803047039e-22 2.44535364693e-22 0.0156608684632 
1.57079632679 5.03016418927e-22 3.35344279285e-22 0.0168563116551 
1.57079632679 -6.55566066821e-22 -4.37044044547e-22 0.0177746556484 
1.57079632679 -6.55566066821e-22 -4.37044044547e-22 0.0177746556484 
1.57079632679 -6.55566066821e-22 -4.37044044547e-22 0.0177746556484 
1.57079632679 2.99245935113e-22 1.99497290076e-22 0.0154617108489 
1.57079632679 2.99245935113e-22 1.99497290076e-22 0.0154617108489 
1.57079632679 -5.48213660528e-22 -3.65475773685e-22 0.0165076507677 
1.57079632679 7.61407107172e-22 5.07604738115e-22 0.0194298726892 
1.57079632679 -9.38965917856e-22 -6.25977278571e-22 0.0179170869691 
1.56140815762 6.85204064825e-22 4.56802709883e-22 0.0207972694769 
1.52581074809 8.94961085209e-23 5.96640723473e-23 0.0260189367935 
1.50132124496 -2.36790227897e-23 -1.57860151931e-23 0.0289133433225 
1.45496338649 2.910365788e-22 1.94024385866e-22 0.0328428364889 
1.40802227835 -1.07300965988e-22 -7.15339773253e-23 0.0338296641009 
1.30961230061 7.32786274597e-23 4.88524183065e-23 0.0354925639259 
1.22638056408 2.69945012661e-19 1.79963341774e-19 0.0376242133653 
1.09290124401 -2.35935281573e-17 -1.57290187715e-17 0.0411792355276 
0.988217637813 0.027881248715 0.0185874991434 0.0386088310912 
0.878690575869 0.0624827016649 0.0416551344433 0.0424362579901 
0.955971480554 0.522338761713 0.348225841142 0.0220498671936 
0.92750429394 0.548132328152 0.365421552101 0.0225365881145 
0.933925357923 0.667874398537 0.445249599025 0.0186221164568 
0.890618387359 0.73141253439 0.48760835626 0.010504013238 
0.852032613607 0.799421761672 0.532947841115 0.00810439889506 
0.826017379647 0.853992756772 0.569328504514 0.0014448514564 
0.811330529098 0.889744396418 0.593162930946 0.00124228342973 
0.806458507635 0.902584296358 0.601722864239 0.000937488669302 
0.806191944065 0.899585689498 0.599723792999 -0.00295335668931 
0.803520630884 0.904110673088 0.602740448725 -0.00190348712078 
0.798581072994 0.918081150364 0.612054100243 -0.000659195537436 
0.796057973667 0.924594852657 0.616396568438 -0.0039752704426 
0.792588860688 0.935824676868 0.623883117912 -0.00414691356306 
0.790750156486 0.942126946617 0.628084631078 -0.00788013960619 
0.786472129718 0.960908681565 0.64060578771 -0.00741408785383 
0.784560118553 0.9735140797 0.649009386467 -0.00754583752991 
0.788675171532 0.955291858775 0.636861239184 -0.00991669587982 
0.788675171532 0.955291858775 0.636861239184 -0.00991669587982 
0.789868370451 0.949227014395 0.632818009597 -0.00668391207204 
0.789224858307 0.950694852335 0.633796568223 6.62404823308e-05 
0.785798386294 0.966698975588 0.644465983726 0.0074427862908 
0.779062603501 1.00574561603 0.670497077356 0.0195205172507 
1.40906798881 1.06696242736 0.711308284907 0.110643995206 
1.43810010415 1.08129945108 0.72086630072 0.135239823091 
1.44177635171 1.09146304625 0.72764203083 0.16483532077 
1.43414968648 1.08180039814 0.721200265424 0.173473042729 
1.40494614639 1.05933575448 0.706223836317 0.168454980386 
1.35774820252 1.02960757377 0.686405049177 0.15039204124 
1.26761589074 0.9791347633 0.652756508866 0.123199358805 
1.20160392744 0.932467773907 0.621645182604 0.104995738679 
1.12887522749 0.862893489261 0.575262326174 0.0871876466692 
0.936959991194 0.664778890953 0.443185927302 0.0770539074283 
1.00352248874 0.563070321794 0.375380214529 0.0653160490358 
0.963402348702 0.262833681997 0.175222454665 0.0679027222809 
1.0711780097 0.208554186966 0.139036124644 0.0306080858623 
1.13148766361 0.259764528264 0.173176352176 0.0157910921876 
1.51831018221 0.629680206272 0.419786804182 0.00488212991646 
1.54571149045 0.649005546934 0.432670364622 0.00463012206322 
1.57079632679 0.683882893107 0.455921928738 -0.00322375090729 
1.57079632679 0.72432675913 0.482884506087 -0.0135449198157 
1.57079632679 0.72432675913 0.482884506087 -0.0135449198157 
1.57079632679 0.732888383627 0.488592255752 -0.00924567780746 
1.57079632679 0.743438950287 0.495625966858 -0.00290461525753 
1.36788736444 0.676037045146 0.45069136343 -0.00505693097115 
1.11393594458 0.518733474032 0.345822316022 -0.00403544639415 
0.954246864717 0.54683227962 0.36455485308 0.0388107730346 
0.927645197979 0.574205898458 0.382803932306 0.0519913039385 
0.897162083417 0.609719383198 0.406479588798 0.0583603426785 
0.92065966276 0.716390175297 0.477593450198 0.0639476925316 
0.882243706681 0.787712847489 0.525141898326 0.0657146458035 
0.830972319544 0.917854088229 0.611902725486 0.068293358044 
0.828439262874 0.940614693656 0.627076462437 0.066712367452 
1.38917931078 1.02977898426 0.686519322838 0.123595562996 
1.43643571038 1.07181841821 0.714545612137 0.141281878206 
1.46358021578 1.09087580819 0.727250538795 0.146796913647 
1.47973506307 1.1043648255 0.736243216999 0.139947374146 
1.49228653623 1.10513490304 0.736756602024 0.119436691283 
1.48911341241 1.09831131384 0.732207542557 0.0994600881653 
1.46244695244 1.07603598306 0.717357322038 0.0691229206365 
1.4157394423 1.05212563815 0.701417092103 0.047933211435 
1.33570697908 0.988682211674 0.659121474449 0.0184843845144 
1.25934397872 0.943845245907 0.629230163938 0.00534870971337 
1.23277103991 0.903082379628 0.602054919752 -0.00183491102818 
1.21263187523 0.868472957615 0.578981971743 -0.0067528690895 
1.17484005461 0.8571934762 0.571462317466 -0.00788157896105 
1.0736565955 0.79120619891 0.527470799274 -0.0105620062719 
0.93981349357 0.644702730216 0.429801820144 -0.0064345068431 
0.968720676787 0.605222757912 0.403481838608 0.000751094618585 
0.99390769713 0.572772510868 0.381848340578 0.0129291347268 
0.99673677034 0.565550395278 0.377033596852 0.0255726529952 
0.977637155802 0.581530911225 0.38768727415 0.0424830231428 
0.959310936313 0.600149764382 0.400099842921 0.0586932652228 
0.950345090516 0.610239896919 0.406826597946 0.0647553588099 
0.941120824693 0.622264580073 0.414843053382 0.0725177223884 
0.892931593709 0.687059432912 0.458039621941 0.0823915212537 
0.866512168004 0.731749717239 0.487833144826 0.0849249177268 
0.584147735101 0.696865436999 0.464576958 0.11082120528 
0.389660657989 0.720085668954 0.480057112636 0.138687316171 
0.194057457017 0.703596493528 0.469064329018 0.187333450961 
0.0322169225149 0.664872066885 0.44324804459 0.296485271768 
-1.04083408559e-17 0.665537647661 0.443691765107 0.296176424571 
2.91969486363e-21 0.640600179424 0.427066786283 0.282679564263 
2.9229714157e-21 0.553649940609 0.369099960406 0.243323426088 
0.0255421299245 0.452787170671 0.301858113781 0.160828401244 
0.154928142089 0.348887750799 0.232591833866 0.105526045011 
0.272830177705 0.472731944542 0.315154629694 -0.0681159937449 
0.309381864376 0.464606624569 0.309737749712 -0.0649803100226 
0.314355242522 0.544496287404 0.362997524936 -0.0483941658854 
0.286472865361 0.493700424664 0.329133616443 -0.0611660914257 
0.22808027872 0.533632134209 0.355754756139 -0.0652176819789 
0.165275755622 0.453007379737 0.302004919825 -0.163291185262 
0.0760442223404 0.51192692668 0.341284617786 -0.186126468586 
5.18646079046e-17 0.599999062245 0.39999937483 -0.220549882017 
3.57463046842e-21 0.692922485731 0.461948323821 -0.279359222257 
3.86821529923e-21 0.760512780166 0.507008520111 -0.322986679048 
3.86821529923e-21 0.760512780166 0.507008520111 -0.322986679048 
3.86821529923e-21 0.760512780166 0.507008520111 -0.322986679048 
-1.89109408501e-19 0.73322396631 0.48881597754 0.523598775598 
2.39401404816e-21 0.720810204941 0.480540136627 0.523598775598 
-8.32091089898e-21 0.820768024775 0.547178683183 0.283848396904 
0.0398861438144 0.726989737404 0.484659824936 0.390024143571 
0.148908598056 0.744933167885 0.496622111923 0.270173887657 
0.350943398154 0.756653144265 0.50443542951 0.181189854896 
0.478036120901 0.732276363392 0.488184242261 0.156380437797 
0.608338275621 0.682814936994 0.455209957996 0.135600322121 
0.69327937059 0.701779281663 0.467852854442 0.117839002792 
0.659257496317 0.606558708907 0.404372472605 0.115913585264 
0.645061487851 0.574316587242 0.382877724828 0.110498123075 
0.644811817296 0.544537332143 0.363024888095 0.0984095548315 
0.624332214614 0.464111329689 0.309407553126 0.07354989392 
0.586434715608 0.341735429073 0.227823619382 0.0592710752969 
0.577620315383 0.237272883845 0.158181922563 0.043256296126 
0.562427100826 0.038951795506 0.0259678636707 0.0257714378236 
0.586854496703 -3.31926247416e-18 -2.21284164944e-18 -0.0496291609281 
0.622391606806 4.81379542557e-22 3.20919695038e-22 -0.0637721625164 
0.631088699019 -1.63525342082e-23 -1.09016894722e-23 -0.0624579896019 
0.677645293552 3.03700258923e-22 2.02466839282e-22 -0.0574864154283 
0.742937973515 5.4626407573e-22 3.64176050487e-22 -0.0259042607902 
0.790986045668 -4.7256320541e-23 -3.1504213694e-23 -0.00672048106576 
0.839054197872 0.00505933311164 0.00337288874109 0.0416255212517 
0.828687879036 0.0182183816282 0.0121455877521 0.0706431116931 
0.959656102027 0.448726528662 0.299151019108 0.047631689774 
0.923863442087 0.474976986713 0.316651324475 0.058484567569 
0.950208338886 0.591792245656 0.394528163771 0.0618092442556 
0.913842105291 0.6344626453 0.422975096867 0.0696535096795 
0.879120932795 0.67989884602 0.453265897347 0.0743628396816 
0.851362092221 0.717735534345 0.47849035623 0.0736470726739 
0.479031015253 0.454844778559 0.303229852373 0.169524174308 
0.326842537845 0.519528427955 0.346352285303 0.231525335809 
0.215706735946 0.563878047279 0.375918698186 0.301099879635 
0.0861486435281 0.645952717272 0.430635144848 0.349700131157 
-9.73103596749e-17 0.683456108996 0.455637405997 0.365819975466 
4.31581097131e-21 0.692396415474 0.461597610316 0.369678597424 
4.31581097131e-21 0.692396415474 0.461597610316 0.369678597424 
8.89032939651e-21 0.680245865181 0.453497243454 0.365188644186 
8.89032939651e-21 0.680245865181 0.453497243454 0.365188644186 
8.89032939651e-21 0.680245865181 0.453497243454 0.365188644186 
8.89032939651e-21 0.680245865181 0.453497243454 0.365188644186 
8.89032939651e-21 0.680245865181 0.453497243454 0.365188644186 
3.04158917386e-21 0.636192268016 0.424128178677 0.345098950396 
3.79699586258e-21 0.603684183142 0.402456122095 0.329658480477 
0.0441163057589 0.532226955418 0.354817970278 0.341883232074 
0.139639081453 0.390894343023 0.260596228682 0.523598775598 
0.194222868809 0.3243902699 0.216260179933 0.523598775598 
0.20453095163 0.327861455754 0.218574303836 0.523598775598 
0.200679670899 0.344514487188 0.229676324792 0.523598775598 
0.185292092056 0.377344963988 0.251563309325 0.523598775598 
0.15186311287 0.458063417717 0.305375611812 0.523598775598 
0.113977039419 0.54377443306 0.362516288706 0.523598775598 
0.0413901985081 0.72364584926 0.482430566173 0.523598775598 
0.592325801519 1.16429342086 0.776195613908 0.0720764129596 
0.518472220653 1.23287499438 0.821916662923 0.0878991872503 
0.435235769091 1.30731476898 0.871543179318 0.100224999033 
0.434501590955 1.32777104651 0.885180697674 0.105888042552 
0.317024751622 1.40974343815 0.939828958767 0.105323198578 
0.780924638765 1.41724174685 0.944827831235 0.330353939981 
0.739515621356 1.49001648703 0.993344324685 0.312785466617 
0.672051061542 1.58994206107 1.05996137404 0.197353463598 
0.684168033084 1.63932071517 1.09288047678 0.0658208896246 
0.86592217153 1.56999825098 1.04666550066 -0.523598775598 
0.881782496291 1.59761060186 1.06507373457 -0.523598775598 
0.899075419962 1.62213718052 1.08142478701 -0.523598775598 
0.920460106238 1.65849801793 1.10566534529 -0.49715343054 
0.937480938396 1.68438120737 1.12292080492 -0.457542334122 
0.966516694577 1.70611268528 1.13740845685 -0.423935248651 
0.989111490189 1.71962948902 1.14641965934 -0.404028874587 
1.01784481209 1.73371635939 1.15581090626 -0.383661357752 
1.038700814 1.74351846071 1.16234564047 -0.371925031261 
1.05507921072 1.75046786666 1.16697857778 -0.364354656391 
1.07044131244 1.75583196564 1.17055464376 -0.358530520388 
1.06331192268 1.7532166244 1.16881108293 -0.362099465589 
1.0194147671 1.73056642095 1.1537109473 -0.390156658761 
0.920040812976 1.62331112827 1.08220741885 -0.523598775598 
0.843319662979 1.50475964107 1.00317309404 -0.523598775598 
0.607883136809 1.44885215915 0.965901439433 0.232212134212 
0.520627404277 1.23205010758 0.821366738389 0.0960986303029 
0.665354525871 1.0925149341 0.728343289397 0.0567322841516 
0.403458799741 0.895491856972 0.596994571315 0.0286006804273 
0.3093298421 0.786399908169 0.524266605446 0.0296469210029 
0.20264288642 0.617073098884 0.411382065923 0.0402467878442 
0.140434030587 0.485345602634 0.323563735089 0.0965136867234 
0.0901834691835 0.46078179892 0.307187865947 0.0906998942869 
0.0126419552604 0.371173601927 0.247449067952 -0.0620863532497 
-1.74072618516e-18 0.446771969698 0.297847979798 -0.0590606853475 
2.87845707962e-21 0.52287942182 0.348586281213 -0.0990969611938 
-4.64667502204e-21 0.525331139643 0.350220759762 -0.271362301674 
-4.64667502204e-21 0.525331139643 0.350220759762 -0.271362301674 
-4.64667502204e-21 0.525331139643 0.350220759762 -0.271362301674 
-4.64667502204e-21 0.525331139643 0.350220759762 -0.271362301674 
-4.64667502204e-21 0.525331139643 0.350220759762 -0.271362301674 
-2.81662889317e-21 0.543531641435 0.362354427623 -0.279628078097 
-8.57170538259e-21 0.507633188901 0.338422125934 -0.262383364165 
6.25252216441e-21 0.528493656267 0.352329104178 -0.263178459119 
6.25252216441e-21 0.528493656267 0.352329104178 -0.263178459119 
6.25252216441e-21 0.528493656267 0.352329104178 -0.263178459119 
6.25252216441e-21 0.528493656267 0.352329104178 -0.263178459119 
6.25252216441e-21 0.528493656267 0.352329104178 -0.263178459119 
6.31662178492e-21 0.543227580647 0.362151720431 -0.348657412913 
1.98501749761e-21 0.549289696035 0.36619313069 -0.479184463677 
1.42962180823e-19 0.566468114032 0.377645409354 -0.523598775598 
1.45484663339e-21 0.576496382417 0.384330921612 -0.523598775598 
-8.21140372969e-22 0.58564370007 0.39042913338 -0.523598775598 
2.79871201276e-21 0.601215230175 0.40081015345 -0.523598775598 
3.97507476293e-21 0.646595164739 0.431063443159 -0.523598775598 
0.248793686255 1.23315273722 0.822101824816 0.047775916406 
0.250076875013 1.34001386196 0.893342574642 0.0695718015602 
0.0882268257364 1.41754960671 0.945033071139 0.0733702180376 
-4.26208740543e-17 1.49879232978 0.99919488652 0.0694361001319 
8.62856801595e-19 1.5718898139 1.0479265426 0.0649282376108 
1.54645319004e-20 1.58961038275 1.05974025517 0.065396163632 
0.865748895151 1.55809845014 1.0387323001 -0.523598775598 
0.913990485407 1.58754825541 1.0583655036 -0.523598775598 
0.951890392451 1.60821521242 1.07214347494 -0.523598775598 
0.987108751676 1.62659202634 1.08439468423 -0.519364834799 
1.02607551529 1.65373216321 1.1024881088 -0.469517983375 
1.04202833959 1.66018894701 1.10679263134 -0.456285992121 
1.09331414475 1.68220810761 1.12147207174 -0.420834785992 
1.15969319936 1.70439080985 1.1362605399 -0.390936725139 
1.1988373047 1.71742312609 1.14494875073 -0.379628872018 
1.22933736878 1.72795911236 1.15197274158 -0.374550692892 
1.2399191571 1.73096712034 1.15397808023 -0.37413833025 
1.24792762108 1.73276482292 1.15517654861 -0.374569886941 
1.25355592963 1.73354969797 1.15569979864 -0.374810099012 
1.25766872551 1.73321002444 1.15547334963 -0.375259602856 
1.26244828384 1.73392466284 1.15594977523 -0.375429613532 
1.26585822208 1.73461254217 1.15640836145 -0.375031739136 
1.26902873245 1.73629922981 1.15753281988 -0.374750480819 
1.26994717611 1.73655994944 1.15770663296 -0.374417990344 
1.27015183989 1.73734252626 1.15822835084 -0.3735447931 
1.26938456915 1.73657295501 1.15771530334 -0.373706502084 
1.26792133012 1.7381303782 1.15875358547 -0.373076044093 
1.26594982603 1.73835152933 1.15890101955 -0.372452209127 
1.26452307488 1.73769121976 1.15846081317 -0.372203380562 
1.26322531174 1.73873304138 1.15915536092 -0.371647310758 
1.26215900477 1.7384471667 1.1589647778 -0.371455211144 
1.2591654861 1.73879142143 1.15919428095 -0.37158056951 
1.25641870352 1.73852333219 1.15901555479 -0.371671069087 
1.25325955703 1.73832609879 1.15888406586 -0.371898294791 
1.24657090183 1.73688525841 1.1579235056 -0.372625668063 
1.23585132078 1.73738669489 1.15825779659 -0.373599227386 
1.18133836414 1.72822842756 1.15215228504 -0.386110403818 
1.10697364342 1.69942923601 1.13295282401 -0.420927571417 
1.01601747216 1.64307236267 1.09538157511 -0.506848081077 
0.964882063484 1.60302437063 1.06868291375 -0.523598775598 
0.919468776025 1.56771519398 1.04514346265 -0.523598775598 
0.855215589796 1.49654761447 0.997698409645 -0.523598775598 
0.678216459479 1.50611388657 1.00407592438 0.306042846283 
0.315499139974 1.4306715783 0.9537810522 0.163124307522 
0.456789385834 1.30239886853 0.868265912354 0.1701632632 
0.614551472348 1.14771833334 0.765145555562 0.126980312275 
0.695081336964 1.06390526093 0.709270173951 0.0958430555626 
0.742587804774 1.01036527221 0.673576848143 0.0766748580823 
0.750466402426 0.946123478532 0.630748985688 0.055378248822 
0.803412630962 0.933419552533 0.622279701689 0.0477542797347 
0.806638617435 0.917582767539 0.611721845026 0.0419464245876 
0.807288358427 0.914231461953 0.609487641302 0.040796938043 
0.805252894516 0.921677069074 0.614451379383 0.0427013990295 
0.801722345083 0.937026089353 0.624684059568 0.0408240666119 
0.796682120294 0.967598699483 0.645065799656 0.0409627208368 
0.795895853679 0.978749773086 0.652499848724 0.0379988076264 
1.36949543665 1.03167583245 0.687783888297 0.086748831334 
1.39161265561 1.03756062268 0.691707081789 0.0896579669365 
1.40733931901 1.04217948601 0.694786324007 0.0944141395497 
1.41911049811 1.04978395307 0.699855968712 0.10412912713 
1.4337806218 1.04971113488 0.699807423253 0.106090597809 
1.42769638711 1.05573973312 0.703826488747 0.107905857347 
1.43301130719 1.05435992051 0.702906613676 0.108023408627 
1.42237979475 1.05814707003 0.705431380018 0.110032019246 
1.42715086164 1.05643439561 0.704289597075 0.109566938975 
1.42816344277 1.05772583985 0.705150559899 0.111037732565 
1.43029946276 1.05664056315 0.704427042098 0.109216933652 
1.41863558924 1.05952907163 0.706352714423 0.109339782125 
1.38760749885 1.0627304269 0.708486951268 0.106532142133 
1.34720789544 1.06175540861 0.70783693907 0.0979776516012 
1.30208756868 1.06314175009 0.708761166725 0.0911355158266 
1.21195719729 1.07092121298 0.713947475318 0.0821610453351 
1.11563992634 1.08346572697 0.722310484644 0.0773414742164 
0.928401502447 1.11165536729 0.741103578191 0.0713148276603 
0.609607769989 1.14746744362 0.764978295748 0.0636794856731 
0.544122103781 1.2093073917 0.806204927801 0.0817492368079 
0.422023672951 1.32150441526 0.881002943506 0.114146190529 
0.303847498061 1.42704977444 0.951366516295 0.125679236404 
0.699421150564 1.4768073443 0.984538229532 0.332154121937 
0.622577726982 1.58093942663 1.05395961775 0.233533356805 
0.672901949149 1.66178803539 1.10785869026 -0.0331475874562 
0.857343714237 1.59068997023 1.06045998016 -0.523598775598 
0.964332081156 1.66339190755 1.10892793836 -0.480409392158 
1.02426060206 1.69219545376 1.12813030251 -0.425469576524 
1.09169200024 1.70777991483 1.13851994322 -0.392861902046 
1.14778141643 1.71868969884 1.14579313256 -0.375862660582 
1.16131729455 1.72157336485 1.14771557656 -0.372720868976 
1.18800909195 1.72585781268 1.15057187512 -0.367671326297 
1.20041197527 1.72820405661 1.15213603774 -0.365695953413 
1.20692226486 1.72975204542 1.15316803028 -0.364054382521 
1.20764766029 1.73077572054 1.15385048036 -0.363042834252 
1.2068344091 1.73099913033 1.15399942022 -0.362776769518 
1.20348161436 1.7305942682 1.15372951213 -0.3625790363 
1.19938599635 1.73051455074 1.15367636716 -0.362859526647 
1.18987317634 1.72884991312 1.15256660875 -0.364632168692 
1.14896333172 1.72177441977 1.14784961318 -0.376715418934 
1.0966323353 1.70254893847 1.13503262565 -0.401759833896 
0.999517760639 1.6293049398 1.0862032932 -0.514980782611 
0.927856505789 1.56794447899 1.04529631932 -0.523598775598 
0.8462931538 1.47738080518 0.98492053679 -0.523598775598 
0.168794613198 1.55094650382 1.03396433588 0.113900962808 
0.451895765651 1.30928113278 0.872854088522 0.178617281062 
0.460628000245 1.27390679209 0.84927119473 0.163594699617 
0.599941427262 1.16330236128 0.775534907517 0.140862227841 
0.709958957393 1.04774771114 0.698498474095 0.0943968507175 
0.762522330099 0.986490203042 0.657660135361 0.0689720396853 
0.770239845636 0.934080379184 0.622720252789 0.0476513295315 
0.774295720551 0.915552940871 0.610368627247 0.0342923744735 
0.766379631726 0.938306736906 0.625537824604 0.0220670007381 
0.76542778838 0.936120214083 0.624080142722 0.0159957702998 
0.761139351505 0.946894516075 0.631263010717 0.0117329610055 
0.757805468411 0.953145801807 0.635430534538 0.00789919553388 
0.753820051443 0.963059857448 0.642039904965 0.00892341811402 
0.750781812712 0.969450987618 0.646300658412 0.00964503149423 
0.748028133262 0.975066747267 0.650044498178 0.0103600081087 
0.747614112449 0.968340705206 0.645560470137 0.0079350572327 
0.747614112449 0.968340705206 0.645560470137 0.0079350572327 
0.747614112449 0.968340705206 0.645560470137 0.0079350572327 
0.74689715263 0.961072045097 0.640714696731 0.0029970366755 
0.746260810506 0.950659603903 0.633773069269 -0.00274948024889 
0.0615173032268 0.33271341142 0.221808940947 0.00228611422148 
0.0554385331748 0.39136830409 0.260912202727 0.0320894442344 
0.0516200130999 0.360531574088 0.240354382725 0.0182680121901 
0.0427670605043 0.463313212616 0.308875475077 0.0157430454933 
0.0254680438435 0.531492981071 0.354328654047 0.101158899843 
0.0205940792165 0.553157328927 0.368771552618 0.105961769746 
0.0173814370564 0.585971114717 0.390647409811 0.171338686402 
0.00534112446491 0.656176780684 0.437451187123 0.247964785624 
0.0110232437897 0.685676226511 0.457117484341 0.262635747486 
0.0275201435841 0.699982049674 0.466654699783 0.33657753695 
0.0529010184283 0.715039587452 0.476693058301 0.345596253271 
0.112207255206 0.658997463777 0.439331642518 0.397933106293 
0.146386857191 0.652081686085 0.434721124057 0.392581956122 
0.177334898523 0.637492367101 0.424994911401 0.382346511425 
0.244024959233 0.675649900781 0.450433267188 0.291577005197 
0.288673790881 0.570429293499 0.380286195666 0.337763446369 
0.343717645855 0.578195868735 0.38546391249 0.293622221812 
0.379203254972 0.514228114708 0.342818743138 0.304397090279 
0.415325584081 0.538244269633 0.358829513089 0.257360799691 
0.41397394817 0.522357912259 0.348238608173 0.248947411351 
0.428446567943 0.494431525289 0.329621016859 0.229970390338 
0.454696795582 0.434621905746 0.289747937164 0.207856170931 
0.523471066722 0.258727540466 0.172485026977 0.188205031616 
0.546604512958 0.130355343929 0.0869035626197 0.190796390488 
0.536176179986 0.0696267489438 0.0464178326292 0.134113079921 
0.537528665331 2.59361460649e-18 1.72907640433e-18 0.0757102534315 
0.556737472399 1.00593207627e-21 6.70621384181e-22 -0.0258259018928 
0.634597858366 -4.01662148626e-22 -2.6777476575e-22 -0.0671689748937 
0.693988516942 -5.18012351706e-22 -3.45341567804e-22 -0.0518808143075 
0.758383394689 3.17914328116e-22 2.1194288541e-22 -0.0168232961575 
0.846399459076 0.214817717887 0.143211811925 0.0152609927868 
0.958385761001 0.471154505804 0.31410300387 0.0383323031677 
0.935653680643 0.489665395592 0.326443597061 0.0577999639367 
0.897675975102 0.523223657824 0.348815771883 0.0761946009348 
0.83728871784 0.599515931282 0.399677287521 0.0973033333635 
0.729742215747 0.608193567451 0.4054623783 0.121892552081 
0.64225482182 0.609924181453 0.406616120969 0.142053030741 
0.532065749001 0.629480872603 0.419653915068 0.17061052287 
0.369166787851 0.642322550773 0.428215033849 0.218111892853 
0.0724336110765 0.664930611733 0.443287074489 0.351431510072 
-1.86279295841e-18 0.712332197611 0.474888131741 0.306138602598 
6.31613991867e-21 0.696263758028 0.464175838685 0.293638670784 
2.33085305378e-21 0.664670923383 0.443113948922 0.271874896474 
1.24269452729e-21 0.642266790983 0.428177860656 0.254846908799 
7.5874710862e-21 0.606746320546 0.404497547031 0.232698385444 
-3.76716765714e-21 0.578765524262 0.385843682842 0.213485674671 
1.53481100186e-21 0.547674491093 0.365116327395 0.189714637266 
-9.49656917142e-21 0.580040455609 0.386693637073 0.187556752055 
4.2583622531e-21 0.53965363968 0.35976909312 0.16578922 
0.0170938049184 0.418220823939 0.278813882626 0.034485500684 
0.155640203666 0.20487792859 0.136585285726 0.120241703185 
0.252128065333 0.135110716499 0.0900738109991 0.265693763505 
0.349306956499 0.0282799050259 0.0188532700173 0.362327388762 
0.421234000526 -3.14531965951e-18 -2.09687977301e-18 0.239979789821 
0.464418279981 5.80497834141e-22 3.86998556094e-22 0.236280331498 
0.686132663848 0.431572243574 0.287714829049 -0.0144993164292 
0.87486444217 0.623607896249 0.415738597499 0.00353470519559 
0.919291596927 0.718050800387 0.478700533592 0.0395117280113 
0.906082629861 0.742796701563 0.495197801042 0.0476866072642 
0.865532631068 0.830384196012 0.553589464008 0.0780139307249 
0.772953768401 0.976500530765 0.651000353844 0.135493207418 
0.655153570318 1.11443728044 0.742958186962 0.205129356837 
0.523863277932 1.27058085303 0.847053902023 0.275302600007 
0.521903608497 1.36095153715 0.907301024768 0.318676343389 
0.536016536433 1.44849506859 0.965663379059 0.332899725299 
0.557953948009 1.51099759433 1.00733172955 0.320958062783 
0.560067827482 1.57632474296 1.05088316197 0.257243960483 
0.608130845935 1.63025883944 1.08683922629 0.164513852674 
0.642776010315 1.64249686415 1.09499790943 0.128025959739 
0.861286777274 1.5629675019 1.0419783346 -0.523598775598 
0.893555366544 1.60078846597 1.06719231065 -0.523598775598 
0.927062420821 1.62655856432 1.08437237621 -0.523598775598 
0.983315781424 1.66390697242 1.10927131495 -0.50978828908 
1.03544978553 1.70346658206 1.13564438804 -0.443509102589 
1.08577071446 1.72771520711 1.15181013808 -0.40457063271 
1.12639206872 1.74276553483 1.16184368989 -0.382978328109 
1.13775919363 1.74620167297 1.16413444864 -0.378196388962 
1.1635222763 1.75273439898 1.16848959932 -0.369371704878 
1.17902557605 1.75695732922 1.17130488615 -0.364139182392 
1.18059233274 1.75779484154 1.17186322769 -0.363155665478 
1.16716379856 1.75201782846 1.16801188564 -0.367930404343 
1.12391719432 1.73394896538 1.15596597692 -0.386753283376 
1.0026173576 1.63894773911 1.09263182607 -0.517083398542 
0.902948941465 1.52730041786 1.01820027857 -0.523598775598 
0.797130701148 1.42111491312 0.947409942081 0.377544027621 
0.511245092392 1.24592958726 0.830619724843 0.136892788909 
0.683823028021 1.07483711153 0.716558074352 0.0801874394983 
0.469571542769 0.889181733234 0.592787822156 0.0452745915462 
0.25815192662 0.699783700132 0.466522466755 0.0568068957699 
0.0997304608361 0.503860012174 0.335906674783 0.188413488791 
0.0333249874275 0.422723905009 0.281815936673 -0.224228426004 
1.88020319439e-18 0.380005089586 0.253336726391 -0.077549790882 
7.42829109505e-21 0.284669149116 0.189779432744 -0.0369612982562 
3.13269749637e-21 0.131377557124 0.0875850380828 -0.0125434042399 
1.37356577218e-21 0.0484221128423 0.0322814085615 -0.00919554241077 
-6.98173709356e-21 0.00171377465916 0.00114251643944 -0.0116629958969 
-9.17714531226e-21 0.0260408339144 0.0173605559429 -0.0142639444551 
-9.17714531226e-21 0.0260408339144 0.0173605559429 -0.0142639444551 
9.68409888587e-21 0.0019320952139 0.00128806347593 -0.00916507370316 
9.68409888587e-21 0.0019320952139 0.00128806347593 -0.00916507370316 
5.84504638059e-22 0.0394300471718 0.0262866981145 -0.00706625114341 
5.84504638059e-22 0.0394300471718 0.0262866981145 -0.00706625114341 
5.84504638059e-22 0.0394300471718 0.0262866981145 -0.00706625114341 
1.44131187163e-21 0.0813815368156 0.0542543578771 -0.00254807331426 
-5.52048956015e-20 -3.41986667723e-18 -2.27991111815e-18 -0.000936344382145 
-5.52048956015e-20 -3.41986667723e-18 -2.27991111815e-18 -0.000936344382145 
7.15240752863e-21 0.0394407332417 0.0262938221611 8.64116659053e-05 
-5.41033629021e-22 3.46944695195e-18 2.31296463464e-18 0.00207671421117 
7.83246124481e-21 0.0878853566071 0.0585902377381 -0.000177054823812 
-2.06649434649e-21 0.0449615145176 0.0299743430118 0.000886996598953 
-9.57554817388e-21 0.0084522145711 0.00563480971407 0.00264637558314 
3.06833948789e-21 0.0458455322583 0.0305636881722 0.00144872018589 
3.06833948789e-21 0.0458455322583 0.0305636881722 0.00144872018589 
-4.01984146198e-20 1.95303101102e-18 1.30202067401e-18 0.00477987218151 
-4.01984146198e-20 1.95303101102e-18 1.30202067401e-18 0.00477987218151 
-8.60038472257e-23 4.07068515511e-22 2.71379010341e-22 0.00277766078271 
-6.9874432293e-21 0.0582854709327 0.0388569806218 0.00200744037507 
-1.59844858091e-20 0.00161683452876 0.00107788968584 0.00242796147753 
3.61034002737e-08 5.24524102095e-07 3.4968273473e-07 1.42600538139e-08 
6.86351292622e-22 0.0650842121631 0.0433894747754 -0.00212916677025 
0.00343090332194 0.0549824818472 0.0366549878982 -0.00419663741356 
0.00534541833579 0.036580057203 0.024386704802 -0.00350348337288 
0.00762256833435 0.0193349168096 0.0128899445398 -0.0023796751049 
0.00973746898827 0.0504841434913 0.0336560956609 -0.00392974029705 
0.00809674983118 0.0597675363955 0.0398450242637 -0.00474146454329 
0.0094946306327 0.0823916033566 0.0549277355711 -0.00681954651678 
0.0191168717243 0.0809097947414 0.0539398631609 -0.00861507861643 
0.0416619601999 -4.52311440197e-19 -3.01540960131e-19 -0.00589707155973 
0.0373349759535 -1.75737294376e-21 -1.17158196251e-21 -0.00672267070601 
0.0459388708738 -2.35858791968e-22 -1.57239194645e-22 -0.00460778507004 
0.0511801046604 0.00710233624893 0.00473489083262 -0.00536761237822 
0.0731151076413 -3.56239439826e-18 -2.37492959884e-18 -0.00390054615807 
0.107123876125 7.31539759974e-22 4.87693173316e-22 -0.00707104773235 
0.145189371568 -6.76525188635e-22 -4.51016792423e-22 -0.00800367230118 
0.183119389271 -1.19225970839e-21 -7.94839805595e-22 -0.00972881782355 
0.214194844272 5.42030414856e-23 3.61353609904e-23 -0.0104839645132 
0.264701022512 -1.70136118616e-22 -1.13424079078e-22 -0.0108319882439 
0.274283174131 -2.44765684396e-22 -1.63177122931e-22 -0.0113138005605 
0.282284806411 8.40748376454e-22 5.60498917636e-22 -0.011836602375 
0.337330718494 3.3869269587e-22 2.2579513058e-22 -0.0125393802828 
0.37742875551 -1.92087764412e-21 -1.28058509608e-21 -0.0137244308585 
0.623860038004 -3.30131961273e-22 -2.20087974182e-22 -0.0109741448944 
0.731239533008 2.06926290255e-22 1.3795086017e-22 -0.0113304955536 
0.80428594199 -1.32407218124e-22 -8.82714787492e-23 -0.0106279969884 
0.881258677706 5.09849433711e-23 3.39899622474e-23 -0.00838796586681 
0.991961938104 6.56529863059e-08 4.37686575373e-08 -0.0103697038654 
1.03774608917 8.60285805512e-07 5.73523870342e-07 -0.0136907783813 
1.09934817 1.99183559409e-06 1.32789039606e-06 -0.0112672984344 
1.31816314291 0.379556315705 0.253037543803 -0.0025824229759 
1.30072495344 0.273704640289 0.182469760193 -0.00262665492218 
1.36176314566 0.270603611036 0.180402407358 -0.00354416059524 
1.3600991414 0.235369801029 0.156913200686 -0.00337998251357 
1.38197301982 0.18254382824 0.121695885493 -0.00296637699095 
1.39203391514 0.0684008500518 0.0456005667012 -0.00226058304393 
1.39729415453 0.00466829899761 0.00311219933174 -0.00187847687755 
1.41364606533 -2.12693888573e-18 -1.41795925715e-18 -0.00216081001144 
1.42150248871 5.63968275174e-22 3.75978850116e-22 0.000153461021967 
1.44005181487 -3.05784373857e-22 -2.03856249238e-22 -0.00107074586549 
1.43996075387 2.3177964312e-22 1.5451976208e-22 -0.000210507993578 
1.44710599354 -5.81545474193e-22 -3.87696982795e-22 -0.00142972190269 
1.45328838813 5.6246674331e-22 3.74977828873e-22 -0.00138271700879 
1.45825898853 1.14836615271e-22 7.65577435142e-23 0.00094459994548 
1.46889522118 -3.80893436181e-23 -2.53928957454e-23 -0.00043889686408 
1.47009090156 7.24226859561e-22 4.82817906374e-22 -0.00074234824918 
1.47295539388 9.102236786e-22 6.06815785733e-22 -0.000429759956844 
1.46757491449 -3.45174071722e-23 -2.30116047815e-23 0.00084160038427 
1.4704156027 7.69859617398e-23 5.13239744932e-23 0.000441268505905 
1.47865102731 -9.25349108418e-22 -6.16899405612e-22 -0.00120011828572 
1.4681419394 7.87634082562e-22 5.25089388375e-22 0.00137680498225 
1.46399795589 -4.80484367472e-22 -3.20322911648e-22 0.00330336682701 
1.45945812394 2.75585765094e-22 1.83723843396e-22 0.00508213936978 
1.47083822715 1.30958118271e-21 8.73054121809e-22 0.00150747291516 
1.45793254979 3.27410690358e-22 2.18273793572e-22 0.00408516773779 
1.45793254979 3.27410690358e-22 2.18273793572e-22 0.00408516773779 
1.47118233811 2.17378599357e-22 1.44919066238e-22 0.000497842837933 
1.45403371309 -2.55145385625e-20 -1.7009692375e-20 0.00276809637415 
1.43669962849 7.16190152051e-22 4.77460101367e-22 0.00440348390355 
1.41128488199 -9.56963977331e-21 -6.37975984887e-21 0.00707844064866 
1.37910944865 -7.86536435768e-22 -5.24357623845e-22 0.00957591524113 
1.36618884181 1.07156412365e-21 7.14376082432e-22 0.00762039034866 
1.33786346913 4.2284723399e-19 2.81898155993e-19 0.00745944961251 
1.2969482264 6.2518956857e-21 4.16793045713e-21 0.0101745128783 
1.2561618358 2.75928100724e-19 1.83952067149e-19 0.0116089382201 
1.19550171807 -3.02330621489e-17 -2.0155374766e-17 0.0177419605384 
1.10417533169 2.69995419132e-18 1.79996946088e-18 0.020237494559 
1.09585514594 8.98033421104e-21 5.98688947403e-21 0.0179066028195 
1.05435234904 0.01120105012 0.00746736674664 0.0179446661411 
1.00059587528 0.0271942824849 0.0181295216566 0.0181323483966 
0.952333729118 0.0423499383553 0.0282332922369 0.0213675645976 
0.916701721612 0.0539074262593 0.0359382841729 0.0198761334329 
0.843635799016 0.0775798456641 0.0517198971094 0.0205823094993 
0.778962455447 -1.93670746245e-16 -1.2911383083e-16 0.0044046939389 
0.668149196641 -4.49346184047e-18 -2.99564122698e-18 0.0127711660883 
0.594583817731 5.31690934676e-18 3.54460623117e-18 0.00270648886407 
0.477802253582 -1.73078472761e-18 -1.15385648507e-18 -0.00854610923539 
0.384805835262 2.86364265145e-17 1.90909510097e-17 -0.0159479602215 
0.143607390024 -2.42274800447e-17 -1.61516533631e-17 0.0159375805271 
0.0606748029961 -4.92559293134e-18 -3.28372862089e-18 0.0178704461895 
-6.31760474509e-18 -1.2888227413e-17 -8.59215160868e-18 0.016386938462 
-1.06351260289e-20 0.0393441930357 0.0262294620238 0.0238757673882 
-1.06351260289e-20 0.0393441930357 0.0262294620238 0.0238757673882 
4.6790978397e-21 0.0324409753413 0.0216273168942 0.0356219433957 
4.6790978397e-21 0.0324409753413 0.0216273168942 0.0356219433957 
4.6790978397e-21 0.0324409753413 0.0216273168942 0.0356219433957 
4.6790978397e-21 0.0324409753413 0.0216273168942 0.0356219433957 
4.6790978397e-21 0.0324409753413 0.0216273168942 0.0356219433957 
4.6790978397e-21 0.0324409753413 0.0216273168942 0.0356219433957 
4.6790978397e-21 0.0324409753413 0.0216273168942 0.0356219433957 
4.6790978397e-21 0.0324409753413 0.0216273168942 0.0356219433957 
4.6790978397e-21 0.0324409753413 0.0216273168942 0.0356219433957 
4.6790978397e-21 0.0324409753413 0.0216273168942 0.0356219433957 
-7.63917714931e-21 2.86359439379e-18 1.90906292919e-18 0.0465313168735 
-7.63917714931e-21 2.86359439379e-18 1.90906292919e-18 0.0465313168735 
1.63737488416e-20 0.0895001759692 0.0596667839794 0.033747287291 
9.95087236999e-21 0.105832450952 0.0705549673013 0.0561656153314 
9.95087236999e-21 0.105832450952 0.0705549673013 0.0561656153314 
9.95087236999e-21 0.105832450952 0.0705549673013 0.0561656153314 
5.46024152669e-21 0.133181831376 0.0887878875842 0.037276811398 
9.29277781615e-21 0.314632098694 0.209754732463 0.0667524583894 
9.29277781615e-21 0.314632098694 0.209754732463 0.0667524583894 
9.29277781615e-21 0.314632098694 0.209754732463 0.0667524583894 
9.92731428062e-21 0.453118976275 0.302079317516 0.0824749937857 
4.20194090592e-21 0.476570798989 0.317713865993 0.183530678389 
0.0242878273739 0.4742010923 0.316134061533 0.322627906522 
0.098485119706 0.385247621649 0.256831747766 0.397098554317 
0.175682842113 0.299200423336 0.19946694889 0.515125091268 
0.25932368864 0.22430686226 0.149537908173 0.523598775598 
0.273360556575 0.212089041721 0.141392694481 0.523598775598 
0.346469319571 0.130071163797 0.086714109198 0.523598775598 
0.392007016788 0.0793631163209 0.052908744214 0.523598775598 
0.424293295366 0.0522563254533 0.0348375503022 0.523598775598 
0.440639838166 0.0536033871161 0.0357355914107 0.523598775598 
0.451126089946 0.0515961875854 0.0343974583903 0.523598775598 
0.451126089946 0.0515961875854 0.0343974583903 0.523598775598 
0.451126089946 0.0515961875854 0.0343974583903 0.523598775598 
0.391011481776 0.15956225545 0.106374836967 0.523598775598 
0.328838570475 0.281820412349 0.187880274899 0.523598775598 
0.270063018264 0.407507338116 0.271671558744 0.523598775598 
0.225984161972 0.529274878551 0.352849919034 0.523598775598 
0.188406656266 0.624793137185 0.416528758123 0.523598775598 
0.153525666357 0.735469189707 0.490312793138 0.523597464746 
0.634352392958 1.12349185005 0.7489945667 0.061533525923 
0.582291630455 1.1728337199 0.781889146601 0.062963150464 
0.535980590979 1.21554580889 0.81036387259 0.0654732438641 
0.45795693476 1.28304686803 0.855364578686 0.058555882322 
0.398425088351 1.33157957645 0.887719717635 0.0547983292663 
0.322645426657 1.39180842324 0.927872282157 0.0402488226089 
0.591216737103 1.40651334916 0.93767556611 0.0849506123283 
0.756296778334 1.41513270847 0.943421805649 0.148030868943 
0.907356144421 1.4076687718 0.938445847869 0.259542034455 
1.01386793315 1.3760575777 0.917371718466 0.369742085308 
1.02567251764 1.40490627328 0.936604182185 0.371316550303 
0.981740838999 1.46400465659 0.976003104391 0.27829199573 
0.973465280546 1.48108963487 0.987393089911 0.246159449477 
1.07101227718 1.45540486178 0.970269907855 -0.523598775598 
1.08746817066 1.47443583479 0.982957223192 -0.523598775598 
1.10278902034 1.49513064829 0.996753765526 -0.523598775598 
1.11919722432 1.52040397583 1.01360265055 -0.523598775598 
1.13317832415 1.53634415168 1.02422943445 -0.523598775598 
1.1506172876 1.56222909518 1.04148606346 -0.510374695997 
1.16122610933 1.58289500762 1.05526333841 -0.478729158289 
1.1754367703 1.60647233556 1.07098155704 -0.446073715152 
1.18450435094 1.61800902502 1.07867268335 -0.431265414381 
1.19302937594 1.62500354332 1.08333569555 -0.422020083093 
1.20334186328 1.63253249049 1.08835499366 -0.412048391518 
1.21365117279 1.64251124838 1.09500749892 -0.401589884886 
1.22799896459 1.6545247802 1.10301652013 -0.390305112137 
1.24613829629 1.66875247034 1.1125016469 -0.378348511716 
1.24929816235 1.67144477462 1.11429651642 -0.376861361128 
1.25053130065 1.67215587414 1.11477058276 -0.376760358179 
1.24791978464 1.67263925641 1.1150928376 -0.378365474592 
1.23090843373 1.6661942296 1.11079615307 -0.387790708246 
1.19330710216 1.64770866842 1.09847244561 -0.412458443652 
1.17347131786 1.63245202837 1.08830135224 -0.432029360743 
1.12009303987 1.57179623761 1.04786415841 -0.523598775598 
1.05151327051 1.50373511439 1.00249007626 -0.523598775598 
0.999630776886 1.43726892334 0.958179282228 -0.519791201001 
0.718861794001 1.40281747196 0.935211647972 0.156786082872 
0.455103264355 1.28663096026 0.857753973508 0.0750445624982 
0.669268062012 1.08878667783 0.72585778522 0.0628792829913 
0.826501516054 0.900623504396 0.600415669598 0.0334299889078 
0.850826403751 0.811419967257 0.540946644838 0.0180612103122 
0.876189527865 0.755204969594 0.503469979729 0.00644233948492 
0.890847485325 0.731004242542 0.487336161695 0.00120501502655 
0.903837573676 0.710193209085 0.47346213939 -0.00402141814598 
0.91915341738 0.685517741078 0.457011827386 -0.00811788425564 
0.91915341738 0.685517741078 0.457011827386 -0.00811788425564 
0.929894397733 0.669072385246 0.446048256831 -0.01118086522 
0.924271188774 0.677134407967 0.451422938644 -0.010904835267 
0.92942169996 0.669039341121 0.446026227414 -0.0132992039415 
0.92171366558 0.679671573446 0.453114382297 -0.0119810791782 
0.907637416891 0.699797717061 0.466531811374 -0.0101847050837 
0.903555836029 0.705139707616 0.47009313841 -0.0122878033546 
0.898233212551 0.711981517933 0.474654345289 -0.0151677039543 
0.875985472744 0.744272794759 0.496181863173 -0.0150199516371 
0.858702834106 0.772115547415 0.514743698276 -0.0178371413967 
0.292034941302 -6.33917737718e-16 -4.22611825145e-16 0.0943534783413 
0.202209507808 2.17595797959e-18 1.45063865306e-18 0.0752086942075 
0.0957625223105 -2.31303707119e-18 -1.54202471412e-18 0.0633479680847 
0.0225864040513 2.10751451317e-21 1.40500967545e-21 0.0609121731092 
-6.07153216592e-18 2.49854321777e-21 1.66569547852e-21 0.0621283113729 
-6.07153216592e-18 2.49854321777e-21 1.66569547852e-21 0.0621283113729 
-1.14366587024e-20 0.00728208149587 0.00485472099724 0.0729498775852 
-1.06064631346e-20 0.164794241995 0.109862827996 0.0829022064727 
-1.06064631346e-20 0.164794241995 0.109862827996 0.0829022064727 
-1.06064631346e-20 0.164794241995 0.109862827996 0.0829022064727 
-1.06064631346e-20 0.164794241995 0.109862827996 0.0829022064727 
-1.06064631346e-20 0.164794241995 0.109862827996 0.0829022064727 
-1.06064631346e-20 0.164794241995 0.109862827996 0.0829022064727 
-1.06064631346e-20 0.164794241995 0.109862827996 0.0829022064727 
-1.06064631346e-20 0.164794241995 0.109862827996 0.0829022064727 
-1.06064631346e-20 0.164794241995 0.109862827996 0.0829022064727 
-1.06064631346e-20 0.164794241995 0.109862827996 0.0829022064727 
-1.06064631346e-20 0.164794241995 0.109862827996 0.0829022064727 
-1.06064631346e-20 0.164794241995 0.109862827996 0.0829022064727 
-1.06064631346e-20 0.164794241995 0.109862827996 0.0829022064727 
-1.06064631346e-20 0.164794241995 0.109862827996 0.0829022064727 
