0.0 0.0 0.0 0.0 
-7.09064160555e-21 0.317115390353 0.211410260235 0.309206174983 
1.16416927631e-20 0.332791541247 0.221861027498 0.303522762914 
1.48795809652e-20 0.357917396333 0.238611597556 0.29832848448 
4.81106562546e-21 0.387173465493 0.258115643662 0.29671887255 
-4.3581541395e-21 0.432270401143 0.288180267428 0.29360454136 
1.68089790474e-20 0.460618811477 0.307079207651 0.291953057026 
5.08561895978e-21 0.481022893206 0.320681928804 0.291288805099 
7.27545089734e-21 0.495166298057 0.330110865371 0.290493590482 
5.07204368435e-21 0.506598625582 0.337732417055 0.287754337946 
-5.04784437225e-21 0.49911217263 0.33274144842 0.284520704787 
-5.04784437225e-21 0.49911217263 0.33274144842 0.284520704787 
-5.04784437225e-21 0.49911217263 0.33274144842 0.284520704787 
-5.04784437225e-21 0.49911217263 0.33274144842 0.284520704787 
8.3569286843e-21 0.48339257639 0.322261717594 0.279577208444 
1.8724293475e-20 0.462457878521 0.308305252347 0.275635756854 
-8.29223059055e-22 0.443822306558 0.295881537706 0.273972062684 
5.63317778767e-21 0.436432480299 0.290954986866 0.27431810749 
5.63317778767e-21 0.436432480299 0.290954986866 0.27431810749 
5.63317778767e-21 0.436432480299 0.290954986866 0.27431810749 
-2.74802439716e-22 0.426777519612 0.284518346408 0.274546655893 
-2.74802439716e-22 0.426777519612 0.284518346408 0.274546655893 
7.2327680458e-21 0.44038653227 0.293591021514 0.273091738722 
-2.23544500554e-21 0.460450629464 0.306967086309 0.269018842974 
0.0218043748896 0.63301346493 0.42200897662 -0.185999155727 
0.0321945137871 0.638152648963 0.425435099309 -0.165175346648 
0.047920393685 0.662493814815 0.44166254321 -0.133338563136 
0.0631976214854 0.657137904073 0.438091936048 -0.132206361399 
0.0832869647307 0.648140306445 0.43209353763 -0.131286225079 
0.098012887055 0.656136433152 0.437424288768 -0.125196349745 
0.116657964569 0.666997577482 0.444665051655 -0.106713523907 
0.140807391076 0.685121847263 0.456747898175 -0.0769184673474 
0.192581566952 0.685635690362 0.457090460241 -0.0449787882767 
0.247673075107 0.711898090405 0.474598726937 -0.0287371450541 
0.282053116178 0.714933070104 0.476622046736 -0.0213241218616 
0.326413082177 0.715461484741 0.476974323161 -0.0182891726547 
0.365318727905 0.730155735328 0.486770490219 -0.015988161358 
0.401723363923 0.73245932749 0.488306218327 -0.0145573622994 
0.44027135478 0.730940460125 0.487293640083 -0.0149418168095 
0.478757679783 0.739654442286 0.493102961524 -0.0123875934591 
0.552773386248 0.745546190671 0.497030793781 -0.00589733202827 
0.610876970547 0.754329357458 0.502886238305 -0.00026401904438 
0.747787848478 0.774818637299 0.516545758199 0.0254383430459 
0.846570725352 0.783014298817 0.522009532545 0.046113697848 
0.851394372894 0.776399324643 0.517599549762 0.0528562335198 
0.890714942573 0.78061106132 0.520407374213 0.0610603817485 
0.897153090305 0.76744559526 0.51163039684 0.0699611404701 
0.902079307069 0.764988349838 0.509992233225 0.0865158839326 
0.907728591453 0.761851593606 0.507901062404 0.101199151027 
0.906655628509 0.772996963144 0.515331308762 0.119921431581 
0.909084496198 0.795160472158 0.530106981439 0.126672180118 
0.908339863325 0.805942544344 0.537295029563 0.141916772845 
0.907884837244 0.814961691638 0.543307794425 0.151422350062 
0.906658826278 0.826933250021 0.551288833347 0.165840489451 
0.905783323935 0.835593922215 0.55706261481 0.177048586112 
0.904945585932 0.846968187436 0.564645458291 0.186568852046 
0.901151439397 0.878341068602 0.585560712401 0.181861492544 
0.896772045709 0.918724687547 0.612483125031 0.182651760528 
0.888941372395 0.95929203622 0.639528024146 0.183636924379 
0.818067080864 1.00492273241 0.669948488273 0.177176419092 
0.815722658256 1.04098206703 0.693988044685 0.17287569711 
0.716474498833 1.11451926365 0.743012842437 0.151380693712 
0.631695946682 1.18109164038 0.787394426918 0.131224826237 
0.523227919624 1.24938278208 0.832921854721 0.0982398235217 
0.413690783484 1.31147149851 0.874314332343 0.0575590983456 
0.274850368703 1.3778081128 0.918538741868 0.00357004364874 
0.153705479404 1.42806047448 0.952040316318 -0.0460231966747 
0.0749179709493 1.46551468325 0.977009788833 -0.0904891539468 
-4.01730882725e-17 1.52863208383 1.01908805589 -0.164632809968 
2.12763890914e-19 1.55894192328 1.03929461552 -0.186690126804 
-1.7406582311e-19 1.58291125192 1.05527416795 -0.202088204951 
1.62639194423e-19 1.60467811452 1.06978540968 -0.206360295984 
-2.75348420843e-19 1.62260593435 1.08173728957 -0.217340864582 
-1.14200459899e-20 1.63126977984 1.08751318656 -0.233345590623 
0.952957916428 1.5738329316 1.0492219544 -0.149617657675 
0.973861495144 1.58046394569 1.05364263046 -0.168016305997 
0.992585890798 1.58636138554 1.05757425703 -0.182495647219 
1.00370934987 1.58847991899 1.05898661266 -0.189185057263 
1.01200209034 1.58919484071 1.05946322714 -0.193039181079 
1.01870630791 1.59089209323 1.06059472882 -0.196958043142 
1.02352675202 1.59111356488 1.06074237659 -0.200641757183 
1.02387849452 1.59248150471 1.06165433647 -0.200831246546 
1.02381332471 1.59194717797 1.06129811865 -0.200670224778 
1.0183840153 1.59124506697 1.06083004465 -0.193779536522 
1.00917207662 1.59116092588 1.06077395059 -0.185116719531 
0.987942744717 1.58906866205 1.05937910803 -0.16832552852 
0.925214019055 1.57827761878 1.05218507919 -0.143808454995 
0.903089799458 1.57300550346 1.04867033564 -0.112463832043 
0.872125149176 1.56142793179 1.04095195452 -0.0824395670489 
0.831448023883 1.54645799167 1.03097199445 -0.04197887216 
0.670119220331 1.52796275832 1.01864183888 -0.0553174566373 
8.16769238772e-16 1.53371393059 1.02247595373 -0.156053260225 
-3.42943545178e-22 1.47308334238 0.982055561584 -0.137379780668 
0.0899523688624 1.42312258526 0.948748390175 -0.0963141621655 
0.273627727919 1.34707277679 0.898048517862 -0.0396227444463 
0.441439691012 1.26316350765 0.842109005102 0.00919631641096 
0.603953507388 1.16599529069 0.777330193796 0.0431087064403 
0.775438016632 1.04358084919 0.695720566124 0.0664078515569 
0.865345610354 0.965070710676 0.643380473784 0.0662867174189 
0.946334199891 0.887256481957 0.591504321305 0.0573912916881 
0.955524270283 0.839513415269 0.559675610179 0.0484491604641 
1.00502326578 0.802545468489 0.535030312326 0.0454607369828 
1.01258419428 0.77333346872 0.515555645813 0.0416399082622 
1.01603745264 0.755098145519 0.50339876368 0.0435580105482 
1.02754737155 0.71552354692 0.477015697947 0.0384360615304 
0.996720221994 0.695728354352 0.463818902901 0.041707651895 
0.997425648533 0.684558665046 0.456372443364 0.048204873145 
0.912099391423 0.652434372632 0.434956248421 0.0547879004188 
0.899408943612 0.667913160267 0.445275440178 0.0578825795128 
0.816715534979 0.65490368461 0.436602456407 0.0638846838562 
0.751541261201 0.646995527608 0.431330351739 0.0644290996454 
0.689817266626 0.628495288218 0.418996858812 0.0608449233155 
0.611744161799 0.605498988676 0.403665992451 0.0548951574443 
0.539998508122 0.596210157752 0.397473438501 0.0566884016761 
0.476652122305 0.562856719526 0.375237813017 0.0576293030213 
0.417023943024 0.527746259986 0.351830839991 0.0561674076324 
0.374197069581 0.498167467713 0.332111645142 0.0407059088814 
0.25827899092 0.442405561449 0.294937040966 0.0707637636538 
0.23158316229 0.431126690486 0.287417793657 0.0560913590482 
0.206225820871 0.387682608517 0.258455072345 0.0329077470569 
0.183775041872 0.343090936268 0.228727290845 0.0185836938245 
0.160226514324 0.347187755773 0.231458503848 0.0175061269607 
0.147025900315 0.295721688895 0.197147792596 0.080506039312 
0.143653612121 0.29573350814 0.197155672093 0.0801241847728 
0.142023091015 0.295894898571 0.197263265714 0.0801364249025 
0.142023091015 0.295894898571 0.197263265714 0.0801364249025 
0.137243779379 0.323759036601 0.215839357734 0.0824451111996 
0.137192347196 0.302992750351 0.201995166901 0.0873481903732 
0.133702179689 0.303978806969 0.202652537979 0.0876808980652 
0.133702179689 0.303978806969 0.202652537979 0.0876808980652 
0.132180814242 0.317398039952 0.211598693301 0.0912263710947 
0.132180814242 0.317398039952 0.211598693301 0.0912263710947 
0.133395053581 0.302298768925 0.201532512616 0.0928240130091 
0.130760148259 0.316098681425 0.210732454283 0.0976666499586 
0.132377714135 0.315955639278 0.210637092852 0.098107829533 
0.127041322371 0.316868453805 0.21124563587 0.098037025538 
0.130736324117 0.315417297061 0.210278198041 0.098228010072 
0.130736324117 0.315417297061 0.210278198041 0.098228010072 
0.125074341703 0.31626176491 0.210841176607 0.0983075013757 
0.126832503865 0.315403573213 0.210269048808 0.0990614788812 
0.117886427252 0.320780829599 0.2138538864 0.170207933659 
0.111917417807 0.30833244713 0.205554964753 0.174240779257 
0.106319031819 0.3078441513 0.2052294342 0.174823379664 
0.102613739835 0.32183931032 0.214559540213 0.178329116695 
0.107613615543 0.296576032691 0.197717355127 0.185158140691 
0.114814863803 0.288211664759 0.19214110984 0.184716255211 
0.120045150348 0.311662884655 0.207775256437 0.181185676811 
0.142334108849 0.313433543909 0.208955695939 0.1817159686 
0.177180475957 0.280503620484 0.187002413656 0.184818290037 
0.21155538536 0.240997944819 0.160665296546 0.186328195605 
0.278091492325 0.201629635985 0.134419757323 0.17915400183 
0.336286224347 0.177606049094 0.118404032729 0.169722060333 
0.504825551622 0.33744991481 0.224966609873 0.0278565052658 
0.642489075147 0.289809754527 0.193206503018 0.0569993842306 
0.746979069053 0.251581653018 0.167721102012 0.0762532659479 
0.865825442361 0.201001547653 0.134001031769 0.0781463264382 
0.939794343477 0.165786762334 0.110524508223 0.0834826199894 
0.999020544557 -2.97110213371e-18 -1.98073475581e-18 0.103680853984 
1.08414501736 -3.03743344285e-23 -2.02495562857e-23 0.104996043377 
1.15441145896 -5.31173246427e-22 -3.54115497618e-22 0.0964837352605 
1.21491052562 -2.19920076243e-22 -1.46613384162e-22 0.0873659677047 
1.26639664018 -4.1987064957e-22 -2.7991376638e-22 0.0816558729931 
1.31198259941 1.5682131696e-21 1.0454754464e-21 0.0759583279064 
1.35451560737 -7.70890991873e-22 -5.13927327915e-22 0.0762887714036 
1.36605160107 -8.27926205295e-22 -5.5195080353e-22 0.0768827262252 
1.3956222587 2.8421837364e-22 1.8947891576e-22 0.0708481306096 
1.41361131103 1.58242105171e-21 1.05494736781e-21 0.0683634921243 
1.42598318653 -1.7072946836e-22 -1.13819645573e-22 0.0673215323162 
1.42301738947 5.68772541029e-22 3.79181694019e-22 0.0696964941307 
1.42611672477 5.44476408318e-22 3.62984272212e-22 0.0668835391401 
1.41532133914 -1.49663255269e-21 -9.97755035125e-22 0.0679145408469 
1.41487994818 -1.42231427124e-21 -9.48209514161e-22 0.0692180748167 
1.40063655377 5.50638897171e-22 3.67092598114e-22 0.0704909631599 
1.40320177402 6.62930081183e-22 4.41953387455e-22 0.0673912432801 
1.40774192898 1.4468246056e-21 9.64549737069e-22 0.0669334894637 
1.39646837832 -5.58687316934e-22 -3.72458211289e-22 0.0725957864221 
1.3905247658 1.11509885005e-21 7.43399233369e-22 0.0750749532367 
1.3872136318 7.8608009092e-22 5.24053393946e-22 0.0721053146262 
1.36864397615 -1.02663587865e-22 -6.84423919102e-23 0.077729510577 
1.3504877293 -5.3514692869e-22 -3.56764619127e-22 0.0767264301453 
1.3103466796 -2.36796141897e-22 -1.57864094598e-22 0.0802036527512 
1.24443262833 2.02141576044e-18 1.34761050696e-18 0.0797802765439 
1.15772949051 1.47337149925e-17 9.82247666165e-18 0.090382894352 
1.10811041634 -3.53766098703e-18 -2.35844065802e-18 0.104473599901 
1.06668724578 0.0131753424748 0.00878356164986 0.115456566932 
1.01775144477 0.0317896269974 0.021193084665 0.119229407941 
0.963278685929 0.0584931329675 0.0389954219784 0.131947812825 
0.923011460494 0.174843524207 0.116562349471 0.114375908014 
0.833553227157 0.21938686036 0.146257906906 0.112209856355 
0.756818110654 0.257514943488 0.171676628992 0.0930111590535 
0.656709685769 0.302240681044 0.201493787363 0.0775703023877 
0.541476105576 0.283842823847 0.189228549232 0.0730612085919 
0.41259260875 0.255002572698 0.170001715132 0.0846054971755 
0.28755421944 0.141356575392 0.0942377169283 -0.0942154978695 
0.232261844779 0.181963948688 0.121309299125 -0.154542470618 
0.145615885348 0.21838375523 0.145589170153 -0.148994747112 
0.084688505459 0.153312322112 0.102208214742 -0.0862288398829 
0.036539560197 0.160395252174 0.106930168116 -0.0792373171248 
0.00239594282321 0.130808675789 0.0872057838594 -0.06211615294 
-6.6476123994e-18 0.102536592585 0.0683577283901 -0.0513858094052 
-2.94606403662e-21 0.105044773955 0.0700298493034 -0.0476498359107 
-2.94606403662e-21 0.105044773955 0.0700298493034 -0.0476498359107 
2.69566481785e-21 0.108988702476 0.0726591349843 -0.0425703556373 
2.69566481785e-21 0.108988702476 0.0726591349843 -0.0425703556373 
2.69566481785e-21 0.108988702476 0.0726591349843 -0.0425703556373 
-1.62948077852e-21 0.107987029038 0.071991352692 -0.046913896673 
-1.62948077852e-21 0.107987029038 0.071991352692 -0.046913896673 
1.49166284704e-22 0.127868207326 0.0852454715504 -0.0521238813718 
1.31236237895e-21 0.0938140301855 0.0625426867903 -0.0484836633441 
-8.97936879421e-22 0.0738008040905 0.0492005360603 -0.0459516150698 
3.74658086671e-22 0.0873726854904 0.0582484569936 -0.0465484704562 
2.86175856758e-22 0.127566497472 0.0850443316481 -0.0538921218386 
0.00018135849379 0.0848886234108 0.0565924156072 -0.0455693947043 
0.00215365133307 0.0841899503023 0.0561266335349 -0.0451919986239 
0.00491690673768 0.083817901031 0.0558786006874 -0.046065449639 
0.00667733745222 0.10194322503 0.0679621500197 -0.0518286858576 
0.0140544647684 0.100840931059 0.0672272873728 -0.0524659509683 
0.0155658229048 0.100216668843 0.0668111125621 -0.0480777755684 
0.0133580650555 0.101891094866 0.0679273965774 -0.0446139434352 
0.0133580650555 0.101891094866 0.0679273965774 -0.0446139434352 
0.0103161990694 0.103162007883 0.0687746719221 -0.0419472426454 
0.0116772020612 0.10319567154 0.0687971143603 -0.0352662740473 
0.0136505236395 0.10388258572 0.0692550571463 -0.0308751473769 
0.0136505236395 0.10388258572 0.0692550571463 -0.0308751473769 
0.0185653370425 0.103491948147 0.068994632098 -0.0290387079929 
0.0272634204777 0.142940915812 0.0952939438746 -0.0392242521457 
0.0514132807112 0.141469195192 0.0943127967944 -0.0557866354156 
0.0948634758666 0.134276539329 0.0895176928857 -0.056063823787 
0.112457199732 0.133979684032 0.0893197893547 -0.0453249060072 
0.121308445019 0.130236906605 0.0868246044031 -0.0251886862748 
0.131184229928 0.144394502135 0.0962630014234 -0.0215530387224 
0.146053809845 0.142278147976 0.0948520986509 -0.0205831233084 
0.184075366553 0.109609875422 0.0730732502816 -0.0219354802502 
0.219173524871 0.102475290522 0.0683168603483 -0.0211509559958 
0.280428564547 0.123621107905 0.0824140719368 -0.0353811128639 
0.357828851694 0.147423106561 0.098282071041 0.146558440846 
0.455492755351 0.142717876463 0.0951452509753 0.150388748383 
0.566603976427 0.134257398454 0.0895049323027 0.163448477587 
0.669816676765 0.0851984659165 0.0567989772776 0.141800634087 
0.752066308517 0.0617885917989 0.0411923945326 0.142609504691 
0.832308836937 0.0203936990801 0.0135957993867 0.12863707811 
0.933825223024 1.32851655835e-19 8.85677705569e-20 0.120572997089 
1.12910112921 -8.52006898196e-23 -5.68004598797e-23 0.105494834691 
1.2222041526 -7.44548516949e-22 -4.96365677966e-22 0.106945782835 
1.3061524515 -1.25042303365e-21 -8.3361535577e-22 0.106581427228 
1.39351154003 2.48815463067e-22 1.65876975378e-22 0.104231558511 
1.44774660732 -3.22625207039e-22 -2.15083471359e-22 0.101381150746 
1.50093149651 1.90052771319e-21 1.26701847546e-21 0.0909252482263 
1.52618696479 -7.86620555083e-22 -5.24413703389e-22 0.0869641163572 
1.55754044696 -1.34885911546e-21 -8.9923941031e-22 0.0781813449166 
1.57079632679 1.91602436534e-21 1.27734957689e-21 0.0676824047014 
1.57079632679 1.78408836106e-21 1.18939224071e-21 0.0625056608109 
1.57079632679 1.05170772465e-22 7.01138483103e-23 0.0573425402038 
1.57079632679 6.24950860491e-22 4.16633906994e-22 0.0515360233621 
1.57079632679 2.06746265756e-21 1.37830843837e-21 0.0499694402589 
1.57079632679 2.89479645975e-21 1.9298643065e-21 0.0533486498722 
1.57079632679 -2.11905443053e-21 -1.41270295368e-21 0.0619893868916 
1.57079632679 5.24510137555e-23 3.49673425037e-23 0.0547901219012 
1.57079632679 -7.63950453017e-22 -5.09300302011e-22 0.0567618396035 
1.57079632679 -4.40833553449e-22 -2.93889035633e-22 0.0597766929452 
1.57079632679 2.18608554263e-21 1.45739036175e-21 0.0559200790524 
1.57079632679 -5.50281235999e-21 -3.66854157333e-21 0.0590119636003 
1.57079632679 -4.13841140754e-22 -2.75894093836e-22 0.0631328386322 
1.57079632679 -4.13841140754e-22 -2.75894093836e-22 0.0631328386322 
1.57079632679 5.62800902733e-22 3.75200601822e-22 0.0647629936997 
1.57079632679 -9.49982101834e-22 -6.33321401223e-22 0.0623871960342 
1.57079632679 -1.37119875005e-21 -9.14132500034e-22 0.0641146791513 
1.57079632679 1.22697310579e-21 8.17982070527e-22 0.0702034928679 
1.57079632679 1.22697310579e-21 8.17982070527e-22 0.0702034928679 
1.57079632679 -1.21517221754e-21 -8.10114811693e-22 0.0741076541517 
1.57079632679 -1.0987734774e-22 -7.32515651598e-23 0.0710029375158 
1.57079632679 3.44937317119e-21 2.29958211413e-21 0.0736647623789 
1.57079632679 -1.18567777817e-21 -7.90451852111e-22 0.0712008369651 
1.57079632679 -2.0194481355e-21 -1.346298757e-21 0.073519439394 
1.57079632679 1.37064712466e-21 9.13764749773e-22 0.0711021904943 
1.57079632679 1.72074897293e-21 1.14716598195e-21 0.0788028993432 
1.57079632679 7.90172747331e-22 5.26781831554e-22 0.086784524576 
1.57079632679 1.50009822969e-21 1.00006548646e-21 0.0949145863015 
1.55243281211 -1.89772723566e-21 -1.26515149044e-21 0.103776467019 
1.51118610472 -1.77313135986e-21 -1.18208757324e-21 0.112886186859 
1.45201712387 1.16202662847e-21 7.74684418982e-22 0.118102708205 
1.3594605346 -6.60105683086e-22 -4.4007045539e-22 0.120712047417 
1.25705378706 -5.42127469956e-19 -3.61418313304e-19 0.133445300981 
1.11500355514 1.43113460312e-17 9.54089735413e-18 0.153447311464 
1.00506987387 0.0419429412537 0.0279619608358 0.154514559277 
0.916588578831 0.0752837689084 0.0501891792723 0.161590943025 
0.805343567407 0.125845469069 0.0838969793794 0.175968224241 
0.753245259794 0.158471125695 0.10564741713 0.185139764144 
0.651526399994 0.216885378258 0.144590252172 0.189360165588 
0.531820566681 0.272952621969 0.181968414646 0.191595440942 
0.426665056006 0.323299866191 0.215533244127 0.195475759238 
0.33060542785 0.361435713383 0.240957142255 0.201701355221 
0.286450151842 0.36024009146 0.240160060973 0.194900272419 
0.260970791239 0.371148489814 0.247432326543 0.212950541637 
0.246066021927 0.346400632585 0.230933755057 0.208802471736 
0.236609380582 0.343029198979 0.228686132652 0.207122821336 
0.214866984008 0.342309352346 0.228206234898 0.204554255844 
0.192408053127 0.34155255609 0.22770170406 0.201324458926 
0.134777215436 0.172658085522 0.115105390348 -0.179225553994 
0.117721931885 0.174895494944 0.116596996629 -0.181507816419 
0.0887798850976 0.196792933856 0.131195289237 -0.163897829955 
0.080632435958 0.197913821513 0.131942547675 -0.162855169115 
0.09554701068 0.195380771691 0.130253847794 -0.160691830615 
0.117447679504 0.193299126871 0.12886608458 -0.157274846429 
0.123924790573 0.21869028828 0.14579352552 -0.159934476216 
0.124415453498 0.242324285538 0.161549523692 -0.172625915379 
0.088833361758 0.254943569974 0.169962379983 -0.214409546485 
0.000830946841045 0.286861208642 0.191240805762 -0.294532798258 
1.77990081465e-18 0.347840786947 0.231893857965 -0.327733737205 
-5.05539499862e-21 0.334284289874 0.222856193249 -0.385138182494 
8.34589070539e-21 0.296549928812 0.197699952541 -0.419557128527 
4.35427181903e-21 0.222937258786 0.148624839191 -0.45029550443 
-3.54549135566e-21 0.112272633975 0.0748484226503 -0.44256316856 
-6.43581811623e-22 9.30222348846e-20 6.20148232564e-20 -0.434613364469 
0.0572017462976 -8.26964913475e-22 -5.51309942316e-22 -0.436567965208 
0.143516798584 1.61444580147e-21 1.07629720098e-21 -0.370583822133 
0.552068347309 0.360241020121 0.240160680081 0.426430525237 
0.744191186892 0.320980153411 0.213986768941 0.270329099289 
0.841233824574 0.235260601381 0.156840400921 0.225680476399 
0.985381472929 0.291921988755 0.19461465917 0.132231431458 
1.15229200192 0.41986747132 0.279911647547 0.0703288728508 
1.26275336423 0.509233058701 0.339488705801 0.0526287962723 
1.51013902173 0.647163980228 0.431442653486 0.0454632714054 
1.56349465632 0.69020233024 0.460134886827 0.0460259432301 
1.57079632679 0.738135088438 0.492090058959 0.0366745257167 
1.57079632679 0.77423343406 0.516155622707 0.0279325137663 
1.57079632679 0.772369171132 0.514912780755 0.0299494505222 
1.57079632679 0.775157930015 0.516771953343 0.0383512811288 
1.56664330615 0.774629977071 0.516419984714 0.0536650410264 
1.37166991599 0.735831698531 0.490554465688 0.0477445085735 
1.22435323394 0.702998399503 0.468665599669 0.0745259579502 
1.03852778181 0.65979041038 0.439860273586 0.124698986673 
0.993801242556 0.636782176705 0.424521451136 0.145069658479 
0.945681572444 0.62625284193 0.41750189462 0.153290053642 
0.850737723527 0.643391466117 0.428927644078 0.168731698128 
0.680554713959 0.645347810118 0.430231873412 0.19250195971 
0.264899714755 0.544224501416 0.362816334278 0.523598775598 
0.21440965745 0.587751108768 0.391834072512 0.522275302336 
0.0926899847812 0.670797567879 0.447198378586 0.509555315944 
2.79145314116e-18 0.748109273982 0.498739515988 0.421132401487 
2.16162666263e-21 0.797247478522 0.531498319015 0.248971008209 
-4.57282406877e-22 0.811151185307 0.540767456871 0.115273224916 
-3.12875230691e-21 0.775846993217 0.517231328811 0.0220709025713 
3.53351831526e-21 0.697836764628 0.465224509752 -0.0469806290047 
2.43121675464e-18 0.565979660124 0.377319773416 -0.0487551538485 
0.0951885538414 0.539493391233 0.359662260822 -0.0361898246924 
0.293530342042 0.552068096551 0.368045397701 -0.0361518239378 
0.41571644198 0.553792589978 0.369195059985 -0.0378172513985 
0.495526899974 0.552006464635 0.368004309757 -0.0360921066242 
0.56564399184 0.528806080306 0.352537386871 -0.0404197410868 
0.61248374413 0.541819220439 0.361212813626 -0.0240107355936 
0.734636686768 0.548506227995 0.365670818663 0.0120464319428 
0.859180714503 0.539722508518 0.359815005679 0.033981801441 
0.900983028809 0.499677442706 0.333118295137 0.0587838323805 
0.930812093912 0.477390053738 0.318260035825 0.0966984229593 
0.942950732562 0.469102603801 0.312735069201 0.125007929938 
0.94178356003 0.475211533407 0.316807688938 0.153875932246 
0.865212046794 0.413794640412 0.275863093608 0.209579010656 
0.866916467935 0.421109765113 0.280739843409 0.23019056149 
0.848137206829 0.442408406964 0.294938937976 0.247532281252 
0.78745380717 0.502444708403 0.334963138935 0.266520291116 
0.67062381285 0.496021410765 0.33068094051 0.315839852144 
0.480270118969 0.534599951482 0.356399967654 0.395464584069 
0.359716352927 0.619454399322 0.412969599548 0.379817303027 
0.17737371478 0.62903699461 0.419357996406 0.523598775598 
0.0554547705444 0.685782270642 0.457188180428 0.508046097945 
0.00202602922182 0.689918986253 0.459945990835 0.496210322541 
4.54711000478e-19 0.672366926951 0.448244617967 0.324570784527 
1.6043716148e-18 0.58228585564 0.388190570427 0.394840174715 
0.0462999725263 0.489856889223 0.326571259482 0.399944780992 
0.140230224249 0.369895333184 0.24659688879 0.398010378771 
0.186697561023 0.318878506495 0.212585670996 0.389947923787 
0.208291229281 0.290571802025 0.193714534683 0.379808509793 
0.324753768221 0.590373973239 0.393582648826 -0.0380347063342 
0.294268922443 0.579208145209 0.386138763473 -0.0365713185223 
0.232578534915 0.580906315377 0.387270876918 -0.042363815632 
0.165461368029 0.565375560263 0.376917040175 -0.0635042179347 
0.0735936971126 0.575869469963 0.383912979976 -0.0326866574631 
-2.20625683571e-18 0.651431383458 0.434287588972 0.0566363196006 
1.74021777674e-20 0.814042192746 0.542694795164 0.084843447416 
-4.3352989732e-21 0.885399685807 0.590266457205 0.125559320957 
-3.63509289845e-21 0.889080030767 0.592720020511 0.192177240074 
1.55709303926e-21 0.880266002276 0.586844001517 0.259251649886 
1.18595014037e-18 0.864470941041 0.576313960694 0.348484516128 
-8.34995681393e-18 0.829581930017 0.553054620012 0.449024320378 
0.0273898653796 0.793115543187 0.528743695458 0.523598775598 
0.1084209043 0.741671279 0.494447519333 0.523598775598 
0.20655562497 0.676855508078 0.451237005385 0.523598775598 
0.3397031705 0.584276893971 0.389517929314 0.523598775598 
0.429080462354 0.500419618283 0.333613078855 0.523598775598 
0.508503725543 0.42439000829 0.282926672193 0.523598775598 
0.532308832764 0.395737626516 0.263825084344 0.514906202306 
0.559565538691 0.342927496481 0.228618330987 0.485826560008 
0.595694422569 0.40081735732 0.267211571546 0.360522454617 
0.597077249662 0.362085428092 0.241390285395 0.325433338046 
0.629380120028 0.395028151437 0.263352100958 0.198990706767 
0.619924179248 0.365174122659 0.243449415106 0.139923174728 
0.626327824607 0.343220504947 0.228813669964 0.0979817180129 
0.637513430801 0.319508814797 0.213005876531 0.0467646658157 
0.6505958539 0.301894143618 0.201262762412 -0.0026675576031 
0.681733151614 0.285619740722 0.190413160481 -0.024409991821 
0.687360622761 0.284152534381 0.18943502292 -0.0317592575111 
0.793640932893 0.399365426053 0.266243617369 -0.0232076776123 
1.08042169277 0.601888820048 0.401259213365 -0.000641162335333 
1.09640679921 0.575458359024 0.383638906016 0.0248777051015 
1.10833097129 0.5534399171 0.368959944734 0.0615952108376 
1.061621456 0.527500080136 0.351666720091 0.0895327373387 
1.04621875657 0.545046473384 0.36336431559 0.114121808574 
0.977496967472 0.527761709163 0.351841139442 0.136811995988 
0.952113312701 0.558186660078 0.372124440052 0.148648579349 
0.855893187752 0.537137960171 0.358091973447 0.166775012179 
0.819787279222 0.578700251998 0.385800167999 0.170593870181 
0.682228706229 0.565091625215 0.376727750143 0.209331391158 
0.547537350034 0.570926650701 0.380617767134 0.251275144534 
0.312855661608 0.538156356942 0.358770904628 0.448648320745 
0.215146239458 0.615256944214 0.410171296142 0.450331221411 
0.0811389338453 0.675434758281 0.450289838854 0.523598775598 
-2.72512300057e-18 0.746304527085 0.49753635139 0.379887920912 
-1.04965473759e-21 0.755612029497 0.503741352998 0.299810732214 
6.04351780873e-21 0.770479939963 0.513653293308 0.215261994999 
1.2971220313e-21 0.774364751577 0.516243167718 0.184271826317 
2.04980308433e-21 0.767758912214 0.51183927481 0.180635417421 
9.7453325166e-21 0.763254445202 0.508836296801 0.177547242302 
9.7453325166e-21 0.763254445202 0.508836296801 0.177547242302 
-1.63091014902e-21 0.770076406904 0.513384271269 0.181761010846 
5.70899072491e-21 0.722374318447 0.481582878965 0.227398169079 
-4.78570334304e-18 0.669688338402 0.446458892268 0.344463833009 
0.0350337957668 0.642083873587 0.428055915725 0.3488182136 
0.186944557097 0.733911532067 0.489274354712 0.0910884856129 
0.262490553569 0.771042861316 0.514028574211 0.0600155491475 
0.307585686266 0.843492395199 0.562328263466 0.0478811291711 
0.316564724433 0.881619533383 0.587746355589 0.0539360524112 
0.325014372047 0.933334940083 0.622223293389 0.0648683180523 
0.314197854072 0.98159387031 0.65439591354 0.0709260392669 
0.301079360789 1.04643234011 0.697621560071 0.077907041246 
0.224910244345 1.12697736396 0.751318242642 0.086186552911 
0.136258755167 1.20615710401 0.804104736009 0.086259299816 
0.0592719710045 1.26366272625 0.8424418175 0.0808370192296 
7.23627448191e-18 1.34133087203 0.894220581353 0.0676392629022 
1.42739463489e-22 1.37745626632 0.918304177545 0.0567175053222 
5.19556051351e-21 1.45275981409 0.968506542727 0.0313990169157 
-3.66509989255e-21 1.53214496671 1.0214299778 0.005532896115 
-3.34012641439e-21 1.59007258138 1.06004838759 -0.0198123405469 
5.00890828046e-21 1.64629007884 1.09752671922 -0.0475633793383 
1.46360024691e-21 1.68245011477 1.12163340985 -0.0738881098409 
5.30480127054e-21 1.72525602715 1.15017068477 -0.102214197547 
1.13747491279e-21 1.74516635683 1.16344423789 -0.121102123955 
1.05540736857e-18 1.76568416941 1.17712277961 -0.146747097563 
0.797659952703 1.69598487551 1.13065658367 -0.198484746535 
0.830004010912 1.70310390154 1.13540260103 -0.227064875452 
0.875536401496 1.71021413345 1.14014275564 -0.240081119459 
0.900239832599 1.71595133371 1.14396755581 -0.258080184052 
0.942300213443 1.72331377776 1.14887585184 -0.269261616358 
0.964158107303 1.72856549229 1.15237699486 -0.267577791484 
0.979899238431 1.73295187808 1.15530125206 -0.277230208475 
1.0000970268 1.73659262263 1.15772841509 -0.271443981583 
0.988593621538 1.7349447387 1.1566298258 -0.258851683885 
0.933880779934 1.72208459462 1.14805639642 -0.210153555629 
0.73896960947 1.6807352048 1.12049013653 -0.026405475351 
-8.28447850891e-16 1.63302331763 1.08868221176 -0.0201438650422 
-1.17223390238e-21 1.45598439225 0.970656261498 0.0379272921805 
0.190616570984 1.19891421191 0.799276141274 0.0785003401184 
0.305117380418 1.02848799459 0.685658663063 0.0588515346373 
0.301767781543 0.871859444672 0.581239629781 0.0390052628458 
0.270387160228 0.781283425625 0.520855617083 0.0322656167352 
0.217025628458 0.678335525171 0.452223683447 0.0424806570659 
0.164306932629 0.601214940538 0.400809960359 0.0753896505187 
0.0844133891598 0.499144021774 0.332762681183 0.243669928458 
0.0351869420313 0.505751977728 0.337167985152 0.238787816138 
0.0 0.499556140232 0.333037426821 0.235255602189 
5.27445007378e-21 0.462062625638 0.308041750425 -0.00942107097635 
-5.07488021148e-21 0.487998685956 0.325332457304 -0.0151547185084 
-8.12739774239e-21 0.464443808064 0.309629205376 -0.0171178232644 
-8.12739774239e-21 0.464443808064 0.309629205376 -0.0171178232644 
-8.12739774239e-21 0.464443808064 0.309629205376 -0.0171178232644 
-8.12739774239e-21 0.464443808064 0.309629205376 -0.0171178232644 
-8.12739774239e-21 0.464443808064 0.309629205376 -0.0171178232644 
4.64105558244e-21 0.430289022721 0.286859348481 -0.0255803555065 
-6.45370628795e-21 0.47864049193 0.319093661287 -0.0363496771964 
4.25289975883e-21 0.497098236726 0.331398824484 -0.0443361210156 
-1.84101248845e-21 0.473463733803 0.315642489202 -0.0419274136343 
3.16597096942e-22 0.510949530349 0.340633020233 -0.0387102920151 
-4.60288865232e-21 0.591391654033 0.394261102689 -0.0327897002725 
-1.80463354604e-22 0.654807345816 0.436538230544 -0.0349035372533 
1.58881349471e-21 0.757280575318 0.504853716879 -0.0400673954483 
2.67692630107e-22 0.85228964724 0.56819309816 -0.0359937542178 
-8.71260930982e-22 0.903052111327 0.602034740885 -0.0262111880181 
1.27086614157e-21 0.959607745164 0.639738496776 -0.00922411871042 
0.00474157243933 1.01763258688 0.678421724587 0.00872834459596 
-1.58885801127e-20 1.11141701634 0.740944677559 0.0275727670846 
-1.07542791326e-21 1.25612022842 0.837413485612 0.0517921519903 
5.54070578526e-21 1.35685147522 0.90456765015 0.0481993535363 
5.00698312653e-21 1.42933912107 0.952892747383 0.0429465129442 
-7.87626173506e-22 1.49166148818 0.994440992119 0.0320720250011 
-1.54824986809e-22 1.55613647421 1.03742431614 0.0146163982496 
-2.12887271782e-21 1.58704124373 1.05802749582 -0.00823810994824 
3.30225888058e-18 1.71608391163 1.14405594109 -0.0853835901208 
-1.81509604078e-19 1.74224751785 1.16149834523 -0.130787475555 
1.24905572887e-20 1.76103566452 1.17402377635 -0.16716218386 
0.863504154634 1.6755288737 1.11701924913 -0.2138560432 
0.923939395146 1.67930745427 1.11953830285 -0.25286981115 
0.946392967927 1.67921044225 1.11947362817 -0.279357666078 
1.00568010796 1.68620721924 1.12413814616 -0.318451246177 
1.08101834856 1.69839673391 1.13226448927 -0.337980395352 
1.12385336254 1.70808368934 1.13872245956 -0.353823318689 
1.15988448189 1.71596888131 1.14397925421 -0.358445043943 
1.17022433479 1.71885021477 1.14590014318 -0.366338786543 
1.17916564707 1.72028805444 1.14685870296 -0.372036139073 
1.18463050102 1.72089678204 1.14726452136 -0.374599570435 
1.18970195964 1.72074994975 1.14716663316 -0.377843250684 
1.19455803853 1.72132374075 1.1475491605 -0.379855075643 
1.19857916274 1.72201432269 1.14800954846 -0.381517890502 
1.20258922587 1.72315821263 1.14877214176 -0.382304297976 
1.20274846279 1.7237342548 1.14915616987 -0.38233458437 
1.20284742557 1.72416075644 1.14944050429 -0.382288919424 
1.20191851263 1.7239998662 1.14933324414 -0.380569440665 
1.20121951616 1.72480072602 1.14986715068 -0.378214143457 
1.20018116151 1.72451192767 1.14967461845 -0.375897082949 
1.19886910032 1.72388993483 1.14925995656 -0.37398981601 
1.19732108536 1.72444844732 1.14963229821 -0.371110846717 
1.19633981167 1.7243266237 1.14955108247 -0.36918462177 
1.19457381658 1.724408149 1.14960543267 -0.367671655263 
1.19214784192 1.72416939947 1.14944626631 -0.366069070977 
1.18817707107 1.72437997455 1.1495866497 -0.363935200857 
1.18068069765 1.72387708327 1.14925138885 -0.360770232267 
1.16682323267 1.72506017653 1.15004011769 -0.350834107569 
1.10139638222 1.71984627119 1.14656418079 -0.327013093078 
1.01330123422 1.70469510096 1.13646340064 -0.285549210727 
0.892779490493 1.68616971654 1.12411314436 -0.219131228323 
0.795510280777 1.67131317157 1.11420878104 -0.123670013272 
0.672909944453 1.65573788184 1.10382525456 0.0102460456479 
9.72863884949e-17 1.6493425193 1.09956167953 -0.023554878197 
2.79499855618e-21 1.56787737937 1.04525158625 0.0281128410136 
-8.81818861684e-22 1.43431520961 0.95621013974 0.0949907221132 
0.133701958344 1.29582625635 0.8638841709 0.150949124965 
0.357383003586 1.13118182309 0.754121215397 0.169438652248 
0.460639774706 1.03585232051 0.690568213676 0.160530841179 
0.511427058074 0.958950388238 0.639300258825 0.143436855299 
0.522821582591 0.880427126138 0.586951417425 0.130462585415 
0.504067954737 0.82972247809 0.553148318727 0.127147890347 
0.46211663398 0.771326018441 0.514217345627 0.13645008559 
0.403153810644 0.715995717677 0.477330478451 0.176578262218 
0.307096798736 0.637469676201 0.424979784134 0.260553908578 
0.238177141065 0.575575952895 0.38371730193 0.36663888292 
0.194120270346 0.598954837595 0.399303225063 0.365778526987 
0.163065238201 0.593902778142 0.395935185428 0.36069106795 
0.0922890235957 0.572191000007 0.381460666671 0.523598775598 
0.0717425859943 0.583037188911 0.388691459274 0.522232139086 
0.055135926529 0.595387653403 0.396925102269 0.520308522494 
0.0410837039688 0.611769587137 0.407846391425 0.518713086465 
0.0372496240839 0.607584718219 0.405056478813 0.517416788956 
0.0201843879545 0.627130382966 0.418086921977 0.515157761715 
0.0209977383068 0.628447319605 0.418964879737 0.515061211897 
0.0199451963573 0.626254994702 0.417503329801 0.514459575298 
0.0170401116767 0.634165027446 0.422776684964 0.513166998544 
0.0153647836296 0.632711044106 0.421807362737 0.512525338644 
0.0128865405484 0.631001233835 0.420667489223 0.511585840163 
0.0 0.649351573327 0.432901048884 0.507986755395 
3.18458388976e-22 0.683760356454 0.455840237636 0.432208597583 
0.00808920622783 0.71865882138 0.47910588092 0.359895032978 
0.073005592395 0.819913770412 0.546609180275 0.176715833561 
0.104490142751 0.896710330457 0.597806886971 0.140095531223 
0.118744960974 0.965322127774 0.643548085183 0.124209720261 
0.109112032263 1.06678277926 0.711188519509 0.125125218241 
0.0947442339108 1.13167830279 0.75445220186 0.125323270675 
0.0163116334592 1.23087687626 0.820584584173 0.131095609294 
-8.04371211481e-19 1.355299916 0.90353327733 0.110361487222 
5.74072652576e-21 1.4611698555 0.974113236998 0.0787684980185 
-1.07271770209e-21 1.58629873334 1.0575324889 0.0299369768009 
-2.37383990636e-22 1.63952601562 1.09301734375 -0.00473414326826 
1.80284469132e-19 1.70843463635 1.13895642424 -0.0568747971783 
-3.6686829619e-20 1.7421412971 1.1614275314 -0.108784600836 
0.858190297157 1.69280246966 1.12853497978 -0.227768306869 
0.938921027022 1.69774075842 1.13182717228 -0.265779045331 
1.01524294386 1.70205963417 1.13470642278 -0.282241896747 
1.07793943108 1.70706409408 1.13804272938 -0.298186369086 
1.09229099222 1.70847257747 1.13898171831 -0.310790149442 
1.12180499633 1.71111825456 1.14074550304 -0.314481295236 
1.13357017898 1.712913733 1.14194248867 -0.322379374304 
1.14431331269 1.71332372217 1.14221581478 -0.319048610676 
1.14444915645 1.71399838455 1.1426655897 -0.319115575617 
1.14444915645 1.71399838455 1.1426655897 -0.319115575617 
1.13941615049 1.71385490701 1.14256993801 -0.314705832887 
1.13508829457 1.71409972273 1.14273314849 -0.311425338753 
1.12286714264 1.71441230999 1.14294153999 -0.302146230617 
1.0743836956 1.71111786347 1.14074524231 -0.284259038078 
1.01550930756 1.70159803458 1.13439868972 -0.234933026583 
0.871851966266 1.67818865734 1.11879243822 -0.142711427129 
0.681359744582 1.64820653902 1.09880435935 0.0678632879583 
-4.76437207768e-15 1.62468632942 1.08312421961 0.00567111707581 
-3.78137904989e-21 1.52867804346 1.01911869564 0.0667543485432 
0.0732954037593 1.32015187464 0.880101249758 0.173341791471 
0.160494944298 1.24561934881 0.830412899203 0.200176466277 
0.341777203664 1.09859906385 0.7323993759 0.198606543581 
0.476690201635 0.977529669137 0.651686446091 0.165811452122 
0.489021847712 0.897321195067 0.598214130045 0.147737678211 
0.501083141055 0.827515027776 0.551676685184 0.123155699227 
0.414776107854 0.727972703357 0.485315135571 0.121450931105 
0.27487369883 0.625176893082 0.416784595388 0.152800321287 
0.222843737891 0.561688668586 0.374459112391 0.187920128107 
0.159828851896 0.495207089092 0.330138059395 0.25836546627 
0.137152830726 0.482870155054 0.321913436703 0.252151093211 
0.119881587409 0.48663607128 0.32442404752 0.254383669957 
0.107195635412 0.5017870975 0.334524731667 0.25985404972 
0.0856046551307 0.494271628889 0.329514419259 0.38840387254 
0.085400256139 0.481992388926 0.321328259284 0.386277069455 
0.084882730652 0.480895367619 0.320596911746 0.385950560697 
0.0856739422482 0.468349940222 0.312233293482 0.383832594398 
0.086853958746 0.44856422395 0.299042815967 0.380550568653 
0.0868306671951 0.427333604833 0.284889069888 0.376198620624 
0.0857906161117 0.433472472723 0.288981648482 0.185342404082 
0.0836131463477 0.435060418447 0.290040278964 0.185399706819 
0.085380116186 0.453507155927 0.302338103951 0.187828416793 
0.0768672510989 0.508539781054 0.339026520703 0.197199861481 
0.0349428838401 0.556957964642 0.371305309761 0.446987185226 
0.0384698364334 0.580421482996 0.386947655331 0.449595523927 
0.0403624286729 0.613259878331 0.408839918887 0.45444511624 
0.0360978183905 0.658744197394 0.439162798263 0.462927997769 
0.0478511512102 0.686618823434 0.45774588229 0.477215703648 
0.0664239763292 0.697800948725 0.465200632483 0.523598775598 
0.110112077564 0.694333924795 0.462889283196 0.523598775598 
0.187543381507 0.654491244976 0.436327496651 0.523598775598 
0.215113840778 0.644283500756 0.429522333837 0.523598775598 
0.253433982497 0.615366742144 0.410244494763 0.523598775598 
0.312915857068 0.572237312949 0.381491541966 0.523598775598 
0.361250875788 0.535587695777 0.357058463851 0.523598775598 
0.409761215075 0.495764992506 0.330509995004 0.523598775598 
0.446399797413 0.456009835541 0.304006557028 0.523598775598 
0.463829051437 0.430646427503 0.287097618336 0.523598775598 
0.458416414257 0.414561922032 0.276374614688 0.523598775598 
0.476225357012 0.371937863954 0.247958575969 0.522120809198 
0.50292406931 0.307094088417 0.204729392278 0.505381432312 
0.571463940571 0.191123987367 0.127415991578 0.452274776702 
0.587379468867 0.164879519857 0.109919679905 0.314290830928 
0.560036126564 0.0529330313197 0.0352886875465 0.234793596459 
0.55121789596 0.00864120496219 0.00576080330813 0.0824168090321 
0.561738940852 -5.88806215762e-18 -3.92537477174e-18 -0.0698805733731 
0.618559152452 2.7288803768e-22 1.81925358453e-22 -0.0874602378915 
0.671014035926 0.00542090915671 0.00361393943781 -0.0226132092129 
0.865709300285 0.299674084147 0.199782722764 0.0135228053177 
0.886208104779 0.294849993762 0.196566662508 0.068916315338 
0.874862417058 0.318479208435 0.21231947229 0.14693508586 
0.865683241682 0.3405963192 0.2270642128 0.190794587023 
0.840183630894 0.375475115702 0.250316743801 0.230216553968 
0.711997923194 0.353411858305 0.235607905536 0.333421850697 
0.670984318841 0.390632152118 0.260421434745 0.356189504374 
0.572219541098 0.364535123062 0.243023415375 0.493934946429 
0.492270086473 0.435003540343 0.290002360229 0.511388294205 
0.343677396287 0.537836711023 0.358557807349 0.514411893691 
0.108318632797 0.681267312896 0.454178208597 0.495100348874 
0.0220776573171 0.709751098153 0.473167398769 0.479153171491 
-2.14032828253e-18 0.70409869266 0.46939912844 0.347407067396 
-4.19165042882e-21 0.674954377033 0.449969584689 0.244441122712 
1.71068311681e-21 0.633015230137 0.422010153425 0.227254001079 
-9.47033518483e-22 0.599423268449 0.3996155123 0.218112533691 
-2.21953611522e-21 0.590566061799 0.393710707866 0.216531738901 
-1.85200026965e-21 0.578141201828 0.385427467885 0.214045730932 
-3.14174708977e-21 0.587255719623 0.391503813082 0.215773438978 
1.7517115571e-19 0.551869282772 0.367912855181 0.313724256525 
0.0558158221846 0.449679884702 0.299786589801 0.316664864179 
0.154896304418 0.283737512146 0.189158341431 0.309129944638 
0.221034280427 0.177278910184 0.118185940122 0.30298789873 
0.281022778791 0.109714081404 0.0731427209362 0.294491026039 
0.346746577303 0.0737183419068 0.0491455612712 0.275934423518 
0.589102311544 0.54624522785 0.364163485233 -0.0294696514762 
0.742049433625 0.603990121616 0.402660081078 0.00491780821584 
0.863044492709 0.668057185287 0.445371456858 0.0453542037901 
0.842514842002 0.721451911951 0.480967941301 0.104106975708 
0.833036094877 0.778923094484 0.519282062989 0.140501876784 
0.817864927038 0.876069207262 0.584046138175 0.20620204784 
0.536948661131 1.01999797306 0.679998648705 0.27576326591 
0.215544100653 1.19232835689 0.794885571261 0.299498542946 
7.47856456526e-17 1.36702293748 0.911348624985 0.260104923218 
-1.83443327865e-21 1.4609419936 0.973961329067 0.21561822473 
1.07328036035e-20 1.54117409332 1.02744939555 0.175470434934 
4.29976578239e-21 1.59824220567 1.06549480378 0.140416021963 
-3.06134485789e-21 1.64271344258 1.09514229505 0.107672944656 
1.85210573504e-21 1.68431859957 1.12287906638 0.0727584967738 
4.44244578018e-22 1.69983925912 1.13322617275 0.0424589677342 
3.60566927164e-21 1.73149730287 1.15433153525 1.18105329662e-05 
7.11364273825e-22 1.76641963522 1.17761309014 -0.0378337804122 
3.01653712639e-20 1.79076439789 1.19384293192 -0.0857211014729 
0.861057768269 1.70925003626 1.13950002418 -0.267856186312 
0.936115267853 1.71801719734 1.14534479823 -0.302524269989 
0.998066408247 1.72680895243 1.15120596828 -0.316330853851 
1.04681908566 1.73378389567 1.15585593045 -0.323094612242 
1.05904115587 1.73533496002 1.15688997335 -0.334014407096 
1.09025575783 1.73853868233 1.15902578822 -0.335510120758 
1.10837885785 1.74088023661 1.16058682441 -0.333483401035 
1.10846549871 1.74134762149 1.16089841432 -0.329647077948 
1.09400383251 1.7364906615 1.157660441 -0.317700497411 
1.04644507563 1.72461457426 1.14974304951 -0.280650837163 
0.828034601628 1.67892040581 1.11928027054 -0.0583554718821 
0.47102085074 1.62708267115 1.08472178076 0.0620646842859 
-1.70718953188e-16 1.49510291627 0.996735277514 0.0481356524818 
0.220756623233 1.21025933502 0.806839556681 0.1352944389 
0.386612206445 1.00871191193 0.672474607954 0.113719505066 
0.35050543294 0.815754450334 0.543836300223 0.10277228392 
0.232272490495 0.669031604813 0.446021069875 0.130423403647 
0.0901356101129 0.528855448172 0.352570298782 0.27589703947 
0.0591898122826 0.505089247954 0.336726165302 0.266464623613 
0.000909758546069 0.240210409248 0.160140272832 -0.0910657935657 
-1.56544114667e-18 0.119639962533 0.0797599750221 -0.0507461037836 
-3.47686208166e-22 0.0095308682227 0.00635391214847 -0.024459068624 
1.00498620127e-19 2.60208521397e-18 1.73472347598e-18 -0.0202336020912 
-3.04238106015e-21 -4.14080675135e-22 -2.76053783423e-22 -0.0171468172884 
-3.04238106015e-21 -4.14080675135e-22 -2.76053783423e-22 -0.0171468172884 
-3.04238106015e-21 -4.14080675135e-22 -2.76053783423e-22 -0.0171468172884 
-3.04238106015e-21 -4.14080675135e-22 -2.76053783423e-22 -0.0171468172884 
1.73262084685e-21 4.28815712529e-22 2.85877141686e-22 -0.0137967596308 
1.73262084685e-21 4.28815712529e-22 2.85877141686e-22 -0.0137967596308 
-4.49934217569e-23 3.25217526176e-21 2.16811684117e-21 -0.0166018064353 
5.54499026473e-21 -5.97961150573e-22 -3.98640767049e-22 -0.0210947531432 
5.54499026473e-21 -5.97961150573e-22 -3.98640767049e-22 -0.0210947531432 
9.56141939086e-22 2.40956099587e-21 1.60637399725e-21 -0.0164574947038 
-3.85359300951e-21 4.35637740947e-21 2.90425160631e-21 -0.01134091357 
-9.60680167494e-21 -1.30002494283e-21 -8.66683295219e-22 -0.0135112710628 
1.07094460792e-20 2.07290610627e-21 1.38193740418e-21 -0.00966176661976 
1.38878112471e-20 5.44146782324e-22 3.62764521549e-22 -0.00701858659013 
1.38878112471e-20 5.44146782324e-22 3.62764521549e-22 -0.00701858659013 
-8.62196685434e-22 -3.75925751465e-23 -2.50617167643e-23 -0.00466759919788 
-8.62196685434e-22 -3.75925751465e-23 -2.50617167643e-23 -0.00466759919788 
-6.02371204388e-21 3.66601239046e-22 2.44400826031e-22 -0.00757409139958 
-6.02371204388e-21 3.66601239046e-22 2.44400826031e-22 -0.00757409139958 
2.75664467908e-21 2.71468076669e-21 1.80978717779e-21 -0.00568065245801 
2.75664467908e-21 2.71468076669e-21 1.80978717779e-21 -0.00568065245801 
-5.27057780109e-21 6.38043427281e-22 4.25362284854e-22 -0.00398251556138 
-4.18392574579e-21 -2.73199167196e-21 -1.82132778131e-21 -0.00128882076861 
-2.52228328232e-21 -1.1446213205e-21 -7.63080880331e-22 -0.000208932231701 
-1.63541580124e-21 0.000271513930954 0.000181009287303 -0.00564680659809 
0.000348880715683 0.000762032022815 0.000508021348544 -0.00787154488248 
0.00498783399339 -7.06938983421e-20 -4.71292655614e-20 -0.00689168638769 
0.0100522294057 3.53046714476e-22 2.35364476317e-22 -0.00844192745713 
0.00628209424861 0.000186373998325 0.000124249332216 -0.013872994143 
0.00688849695481 3.42670156443e-19 2.28446770962e-19 -0.0136248012197 
0.00728179349394 0.013058758473 0.00870583898199 -0.0168002424339 
0.0153450282243 0.0162666515979 0.0108444343986 -0.0171838679642 
0.0313959171049 -1.35054874242e-18 -9.00365828279e-19 -0.00557219260758 
0.0334670857874 2.30170455131e-22 1.53446970087e-22 0.0044546183711 
0.0418408777534 1.44736193125e-21 9.64907954166e-22 0.0108171802863 
0.0484108995061 1.57335237698e-22 1.04890158465e-22 0.0100671355842 
0.0703438081171 -7.039062083e-22 -4.69270805533e-22 0.00770697046694 
0.101721935747 -3.70205914094e-22 -2.4680394273e-22 0.0143084018785 
0.132898328349 -5.12039363366e-24 -3.41359575577e-24 0.0152347324571 
0.167932488034 1.92686929385e-21 1.28457952923e-21 0.0121956138886 
0.193811059452 -1.20428174371e-21 -8.02854495804e-22 0.0221623090185 
0.227088269383 -7.65387189545e-22 -5.10258126363e-22 0.0203509560883 
0.240045334473 1.83777407719e-21 1.22518271812e-21 0.0211445485525 
0.257526342831 1.13373044208e-21 7.55820294718e-22 0.0203025447422 
0.31200023567 -2.56144748149e-22 -1.70763165433e-22 -0.0178454742186 
0.389705857288 4.45273429203e-07 2.96848952802e-07 -0.155268475867 
0.611742313848 -1.46056247961e-22 -9.73708319741e-23 -0.0856680754853 
0.705150180888 7.55935255445e-22 5.03956836963e-22 -0.0659532124458 
0.776735367862 5.10577676783e-22 3.40385117855e-22 -0.0630404320108 
0.871246312527 2.44554016034e-22 1.6303601069e-22 -0.0599723358589 
0.959427644008 0.000708161765682 0.000472107843788 -0.0530037389398 
1.27748585158 0.434825674907 0.289883783271 -0.0218174022488 
1.3064314895 0.406247760766 0.27083184051 -0.0214983048258 
1.34362566506 0.374311939188 0.249541292792 -0.0203460462053 
1.33528255467 0.321003586487 0.214002390992 -0.017921348032 
1.38628893084 0.307036762145 0.204691174763 -0.0164007420945 
1.3768761027 0.241489914749 0.160993276499 -0.0155017766261 
1.39162284987 0.154097415739 0.102731610493 -0.0115420305773 
1.39695951913 0.0708468151671 0.0472312101114 -0.00706711498953 
1.40353816426 0.0385106988443 0.0256737992296 -0.00677903116348 
1.41740787657 0.023884747884 0.015923165256 -0.00823520555473 
1.41871157658 -3.92652428185e-18 -2.61768285457e-18 -0.0052440256284 
1.43849785142 0.0097801389217 0.00652009261447 -0.00677203797826 
1.42853958263 -4.98380091473e-19 -3.32253394315e-19 -0.00310532650311 
1.43921849467 2.2701965195e-23 1.51346434633e-23 -0.00601913659142 
1.45051402708 -1.9703852263e-22 -1.31359015086e-22 -0.00459069962236 
1.45103325607 3.10310478461e-22 2.06873652307e-22 0.000775839183041 
1.45982160622 -1.56007435722e-23 -1.04004957148e-23 -0.000119171916828 
1.46141786273 -4.40389624494e-22 -2.93593082996e-22 0.00588948847747 
1.4615536943 -3.63409808615e-22 -2.42273205743e-22 0.00544500291877 
1.4639416013 -3.20992407916e-23 -2.1399493861e-23 0.00214318416532 
1.46678261206 2.51882007689e-22 1.67921338459e-22 0.00391686722814 
1.47099543266 -4.12133201078e-22 -2.74755467385e-22 0.00341556368622 
1.46814528197 9.12024304976e-23 6.08016203317e-23 0.00585629361315 
1.46827479683 9.26706402552e-22 6.17804268368e-22 0.00506278842903 
1.45518856916 -2.126629334e-22 -1.41775288933e-22 0.0149591419091 
1.46026784459 1.01795637407e-21 6.78637582714e-22 0.0134100863508 
1.44884418205 -1.45603594205e-23 -9.70690628033e-24 0.0154598908685 
1.45098506058 7.97217096273e-22 5.31478064182e-22 0.0150703269596 
1.45342930014 5.69534944263e-22 3.79689962842e-22 0.0197596944728 
1.44241357433 1.11769245796e-20 7.45128305307e-21 0.0182808400178 
1.42440980912 4.51712911539e-19 3.01141941026e-19 0.0230796569329 
1.40537441449 -2.27822284221e-18 -1.51881522814e-18 0.025209447483 
1.37403256004 7.77249609371e-19 5.18166406247e-19 0.0342155855239 
1.35372302378 1.09762918373e-18 7.31752789153e-19 0.0344253242255 
1.31649639197 1.6339689237e-18 1.0893126158e-18 0.0383352320166 
1.28238287684 -2.2706708701e-18 -1.51378058007e-18 0.0442941204879 
1.23887734762 -8.36125029568e-18 -5.57416686379e-18 0.055204119164 
1.19527298452 -7.13660979193e-18 -4.75773986129e-18 0.0551600637844 
1.10918604864 -1.36171865769e-17 -9.0781243846e-18 0.0594811575806 
1.09530723223 0.00572799424083 0.00381866282722 0.057863513007 
1.04673225017 0.0280553151496 0.0187035434331 0.0631348706337 
1.00083349163 0.0478474728741 0.0318983152494 0.0595452627383 
0.967639912864 0.060056821622 0.0400378810814 0.051418650928 
0.920802072823 0.0814330757097 0.0542887171398 0.0437424528061 
0.841605922025 0.115168897646 0.076779265097 0.0381690007895 
0.779658223772 0.139269959498 0.0928466396655 0.0149820616539 
0.640644424725 0.0424496061853 0.0282997374569 0.0107670962264 
0.561360356684 0.0623359224062 0.0415572816042 -0.0361154867065 
0.453307244808 0.0428013798998 0.0285342532665 -0.150979285763 
0.375151870916 0.14618339442 0.09745559628 -0.315093449503 
0.256034184977 0.258977200463 0.172651466976 -0.504276000036 
0.204033714273 0.317405483128 0.211603655419 -0.523598775598 
0.154063336177 0.377290092908 0.251526728605 -0.523598775598 
0.132298974691 0.412564400182 0.275042933455 -0.523598775598 
0.110068733067 0.440166479336 0.293444319558 -0.523598775598 
0.110068733067 0.440166479336 0.293444319558 -0.523598775598 
0.0967024234 0.463811659594 0.309207773063 -0.523598775598 
0.0795493407106 0.490474652813 0.326983101876 -0.523598775598 
0.0795493407106 0.490474652813 0.326983101876 -0.523598775598 
0.0677466960547 0.506562182568 0.337708121712 -0.523598775598 
0.0576945651015 0.518046722586 0.345364481724 -0.523598775598 
0.0576945651015 0.518046722586 0.345364481724 -0.523598775598 
0.0576945651015 0.518046722586 0.345364481724 -0.523598775598 
0.0576945651015 0.518046722586 0.345364481724 -0.523598775598 
0.0576945651015 0.518046722586 0.345364481724 -0.523598775598 
0.0635907880288 0.502738574014 0.335159049343 -0.523598775598 
0.0660466313353 0.505668731993 0.337112487995 -0.523598775598 
0.0575367490853 0.51353838349 0.342358922326 -0.523598775598 
0.0544821872887 0.527486157696 0.351657438464 -0.523598775598 
0.0570037851016 0.529852695082 0.353235130055 -0.523598775598 
0.06478112122 0.536642434369 0.357761622913 -0.523598775598 
0.0606842574636 0.549530080235 0.366353386823 -0.523598775598 
0.0470310936795 0.572497121789 0.381664747859 -0.523597417783 
0.0379423715096 0.591132787657 0.394088525105 -0.453720036279 
0.0427473611717 0.595539971148 0.397026647432 -0.453488102637 
0.0352818414046 0.619149395467 0.412766263645 -0.39715292668 
0.0535890182528 0.627878298712 0.418585532475 -0.396531211464 
0.0635356737066 0.648839457545 0.432559638364 -0.323965240342 
0.103833340867 0.657697999525 0.438465333017 -0.241249282491 
0.160312473456 0.674071167886 0.44938077859 -0.162139849645 
0.275286186758 0.724447623924 0.482965082616 -0.084910681102 
0.321242237988 0.747628123466 0.498418748977 -0.0590476866391 
0.421062853561 0.758864749996 0.505909833331 -0.0383274500479 
0.493567171123 0.768398962454 0.512265974969 -0.0247701372985 
0.560296417978 0.793414258916 0.528942839278 -0.00837201151943 
0.618495936218 0.809786895784 0.539857930522 0.00378649169477 
0.65437407739 0.830103869747 0.553402579832 0.015861288374 
0.653612695688 0.842149556274 0.561433037516 0.0201545444688 
0.650331794587 0.867513936478 0.578342624318 0.0242099813444 
0.641423746704 0.919213915242 0.612809276828 0.0333266022657 
0.63535948907 0.971787216327 0.647858144218 0.0392483531272 
0.631742836187 1.01198049115 0.674653660767 0.0392830442629 
0.628591846032 1.04129442836 0.694196285571 0.0355189586106 
0.625549615128 1.06888971185 0.712593141234 0.0266110224566 
0.566386835772 1.10116348324 0.734108988828 0.0113346504667 
0.503072955479 1.15219438607 0.768129590715 -0.00944585682544 
0.451384922859 1.18890322435 0.792602149565 -0.0244596488202 
0.384589324479 1.23238904369 0.82159269579 -0.0463258685741 
0.27683483758 1.29079511629 0.860530077524 -0.0761414084673 
0.181495493806 1.33265320178 0.888435467851 -0.110697896278 
0.0616063031131 1.37971996967 0.919813313111 -0.160289456928 
-1.00420017135e-17 1.4136528423 0.9424352282 -0.190579206969 
2.05541161747e-21 1.44170152523 0.961134350153 -0.1969317739 
-1.93820686584e-21 1.46895812831 0.979305418871 -0.203203548572 
1.66581678852e-21 1.48198006513 0.987986710088 -0.216474279067 
-8.98432347062e-22 1.50938662785 1.0062577519 -0.222735909455 
-1.56016898413e-21 1.53918798933 1.02612532622 -0.230251130622 
9.64375657124e-22 1.5521511942 1.0347674628 -0.265035716589 
-2.16840434497e-19 1.60708831566 1.07139221044 -0.268544683668 
0.938955413834 1.54365083887 1.02910055925 -0.202910988173 
0.966252961091 1.55618597077 1.03745731385 -0.23044248147 
0.9961879144 1.57094356289 1.04729570859 -0.254519406393 
1.02054773618 1.58149191541 1.05432794361 -0.273923848659 
1.06316067866 1.59490592443 1.06327061628 -0.279094599082 
1.07882899933 1.60347000109 1.06898000073 -0.29360597341 
1.10381564386 1.61316238873 1.07544159249 -0.29656666377 
1.11354350258 1.61937253907 1.07958169271 -0.303244368565 
1.12299330431 1.6232727352 1.08218182347 -0.309568440472 
1.13353655237 1.62784373876 1.08522915918 -0.315924929198 
1.14559632661 1.63414824121 1.08943216081 -0.322770735867 
1.16642508591 1.6420885442 1.09472569614 -0.325085773188 
1.1889340542 1.65215663445 1.1014377563 -0.324384586079 
1.19250769269 1.65407483396 1.10271655597 -0.326349650901 
1.19267868472 1.65445833587 1.10297222391 -0.32636870957 
1.1895051575 1.65593234835 1.1039548989 -0.322608073309 
1.16822715464 1.65273199362 1.10182132908 -0.322866002736 
1.12921714182 1.64151803607 1.09434535738 -0.293886872396 
1.10251095471 1.63289273839 1.08859515892 -0.26841562172 
1.03276824132 1.60903080402 1.07268720268 -0.204899783466 
0.918108144835 1.56456003901 1.04304002601 -0.097209025257 
0.826486436361 1.50062154405 1.0004143627 0.013660705042 
4.42561624828e-17 1.40293693281 0.935291288542 -0.145652095295 
0.277665135497 1.24818918404 0.832126122696 -0.0650236153695 
0.615342559576 1.04214256445 0.694761709635 -0.0193654508884 
0.755008849588 0.923495841432 0.615663894288 -0.0118212139053 
0.772567785898 0.845531306215 0.563687537476 -0.0254234441119 
0.792084291461 0.792794475445 0.528529650297 -0.0392393945464 
0.806353199442 0.759897067872 0.506598045248 -0.0446641288406 
0.820810485366 0.726376631583 0.484251087722 -0.0523603927326 
0.837003605052 0.686687038409 0.457791358939 -0.0554792919199 
0.758739161109 0.620648183574 0.413765455716 -0.0626435024694 
0.767462850348 0.604507347263 0.403004898175 -0.0575152966503 
0.708190061748 0.549230892396 0.366153928264 -0.0593600527479 
0.678277525883 0.511908587475 0.34127239165 -0.0547825823458 
0.647003472393 0.469659570646 0.313106380431 -0.0573715820583 
0.602975764283 0.425036985386 0.283357990257 -0.0637603947441 
0.57028566793 0.399315575634 0.266210383756 -0.0660129125566 
0.528069747893 0.368065381097 0.245376920731 -0.0745343720504 
0.473474886157 0.318843447661 0.212562298441 -0.110433166301 
0.411148051262 0.289775122088 0.193183414725 -0.177616494815 
0.34786724961 0.281923284751 0.187948856501 -0.303611913276 
0.292212016175 0.316068173979 0.210712115986 -0.445035060491 
0.231243646389 0.376643562098 0.251095708065 -0.523598775598 
0.182289872275 0.433380980583 0.288920653722 -0.523598775598 
0.149133065053 0.470283457464 0.313522304976 -0.523598775598 
0.11256938225 0.509065793275 0.339377195517 -0.523598775598 
0.0959524638464 0.525190163744 0.35012677583 -0.523598775598 
0.0670385554961 0.560050836322 0.373367224215 -0.523598775598 
0.0670385554961 0.560050836322 0.373367224215 -0.523598775598 
0.05461023794 0.571172830508 0.380781887005 -0.523598374155 
0.05461023794 0.571172830508 0.380781887005 -0.523598374155 
0.0515718057871 0.570165013793 0.380110009195 -0.523106088829 
0.0515718057871 0.570165013793 0.380110009195 -0.523106088829 
0.0490220609133 0.56557472202 0.37704981468 -0.522161327156 
0.0598802167187 0.549554835299 0.366369890199 -0.520608460274 
0.0598802167187 0.549554835299 0.366369890199 -0.520608460274 
0.0565490640541 0.547906384635 0.36527092309 -0.521547948864 
0.0618746804253 0.537479851345 0.358319900897 -0.523598775598 
0.0680843896183 0.536297673211 0.357531782141 -0.523598775598 
0.0656897776637 0.533492016095 0.355661344064 -0.523598775598 
0.0656897776637 0.533492016095 0.355661344064 -0.523598775598 
