0.0 0.0 0.0 0.0 
3.34305446942e-21 0.446505665448 0.297670443632 0.313332363669 
3.34305446942e-21 0.446505665448 0.297670443632 0.313332363669 
-1.76344999025e-21 0.477581794095 0.31838786273 0.305064975231 
-1.76344999025e-21 0.477581794095 0.31838786273 0.305064975231 
-1.76344999025e-21 0.477581794095 0.31838786273 0.305064975231 
-9.06371557376e-21 0.504755788383 0.336503858922 0.299975878672 
-9.06371557376e-21 0.504755788383 0.336503858922 0.299975878672 
-9.06371557376e-21 0.504755788383 0.336503858922 0.299975878672 
-9.06371557376e-21 0.504755788383 0.336503858922 0.299975878672 
-1.05649584533e-21 0.484830420372 0.323220280248 0.296178531585 
8.56541706667e-21 0.512664099499 0.341776066333 0.294230763872 
-6.1653055086e-22 0.493931994605 0.329287996404 0.288411627465 
8.13794303303e-21 0.512626375784 0.34175091719 0.284711255034 
8.13794303303e-21 0.512626375784 0.34175091719 0.284711255034 
8.13794303303e-21 0.512626375784 0.34175091719 0.284711255034 
1.74071959747e-21 0.465079203289 0.310052802193 0.273931784162 
1.74071959747e-21 0.465079203289 0.310052802193 0.273931784162 
1.74071959747e-21 0.465079203289 0.310052802193 0.273931784162 
1.74071959747e-21 0.465079203289 0.310052802193 0.273931784162 
-6.89068674341e-21 0.436726437489 0.291150958326 0.274174893582 
-1.26435106011e-20 0.465197125321 0.310131416881 0.273259729189 
-1.26435106011e-20 0.465197125321 0.310131416881 0.273259729189 
-1.26435106011e-20 0.465197125321 0.310131416881 0.273259729189 
9.78064379513e-21 0.484437217604 0.322958145069 0.272440083392 
9.78064379513e-21 0.484437217604 0.322958145069 0.272440083392 
-9.39623322385e-21 0.504925496861 0.336616997907 0.274113192785 
-5.03153352967e-21 0.496690619077 0.331127079384 0.277318783611 
0.00774373146496 0.459641933756 0.306427955837 0.284367843056 
0.0150534625708 0.47214616634 0.314764110893 0.291821876469 
0.0411410529645 0.441943231514 0.294628821009 0.296359812868 
0.0490015897985 0.459523516068 0.306349010712 0.299424514111 
0.0914207940466 0.414118399645 0.276078933097 0.294753645245 
0.244358886418 0.684715916364 0.456477277576 -0.0430211568194 
0.286446110661 0.700067204432 0.466711469621 -0.03582812591 
0.338881934478 0.692100219024 0.461400146016 -0.03301844899 
0.388011742036 0.723406904924 0.482271269949 -0.0292230729585 
0.452680281905 0.741836107344 0.494557404896 -0.0252710884989 
0.512903763286 0.762606493589 0.508404329059 -0.0213054176249 
0.586371092419 0.797043770399 0.531362513599 -0.0168952000034 
0.730102496384 0.827478975936 0.551652650624 -0.0122959501798 
0.847131354849 0.84538911756 0.56359274504 -0.00754046326313 
0.856574515917 0.817133860526 0.544755907018 -0.00635957266167 
0.868755478878 0.784893797213 0.523262531475 0.00754098681608 
0.874126996305 0.774142692398 0.516095128265 0.00685199013487 
0.879074092096 0.764615868797 0.509743912531 0.00958961400961 
0.888993120027 0.74487732619 0.496584884127 0.0106339977269 
0.887212834402 0.748492436986 0.498994957991 0.0182673834504 
0.886120558608 0.751060106669 0.50070673778 0.026583612591 
0.8822046047 0.75951304595 0.506342030634 0.0369861605229 
0.877891681462 0.76938443598 0.51292295732 0.0453111286126 
0.870787671931 0.785924499646 0.523949666431 0.0556349461262 
0.865365001917 0.799284123053 0.532856082035 0.0635274587817 
0.858880063959 0.815558731663 0.543705821109 0.075120936013 
0.854793227305 0.824435874664 0.549623916443 0.0859949086835 
0.854793227305 0.824435874664 0.549623916443 0.0859949086835 
0.844063473897 0.852286356733 0.568190904488 0.104874440101 
0.834718304403 0.87366081182 0.582440541213 0.115807256125 
0.821631114341 0.910109136022 0.606739424014 0.129066268067 
0.749801143267 0.966014297744 0.64400953183 0.130433839978 
0.743873144589 1.00325982827 0.668839885515 0.146474438314 
0.672400999998 1.06198067775 0.707987118498 0.13545197142 
0.596741452188 1.12142711132 0.747618074211 0.171311981215 
0.539941436708 1.20096618301 0.800644122003 0.152920837204 
0.471761338283 1.25661959418 0.837746396118 0.151424773619 
0.387131914119 1.34018273223 0.893455154818 0.114374072207 
0.315949792594 1.40219045051 0.934793633672 0.0860952278146 
0.254552410656 1.45179336445 0.967862242968 0.0586349141607 
0.750751163558 1.45764857423 0.971765716155 0.229823013965 
0.911025497647 1.4326145051 0.955076336733 0.427849970494 
0.921481004961 1.47910652849 0.986071018996 0.369823160219 
0.918432959167 1.54101052494 1.02734034996 0.174202518813 
0.92834777382 1.56267634033 1.04178422689 -0.137503270792 
0.93185505296 1.56137176206 1.04091450804 -0.213202094043 
0.947513889252 1.53558090189 1.02372060126 -0.523598775598 
0.96663029383 1.54925546405 1.03283697603 -0.523598775598 
0.981907468927 1.56265357244 1.04176904829 -0.523598775598 
0.990908829995 1.56844654352 1.04563102901 -0.523598775598 
0.999422599196 1.5705805155 1.047053677 -0.523598775598 
1.00390415474 1.57480818874 1.04987212582 -0.523598775598 
1.00989087709 1.57403908067 1.04935938711 -0.523598775598 
1.01038757565 1.57745790444 1.05163860296 -0.523598775598 
1.01041324492 1.57775376335 1.05183584223 -0.523598775598 
1.0055687163 1.5746742515 1.04978283433 -0.523598775598 
0.997160834913 1.57194097166 1.04796064777 -0.523598775598 
0.979014852163 1.56340256065 1.04226837377 -0.523598775598 
0.933431515637 1.53544562108 1.02363041406 -0.523598775598 
0.926019865435 1.52802951911 1.01868634607 -0.523598775598 
0.893776309851 1.50021620267 1.00014413511 -0.523598775598 
0.860964770103 1.47679650184 0.984531001228 -0.515869222766 
0.896651190801 1.48064327051 0.987095513675 0.370747480362 
0.910811758263 1.39978609439 0.933190729595 0.453747542165 
0.538846022624 1.4506321547 0.967088103132 0.0985862065639 
0.289470910657 1.42255043477 0.948366956516 0.0562986189446 
0.388398447363 1.34003567251 0.893357115009 0.0813580367807 
0.492742522931 1.24622600134 0.830817334226 0.101160231462 
0.595100873929 1.1497383836 0.766492255735 0.0949094066017 
0.732053108238 1.00704108813 0.671360725423 0.068142643251 
0.785582800523 0.911378720951 0.607585813968 0.0584282303741 
0.833830678258 0.792791777911 0.528527851941 0.0296907402779 
0.87001475081 0.738239027189 0.492159351459 0.0124751873677 
0.901316963865 0.689677951809 0.459785301206 0.00202833353911 
0.916161562091 0.668322767825 0.445548511884 -0.00631167844529 
0.916161562091 0.668322767825 0.445548511884 -0.00631167844529 
0.932107960343 0.644551899564 0.429701266376 -0.00631288587032 
0.923587835636 0.653362861709 0.435575241139 0.000616041122749 
0.923399565524 0.653169362557 0.435446241705 -0.00374237174477 
0.906220126898 0.675967264656 0.450644843104 -0.00100614638947 
0.890157191775 0.70033311951 0.46688874634 0.00044605266607 
0.873626054075 0.728497531326 0.485665020884 0.00149824616553 
0.862044211864 0.750447901035 0.50029860069 -0.00184468926961 
0.85199997232 0.770490861812 0.513660574541 -0.00335997412302 
0.838789477897 0.797649043504 0.531766029002 -0.00468546165444 
0.828069117318 0.820807162887 0.547204775258 -0.00567621356198 
0.824610048126 0.827652903213 0.551768602142 -0.0101439117032 
0.812511128168 0.854197409896 0.569464939931 -0.00904829348094 
0.812511128168 0.854197409896 0.569464939931 -0.00904829348094 
0.794810642161 0.902485373816 0.601656915877 -0.0104852440342 
0.790452626819 0.915491574531 0.610327716354 -0.0121611529459 
0.786782154135 0.927248978474 0.618165985649 -0.0126006082863 
0.786782154135 0.927248978474 0.618165985649 -0.0126006082863 
0.784748532033 0.933827034036 0.622551356024 -0.0149968687416 
0.785716651912 0.92765698391 0.618437989273 -0.0168491674729 
0.783915607721 0.932363293393 0.621575528928 -0.0165230055434 
0.784379077734 0.927985641207 0.618657094138 -0.0186687661458 
0.781174414057 0.938240161298 0.625493440866 -0.0167244884996 
0.781174414057 0.938240161298 0.625493440866 -0.0167244884996 
0.781174414057 0.938240161298 0.625493440866 -0.0167244884996 
0.781645930531 0.934142260733 0.622761507156 -0.0186417165637 
0.781645930531 0.934142260733 0.622761507156 -0.0186417165637 
0.779284634421 0.941540545572 0.627693697048 -0.0170550104039 
0.779828006984 0.937005466329 0.624670310886 -0.0181480383939 
0.780127879734 0.932484743697 0.621656495798 -0.0181909617892 
0.777300863059 0.940903021902 0.627268681268 -0.0163225999578 
0.777815779197 0.935716586926 0.62381105795 -0.0177160064287 
0.77518866239 0.943559945618 0.629039963745 -0.0165965464911 
0.77518866239 0.943559945618 0.629039963745 -0.0165965464911 
0.775836766994 0.937587543909 0.625058362606 -0.0178263190694 
0.772782171289 0.94736351684 0.631575677893 -0.0167304088206 
0.775390537342 0.932207737837 0.621471825225 -0.019593340943 
0.7723358924 0.939996619132 0.626664412755 -0.0183080215136 
0.7723358924 0.939996619132 0.626664412755 -0.0183080215136 
0.770299686673 0.944711880732 0.629807920488 -0.0197319688439 
0.770299686673 0.944711880732 0.629807920488 -0.0197319688439 
0.770299686673 0.944711880732 0.629807920488 -0.0197319688439 
0.770206579253 0.9403720702 0.626914713467 -0.0201217808854 
0.770206579253 0.9403720702 0.626914713467 -0.0201217808854 
0.770206579253 0.9403720702 0.626914713467 -0.0201217808854 
0.775821121088 0.909253398457 0.606168932305 -0.018701644247 
0.778505355191 0.890807355012 0.593871570008 -0.0191929921835 
0.788458839923 0.846942388168 0.564628258779 -0.0211758431914 
0.352777577182 0.230696495985 0.15379766399 -0.128405727155 
0.451278643103 0.267345432226 0.178230288151 -0.0542969358923 
0.64413084784 0.368308222239 0.245538814826 -0.0213058471881 
0.923171703001 0.59276608183 0.395177387887 -0.00732799172932 
1.0121229696 0.495911482366 0.33060765491 -0.00735377954167 
0.939884948562 0.231048520282 0.154032346855 -0.00573885481468 
1.02596415335 0.195655823861 0.130437215907 0.00420330022585 
1.06170746463 2.11813499061e-18 1.41208999374e-18 0.00764608903424 
1.11998807557 -8.04642302254e-23 -5.36428201503e-23 0.0127074195368 
1.18370142916 2.96329954372e-22 1.97553302915e-22 0.0132766416156 
1.23674071443 7.22438281503e-22 4.81625521002e-22 0.00866811373806 
1.28105401679 6.6437373337e-22 4.42915822246e-22 0.0103327659586 
1.31270760687 -2.21006352729e-22 -1.47337568486e-22 0.016387250845 
1.32961988247 1.94960514735e-22 1.2997367649e-22 0.0140108991006 
1.35982441084 1.63693686425e-21 1.09129124284e-21 0.0106662287239 
1.36096939123 1.09059960108e-22 7.27066400719e-23 0.015959377494 
1.38417669915 9.66153798905e-23 6.44102532604e-23 0.0131848703978 
1.38198199502 6.86886112971e-22 4.57924075314e-22 0.0165951950719 
1.3791620278 3.58107252683e-22 2.38738168455e-22 0.0150657199816 
1.37773076216 3.20069911117e-22 2.13379940744e-22 0.0139818373675 
1.38192646601 2.99518969355e-22 1.99679312904e-22 0.0118140281023 
1.35822733205 -4.04360459134e-22 -2.69573639423e-22 0.0176573127527 
1.35913564389 3.81564143338e-22 2.54376095559e-22 0.015450383656 
1.37316510296 -7.76178622034e-22 -5.17452414689e-22 0.0116750075249 
1.36794178034 3.31170759661e-22 2.20780506441e-22 0.0127492270661 
1.35769473148 3.60759180254e-22 2.40506120169e-22 0.0148689145005 
1.35082519345 8.60583289571e-22 5.73722193048e-22 0.0170560028405 
1.34460672415 6.83604899602e-22 4.55736599735e-22 0.0155135811397 
1.33188088872 5.48640459044e-22 3.6576030603e-22 0.0165273346725 
1.3133606445 4.7745202395e-22 3.183013493e-22 0.0169394109137 
1.25296774882 3.16443910973e-18 2.10962607315e-18 0.0192820331216 
1.20134870239 -7.82289297729e-18 -5.21526198486e-18 0.0181046995043 
1.11750772053 -5.56981715124e-18 -3.71321143416e-18 0.0249097794436 
1.07253944104 0.00767594963499 0.00511729975666 0.02934040127 
1.01091667343 0.0222635321247 0.0148423547498 0.0290065469964 
0.960908072731 0.0360211913314 0.0240141275543 0.0293704720418 
0.893385777479 0.0572810403075 0.038187360205 0.0311073289009 
0.927916164799 0.441395792934 0.294263861956 0.0187138011004 
0.867533088014 0.48149903119 0.320999354126 0.0154998183144 
0.913285476934 0.660197082873 0.440131388582 0.00708653814505 
0.873576504756 0.715296068506 0.476864045671 0.00412981314086 
0.830526151796 0.783312603649 0.522208402433 -0.000772215316455 
0.8104756961 0.820099105226 0.546732736817 -0.00497510931003 
0.246752491437 0.243062402487 0.162041601658 -0.144412139971 
0.152023977341 0.31405364336 0.209369095574 -0.129986492468 
0.101492878029 0.335963034873 0.223975356582 -0.119581701994 
0.0277540996061 0.289148369665 0.192765579777 0.0278790940657 
2.90257931555e-18 0.311988786009 0.207992524006 0.0241026555324 
-1.12220146725e-20 0.262155078389 0.174770052259 0.0400603475366 
7.65645454568e-21 0.314902504381 0.209935002921 0.0135211472888 
8.79225383768e-22 0.279107804781 0.186071869854 0.0427292419664 
8.79225383768e-22 0.279107804781 0.186071869854 0.0427292419664 
8.79225383768e-22 0.279107804781 0.186071869854 0.0427292419664 
8.79225383768e-22 0.279107804781 0.186071869854 0.0427292419664 
8.79225383768e-22 0.279107804781 0.186071869854 0.0427292419664 
8.79225383768e-22 0.279107804781 0.186071869854 0.0427292419664 
1.62961979518e-21 0.294088508898 0.196059005932 0.0286775568534 
3.01466456808e-21 0.209245252573 0.139496835049 0.0272390577862 
3.01466456808e-21 0.209245252573 0.139496835049 0.0272390577862 
-5.04569614842e-21 0.221678966291 0.147785977528 0.021630938874 
-1.95463185826e-21 0.30293633156 0.201957554373 0.0213069666017 
-8.86588609256e-21 0.258409073958 0.172272715972 0.0228636734073 
1.9366155985e-21 0.235585707984 0.157057138656 0.016699339764 
6.33569080514e-21 0.257540627222 0.171693751482 0.0181661240467 
-6.20425768163e-21 0.295252293936 0.196834862624 0.0244719809854 
-1.46067753542e-18 0.206335803569 0.137557202379 0.022923963907 
7.40900916e-21 0.267001079153 0.178000719435 0.0292102174377 
2.94893479604e-22 0.239746708508 0.159831139005 0.0306978338332 
0.000992981178448 0.149461967186 0.0996413114576 0.0283552232976 
0.000517011340435 0.151413127395 0.10094208493 0.0294863521536 
-2.39504967173e-20 0.166524381666 0.111016254444 0.0308817954752 
-3.21219381346e-21 0.153569900845 0.102379933896 0.030170452229 
-2.28125947109e-22 0.193727964595 0.129151976397 0.0313729116409 
8.06829833342e-21 0.227356411091 0.151570940727 0.0359859712714 
0.00292741818703 0.270872120386 0.180581413591 0.0429839303416 
0.0230991406893 0.278627032136 0.185751354757 0.0420538679976 
0.0722086266648 0.138070166754 0.092046777836 0.0286443326393 
0.0950142191822 0.165930743213 0.110620495476 0.0340046871233 
0.106461569008 0.173040962632 0.115360641755 0.0416721277216 
0.121985319663 0.158698357912 0.105798905275 0.0489247688346 
0.136430324117 0.137232389992 0.0914882599948 0.0486371185938 
0.173917179052 -1.28304626949e-17 -8.5536417966e-18 0.0397452076079 
0.20216256393 9.22720036396e-22 6.15146690931e-22 0.0405186888182 
0.254829968615 0.0627257705129 0.0418171803419 0.0646396901378 
0.31924563968 -1.12129955411e-19 -7.47533036073e-20 0.0722942390432 
0.401491297156 0.0432366924299 0.02882446162 0.071738231301 
0.550089786827 0.149594176222 0.0997294508147 -0.0130957054497 
0.633289396249 0.0553361736189 0.0368907824126 -0.0130020464013 
0.927651062988 0.522942743141 0.348628495427 0.00271693438711 
0.989866666608 0.469575247523 0.313050165016 0.00198631468951 
0.94347381293 0.182695211326 0.121796807551 0.00815499205329 
1.06669935941 3.55827158943e-17 2.37218105962e-17 0.0121406490808 
1.14238935653 3.06335694981e-22 2.04223796654e-22 0.017322172797 
1.21250578986 2.40174694658e-22 1.60116463105e-22 0.0237193138887 
1.3170133206 6.30962609098e-22 4.20641739399e-22 0.021690495921 
1.3595685248 -7.5022533073e-22 -5.00150220487e-22 0.024353575722 
1.41816328557 8.42299371588e-22 5.61532914392e-22 0.0229043789062 
1.44899830153 3.63829560498e-22 2.42553040332e-22 0.0216590475576 
1.47621280696 -1.02765664174e-23 -6.85104427823e-24 0.0233562854556 
1.50241304419 -2.38164897996e-22 -1.58776598664e-22 0.0204946863462 
1.51846781365 4.81559306576e-22 3.21039537717e-22 0.0205517647454 
1.55099221816 2.83095290299e-22 1.88730193533e-22 0.0171881998243 
1.56911495855 1.94375078272e-21 1.29583385515e-21 0.0154085067074 
1.57079632679 9.49456644874e-22 6.32971096583e-22 0.0154047289147 
1.57079632679 9.49456644874e-22 6.32971096583e-22 0.0154047289147 
1.57079632679 -3.47032631516e-22 -2.31355087678e-22 0.0174145585997 
1.57079632679 1.53886617015e-22 1.0259107801e-22 0.0159569104438 
1.57079632679 6.60534745734e-22 4.40356497156e-22 0.0120781105908 
1.57079632679 7.31721548265e-22 4.8781436551e-22 0.0130454364797 
1.57079632679 -1.33670817102e-21 -8.91138780681e-22 0.0157639518278 
1.57079632679 3.66456728147e-22 2.44304485431e-22 0.013636135779 
1.57079632679 3.66456728147e-22 2.44304485431e-22 0.013636135779 
1.57079632679 5.0384272436e-22 3.35895149573e-22 0.0107480900503 
1.57079632679 2.6901505368e-21 1.7934336912e-21 0.0117835097977 
1.57079632679 3.25911643247e-22 2.17274428831e-22 0.0130177645864 
1.57079632679 -1.75728155036e-22 -1.17152103357e-22 0.0158371731806 
1.57079632679 -1.47438471282e-21 -9.82923141877e-22 0.0171665260147 
1.57079632679 1.33438620362e-21 8.89590802415e-22 0.0181679773684 
1.57079632679 1.33438620362e-21 8.89590802415e-22 0.0181679773684 
1.57079632679 1.33438620362e-21 8.89590802415e-22 0.0181679773684 
1.57079632679 -1.43470750488e-21 -9.56471669923e-22 0.0156055957718 
1.57079632679 -1.43470750488e-21 -9.56471669923e-22 0.0156055957718 
1.57079632679 2.29195397095e-22 1.52796931397e-22 0.0167826613953 
1.57079632679 1.43964495983e-21 9.5976330655e-22 0.0199541379215 
1.57079632679 -1.30095623956e-21 -8.67304159704e-22 0.0182691886118 
1.56460509347 7.47605107934e-22 4.98403405289e-22 0.0216172125934 
1.5290558542 6.32681603001e-22 4.21787735334e-22 0.0276584535675 
1.50455749898 8.89328025619e-22 5.92885350413e-22 0.0311297437282 
1.4580733069 1.73467893637e-22 1.15645262424e-22 0.0358718589868 
1.41085738801 5.28517000463e-22 3.52344666975e-22 0.0369658398216 
1.31177942257 -1.84844686757e-22 -1.23229791172e-22 0.0387796838813 
1.22788842209 2.25712581521e-18 1.50475054347e-18 0.0408782333992 
1.10058927093 0.0239838766999 0.0159892511333 0.0443545599721 
0.994279726883 0.0511679627823 0.0341119751882 0.0346388744871 
0.883276104637 0.0852310400207 0.0568206933471 0.0390038900689 
0.927142764625 0.491987166038 0.327991444026 0.0234808816686 
0.895983897604 0.516846881174 0.344564587449 0.024124809661 
0.913162035136 0.658227782489 0.438818521659 0.0190410064406 
0.865954306841 0.723361604167 0.482241069445 0.0101549859983 
0.823724039001 0.792620885968 0.528413923979 0.00755470280022 
0.320660315659 0.386884825524 0.257923217016 0.0155958808629 
0.258531772396 0.428984750638 0.285989833759 0.0148219747417 
0.220777906629 0.402182275872 0.268121517248 0.0146283238027 
0.196584072917 0.299942251436 0.199961500958 -0.0195915123435 
0.187140566163 0.300626925012 0.200417950008 0.0888611746199 
0.168965895771 0.34533236796 0.23022157864 0.0897336094698 
0.146244711611 0.314481509129 0.209654339419 0.086802343105 
0.123744066818 0.321575540582 0.214383693721 0.0427456120802 
0.0906362472025 0.231252457342 0.154168304895 0.0256350667659 
0.0612929590732 0.283239205498 0.188826136999 0.0348063699282 
0.0418707464376 0.318308399084 0.212205599389 0.0408791337477 
0.0660096215456 0.243852783331 0.162568522221 0.0336986086618 
0.0890325450357 0.322555127188 0.215036751458 0.0637923429641 
0.107325557784 0.366933734129 0.244622489419 0.0656142620872 
0.14896715755 0.508759946199 0.339173297466 0.00384400772775 
0.129347747204 0.560280875224 0.373520583483 0.0437318906269 
0.0491025273168 0.609678841905 0.40645256127 0.146600448957 
-2.50576376821e-17 0.751670744037 0.501113829358 0.107529599901 
7.69379285527e-22 0.84572632787 0.563817551913 0.0707239754819 
-5.70664051374e-21 0.920191888226 0.613461258817 0.0883328138119 
-3.60996554322e-21 0.899286507951 0.599524338634 0.124130959074 
-6.29431204384e-18 0.804051282567 0.536034188378 0.250366938948 
0.0638392751491 0.688690669259 0.459127112839 0.382098202329 
0.274054797259 0.658148896152 0.438765930768 0.229753421331 
0.431940130761 0.643864951647 0.429243301098 0.164881493552 
0.594995601494 0.607357979655 0.40490531977 0.124227305053 
0.90474095521 0.642997859516 0.428665239677 0.0809585019363 
0.978963396307 0.540514977802 0.360343318534 0.0691722934101 
0.941181613441 0.211152633828 0.140768422552 0.0771537918308 
1.05172016046 0.159571120216 0.10638074681 0.0326854511977 
1.08558352981 0.1479942256 0.0986628170664 0.0168128446651 
1.51336035833 0.631729136912 0.421152757941 0.00498898273789 
1.53996825195 0.650594507164 0.433729671443 0.00470897934308 
1.57079632679 0.688461573044 0.458974382029 -0.00270422413523 
1.57079632679 0.729073249711 0.486048833141 -0.0131153392092 
1.57079632679 0.729073249711 0.486048833141 -0.0131153392092 
1.57079632679 0.73667209892 0.491114732613 -0.00868683126517 
1.56994682487 0.746192990823 0.497461993882 -0.0022929768068 
1.36105179207 0.677069667647 0.451379778431 -0.0050419475382 
1.12518319025 0.53688220801 0.357921472007 -0.00361268784921 
0.924533046088 0.514573724219 0.343049149479 0.0433232879099 
0.894603655513 0.541519918281 0.361013278854 0.057327967663 
0.85969474057 0.576891999556 0.384594666371 0.0637123734594 
0.895723842803 0.704041064942 0.469360709962 0.0662008636038 
0.853036172891 0.778109775331 0.518739850221 0.0655790140415 
0.796020758247 0.912161989545 0.60810799303 0.065617731115 
0.790886906521 0.934871650743 0.623247767162 0.0641398193029 
0.78144976777 1.00027590866 0.666850605771 0.0560850649987 
1.40987816855 1.07225189572 0.714834597144 0.13768431409 
1.43662026659 1.09215385479 0.728102569857 0.142486638171 
1.45486144942 1.10588158454 0.737254389696 0.135570133995 
1.47158574852 1.10615869713 0.737439131419 0.115806920809 
1.47142407101 1.0987894805 0.732526320335 0.0965937985816 
1.44767234355 1.07595130949 0.717300872992 0.0672532984083 
1.40165861733 1.05191209977 0.701274733179 0.0465979199141 
1.32068028978 0.988470834662 0.658980556442 0.017682712802 
1.24239953858 0.94334038706 0.628893591373 0.00468349185291 
1.21525746865 0.902171965984 0.601447977323 -0.00241490544526 
1.19506964428 0.867150585043 0.578100390029 -0.00727435088774 
1.15613959212 0.855406373887 0.570270915924 -0.00842765863274 
1.05245245455 0.787034135475 0.52468942365 -0.0111278665423 
0.917983520799 0.632928638766 0.421952425844 -0.00699483058042 
0.949241677444 0.592955654544 0.395303769696 0.000523895631295 
0.976122316717 0.560204019916 0.373469346611 0.0133730350283 
0.979214564012 0.552306049588 0.368204033058 0.0267803715809 
0.959132347296 0.567053168509 0.378035445672 0.0453062255296 
0.939717598961 0.584320266757 0.389546844504 0.0628318345024 
0.929729210047 0.593368917269 0.39557927818 0.0695620522464 
0.919099605778 0.60498974379 0.40332649586 0.0768882798258 
0.866300495206 0.669826034613 0.446550689742 0.0865061709954 
0.836408972091 0.715780601956 0.477187067971 0.0877914071325 
0.546268163203 0.668861906544 0.445907937696 0.119131091171 
0.353369375223 0.693097495443 0.462064996962 0.153201977041 
0.152669289435 0.672448743393 0.448299162262 0.231053851844 
-2.99925857838e-19 0.691082228241 0.460721485494 0.294109676607 
2.62604737265e-21 0.733265931784 0.488843954523 0.170255616579 
4.91262143975e-21 0.759686059049 0.5064573727 0.0413945273089 
-6.86799113866e-18 0.647313927089 0.431542618059 -0.0266708810059 
0.0268318471845 0.501496427001 0.334330951334 -0.0532681902539 
0.175428245922 0.45779843525 0.305198956834 -0.106078345878 
0.260703173631 0.457413856302 0.304942570868 -0.0754374880109 
0.296666772988 0.447457622519 0.298305081679 -0.0717306059629 
0.302795882352 0.533722182579 0.355814788386 -0.0512537873629 
0.274333999401 0.479217622582 0.319478415055 -0.0667442400962 
0.216787530262 0.523194445723 0.348796297149 -0.0705933147989 
0.151881997265 0.458784809765 0.305856539843 -0.174242271195 
0.0612868901992 0.499259303205 0.33283953547 -0.481796342986 
-1.70294491962e-18 0.57291223451 0.381941489673 -0.478247171137 
2.08920205919e-21 0.830006635139 0.553337756759 -0.0402261420347 
3.53165010662e-21 0.966408584814 0.644272389876 0.000365672618915 
1.18566851327e-20 0.992087185165 0.661391456777 0.0157683421056 
4.30449056401e-21 0.98804784923 0.658698566153 0.0400689156763 
3.23513879593e-21 0.987788348617 0.658525565745 0.0741101325601 
1.97134025864e-21 0.947390236536 0.631593491024 0.105593973277 
5.92405563388e-18 0.866223206002 0.577482137334 0.188346342837 
-3.33489563751e-18 0.77703849317 0.518025662113 0.324097713801 
0.074312504361 0.696552018783 0.464368012522 0.390460142437 
0.291410331562 0.710379303374 0.473586202249 0.216728223663 
0.421325253814 0.687994503838 0.458663002559 0.178747878625 
0.549232549551 0.632620024301 0.421746682867 0.153402674725 
0.634557987588 0.658317843127 0.438878562085 0.12932897444 
0.606600356378 0.552217219619 0.368144813079 0.131458993492 
0.598261809658 0.521520341496 0.347680227664 0.125418709343 
0.60466629204 0.496278902876 0.330852601917 0.110674895445 
0.59548593937 0.421443886282 0.280962590855 0.0823585078216 
0.56358843015 0.292834658487 0.195223105658 0.0693530583392 
0.557996780197 0.182252452793 0.121501635195 0.0537362404046 
0.550656183952 -3.18293392803e-17 -2.12195595202e-17 0.0338689667987 
0.584449432604 1.33298038533e-22 8.88653590217e-23 -0.0640514732202 
0.61915459058 7.59330690893e-24 5.06220460596e-24 -0.0651644026176 
0.627879039601 -8.77873081971e-23 -5.85248721314e-23 -0.0660213433685 
0.674467162646 -1.11063375887e-21 -7.40422505911e-22 -0.0644674036916 
0.741297744603 3.92869492333e-22 2.61912994888e-22 -0.0289945232388 
0.78986236489 1.16176545272e-22 7.74510301811e-23 -0.0087575969151 
0.931108020391 0.282047040231 0.188031360154 0.0213354142851 
0.915590630871 0.289309616575 0.192873077716 0.0379250956541 
0.877001905144 0.307596169973 0.205064113315 0.05962872205 
0.834686253929 0.329183129735 0.219455419823 0.0751908748819 
0.918200668278 0.566626610422 0.377751073615 0.0639076853502 
0.877849290154 0.608966098555 0.405977399037 0.0722503730885 
0.837806471981 0.655167336347 0.436778224231 0.0762187972283 
0.541772843948 0.370122216598 0.246748144399 0.167191431923 
0.438059614379 0.393366316792 0.262244211194 0.21534256115 
0.278285970733 0.465176333863 0.310117555909 0.325012793998 
0.151911268682 0.514489965605 0.342993310403 0.523598775598 
0.0378714738597 0.673444937643 0.448963291762 0.356282355954 
-3.94698326607e-17 0.81675512665 0.544503417767 0.0951327968518 
2.99532933143e-21 0.845667998081 0.563778665387 0.0854987816525 
-7.67525639589e-22 0.856746126838 0.571164084558 0.0375361872537 
-4.87197826495e-22 0.871731086605 0.581154057737 0.0266728725242 
-4.87197826495e-22 0.871731086605 0.581154057737 0.0266728725242 
-4.87197826495e-22 0.871731086605 0.581154057737 0.0266728725242 
-4.48536774628e-21 0.860556044487 0.573704029658 0.0196357058111 
-4.48536774628e-21 0.860556044487 0.573704029658 0.0196357058111 
-8.8842905261e-21 0.803375898845 0.535583932563 0.0185830783599 
6.76867253159e-22 0.729702819885 0.48646854659 0.051013015618 
0.0399325913378 0.648772952053 0.432515301368 0.108889139483 
0.147046233746 0.695700322713 0.463800215142 0.0397316248823 
0.257239046013 0.744441085453 0.496294056968 0.0195092535395 
0.354439215215 0.82773136506 0.55182091004 0.0182101313129 
0.390666321268 0.864534669543 0.576356446362 0.0203114644112 
0.471392549252 0.922018062128 0.614678708085 0.0238371060104 
0.62999119456 1.00009386624 0.666729244159 0.0331559508543 
0.70604815578 1.04209492016 0.694729946772 0.0438551154005 
0.653988307561 1.09637636595 0.730917577303 0.0583532172658 
0.586109059496 1.16199107245 0.774660714964 0.0755026709705 
0.512186545911 1.22928523126 0.819523487508 0.0923024504526 
0.429697175313 1.30278789832 0.868525265548 0.104584421986 
0.43046176077 1.32310216811 0.882068112072 0.108374264208 
0.313935814003 1.40483984394 0.936559895958 0.107630079984 
0.654990230534 1.43689119844 0.957927465627 0.266231391575 
0.738372917289 1.45788503694 0.971923357959 0.39130549885 
0.678720150741 1.57035594601 1.04690396401 0.285352315142 
0.689677227112 1.63490696635 1.08993797757 0.0875809847348 
0.730734144667 1.5873718286 1.05824788574 -0.523598775598 
0.755127365121 1.6204967199 1.0803311466 -0.523598775598 
0.781088471339 1.64984848899 1.09989899266 -0.523598775598 
0.815996064229 1.68270276881 1.12180184587 -0.523598775598 
0.839477305298 1.70015606596 1.13343737731 -0.523598775598 
0.898205531408 1.72760258322 1.15173505548 -0.464610245688 
0.940003669572 1.74233271602 1.16155514402 -0.429274634298 
0.986625562266 1.75585730538 1.17057153692 -0.397658657214 
1.01763595494 1.76481612567 1.17654408378 -0.380957863184 
1.04059906275 1.77105387078 1.18070258052 -0.370721860716 
1.06107694006 1.77578665792 1.18385777194 -0.363128273438 
1.05142698861 1.77358613497 1.18239075665 -0.367591984618 
0.985485745624 1.75341934224 1.16894622816 -0.405964077455 
0.805451737591 1.65314874094 1.10209916062 -0.523598775598 
0.692136899459 1.50919520743 1.00613013829 -0.523598775598 
-4.17191685054e-17 1.51033877773 1.00689251849 0.0844722179372 
0.512549649728 1.22770148296 0.818467655304 0.101655649634 
0.658788313526 1.09144812718 0.727632084788 0.0587893568755 
0.408322781814 0.901588779857 0.601059186571 0.0288511647957 
0.306504604912 0.790596498751 0.527064332501 0.0299462461083 
0.193600693066 0.612752569519 0.408501713013 0.042403466821 
0.128315635414 0.474718493883 0.316478995922 0.118253660221 
0.0811149325333 0.458167408849 0.305444939232 0.117386397935 
0.00438316150422 0.352242638462 0.234828425641 -0.0544002747577 
-1.43874993742e-19 0.507519942044 0.338346628029 -0.523598775598 
-1.43874993742e-19 0.507519942044 0.338346628029 -0.523598775598 
-1.43874993742e-19 0.507519942044 0.338346628029 -0.523598775598 
-1.43874993742e-19 0.507519942044 0.338346628029 -0.523598775598 
-1.43874993742e-19 0.507519942044 0.338346628029 -0.523598775598 
-1.43874993742e-19 0.507519942044 0.338346628029 -0.523598775598 
-1.43874993742e-19 0.507519942044 0.338346628029 -0.523598775598 
2.32970778723e-21 0.516123095811 0.344082063874 -0.523598775598 
5.92405202307e-21 0.500783124028 0.333855416018 -0.523598775598 
9.59945699072e-22 0.508515338934 0.339010225956 -0.523598775598 
9.59945699072e-22 0.508515338934 0.339010225956 -0.523598775598 
1.02847386729e-21 0.515251397036 0.343500931357 -0.523598775598 
1.02847386729e-21 0.515251397036 0.343500931357 -0.523598775598 
5.30516535697e-21 0.527039426329 0.351359617553 -0.523048693356 
8.61119507252e-21 0.553929590759 0.369286393839 -0.521286522408 
-5.51008953836e-21 0.593521115066 0.395680743378 -0.519230312109 
-3.18698441386e-22 0.852115400527 0.568076933685 -0.000339657690492 
0.0129602887933 0.896523946658 0.597682631106 0.00473623756649 
0.0421235766723 0.943344907219 0.628896604813 0.00893976608632 
0.0974240535222 1.00675859152 0.671172394343 0.015630851636 
0.147779910352 1.07854625425 0.719030836169 0.0236883578758 
0.276773988119 1.23367659046 0.82245106031 0.0494099492024 
0.307164637079 1.33554721485 0.890364809897 0.0743322076957 
0.308249163175 1.40340719209 0.935604794725 0.0903125666157 
0.633082044325 1.42548716044 0.950324773626 0.218357725996 
0.761912463875 1.42474786819 0.949831912124 0.414087514918 
0.734864579871 1.45402904293 0.969352695289 0.393378463176 
0.727415786095 1.5736556622 1.0491037748 -0.523598775598 
0.788885393321 1.61239061778 1.07492707852 -0.523598775598 
0.837813668116 1.63933720601 1.09289147068 -0.523598775598 
0.88426467303 1.66122608111 1.10748405407 -0.523598775598 
0.934554394596 1.67755896245 1.11837264163 -0.523598775598 
0.957022015555 1.68374130577 1.12249420385 -0.514242934008 
1.04644498089 1.70937049789 1.13958033193 -0.44606403102 
1.14241788892 1.72930545573 1.15287030382 -0.400446163934 
1.19406213334 1.74058254977 1.16038836651 -0.385165543605 
1.23285556173 1.74995131286 1.16663420858 -0.378396445921 
1.24586556211 1.75270711774 1.16847141182 -0.377669462684 
1.25550140527 1.75441387387 1.16960924925 -0.377963043358 
1.26212310121 1.75513259228 1.17008839485 -0.378132269352 
1.26667131377 1.75480561529 1.16987041019 -0.378586232675 
1.27230357149 1.75545161372 1.17030107581 -0.378701478505 
1.27638638908 1.75601234313 1.17067489542 -0.378230854597 
1.28048883438 1.75755892268 1.17170594845 -0.377856197601 
1.28161261271 1.75775188154 1.17183458769 -0.377490759422 
1.28209465015 1.75838933943 1.17225955962 -0.376540965041 
1.28099505427 1.75767774236 1.17178516157 -0.376740659461 
1.27981846107 1.75912585889 1.17275057259 -0.376030825695 
1.27766963698 1.75928802391 1.17285868261 -0.37537401532 
1.27586703571 1.75863674986 1.1724244999 -0.375139872419 
1.27472284979 1.75959293994 1.17306195996 -0.374524518635 
1.2734380118 1.75930637174 1.17287091449 -0.374336447223 
1.27015472193 1.75970291268 1.17313527512 -0.374474682276 
1.26696694478 1.75949592974 1.17299728649 -0.374596761038 
1.26332718742 1.75938124558 1.17292083038 -0.374866058033 
1.25529093012 1.75817327217 1.17211551478 -0.375745612484 
1.24322949701 1.75893408092 1.17262272061 -0.37686983702 
1.17665494138 1.7522004723 1.1681336482 -0.392046228322 
1.07045601094 1.7276834038 1.15178893587 -0.44077810178 
0.923040059107 1.67713884324 1.11809256216 -0.523598775598 
0.851308313472 1.6347136151 1.08980907673 -0.523598775598 
0.789830326001 1.59044010065 1.06029340044 -0.523598775598 
0.701358670698 1.50113925465 1.0007595031 -0.523598775598 
0.679080376831 1.47570034105 0.983800227364 0.374912608763 
0.298579169971 1.42198027003 0.947986846687 0.167626946617 
0.43144820806 1.28941627757 0.859610851711 0.186314930663 
0.59313913265 1.13731792359 0.758211949061 0.142537048461 
0.679321068939 1.05744710721 0.704964738139 0.105286971889 
0.683648149661 1.00120572217 0.667470481445 0.0831229830279 
0.777415619702 0.950950909544 0.633967273029 0.0582834472968 
0.781415899644 0.930210795002 0.620140530001 0.0487225967582 
0.784536908169 0.914660400732 0.609773600488 0.041941033554 
0.785025917514 0.911501724929 0.60766781662 0.0403405906905 
0.782510299271 0.919233259657 0.612822173105 0.0417672319654 
0.777752880852 0.934786396783 0.623190931189 0.0390847050145 
0.771021771717 0.96540448837 0.643602992246 0.0393682954633 
0.769303435594 0.976619921014 0.651079947343 0.0361530439968 
0.768697361464 0.992875718792 0.661917145861 0.0271460361952 
0.768524079643 1.00194535201 0.66796356801 0.0262516359389 
0.768984545917 1.01008025438 0.673386836255 0.0258936137202 
1.39870997858 1.04949307296 0.699662048641 0.101880832749 
1.41326829425 1.04950701177 0.699671341178 0.103763042234 
1.40689658408 1.05558474105 0.703723160701 0.105482924598 
1.41224432532 1.05421899453 0.702812663023 0.105599611731 
1.40120130489 1.05799653502 0.70533102335 0.107546767266 
1.40608755711 1.05628896588 0.704192643921 0.107099755215 
1.40689255963 1.05760948273 0.705072988489 0.108517640979 
1.40933687058 1.05651775782 0.704345171879 0.106745892533 
1.39753754656 1.05937328432 0.706248856212 0.106863635364 
1.36657566606 1.06242445673 0.70828297115 0.104165458797 
1.32685770053 1.0612447948 0.707496529868 0.0958884141962 
1.2819701393 1.06249154475 0.708327696499 0.0892372120384 
1.19128408144 1.07011612479 0.71341074986 0.080448610851 
1.09311336734 1.08254002549 0.721693350328 0.0756606788819 
0.89738623488 1.11054504233 0.74036336155 0.0693563025229 
0.60377298305 1.14615587095 0.764103913966 0.0649125117478 
0.537937640866 1.20652394122 0.804349294149 0.0843517579596 
0.413576290084 1.31611948186 0.877412987904 0.118455485533 
0.296717950562 1.42101895483 0.947345969889 0.128090473197 
0.691116887371 1.4451816864 0.963454457602 0.39339974008 
0.629857752285 1.55817175552 1.03878117035 0.311604559544 
0.685133817491 1.65416587417 1.10277724945 -0.101633911219 
0.725776138848 1.6100053676 1.07333691173 -0.523598775598 
0.866873830043 1.68642990848 1.12428660565 -0.523598775598 
0.963549857374 1.71675248508 1.14450165672 -0.460264727995 
1.06275087303 1.73214617808 1.15476411872 -0.406654481925 
1.13590060744 1.7413617731 1.16090784873 -0.38261727419 
1.15295862988 1.74380161719 1.16253441146 -0.378411543068 
1.18557499477 1.7472618908 1.16484126053 -0.371866317032 
1.20063623873 1.74922447728 1.16614965152 -0.369346815809 
1.20864618554 1.75047248411 1.16698165608 -0.367390691437 
1.20985395673 1.75133366904 1.16755577936 -0.366244591025 
1.20901767043 1.75152336393 1.16768224262 -0.365961023631 
1.2051074657 1.75112582016 1.16741721344 -0.365819845446 
1.20040716628 1.75111525612 1.16741017075 -0.366192453994 
1.18891831225 1.74978040417 1.16652026944 -0.3683651492 
1.13814939986 1.7445428478 1.1630285652 -0.383268388269 
1.06439772477 1.7280848975 1.15205659833 -0.417763823591 
0.899567136561 1.66364501994 1.10909667996 -0.523598775598 
0.79948504387 1.59163223928 1.06108815952 -0.523598775598 
0.687278538789 1.47769987973 0.985133253153 -0.523598775598 
0.696898756229 1.42227519727 0.948183464845 0.405545240959 
0.423980494788 1.294836529 0.863224352667 0.197196755451 
0.422152932948 1.25974982187 0.839833214583 0.186777090515 
0.57397514994 1.15031944923 0.766879632822 0.160365203171 
0.693945867215 1.0410282903 0.6940188602 0.104304897189 
0.749857514157 0.982936314936 0.655290876624 0.0740911300981 
0.757294796184 0.932873278446 0.621915518964 0.0485415184176 
0.761316949009 0.914727841905 0.60981856127 0.0349014938347 
0.753023563112 0.938537223356 0.625691482238 0.021512999546 
0.751942002025 0.936632775542 0.624421850361 0.0153197100015 
0.74742090192 0.947574869995 0.631716579997 0.0110460068975 
0.743784871291 0.953913675984 0.635942450656 0.0072812761074 
0.739469545717 0.96387988983 0.64258659322 0.00845918708003 
0.735996755158 0.97032879254 0.646885861693 0.00908071475975 
0.732726817349 0.975932560826 0.650621707218 0.0097040484353 
0.731868455189 0.968736967099 0.645824644733 0.00703072422223 
0.731868455189 0.968736967099 0.645824644733 0.00703072422223 
0.731868455189 0.968736967099 0.645824644733 0.00703072422223 
0.0700142760189 0.407384459973 0.271589639982 -0.305145944034 
0.0946820465101 0.400856170456 0.267237446971 -0.484482358187 
0.0881275846757 0.418718032604 0.279145355069 -0.490726765105 
0.0714652828559 0.444164558458 0.296109705639 -0.403823054197 
0.0758351980235 0.438809838151 0.292539892101 -0.504149470893 
0.0493258543126 0.477990996789 0.318660664526 -0.50123652886 
0.0168613356292 0.513074553579 0.342049702386 -0.497612812826 
0.00452613804084 0.508045303533 0.338696869022 -0.497701929262 
-1.73472347598e-18 0.507503993694 0.338335995796 -0.497720077682 
7.03949319954e-21 0.515683574485 0.343789049657 -0.49720065556 
2.11514725177e-21 0.500038486374 0.333358990916 -0.498394980701 
4.96468873961e-21 0.483244943931 0.322163295954 -0.499903683523 
4.96468873961e-21 0.483244943931 0.322163295954 -0.499903683523 
-8.40020548546e-23 0.425923627545 0.28394908503 -0.502181776557 
0.00856785576856 0.330895116723 0.220596744482 -0.343305313199 
0.0350766952957 0.2771322161 0.184754810734 -0.346576513402 
0.0829832469978 0.186140766628 0.124093844418 -0.320446737724 
0.137063716308 0.0873123924956 0.0582082616637 -0.298362731712 
0.177848456143 0.028335017637 0.018890011758 -0.280708569632 
0.217037857379 -2.82237721281e-18 -1.88158480854e-18 -0.27497532481 
0.245221860081 2.04495278423e-23 1.36330185616e-23 -0.269401589935 
0.257091877104 1.10552439267e-22 7.37016261783e-23 -0.260061106424 
0.280015738448 -1.33320693591e-22 -8.88804623939e-23 -0.21020984878 
0.327132771547 -7.51710603396e-24 -5.01140402264e-24 -0.157079985729 
0.49808709386 0.225698285083 0.150465523389 0.226450024744 
0.53094327513 0.12776920917 0.0851794727803 0.205589754591 
0.526492582498 0.0562137710224 0.0374758473483 0.152141759778 
0.533935523611 7.17088464334e-18 4.78058976223e-18 0.0897989882989 
0.554841625624 -6.97485649014e-22 -4.64990432676e-22 -0.0436607219434 
0.631089820767 -7.17299045671e-22 -4.7819936378e-22 -0.0836367816219 
0.691150123555 3.8751522335e-22 2.58343482233e-22 -0.0596194928274 
0.756986902305 8.7562074326e-22 5.83747162173e-22 -0.0195423254888 
0.796050813012 0.0667694506427 0.0445129670951 0.0219980446327 
0.925836760043 0.429704210304 0.286469473536 0.0411690698776 
0.901160421597 0.447081039196 0.29805402613 0.062583554897 
0.859530002717 0.478513199954 0.319008799969 0.0835421149443 
0.750109673354 0.508772240986 0.339181493991 0.114477651253 
0.656518541248 0.531058793819 0.354039195879 0.143239823648 
0.572990900065 0.533807054441 0.355871369628 0.170559479395 
0.46171608074 0.5520266105 0.368017740333 0.213770525543 
0.292936041527 0.554923251461 0.369948834307 0.317001610021 
0.0318786638379 0.703565801608 0.469043867739 0.307849691514 
1.04822075098e-17 0.764232099756 0.509488066504 0.196924489754 
-2.32969776336e-21 0.806346285837 0.537564190558 0.074636032942 
6.13091142024e-21 0.780723191078 0.520482127385 0.0364495193469 
7.31052161767e-21 0.768730446834 0.512486964556 0.003441360688 
1.89517898379e-21 0.721078649769 0.480719099846 -0.00669836281602 
6.04016290971e-21 0.67462874213 0.449752494753 -0.0153576847246 
-1.16997558827e-22 0.621940605221 0.414627070147 -0.0298157488181 
-7.82805561152e-21 0.654452041784 0.436301361189 -0.0417450475251 
7.93816462751e-21 0.595138396779 0.396758931186 -0.0403778603756 
0.00879701738105 0.398898193311 0.265932128874 0.0248098892048 
0.150213583138 0.204301204932 0.136200803288 0.116091447324 
0.237973376146 0.164048331942 0.109365554628 0.194943300402 
0.316942795446 0.0815930713743 0.0543953809162 0.166822286255 
0.410968071898 5.36863532321e-19 3.57909021548e-19 0.118894810601 
0.552630654323 0.386473964706 0.257649309804 -0.0339583685474 
0.663162202068 0.395217837859 0.263478558573 -0.0157588975798 
0.851942420181 0.609838495738 0.406558997159 0.00342962197178 
0.899300140634 0.708611610571 0.472407740381 0.0422439530328 
0.885577488635 0.733005368595 0.48867024573 0.0516864022043 
0.843244308885 0.818382356131 0.54558823742 0.0878868227353 
0.734328039711 0.954770400817 0.636513600545 0.159610228995 
0.58226112924 1.07763868962 0.718425793078 0.25213388714 
0.447004126397 1.23763278417 0.82508852278 0.30926133727 
0.461324041461 1.33732341672 0.891548944481 0.326835532159 
0.48804518922 1.43151983224 0.954346554825 0.333879996182 
0.550194460524 1.48520175261 0.990134501738 0.356325210743 
0.587032948158 1.54486716317 1.02991144211 0.339435969928 
0.608125567068 1.61575057776 1.07716705184 0.242175988304 
0.631254270105 1.63651878321 1.09101252214 0.175937340945 
0.722464992156 1.57854284751 1.05236189834 -0.523598775598 
0.768775329784 1.62503753789 1.0833583586 -0.523598775598 
0.814597058432 1.65721744708 1.10481163139 -0.523598775598 
0.891674686912 1.69823202152 1.13215468101 -0.523598775598 
0.975265636909 1.73129451065 1.15419634044 -0.479645810516 
1.06035274013 1.75380579763 1.16920386509 -0.418157964261 
1.11800002652 1.76620040317 1.17746693545 -0.389366211379 
1.13301680664 1.76893746931 1.1792916462 -0.383396065474 
1.1657160267 1.77406477803 1.18270985202 -0.372704233377 
1.18508143156 1.77739315634 1.18492877089 -0.366618796881 
1.18717284045 1.77807049551 1.18538033034 -0.365510639875 
1.16977703504 1.7731416244 1.18209441627 -0.371120294251 
1.11147687409 1.75796010317 1.17197340211 -0.39449667392 
0.906558691423 1.67511602753 1.11674401835 -0.523598775598 
0.761271686732 1.54228008138 1.02818672092 -0.523598775598 
1.85844234534e-15 1.54211531154 1.02807687436 0.0885807896463 
0.492774606138 1.23736010347 0.824906735645 0.146785498504 
0.672522025659 1.07160308392 0.714402055946 0.0842281196775 
0.47297483201 0.893911600256 0.595941066838 0.0454237391141 
0.249341137499 0.698544437847 0.465696291898 0.0583328585402 
0.0757328313985 0.490983917182 0.327322611455 0.344202883576 
0.0213126290889 0.509319678765 0.33954645251 0.339607955073 
-4.21442590565e-18 0.414350342884 0.276233561923 -0.146704797133 
-1.36600175279e-21 0.388657651452 0.259105100968 -0.155594147447 
4.71844188444e-21 0.0966308989795 0.0644205993197 -0.0132147065824 
-3.15224418499e-21 0.0181702889972 0.0121135259981 -0.0079636953546 
-2.8957999663e-20 3.03855086564e-19 2.02570057709e-19 -0.0130041475342 
-2.8957999663e-20 3.03855086564e-19 2.02570057709e-19 -0.0130041475342 
-2.8957999663e-20 3.03855086564e-19 2.02570057709e-19 -0.0130041475342 
-2.8957999663e-20 3.03855086564e-19 2.02570057709e-19 -0.0130041475342 
-2.8957999663e-20 3.03855086564e-19 2.02570057709e-19 -0.0130041475342 
-1.02794745597e-20 0.00197113652105 0.00131409101404 -0.00685442884448 
-1.02794745597e-20 0.00197113652105 0.00131409101404 -0.00685442884448 
1.53075593156e-20 0.0255086014827 0.0170057343218 -0.0115290013814 
-8.49890645285e-22 0.0335301121275 0.022353408085 -0.00345885263858 
-2.63891078703e-20 3.46944695195e-18 2.31296463464e-18 0.00203106805911 
-2.63891078703e-20 3.46944695195e-18 2.31296463464e-18 0.00203106805911 
-2.63891078703e-20 3.46944695195e-18 2.31296463464e-18 0.00203106805911 
-2.63891078703e-20 3.46944695195e-18 2.31296463464e-18 0.00203106805911 
4.47066109362e-21 0.0547209245671 0.0364806163781 8.40939108608e-05 
6.16650580137e-21 0.0174255113262 0.0116170075508 0.00510526327959 
-1.4190238546e-20 0.0 0.0 0.000501118036082 
-1.4190238546e-20 0.0 0.0 0.000501118036082 
1.13602541468e-20 0.0270166136348 0.0180110757565 0.00343912664396 
1.8997546353e-20 0.0 0.0 0.0085164498677 
3.58478752895e-21 1.92263875636e-21 1.2817591709e-21 0.00537728599942 
3.58478752895e-21 1.92263875636e-21 1.2817591709e-21 0.00537728599942 
2.83900311564e-21 0.030572592406 0.0203817282707 0.00213407609669 
-1.14814091358e-19 -1.01165649715e-17 -6.74437664764e-18 0.00274891538897 
9.39969206826e-22 1.59121121965e-21 1.06080747977e-21 0.00028026556004 
1.07966771521e-20 0.0390859106558 0.0260572737705 -0.00199706230729 
-1.31720235461e-21 0.0267037471293 0.0178024980862 -0.00435004163562 
0.000472535591872 0.00766765201636 0.00511176801091 -0.00385079541254 
0.00335039401998 -1.53375851828e-18 -1.02250567885e-18 -0.00268783171755 
0.00469660501579 0.020963201509 0.0139754676727 -0.00425301925991 
0.00298864119462 0.0299308950721 0.0199539300481 -0.00501945814622 
0.00416707382464 0.0517996763767 0.0345331175844 -0.00696679399123 
0.0137113857694 0.0503012211161 0.0335341474108 -0.00865030147441 
0.0387206018695 -2.24243121628e-17 -1.49495414418e-17 -0.00500479591689 
0.0343230225119 6.45826223717e-22 4.30550815811e-22 -0.00701740082793 
0.0428948961663 4.74910434725e-23 3.16606956483e-23 -0.0066039493678 
0.0475795889606 1.11337412808e-21 7.42249418721e-22 -0.00557420834876 
0.0700594848909 -1.57651369761e-21 -1.05100913174e-21 -0.00582308540565 
0.104159332796 -1.38630492082e-21 -9.24203280548e-22 -0.00708424688845 
0.142295810269 8.83364181307e-22 5.88909454205e-22 -0.00814098624622 
0.180236648834 1.04419342704e-21 6.96128951358e-22 -0.0188248953042 
0.211417886947 9.64951716068e-22 6.43301144046e-22 -0.0185471675785 
0.262125976847 -5.6434456007e-23 -3.76229706713e-23 -0.018485312178 
0.271924658286 4.51245024086e-22 3.00830016057e-22 -0.0195984744765 
0.279851711334 4.42760917406e-22 2.95173944937e-22 -0.0205492193347 
0.334946213874 1.39808556534e-21 9.3205704356e-22 -0.0214573880589 
0.414090476601 1.97888777314e-21 1.31925851542e-21 -0.328895590337 
0.622304120503 2.67887564438e-22 1.78591709625e-22 -0.0444380365721 
0.729636560814 1.14627381683e-22 7.64182544552e-23 -0.0410214699882 
0.803225265539 1.37312497302e-22 9.15416648677e-23 -0.0152039461591 
0.880663441734 -1.25314199009e-22 -8.35427993393e-23 -0.0119419672282 
0.991872083952 -7.0751215837e-22 -4.71674772247e-22 -0.0125323262438 
1.03803848194 8.72208611582e-07 5.81472407721e-07 -0.0142601631233 
1.09997491055 2.01829897653e-06 1.34553265102e-06 -0.0123498397946 
1.32721810189 0.400438834266 0.266959222844 -0.00228158181344 
1.31410630932 0.307696503545 0.205131002363 -0.00230321434837 
1.37278905831 0.300110158802 0.200073439201 -0.00323170224505 
1.37204210153 0.268701635321 0.179134423547 -0.0030646402546 
1.39424063981 0.219609871861 0.146406581241 -0.00266428057667 
1.4058655468 0.115406897033 0.0769379313551 -0.00196460029243 
1.41188942146 0.0560653081215 0.037376872081 -0.00158420598609 
1.41922859552 0.0144334114241 0.00962227428272 -0.00244478838588 
1.4237609894 1.79179393858e-17 1.19452929238e-17 -0.000365534883665 
1.44237776348 -1.37161234374e-22 -9.1440822916e-23 -0.00158224775278 
1.44229173578 6.59116201939e-23 4.39410801293e-23 -0.000729519024592 
1.44945822932 -2.62787356e-22 -1.75191570666e-22 -0.00195389384445 
1.45567418481 -3.03750009667e-22 -2.02500006444e-22 -0.00190105362839 
1.46068206463 -1.94769552801e-22 -1.29846368534e-22 0.000444449358851 
1.47134448778 2.52013536306e-22 1.68009024204e-22 -0.000940120377977 
1.47254267383 -5.93825917123e-22 -3.95883944748e-22 -0.00125352646268 
1.47541445213 -7.21820199077e-22 -4.81213466051e-22 -0.000940504986856 
1.47003406159 -3.07199462451e-22 -2.04799641634e-22 0.000345798618568 
1.47288184707 7.28016509321e-22 4.85344339548e-22 -5.87929101984e-05 
1.48111629486 1.75909671073e-21 1.17273114049e-21 -0.00170408772084 
1.47059360098 -5.49978076516e-22 -3.66652051011e-22 0.000890011795726 
1.46645953966 1.42526800322e-22 9.5017866881e-23 0.00285310806128 
1.46191859347 1.12966369889e-21 7.53109132591e-22 0.00467217475675 
1.47327606143 -1.52854660639e-22 -1.01903107093e-22 0.00103682325794 
1.46035556438 -1.88007173737e-22 -1.25338115824e-22 0.00363766914069 
1.46035556438 -1.88007173737e-22 -1.25338115824e-22 0.00363766914069 
1.47502661378 0.00665234396969 0.00443489597979 0.000126093025333 
1.45642068054 3.10962105045e-17 2.0730807003e-17 0.00229375027589 
1.43903989379 8.11280769343e-21 5.40853846229e-21 0.00393919026371 
1.41356520652 -2.85888983508e-20 -1.90592655672e-20 0.00665110796302 
1.38128322342 -1.41276007299e-19 -9.4184004866e-20 0.00922869450308 
1.36829034766 6.94242955148e-22 4.62828636765e-22 0.00718388328647 
1.33983897673 -1.07657523049e-18 -7.17716820327e-19 0.00698914917171 
1.29874353966 2.57584004506e-18 1.71722669671e-18 0.00975397781743 
1.25776317132 -2.14760488747e-18 -1.43173659164e-18 0.0112263776339 
1.19675562453 2.00921479729e-18 1.33947653153e-18 0.0175523449934 
1.110671656 0.0188671643001 0.0125781095334 0.0186173526806 
1.09649683373 3.91604125464e-17 2.61069416976e-17 0.0173848551822 
1.05450856193 0.0112761935787 0.00751746238581 0.0168955673277 
1.00024238725 0.0270500848172 0.0180333898781 0.0169295860084 
0.951365830002 0.0418656052308 0.0279104034872 0.0201364920437 
0.915467872897 0.0529743737703 0.0353162491802 0.0185321167898 
0.841574635583 0.0762186693707 0.0508124462471 0.0197532507451 
0.777775457815 -4.38484077994e-17 -2.92322718663e-17 0.00236695781148 
0.666357377483 8.93061792535e-18 5.95374528357e-18 0.0144908728702 
0.592388918951 -5.0649322283e-18 -3.37662148553e-18 0.00403253931518 
0.483517246809 -9.82865304487e-17 -6.55243536325e-17 -0.17646143012 
0.430258527898 -4.62113083451e-18 -3.08075388967e-18 -0.362931832383 
0.244319200162 0.195722009622 0.130481339748 -0.523598775598 
0.152616958881 0.304948056464 0.203298704309 -0.523598775598 
0.0774473428088 0.392640724288 0.261760482859 -0.523598775598 
0.0314137167875 0.446903127119 0.297935418079 -0.523598775598 
-3.9229005198e-19 0.47633508304 0.317556722026 -0.523598775598 
-3.9229005198e-19 0.47633508304 0.317556722026 -0.523598775598 
-3.9229005198e-19 0.47633508304 0.317556722026 -0.523598775598 
-3.9229005198e-19 0.47633508304 0.317556722026 -0.523598775598 
-3.9229005198e-19 0.47633508304 0.317556722026 -0.523598775598 
-3.9229005198e-19 0.47633508304 0.317556722026 -0.523598775598 
-3.9229005198e-19 0.47633508304 0.317556722026 -0.523598775598 
-3.9229005198e-19 0.47633508304 0.317556722026 -0.523598775598 
-3.9229005198e-19 0.47633508304 0.317556722026 -0.523598775598 
-3.9229005198e-19 0.47633508304 0.317556722026 -0.523598775598 
-3.9229005198e-19 0.47633508304 0.317556722026 -0.523598775598 
-3.9229005198e-19 0.47633508304 0.317556722026 -0.523598775598 
-3.9229005198e-19 0.47633508304 0.317556722026 -0.523598775598 
8.4898052876e-22 0.491006427204 0.327337618136 -0.523598775598 
8.4898052876e-22 0.491006427204 0.327337618136 -0.523598775598 
8.4898052876e-22 0.491006427204 0.327337618136 -0.523598775598 
2.1714298677e-21 0.500717331025 0.333811554017 -0.523598775598 
2.1714298677e-21 0.500717331025 0.333811554017 -0.523598775598 
-2.04678425677e-21 0.515280906443 0.343520604295 -0.523598775598 
-2.04678425677e-21 0.515280906443 0.343520604295 -0.523598775598 
2.31409820983e-21 0.525934754184 0.350623169456 -0.523231690853 
3.70058606229e-21 0.536730625097 0.357820416732 -0.522335243514 
0.00291428952635 0.549017746741 0.366011831161 -0.521809475608 
0.0130999320246 0.554099752672 0.369399835114 -0.521947126608 
0.107316850417 0.600071100922 0.400047400615 -0.0429655066391 
0.187588307418 0.643204499976 0.428802999984 -0.0245668804363 
0.401679848101 0.781779534164 0.521186356109 -0.00223169883611 
0.448538049859 0.801926675374 0.534617783582 0.000211190975872 
0.633735268798 0.832832181157 0.555221454105 0.00519779949988 
0.833135880891 0.872208532604 0.581472355069 0.0111872404277 
0.837727682467 0.856088760791 0.570725840527 0.0162672749828 
0.839858654867 0.849259402905 0.56617293527 0.0226475028598 
0.84076104598 0.846926283038 0.564617522025 0.0267755963157 
0.841870048086 0.844281919574 0.562854613049 0.0276233983356 
0.836753926723 0.860878196565 0.57391879771 0.031586472119 
0.823415587171 0.902751321252 0.601834214168 0.0413201440231 
0.806918639892 0.951236466872 0.634157644581 0.0517269912852 
0.74914586244 0.987216845961 0.658144563974 0.0618510437013 
0.744252639542 1.02065749665 0.680438331099 0.0716890371223 
0.697836146626 1.04659532578 0.697730217188 0.0706566880116 
0.695064085453 1.0766547683 0.717769845535 0.0771518982183 
0.628672844905 1.12067161746 0.747114411643 0.0701858017916 
0.578328269377 1.1700298769 0.780019917931 0.0714253144389 
0.532313478233 1.2131907609 0.808793840601 0.0698588171433 
0.457558488475 1.2803109498 0.853540633203 0.0662220205235 
0.401085083629 1.32898347548 0.885988983654 0.0596766027262 
0.32789473698 1.3893757923 0.926250528202 0.0431222562139 
0.563954374448 1.40609775708 0.937398504719 0.0797399462783 
0.726492003724 1.41508968573 0.943393123818 0.138688064984 
0.838456494673 1.41818112158 0.945454081056 0.222602015801 
0.876787452556 1.41429319109 0.942862127393 0.267323858043 
1.01353689776 1.36019405893 0.906796039289 0.504412439549 
0.998011198995 1.41765720078 0.945104800523 0.454226613934 
1.0025582725 1.42895790745 0.952638604969 0.455001083445 
0.972166245744 1.54838400281 1.03225600187 -0.218560257107 
0.955357813367 1.50229628164 1.00153085443 -0.523598775598 
0.978090378314 1.52747403187 1.01831602125 -0.523598775598 
1.00418236112 1.5573705282 1.0382470188 -0.523598775598 
1.0253332724 1.57619062183 1.05079374789 -0.523598775598 
1.05424257811 1.60095098879 1.06730065919 -0.523598775598 
1.07157646086 1.61366132115 1.0757742141 -0.523598775598 
1.10395212991 1.63527407691 1.09018271794 -0.492395088307 
1.12692100909 1.64712537082 1.09808358055 -0.464735880544 
1.14378640483 1.65381225133 1.10254150088 -0.44890016275 
1.16253555807 1.66062339762 1.10708226508 -0.433057518886 
1.18154184269 1.66951041247 1.11300694164 -0.417408382478 
1.2052903583 1.68005635803 1.12003757202 -0.40149650968 
1.23316169563 1.69242291473 1.12828194315 -0.385753448311 
1.23787017156 1.69484809079 1.1298987272 -0.383787252895 
1.23952679642 1.69552830272 1.13035220181 -0.383582865102 
1.23644894742 1.69624126551 1.13082751034 -0.385411930002 
1.21314700305 1.69126446141 1.12750964094 -0.397216566565 
1.15640268195 1.675901182 1.11726745466 -0.431482931964 
1.11959437375 1.66198935647 1.10799290432 -0.462750077254 
1.02210169507 1.61369722505 1.07579815003 -0.523598775598 
0.92247027093 1.53182058564 1.02121372376 -0.523598775598 
0.911850166981 1.52003811762 1.01335874508 0.276518178885 
0.684361567449 1.40245059809 0.934967065391 0.147523324108 
0.453435822205 1.28337783464 0.855585223095 0.0804284462815 
0.662105926276 1.08598972344 0.723993148958 0.0705100283341 
0.815692390136 0.898470325081 0.59898021672 0.0373981546709 
0.840416376265 0.809099957697 0.539399971798 0.0201871122726 
0.865852253228 0.752825871742 0.501883914495 0.00712743312842 
0.880221514733 0.728599330439 0.485732886959 0.00135749582772 
0.89299472627 0.707724586858 0.471816391238 -0.00418655928371 
0.908284386605 0.683091400796 0.455394267198 -0.00837272731288 
0.908284386605 0.683091400796 0.455394267198 -0.00837272731288 
0.919028382989 0.667054133273 0.444702755515 -0.0113213705948 
0.913268388273 0.675380296287 0.450253530858 -0.0109480034052 
0.918681283578 0.667904241731 0.445269494488 -0.0131452776157 
0.911220595519 0.67894469952 0.45262979968 -0.0117798328653 
0.897315319902 0.699445871216 0.466297247477 -0.00995984306404 
0.893434751844 0.705229489506 0.470152993004 -0.0119462097134 
0.888403657081 0.71265290256 0.47510193504 -0.014546097006 
0.866960202556 0.745585190448 0.497056793632 -0.0140735727778 
0.850244299382 0.773974149975 0.51598276665 -0.0172634692052 
0.831077529027 0.808852357761 0.539234905174 -0.0228330823614 
0.808619491107 0.854852622512 0.569901748341 -0.0238306747956 
0.789008724973 0.902937406233 0.601958270822 -0.0296057831321 
0.7761528111 0.942436824296 0.628291216198 -0.0306578559634 
0.770641275518 0.965352159185 0.643568106123 -0.0324824106761 
0.765821260746 0.994296138598 0.662864092399 -0.0325508160644 
0.766349376195 1.00678049727 0.671186998178 -0.0326503095286 
1.56872925117 1.07244579196 0.714963861308 0.0681584461784 
1.57079632679 1.07273966478 0.715159776518 0.0681708159641 
1.57079632679 1.0755108408 0.717007227201 0.0695663977594 
1.57079632679 1.07543934856 0.716959565703 0.0671040077398 
1.57079632679 1.07813051458 0.718753676386 0.0720103577226 
1.57079632679 1.07753992741 0.718359951608 0.0725013463062 
1.57079632679 1.07637393806 0.717582625375 0.0724349891204 
1.57079632679 1.07386325178 0.715908834522 0.0718542782007 
1.57079632679 1.0738367423 0.715891161532 0.0743698649485 
1.57079632679 1.07299568581 0.715330457207 0.073378980133 
1.57079632679 1.07057403981 0.713716026541 0.0694503433733 
1.57079632679 1.07118367646 0.714122450975 0.0728625846438 
1.57079632679 1.07169975023 0.714466500153 0.0740540633077 
1.57079632679 1.07133258079 0.714221720524 0.0740604957583 
