0.0 0.0 0.0 0.0 
0.128734201343 0.571411658407 0.380941105604 -0.0178261440311 
0.124284067297 0.495464091055 0.330309394037 -0.0358230849332 
0.123417237327 0.491777491611 0.327851661074 -0.0397896143272 
0.125624867471 0.543345779412 0.362230519608 -0.0211505722137 
0.124542393076 0.546426450859 0.364284300573 -0.017955841258 
0.121248375566 0.469334747432 0.312889831621 -0.0372503257035 
0.119560839671 0.469297536532 0.312865024354 -0.0411515999587 
0.121601710178 0.442702639835 0.295135093224 -0.0896883610828 
0.1142623583 0.55161150265 0.367741001767 -0.11164340834 
0.136621157189 0.575925333746 0.383950222497 -0.112296416305 
0.166945345932 0.595658830144 0.397105886763 -0.102825263253 
0.200874398495 0.616573449193 0.411048966128 -0.0809275744181 
0.207279165666 0.623716243838 0.415810829225 -0.0732903038571 
0.202013345626 0.600110282958 0.400073521972 -0.0806263241648 
0.197116972418 0.606195197286 0.404130131524 -0.0804595627685 
0.195388508001 0.607031921048 0.404687947365 -0.0754431479181 
0.187965868703 0.593342311509 0.395561541006 -0.079364646925 
0.180760705577 0.557055675828 0.371370450552 -0.0936761900618 
0.179803027369 0.579025889973 0.386017259982 -0.0800726107863 
0.17722375382 0.544096979094 0.362731319396 -0.0934801073777 
0.171436909525 0.554279996492 0.369519997661 -0.0905441129491 
0.170562474604 0.496821339755 0.331214226504 -0.109812113364 
0.168916233296 0.475105326353 0.316736884235 -0.117453101784 
0.168697600874 0.494063442289 0.329375628193 -0.0881302106381 
0.17135081357 0.525434958338 0.350289972226 -0.0661469740201 
0.171355924769 0.51832428239 0.345549521593 -0.0645662292533 
0.168209393338 0.483610902182 0.322407268121 -0.0830229602189 
0.165823733383 0.474596932717 0.316397955145 -0.0867091799177 
0.162192859795 0.475474403179 0.316982935453 -0.0895286939685 
0.160985646691 0.478451285657 0.318967523772 -0.0944447434169 
0.165078640304 0.522652700299 0.348435133533 -0.0703772767604 
0.166180467358 0.47948621038 0.319657473587 -0.0936830915629 
0.169590746699 0.448891898509 0.299261265673 -0.116257161459 
0.174280786681 0.454249686762 0.302833124508 -0.103652615224 
0.177960922851 0.477602018966 0.318401345977 -0.0842425663079 
0.195369557281 0.464217130499 0.309478086999 -0.078130830556 
0.23215069447 0.427022504742 0.284681669828 -0.0820045736128 
0.269559943053 0.49378984514 0.329193230094 -0.0547753805568 
0.298780457085 0.396968792711 0.264645861807 -0.0760534128581 
0.334361394689 0.425976680786 0.283984453857 -0.0589072223737 
0.36941060414 0.429425513531 0.286283675687 -0.0495445050331 
0.424832099821 0.473846964803 0.315897976536 -0.0362553809588 
0.43581402207 0.435239448221 0.290159632148 -0.039767570387 
0.499151002986 0.365980764418 0.243987176279 -0.0405429671887 
0.642324883465 0.411265510563 0.274177007042 -0.0270232198939 
0.769001757349 0.42320670813 0.28213780542 -0.022577675394 
0.864207005765 0.374985154182 0.249990102788 -0.0150026132334 
0.941827957086 0.336407403901 0.224271602601 -0.0110182037039 
1.04820510982 0.283812940678 0.189208627118 -0.0079290048485 
1.025839471 -1.69059962565e-18 -1.1270664171e-18 -0.0024256959411 
1.08786107369 -6.70966622595e-23 -4.4731108173e-23 -0.00132361838554 
1.16163245934 -2.23679863403e-22 -1.49119908936e-22 -0.0037138846423 
1.20283806301 -2.65264302872e-22 -1.76842868581e-22 0.00139915866295 
1.27466918332 1.73568492981e-22 1.15712328654e-22 -0.000322368691559 
1.32169330707 7.01266286109e-22 4.67510857406e-22 0.000518406690374 
1.37958877762 -3.38794066104e-22 -2.25862710736e-22 0.00199865180948 
1.41170985524 -2.46821619643e-22 -1.64547746428e-22 0.00177022165275 
1.44393530047 -2.96969887672e-22 -1.97979925115e-22 -0.00146085148373 
1.47988731731 2.70527076615e-22 1.8035138441e-22 -0.00367953029429 
1.49969257013 1.49370057242e-22 9.95800381611e-23 -0.0063848756561 
1.51814860303 -5.26142462914e-23 -3.50761641942e-23 -0.00871819073048 
1.51480821945 -5.06581686651e-22 -3.37721124434e-22 -0.00787239783187 
1.52056006925 6.5146615859e-22 4.34310772393e-22 -0.00923055640349 
1.50970007388 -3.23007499931e-22 -2.15338333287e-22 -0.008157330681 
1.51574386115 5.47236234275e-22 3.64824156183e-22 -0.00924523634613 
1.51427093295 3.35241162562e-22 2.23494108374e-22 -0.00879172777919 
1.51257611404 -7.4327908003e-23 -4.95519386687e-23 -0.00833859987379 
1.51864934184 5.04173396788e-23 3.36115597859e-23 -0.0100970262575 
1.51235432802 1.03045771098e-22 6.8697180732e-23 -0.00843561798742 
1.51060427619 1.58485607713e-21 1.05657071808e-21 -0.00722924718174 
1.51296169077 -5.44099236212e-22 -3.62732824141e-22 -0.00768838231304 
1.52056191204 -3.18687311908e-23 -2.12458207938e-23 -0.00825923320361 
1.50814972827 1.26964440161e-21 8.46429601075e-22 -0.00596203185457 
1.51212769434 1.37542279474e-22 9.16948529826e-23 -0.00694878667578 
1.50509850539 4.90223955275e-22 3.26815970183e-22 -0.00709357862077 
1.48340476915 7.2194201235e-22 4.812946749e-22 -0.00624174326381 
1.40959842501 -5.29801703238e-21 -3.53201135492e-21 -0.00367386083973 
1.3269024691 2.40724005581e-19 1.60482670387e-19 -0.00118547950924 
1.21045822682 -1.70426842397e-18 -1.13617894932e-18 -0.00349136480498 
1.06893355264 0.0389222471654 0.0259481647769 -0.0196267670547 
0.90946817894 0.0876716085693 0.0584477390462 -0.0264411766019 
0.602667269698 -7.31899561116e-17 -4.87933040744e-17 -0.0786655948389 
0.424051272455 0.0604480834146 0.0402987222764 -0.24005999588 
0.279659464058 0.196695126647 0.131130084432 -0.46270931648 
0.20843618674 0.268229758712 0.178819839141 -0.523598775598 
0.153333021718 0.326344051702 0.217562701134 -0.523598775598 
0.111100886749 0.37308430699 0.248722871327 -0.523598775598 
0.108350559292 0.372624778592 0.248416519061 -0.523598775598 
0.0943528777247 0.382102413536 0.254734942358 -0.523598775598 
0.0693051963064 0.405183208383 0.270122138922 -0.523598775598 
0.0472031554091 0.421878992527 0.281252661684 -0.523598775598 
0.0583189546057 0.404800574224 0.269867049483 -0.523598775598 
0.0502475968826 0.417734949225 0.27848996615 -0.523598775598 
0.0602662010393 0.40397511517 0.269316743447 -0.523598775598 
0.0602662010393 0.40397511517 0.269316743447 -0.523598775598 
0.0733098202838 0.387439872595 0.258293248397 -0.523598775598 
0.0733098202838 0.387439872595 0.258293248397 -0.523598775598 
0.0943319405574 0.357191682776 0.238127788517 -0.523598775598 
0.0780191904495 0.385524828723 0.257016552482 -0.523598775598 
0.0874885135432 0.373314488476 0.248876325651 -0.523598775598 
0.0810072487179 0.388009025092 0.258672683395 -0.523598775598 
0.0931764890053 0.372323977279 0.248215984852 -0.523598775598 
0.0947180808384 0.373567604023 0.249045069349 -0.523598775598 
0.0985827586203 0.374052985698 0.249368657132 -0.523598775598 
0.118169894655 0.345313214059 0.230208809373 -0.523598775598 
0.113590604317 0.356205387504 0.237470258336 -0.523598775598 
0.121956074164 0.346313973083 0.230875982056 -0.523598775598 
0.142119401048 0.319369574111 0.212913049408 -0.523598775598 
0.150312696113 0.307868308518 0.205245539012 -0.523598775598 
0.145624360668 0.327745913982 0.218497275988 -0.523598775598 
0.156996156933 0.315970450641 0.210646967094 -0.523598775598 
0.187522696222 0.279563419664 0.18637561311 -0.523598775598 
0.201981145854 0.261969418143 0.174646278762 -0.523598775598 
0.19992654761 0.271852435005 0.18123495667 -0.50917821289 
0.221440454484 0.241107885356 0.160738590237 -0.475991955756 
0.233143279478 0.227545913805 0.15169727587 -0.411493763577 
0.259622181189 0.193066335279 0.128710890186 -0.386828769573 
0.278449039275 0.166590255145 0.111060170096 -0.309273691196 
0.309495821534 0.128713105824 0.0858087372163 -0.300527589913 
0.351108159691 0.0785328334949 0.0523552223299 -0.291138661773 
0.356787809186 0.069963649295 0.0466424328633 -0.168611327174 
0.389090515228 0.0319089086248 0.0212726057498 -0.132689998028 
0.416813074373 0.00761197908602 0.00507465272401 -0.218957467079 
0.426390562965 4.48714601733e-18 2.99143067822e-18 -0.202137541552 
0.43903653575 -2.00651352339e-23 -1.33767568226e-23 -0.200651206266 
0.471614576515 9.9349741308e-22 6.6233160872e-22 -0.158386486299 
0.473645883349 -2.2060720813e-21 -1.47071472087e-21 -0.135628205981 
0.505285020202 -1.66392366567e-21 -1.10928244378e-21 -0.135713731326 
0.531827906045 -1.39273297575e-21 -9.284886505e-22 -0.135453465079 
0.564274606559 -8.93682877406e-22 -5.95788584937e-22 -0.136415285267 
0.588702969669 6.77833730446e-22 4.51889153631e-22 -0.133098355267 
0.613947012651 1.09053349376e-21 7.27022329175e-22 -0.0779443458642 
0.645746814252 1.98692132651e-22 1.32461421768e-22 -0.0778592144515 
0.664856429899 4.56016204792e-22 3.04010803195e-22 -0.0411316275147 
0.672271621502 2.50922727982e-22 1.67281818655e-22 -0.0387369952309 
0.698534575493 -3.11644668618e-22 -2.07763112412e-22 -0.0226791228697 
0.747055578699 -7.36496044658e-23 -4.90997363105e-23 -0.0190058222133 
0.785831300432 6.86300373258e-23 4.57533582172e-23 -0.0169326532109 
0.829309223086 1.87560978666e-22 1.25040652444e-22 -0.0147616079123 
0.856605384929 1.24262275263e-22 8.2841516842e-23 -0.0123041822833 
0.87400509656 -7.94312813149e-23 -5.29541875432e-23 -0.00830464771307 
0.900551220793 9.32672566006e-23 6.21781710671e-23 -0.0047293080599 
0.90301068717 1.39535959275e-22 9.30239728498e-23 -0.00274679931793 
0.932435128891 -2.46956953492e-24 -1.64637968995e-24 -0.0019980525768 
0.975284640814 7.52624317233e-23 5.01749544822e-23 -0.00587857210541 
0.983780833992 2.95584127057e-23 1.97056084705e-23 -9.11819125547e-05 
1.00133962496 2.10434437718e-07 1.40289625145e-07 0.00412896147831 
1.02489444376 4.11029043494e-07 2.7401936233e-07 -0.000352020224743 
1.04128515711 1.10368328544e-06 7.35788856961e-07 7.95302860563e-05 
1.07287762357 1.08805304889e-06 7.25368699257e-07 -0.00299023577151 
1.08110589923 0.000669533128799 0.000446355419199 0.00208641953548 
1.22064896058 0.303593705048 0.202395803365 0.00371998531636 
1.20972122898 0.230381757585 0.15358783839 0.00368719543411 
1.24324339012 0.212960564158 0.141973709438 0.00265426731882 
1.27814903483 0.235495549699 0.156997033133 0.0013291136913 
1.25150217026 0.156520291592 0.104346861062 0.00225758070868 
1.2707186955 0.167731977297 0.111821318198 0.000661905624478 
1.31330733976 0.223661447424 0.149107631616 -0.000930383272264 
1.27172273598 0.0826590729642 0.0551060486428 -0.000462144683601 
1.31761259026 0.0299683527474 0.0199789018316 -0.0025991411246 
1.31234325249 1.43817258913e-17 9.5878172609e-18 -0.00168010413421 
1.35200380609 0.0330982910541 0.0220655273694 -0.00326484354003 
1.34592600624 2.37537394294e-17 1.58358262862e-17 -0.000132734725461 
1.3590019997 2.47967732632e-22 1.65311821754e-22 -0.000597505892224 
1.41543766687 0.0663815239272 0.0442543492848 -0.00582276026648 
1.40440340491 5.20964350604e-17 3.4730956707e-17 -0.00340588015043 
1.41228920219 5.62312656231e-22 3.74875104154e-22 -0.00166023741325 
1.42219033386 1.36105478155e-21 9.07369854367e-22 0.000214990737734 
1.46395006983 -3.16454146961e-22 -2.10969431308e-22 -0.00408706257799 
1.4766155943 0.0174409236966 0.0116272824644 -0.00412553899179 
1.46346601327 4.69652018746e-18 3.13101345831e-18 -0.00046734201511 
1.47642089374 4.48800277706e-22 2.99200185137e-22 -0.00244906072236 
1.47567498206 -6.02497305251e-22 -4.01664870168e-22 -0.000439089442611 
1.48479714172 2.74323561229e-22 1.82882374153e-22 -0.00204080290368 
1.4794207149 -8.72974512308e-22 -5.81983008206e-22 0.000186590997114 
1.48883876011 1.53144835931e-22 1.02096557287e-22 -0.00176932524353 
1.47964748535 9.28721096115e-22 6.1914739741e-22 0.000555285654063 
1.48288244221 -1.19420930949e-22 -7.96139539658e-23 -0.000491083667145 
1.48777522788 1.13906418524e-21 7.59376123492e-22 -0.00162423962462 
1.49510131023 0.0210388154499 0.0140258769666 -0.00163858221386 
1.48132108259 8.41450625784e-18 5.60967083856e-18 0.00065078117322 
1.4755449669 6.66603213247e-22 4.44402142164e-22 0.00123179413752 
1.50310614943 0.0693690936752 0.0462460624501 -0.00160645404022 
1.4703329808 -3.0630185521e-17 -2.04201236807e-17 8.75407894094e-05 
1.46965442909 0.00905494746221 0.00603663164147 0.000351781621161 
1.46613921351 0.00448333948725 0.0029888929915 0.00067346437952 
1.45623857876 0.019894445451 0.013262963634 0.000588226390573 
1.45609826909 0.0430909181288 0.0287272787526 -5.47732616867e-05 
1.41981904384 2.08954078868e-17 1.39302719245e-17 0.00316841734046 
1.43378631347 0.048968589662 0.0326457264413 0.000604329348677 
1.4214496588 0.0441236448207 0.0294157632138 0.000585104697081 
1.38629027743 -4.04598480872e-18 -2.69732320581e-18 0.00359964898368 
1.3820390478 3.3171241151e-22 2.21141607673e-22 0.0027418369862 
1.37926823205 1.37477933727e-19 9.16519558179e-20 0.000175280311994 
1.36560524571 -1.78780207074e-19 -1.19186804716e-19 0.000629832422571 
1.34329540869 1.01621859516e-19 6.77479063441e-20 0.00285843495778 
1.32791152116 -2.17999462252e-22 -1.45332974835e-22 0.00341244835408 
1.32950048234 -2.7734610037e-22 -1.84897400247e-22 -0.00182503850541 
1.29701650359 -6.9663382941e-18 -4.6442255294e-18 0.00139682803731 
1.31393326196 0.0455920012026 0.0303946674684 0.000178056298634 
1.29194827939 -5.48003329209e-19 -3.65335552806e-19 0.00198229631396 
1.29295556425 0.0326690880421 0.021779392028 0.000662635935467 
1.28330355998 0.0438774989671 0.0292516659781 0.000943002680871 
1.24864083854 0.0259553680376 0.0173035786917 0.00135344687886 
1.26054278062 0.0710273901126 0.0473515934084 0.00125722804827 
1.21250156625 5.82939683213e-17 3.88626455475e-17 0.00244229550479 
1.20320536422 0.0165104623556 0.0110069749037 0.00163888831458 
1.19405914922 0.0035955947279 0.00239706315193 0.00162869303177 
1.1313570422 -1.31829247321e-17 -8.7886164881e-18 0.00182349323397 
1.09739299545 5.77518962384e-18 3.8501264159e-18 0.00276519623174 
1.08134153399 0.00468830300365 0.00312553533577 -0.00127165121121 
1.06392968621 0.0104166098577 0.00694440657181 -0.0052063549015 
1.03257813509 0.019637115631 0.0130914104206 -0.00326847704675 
1.02545653058 0.0216544980478 0.0144363320319 -0.00316882262453 
1.00384464829 0.0278893861589 0.0185929241059 -0.00192442707996 
0.98667839526 0.0331008979754 0.022067265317 -0.00535187736383 
0.972369076392 0.0374998497855 0.024999899857 -0.00821455743801 
0.957303697727 0.0421250540462 0.0280833693641 -0.0101634816766 
0.943648357757 0.0462663023103 0.0308442015402 -0.0106321195321 
0.920751712569 0.0533484176354 0.0355656117569 -0.00843500591184 
0.91643538985 0.0543648971426 0.0362432647617 -0.0139940816189 
0.912726744739 0.0549714289292 0.0366476192861 -0.0135934001813 
0.889404330048 0.0617056762437 0.0411371174958 -0.00999701921486 
0.872021017801 0.0662018393117 0.0441345595411 -0.0131399366484 
0.84721398359 0.0728972529957 0.0485981686638 -0.0099830657332 
0.794798331025 1.40448756349e-16 9.36325042327e-17 -0.00948540028958 
0.780218242688 -3.2983787006e-20 -2.19891913373e-20 -0.0127466808859 
0.750146599705 0.00838799572162 0.00559199714775 -0.00700033979509 
0.731767607276 1.79210850855e-18 1.1947390057e-18 -0.00842452639662 
0.70893867747 0.0099981843594 0.0066654562396 -0.00524063789708 
0.679892284104 0.0241358579893 0.0160905719929 -0.00495025733257 
0.672984420666 0.128541493734 0.0856943291563 -0.00128727019335 
0.662778428782 0.284023396552 0.189348931035 0.000676627755808 
0.612490749437 0.177700901501 0.118467267668 -0.000236139431135 
0.566745623954 0.119129658323 0.0794197722151 0.00353960824594 
0.546441354511 0.103678937841 0.0691192918942 0.00949091637905 
0.51772444107 0.0177813436321 0.0118542290881 0.0168279982789 
0.489170337845 0.0373236303599 0.0248824202399 0.0398998674701 
0.467233198042 0.00630869190265 0.00420579460177 0.101639894508 
0.439775299071 0.010561270752 0.00704084716802 0.103376123937 
0.388061126339 0.0870272530584 0.0580181687056 0.280639851739 
0.380758301504 0.0848071886027 0.0565381257351 0.355570700981 
0.358974302021 0.110634834644 0.073756556429 0.369615593263 
0.334623925161 0.135332427523 0.0902216183484 0.452319655801 
0.258763277413 0.205127766354 0.136751844236 0.523598775598 
0.233772025614 0.230852141881 0.153901427921 0.523598775598 
0.228369428502 0.228111082113 0.152074054742 0.523598775598 
0.226905517508 0.226903274357 0.151268849571 0.523598775598 
0.22056500398 0.237501688448 0.158334458965 0.523598775598 
0.214785197807 0.250611251065 0.167074167377 0.523598775598 
0.214785197807 0.250611251065 0.167074167377 0.523598775598 
0.203458786358 0.271409160856 0.180939440571 0.523598775598 
0.190973996935 0.2967446926 0.197829795067 0.523598775598 
0.171122683399 0.339405843496 0.22627056233 0.523598775598 
0.180641851826 0.330401377159 0.220267584773 0.523598775598 
0.182747268731 0.345332294121 0.230221529414 0.410603758481 
0.190102881072 0.381135738284 0.254090492189 0.219417400602 
0.21683775218 0.458397292969 0.305598195313 0.111359158645 
0.237366601811 0.503312212048 0.335541474698 0.0816273601885 
0.260139581851 0.570034238655 0.38002282577 0.0652736703561 
0.274506172761 0.583501186417 0.389000790945 0.0598608239919 
0.329077258495 0.683950879735 0.455967253157 0.0456855147699 
0.346117472748 0.681073094792 0.454048729861 0.04366047524 
0.399190975748 0.750274716441 0.500183144294 0.0393825397188 
0.437378719899 0.775999693642 0.517333129094 0.0376041062291 
0.491816147548 0.815431775541 0.543621183694 0.0372421694608 
0.528566593987 0.830843487832 0.553895658555 0.0357721955227 
0.590512932037 0.871294509489 0.580863006326 0.0366908731457 
0.785441361073 0.943267418843 0.628844945895 0.040518759236 
0.784537507323 0.947738324254 0.631825549503 0.0419051606464 
0.783078929906 0.955041456448 0.636694304298 0.0454556245218 
0.780758347831 0.9671830637 0.644788709133 0.0498796370319 
0.779901917889 0.97092188029 0.647281253527 0.0516079912299 
0.777996134571 0.980527890343 0.653685260229 0.0555297189122 
0.776074167289 0.989566353215 0.659710902143 0.0597904988157 
0.773403616171 1.00283761674 0.668558411162 0.0653912607679 
0.723560904202 1.01599155887 0.677327705916 0.0729170603308 
0.721818029317 1.03064697621 0.687097984143 0.0784573474728 
0.720570824745 1.03851821336 0.692345475576 0.0807863918956 
0.718591337711 1.05239196331 0.701594642204 0.0840581704321 
0.664954570042 1.08263286575 0.721755243832 0.0860156386427 
0.663503002257 1.10348947362 0.735659649083 0.0920779627881 
0.598369946754 1.14685011161 0.764566741073 0.0959750114572 
0.598381312483 1.14527572147 0.763517147644 0.0957335222498 
0.597749307631 1.17053230082 0.780354867212 0.102731458617 
0.516840032505 1.2214763446 0.814317563068 0.113796637542 
0.51733037307 1.25526587658 0.836843917719 0.120824593783 
0.432720708429 1.29958902788 0.866392685252 0.110108587629 
0.38401033471 1.34343593616 0.895623957442 0.100974299643 
0.337917415843 1.38341182808 0.922274552055 0.0867587597607 
0.272314251502 1.43770830401 0.958472202675 0.0657080900338 
0.28466413728 1.46275373645 0.975169157636 0.0563398529947 
0.532947090732 1.46412734977 0.976084899846 0.114682672048 
0.621260906913 1.46450315101 0.976335434009 0.15174917213 
0.713067527815 1.46236178917 0.974907859448 0.215902303981 
0.813066918111 1.44309436209 0.962062908062 0.329365154782 
0.880869462759 1.40696045743 0.937973638287 0.443525174087 
0.879493054691 1.47513018849 0.983420125657 0.380063074932 
0.874608178774 1.50796553722 1.00531035815 0.327402210519 
0.870791826749 1.56036769798 1.04024513199 0.146658761779 
0.882238239888 1.57873234498 1.05248822999 -0.152366125971 
0.875444674477 1.52218636968 1.01479091312 -0.523598775598 
0.907087534203 1.54763734474 1.03175822982 -0.523598775598 
0.917980032084 1.55634194859 1.03756129906 -0.523598775598 
0.950733193872 1.57924466451 1.05282977634 -0.523598775598 
0.996510122246 1.60458432849 1.06972288566 -0.523598775598 
1.04059965698 1.62390337327 1.08260224885 -0.504926989109 
1.10108394931 1.6462602476 1.09750683174 -0.443765643153 
1.14338750199 1.65958731357 1.10639154238 -0.411155722658 
1.15282370864 1.66092022624 1.10728015083 -0.405465922426 
1.17465418999 1.66713762711 1.11142508474 -0.390941305177 
1.18824857199 1.66931939123 1.11287959415 -0.382604303556 
1.19183177891 1.67078876691 1.11385917794 -0.380023695292 
1.1995230567 1.67212220391 1.11474813594 -0.375441243102 
1.20534740123 1.67514843778 1.11676562519 -0.370750527209 
1.20699482374 1.67612247383 1.11741498255 -0.369352608316 
1.20750369345 1.67657418805 1.11771612537 -0.368945117747 
1.20678711694 1.67684910101 1.11789940067 -0.369232905506 
1.20563927074 1.67632185664 1.11754790443 -0.369697541227 
1.20431149958 1.67681881849 1.11787921233 -0.370389845746 
1.20223139261 1.67610119314 1.11740079542 -0.37179250182 
1.19762084017 1.67437844473 1.11625229649 -0.3748454393 
1.18439325925 1.67356373557 1.11570915704 -0.37858805788 
1.16984904462 1.67409888132 1.11606592088 -0.383753580358 
1.14370135959 1.67047489324 1.11364992883 -0.398687044729 
1.07422215555 1.6534698124 1.10231320827 -0.457465106182 
1.00103886682 1.62241576459 1.08161050973 -0.523598775598 
0.931835365383 1.58774214792 1.05849476528 -0.523598775598 
0.877808924134 1.54960311333 1.03306874222 -0.523598775598 
0.822734490035 1.49323013945 0.995486759632 -0.523598775598 
0.842387177573 1.51340126305 1.00893417537 0.327224733589 
0.864908490545 1.38902266852 0.926015112346 0.451608245272 
0.499222501869 1.44960876933 0.966405846222 0.123613232871 
0.310297513361 1.40726427904 0.938176186029 0.0896824690919 
0.437098240827 1.29521351752 0.863475678348 0.114495362688 
0.530366918153 1.20628859338 0.804192395587 0.124647070722 
0.664216694794 1.07571812392 0.717145415945 0.101376864121 
0.730348428643 1.00423279266 0.66948852844 0.0846560174889 
0.796454208352 0.92216815392 0.61477876928 0.0617447227091 
0.824013003007 0.825700263903 0.550466842602 0.041027883255 
0.885173207614 0.680463194108 0.453642129405 0.01271904102 
0.928432041983 0.620757203913 0.413838135942 -0.000468256756593 
0.957790857907 0.58122803886 0.38748535924 -0.00733274740051 
0.966750500109 0.567108316454 0.378072210969 -0.0109555650223 
0.929691262846 0.474247498327 0.316164998885 -0.0135506223939 
0.929691262846 0.474247498327 0.316164998885 -0.0135506223939 
0.929691262846 0.474247498327 0.316164998885 -0.0135506223939 
0.926912247095 0.476211926785 0.317474617857 -0.0116215131488 
0.916879298457 0.483718328732 0.322478885821 -0.0133098968204 
0.892335528917 0.503059273075 0.335372848717 -0.011790208526 
0.86641899303 0.52597757806 0.350651718707 -0.00992759316898 
0.86071124873 0.533174219039 0.355449479359 -0.0125065438009 
0.919485699524 0.621846210044 0.414564140029 -0.010842600366 
0.906831856471 0.637077294744 0.424718196496 -0.0110024777682 
0.892020506875 0.655476572792 0.436984381862 -0.0118692897792 
0.877598998811 0.673656176208 0.449104117472 -0.0123960169615 
0.857598977266 0.699231755955 0.46615450397 -0.0118891851871 
0.848894267545 0.706689023819 0.471126015879 -0.0145414506398 
0.438537675148 0.243464411264 0.16230960751 -0.045070262863 
0.401524691674 0.251568159252 0.167712106168 -0.0451804439501 
0.354180039023 0.14307502723 0.0953833514865 -0.152392434665 
0.31605955965 0.184008187357 0.122672124905 -0.142291132917 
0.294589340801 0.184766363127 0.123177575418 -0.282933081401 
0.22226369329 0.27536593276 0.183577288507 -0.348348710238 
0.195919164179 0.310375770011 0.206917180007 -0.333129473161 
0.21125099167 0.283160275043 0.188773516695 -0.446610776147 
0.207187073403 0.287651390032 0.191767593355 -0.450885646367 
0.213968976164 0.277711351903 0.185140901269 -0.479904674962 
0.219709893043 0.267266616045 0.17817774403 -0.469776747574 
0.222751856808 0.263040454212 0.175360302808 -0.47434697136 
0.218646652792 0.267580305343 0.178386870229 -0.453164625569 
0.216943713371 0.267945172888 0.178630115259 -0.460230347227 
0.207804916854 0.28072129819 0.187147532127 -0.425898189534 
0.220969451664 0.26213867692 0.174759117947 -0.458542038761 
0.216553154672 0.268455187097 0.178970124731 -0.435257652208 
0.193422096094 0.311014087052 0.207342724702 -0.32407016251 
0.172848837245 0.387261108154 0.258174072103 -0.116964514408 
0.182125811776 0.486830719759 0.324553813173 -0.0483372822064 
0.194402726697 0.525172303554 0.350114869036 -0.0333384094232 
0.216555366135 0.599832078935 0.399888052623 -0.0175577037116 
0.245917240339 0.619734338601 0.413156225734 -0.0124141449713 
0.292029696603 0.685894430841 0.457262953894 -0.00805116962611 
0.350504145094 0.698171056553 0.465447371035 -0.00905532697089 
0.426317203494 0.751043685271 0.500695790181 -0.00571236801456 
0.583917160917 0.819077466276 0.546051644184 0.00463537165337 
0.794141360834 0.870461549738 0.580307699825 0.00929718730466 
0.801993690867 0.847852533113 0.565235022075 0.01062425766 
0.851701377868 0.838521125924 0.559014083949 0.0123342058794 
0.856686599611 0.824105668182 0.549403778788 0.0109698625294 
0.866064718664 0.798962801198 0.532641867466 0.0106155779018 
0.887474089895 0.747335876086 0.498223917391 0.0173297458559 
0.916365700352 0.689530298216 0.459686865478 0.0211294385111 
0.931874045112 0.66219167722 0.441461118146 0.0381192761321 
0.931874045112 0.66219167722 0.441461118146 0.0381192761321 
0.933360641227 0.655042177559 0.436694785039 0.05080383337 
0.933360641227 0.655042177559 0.436694785039 0.05080383337 
0.941835890277 0.633848613976 0.422565742651 0.0530066557758 
0.948508723886 0.613033339467 0.408688892978 0.0580337082527 
0.925789053785 0.634231575155 0.422821050103 0.0797041900579 
0.887368107516 0.679968548008 0.453312365339 0.0794069706637 
0.835377969929 0.776252410517 0.517501607011 0.0938258216772 
0.806737302359 0.861755408696 0.574503605797 0.100209141615 
0.77347808767 0.962641971151 0.641761314101 0.107164273908 
0.672636323641 1.05542652704 0.703617684693 0.128260872636 
0.596233242869 1.13613696789 0.757424645259 0.136706143915 
0.498418631478 1.23543088532 0.823620590213 0.131328338561 
0.433372902228 1.29798482609 0.865323217391 0.119754989503 
0.36169691967 1.36302179314 0.908681195428 0.0965925518741 
0.307785663235 1.40881974327 0.939213162179 0.0789235421503 
0.661859389628 1.4166758747 0.944450583134 0.170812490834 
0.806617630411 1.41089080861 0.940593872409 0.284826128827 
0.94400236477 1.36337490876 0.908916605842 0.483675169506 
0.915055308512 1.4329812599 0.955320839934 0.427989536179 
0.891149996342 1.50044975843 1.00029983895 0.337335496749 
0.889790884265 1.56849428525 1.04566285684 0.0209729260203 
0.904518985714 1.57094213163 1.04729475442 -0.184917467448 
0.896183896315 1.51064357935 1.00709571957 -0.523598775598 
0.916217844841 1.52797916937 1.01865277958 -0.523598775598 
0.997866140902 1.5985070524 1.06567136826 -0.523598775598 
1.01060519829 1.60691472531 1.07127648354 -0.523598775598 
1.02030053384 1.61188485796 1.07458990531 -0.523598775598 
1.02897410513 1.61997864612 1.07998576408 -0.523598775598 
1.04872368909 1.63469962451 1.08979974968 -0.4992718124 
1.07670499506 1.64759086713 1.09839391142 -0.46266642856 
1.09640014034 1.65656756324 1.10437837549 -0.440129943411 
1.11866180238 1.66520797527 1.11013865018 -0.417861883114 
1.13009365639 1.667754821 1.11183654733 -0.409263697783 
1.14048122452 1.67208077598 1.11472051732 -0.40049227211 
1.14395575792 1.67343185752 1.11562123835 -0.397411729666 
1.14264148162 1.67380628933 1.11587085955 -0.397805940517 
1.12084613775 1.66921729793 1.11281153196 -0.414753929241 
1.08051735646 1.65632469205 1.10421646136 -0.452386569349 
0.998733731246 1.61779209731 1.07852806488 -0.523598775598 
0.950490564676 1.57922038182 1.05281358788 -0.523598775598 
0.861816691322 1.49862325725 0.999082171501 -0.493154533366 
0.898281389384 1.49129744278 0.994198295189 0.352730221865 
0.694888123479 1.43077212131 0.953848080873 0.175011245109 
0.363997189037 1.42739922315 0.951599482097 0.0742758199463 
0.316658473891 1.40120102478 0.934134016519 0.0764120218193 
0.411460016009 1.31905495343 0.879369968955 0.104742325966 
0.509179767634 1.2284986381 0.81899909207 0.115606940183 
0.607739061199 1.13442484268 0.75628322845 0.105522380043 
0.728013492032 1.00990301609 0.673268677391 0.0757656913638 
0.790762504897 0.933157415093 0.622104943395 0.0529268579928 
0.814545186767 0.847887524239 0.565258349493 0.0348099887368 
0.842832540355 0.785322858444 0.523548572296 0.0190931924146 
0.870403375334 0.735529533732 0.490353022488 0.00826872888349 
0.883920052794 0.717144790972 0.478096527315 0.00368913189733 
0.89640910563 0.69883138455 0.4658875897 -0.00127616069724 
0.902936097599 0.689594118609 0.459729412406 -0.0055169000792 
0.917562317505 0.667261194158 0.444840796105 -0.00952667763667 
0.90862283165 0.679764776366 0.453176517577 -0.00643601224366 
0.907717656157 0.681147071107 0.454098047405 -0.00698259071706 
0.905216381301 0.684853478007 0.456568985338 -0.00644202821838 
0.899768858444 0.693023689077 0.462015792718 -0.00607651307468 
0.889994175921 0.70802160194 0.472014401293 -0.00425137586249 
0.880642719425 0.72253604717 0.481690698113 -0.00344000001179 
0.874833423355 0.730731508178 0.487154338785 -0.00614002884369 
0.861841204897 0.752105955378 0.501403970252 -0.00570578752036 
0.833032710984 0.802813264044 0.535208842696 -0.00518245906605 
0.815836963166 0.834508499472 0.556338999648 -0.00323783397596 
0.805015047584 0.85706859045 0.5713790603 -0.0009961730849 
0.798527097188 0.868969256899 0.579312837932 -0.00387108290408 
0.794045227815 0.874576844022 0.583051229348 -0.00222506271151 
0.78931762319 0.879337095119 0.586224730079 -0.00268558174706 
0.22716226915 0.246600099978 0.164400066652 0.104195600914 
0.235306699677 0.249551566464 0.166367710976 0.103077131438 
0.241783861809 0.338625481672 0.225750321114 0.00352717640195 
0.200353283249 0.376166574222 0.250777716148 0.0834240487434 
0.0718100855778 0.530121633292 0.353414422195 0.390298781967 
0.041134840205 0.601347560218 0.400898373479 0.398722820221 
0.0641431821907 0.642146861365 0.428097907576 0.408415338543 
0.197748578991 0.590403625189 0.393602416792 0.409433745088 
0.293528878887 0.542893178015 0.361928785344 0.375153937322 
0.394267426372 0.542345600853 0.361563733902 0.294335837818 
0.535375627244 0.50374521394 0.335830142626 0.209828622568 
0.611274840696 0.532212962134 0.354808641423 0.166082887149 
0.90429337488 0.639610675368 0.426407116912 0.084402829618 
0.975018620436 0.542148816716 0.361432544478 0.0490712899127 
0.926711779769 0.389480095537 0.259653397025 0.0347377518206 
0.946362570311 0.377049961816 0.25136664121 0.0239948345899 
0.976471838755 0.358995172643 0.239330115095 0.0263113814299 
0.995685911006 0.342353515441 0.228235676961 0.0264862533659 
1.02770363159 0.316854912653 0.211236608435 0.0378282648485 
0.974728948795 0.0748192215592 0.0498794810395 0.0824219873555 
0.974232329458 0.0778008097013 0.0518672064675 0.0998872811552 
0.906287591155 0.107077686332 0.0713851242214 0.134965666928 
0.904462814249 0.595527971799 0.397018647866 0.105014914253 
0.847017647527 0.66410530701 0.44273687134 0.10910971653 
0.568790901295 0.60075875396 0.400505835974 0.158792450309 
0.328708323476 0.646094750502 0.430729833668 0.209787426732 
0.118972523771 0.579356717964 0.386237811976 0.155646380277 
0.198923079829 0.530625279385 0.353750186257 0.042599146061 
0.448929297226 0.671082796705 0.447388531137 -0.0139987855775 
0.874100595201 0.789421444175 0.526280962783 0.00571248051519 
0.878508891922 0.778192972716 0.518795315144 0.0225066913591 
0.85085996073 0.839723326623 0.559815551082 0.0671665125488 
0.482038278172 1.24520581364 0.830137209094 0.157656091671 
0.483344691681 1.48453695933 0.989691306217 0.11782396049 
0.807831710305 1.530957133 1.02063808867 0.306048985772 
0.849980908437 1.54204562 1.02803041333 -0.523598775598 
0.948645452445 1.61474220248 1.07649480166 -0.523598775598 
1.04313643792 1.66290206519 1.1086013768 -0.417780106047 
1.08998289165 1.68123858765 1.1208257251 -0.378758180722 
1.03396301149 1.66093960775 1.10729307183 -0.429297677356 
-7.35083814091e-18 1.59772630017 1.06515086678 0.0143742313717 
0.297286504809 1.4207188302 0.947145886799 0.132454488841 
0.518119130946 1.16237981583 0.774919877219 0.254333327735 
0.596433193894 1.0033804475 0.668920298332 0.258046404957 
0.787967379481 0.886940936481 0.591293957654 0.140839892291 
0.81757075518 0.805531307784 0.537020871856 0.106285895622 
0.844807080782 0.753823522994 0.502549015329 0.0734267988928 
0.849045483312 0.748237767173 0.498825178116 0.0603290051906 
0.851925827498 0.745303271215 0.496868847477 0.0536019749885 
0.847425504975 0.757658441618 0.505105627746 0.0505757264432 
0.83455413435 0.78918161992 0.526121079947 0.0535829381464 
0.819550466434 0.827152777513 0.551435185009 0.0499453856123 
0.80976172697 0.854711280685 0.569807520457 0.0416754369369 
0.80067060784 0.881937127594 0.587958085063 0.0381194436306 
0.789783046943 0.919551030919 0.613034020612 0.0419034900185 
0.786495016835 0.932990112331 0.621993408221 0.0446172257229 
0.782273809726 0.953447526292 0.635631684195 0.0510127036962 
0.775455315451 0.990359962141 0.660239974761 0.0730651384777 
0.777078138506 0.990224046663 0.660149364442 0.0862045841236 
0.780686264577 0.972088097613 0.648058731742 0.11256543084 
0.785853143004 0.941453990783 0.627635993856 0.132933354167 
0.795776693664 0.887233231594 0.591488821063 0.146627288518 
0.808025988154 0.838671858229 0.559114572153 0.160497188467 
0.82572950261 0.784533322331 0.523022214888 0.174716639135 
0.848116238087 0.728375058328 0.485583372219 0.17650351594 
0.888210509687 0.647053454111 0.431368969408 0.167358665584 
0.90841228343 0.610052672891 0.406701781927 0.157052254169 
0.910869015355 0.59538476244 0.39692317496 0.1154249673 
0.89826363608 0.604011385051 0.4026742567 0.0792946415073 
0.892807458792 0.609929636653 0.406619757768 0.043400696844 
0.920454767182 0.5796989973 0.3864659982 0.0150229772357 
0.947749078677 0.550504176438 0.367002784292 0.00622679807968 
0.980284167707 0.516426246227 0.344284164152 0.0141190485043 
0.997851781641 0.484677703374 0.323118468916 0.0276081175042 
0.932973598798 0.268942805921 0.179295203947 0.0801691204347 
0.950770165566 0.265661153145 0.17710743543 0.113386779863 
0.96823990826 0.260543961432 0.173695974288 0.132970956615 
0.968375491934 0.262762771513 0.175175181009 0.151398761794 
0.95067517115 0.274030587227 0.182687058151 0.171657675366 
0.923983814308 0.286398210754 0.190932140503 0.170330573957 
0.889626333196 0.313618819093 0.209079212728 0.185782433046 
0.854977436372 0.346796633178 0.231197755452 0.197531575226 
0.840647668673 0.375284853798 0.250189902532 0.196349233956 
0.838549705947 0.386323554134 0.257549036089 0.207700688469 
0.891245544158 0.521120362992 0.347413575328 0.169336266036 
0.866730723309 0.545682425249 0.363788283499 0.172453653022 
0.813162910556 0.605104489972 0.403402993314 0.177119251464 
0.849242120769 0.732186899747 0.488124599831 0.155327748915 
0.805690446136 0.821102716237 0.547401810825 0.140389768978 
0.786797330802 0.875480656786 0.583653771191 0.129339556126 
0.773183237153 0.92674348986 0.61782899324 0.117380741883 
0.761675876646 0.99307359738 0.66204906492 0.096487798671 
0.762071012403 1.01321477294 0.675476515293 0.082589647789 
0.765597074881 1.01274639639 0.67516426426 0.0597610291539 
0.769815732746 1.0020098439 0.668006562601 0.0417043626041 
0.77650332432 0.962937379121 0.641958252748 0.0158941597156 
0.78341442185 0.92714566986 0.61809711324 0.00205532906847 
0.792860172375 0.882145248524 0.58809683235 -0.00629678440898 
0.810134089442 0.824635270114 0.549756846743 -0.0124309350937 
0.830657999065 0.77676351918 0.51784234612 -0.0158156703794 
0.860386758998 0.719860594533 0.479907063022 -0.0104215252368 
0.889743989566 0.67537968033 0.45025312022 -0.00232858379093 
0.917151437429 0.638836055261 0.425890703508 0.0112549351331 
0.939980228566 0.607442358513 0.404961572342 0.0236742657598 
0.952067838798 0.586098573768 0.390732382512 0.0402083755954 
0.961652164872 0.563633576079 0.375755717386 0.0628499947859 
0.960137046683 0.561596879448 0.374397919632 0.0734305656378 
0.969307433181 0.533356261264 0.355570840843 0.101310876721 
0.917553083622 0.401478771643 0.267652514429 0.144009645467 
0.919285698549 0.402690917949 0.268460611966 0.154111379371 
0.91141656866 0.411880648501 0.274587099 0.171562320907 
0.890397763854 0.427024982573 0.284683321716 0.174588009414 
0.856453137025 0.457617119035 0.305078079357 0.183487626168 
0.822709991819 0.493474941246 0.328983294164 0.189373374225 
0.814116694508 0.516949593289 0.344633062192 0.188652837187 
0.870953878923 0.640858114412 0.427238742941 0.161728287457 
0.819051565844 0.717502212792 0.478334808528 0.161903284028 
0.785310358166 0.781739794425 0.52115986295 0.150618616167 
0.747814581992 0.867261368868 0.578174245912 0.128308445269 
0.731489412474 0.91282821459 0.60855214306 0.109357912411 
0.263137114548 0.768774767866 0.512516511911 0.128778720932 
0.272090918874 0.777979652942 0.518653101962 0.0928699724569 
0.321402035126 0.743775981966 0.495850654644 0.0472475354336 
0.366121828819 0.743838989365 0.495892659577 0.0251177128037 
0.392099179557 0.70944928183 0.472966187887 -0.0046993283685 
0.357332794429 0.732310940772 0.488207293848 0.000686130598793 
0.322975174198 0.772668264185 0.515112176124 0.0107396793881 
0.261459640377 0.778494829862 0.518996553242 0.0319423303499 
0.20542193437 0.821035341254 0.547356894169 0.0856473513883 
0.19416283904 0.841653906259 0.561102604173 0.119889274734 
0.185749529727 0.80716206436 0.538108042907 0.178755184672 
0.235174974979 0.813709815086 0.542473210057 0.203260031358 
0.318777124142 0.767124489628 0.511416326419 0.227149251683 
0.417574314636 0.768992539519 0.512661693013 0.218212112207 
0.558647256461 0.771297326451 0.514198217634 0.196227461222 
0.819484704352 0.795352705928 0.530235137285 0.1645934168 
0.837039969826 0.751005510809 0.500670340539 0.17081054552 
0.890947356227 0.6365687966 0.424379197733 0.153478295271 
0.913416101677 0.598718955663 0.399145970442 0.130113826569 
0.913501658517 0.594000105351 0.396000070234 0.110152429267 
0.912837434773 0.589776702102 0.393184468068 0.0810873712511 
0.915205616551 0.581693815827 0.387795877218 0.0321285577411 
0.931524511895 0.563422587728 0.375615058485 -0.0114764506109 
0.950749533181 0.544242251784 0.362828167856 -0.0173492120817 
0.965407381025 0.527878186657 0.351918791105 -0.0154889274475 
0.984763973589 0.504792657605 0.336528438403 -0.0141866818189 
0.991690517916 0.487856340057 0.325237560038 -0.00923724343317 
0.985566604112 0.487688463369 0.325125642246 0.00155773861432 
0.985566604112 0.487688463369 0.325125642246 0.00155773861432 
0.99174196636 0.470925294873 0.313950196582 0.00990875455008 
0.97485114759 0.469581463515 0.31305430901 0.00352308767014 
0.90310460376 0.515900796468 0.343933864312 0.00904031689049 
0.848968879995 0.567641941561 0.37842796104 0.0198128309454 
0.890181839072 0.748084449383 0.498722966255 0.00879702996608 
0.835472526046 0.860172361903 0.573448241269 0.0118947168385 
0.80953485677 0.945884143426 0.63058942895 0.0206223352392 
0.734566470682 1.02831700654 0.685544671029 -0.00351821234454 
0.675609302318 1.0968894402 0.731259626803 0.0271584789438 
0.562317525955 1.18661291234 0.791075274891 0.00178589944591 
0.468667382222 1.26806197967 0.845374653113 0.00343486525514 
0.348567235701 1.36569568725 0.9104637915 -0.0110773565672 
0.162096654809 1.51163294979 1.00775529986 -0.0339621435845 
0.529851056066 1.55023275365 1.03348850243 0.0527201349598 
0.723600661085 1.5506460556 1.03376403707 0.300838546697 
0.719341188644 1.57833378474 1.05222252316 0.251901633291 
0.713219456692 1.5784650386 1.05231002573 0.253870695259 
0.713316429694 1.54799058697 1.03199372465 0.307497625996 
0.550522254966 1.55983585036 1.03989056691 0.0928542885284 
0.218300077834 1.54551947915 1.03034631943 -0.00564999418544 
0.209390669279 1.49528621977 0.996857479847 0.00215494143693 
0.300286226741 1.40997909369 0.939986062458 0.0228215202428 
0.35775414001 1.36399039059 0.909326927059 0.0364186745067 
0.443698818951 1.29190423693 0.861269491288 0.0388558312179 
0.508216231702 1.23049973432 0.820333156215 0.060625091664 
0.585586466173 1.16369884864 0.775799232424 0.0489616150912 
0.724512821525 1.01958566277 0.679723775182 0.0511175594541 
0.802860578333 0.915994586149 0.610663057433 0.0496714136138 
0.841776147327 0.771177242543 0.514118161696 0.0498841691912 
0.86803063551 0.730791458747 0.487194305832 0.0624363126387 
0.896968009279 0.682199486145 0.45479965743 0.0702653155237 
0.90033658756 0.677867965484 0.45191197699 0.0783408627924 
0.907425251237 0.666816104803 0.444544069869 0.0804543486638 
0.892848210548 0.689699333029 0.459799555353 0.0930766060966 
0.887759956289 0.698574267281 0.465716178187 0.0970756281947 
0.874187784591 0.723199325772 0.482132883848 0.104605850153 
0.862184540731 0.747495851332 0.498330567555 0.112059825774 
0.846074028891 0.783084140956 0.522056093971 0.117173353666 
0.827432674694 0.831373858658 0.554249239105 0.120711673417 
0.812082453988 0.881609440222 0.587739626815 0.119717207866 
0.79783065628 0.944618311703 0.629745541135 0.102254347684 
0.794813541667 0.977527998314 0.651685332209 0.0861181462 
1.27598006713 1.02900926489 0.686006176592 0.109815834579 
1.28640118654 1.039987196 0.693324797333 0.0994348644922 
1.31141965697 1.03833678772 0.692224525146 0.084399966307 
1.30456632669 1.03538514825 0.690256765499 0.0683847670522 
1.30059083117 1.03153807642 0.687692050948 0.0620815359322 
1.2044294066 0.985331280849 0.656887520566 0.0194858290489 
1.12263216742 0.953993835128 0.635995890085 0.00415454330916 
0.945417844677 0.874931592533 0.583287728355 -0.0167688167252 
0.859227492158 0.817903369423 0.545268912949 -0.0246901038401 
0.870211206822 0.789745810597 0.526497207065 -0.0270991565923 
0.876378027125 0.775631441046 0.517087627364 -0.0251849889762 
0.88236075248 0.763145004376 0.508763336251 -0.0267650461453 
0.883007401866 0.761301175357 0.507534116905 -0.0218651848195 
0.887840569092 0.751515395598 0.501010263732 -0.0207294233699 
0.887840569092 0.751515395598 0.501010263732 -0.0207294233699 
0.884855053458 0.756725668213 0.504483778809 -0.0147921687197 
0.875350164086 0.776180644727 0.517453763152 -0.0136964738581 
0.858430578556 0.814156064488 0.542770709659 -0.011941139408 
0.845865218279 0.847872924724 0.565248616483 -0.0100848461326 
0.827995137562 0.901084380415 0.600722920276 -0.00598220176257 
0.81344931807 0.951659383767 0.634439589178 0.00112260054313 
0.713120962235 1.03230078039 0.688200520259 0.0546607545827 
0.696241169187 1.06534070085 0.710227133899 0.115510745423 
0.589032652141 1.083650126 0.722433417334 0.236464886305 
0.590272443147 1.06726061415 0.711507076102 0.262302250845 
0.593036211849 1.04147443782 0.694316291882 0.275957445188 
0.593019288457 1.03511247379 0.690074982529 0.274281920553 
0.614256537709 0.961215658431 0.640810438954 0.259320151784 
0.723016074041 0.924727121394 0.616484747596 0.204471150816 
0.788145631562 0.867531721387 0.578354480925 0.159165954078 
0.795532407458 0.839301323394 0.559534215596 0.141009921349 
0.794828120926 0.842512548745 0.561675032496 0.132065027837 
0.782007862503 0.881822980005 0.58788198667 0.120558845369 
0.768895515168 0.933504694387 0.622336462924 0.115139476684 
0.759405371434 0.993268359385 0.662178906257 0.108342098512 
1.22696676214 1.03703770992 0.691358473279 0.151072225126 
1.27291660345 1.06693913406 0.711292756043 0.157169962611 
1.30599185766 1.08485962358 0.723239749052 0.155521075615 
1.32033040265 1.09920942325 0.732806282169 0.14954130612 
1.29704928979 1.11419104889 0.742794032596 0.124825704012 
1.25820463782 1.1233684689 0.748912312601 0.101859734026 
1.12326781634 1.12990760296 0.753271735304 0.0597515730887 
1.09538429283 1.12638355736 0.750922371573 0.0515383835114 
0.864334716172 1.12924829066 0.752832193771 0.028906044013 
0.623252307436 1.12943499739 0.752956664924 0.0216681706711 
0.619974823338 1.15660739377 0.77107159585 0.0365187311524 
0.531949131068 1.21462173185 0.809747821235 0.0539200785371 
0.476916078823 1.26353237175 0.842354914503 0.0580120829272 
0.431623892669 1.30275503667 0.86850335778 0.0593709528493 
0.42899674241 1.32208495756 0.881389971705 0.074302090308 
0.377849848065 1.34898877126 0.899325847506 0.0965682946985 
0.373209871407 1.37464733473 0.916431556484 0.113117542179 
0.281390412109 1.43343285741 0.955621904942 0.109698858701 
0.19692838862 1.50409420736 1.00272947158 0.0858442231786 
0.39574817989 1.50600434537 1.00400289691 0.13621832723 
0.687372126185 1.48755494092 0.991703293945 0.367785284439 
0.690943918679 1.58620016403 1.05746677602 0.252095255072 
0.736223394991 1.63318666642 1.08879111095 -0.107682558971 
0.78209387254 1.58563221547 1.05708814365 -0.523598775598 
0.833656783878 1.61216743888 1.07477829259 -0.523598775598 
0.89713927912 1.63728398305 1.09152265537 -0.523598775598 
0.939837348468 1.65345545391 1.10230363594 -0.523598775598 
0.988284391791 1.67089139101 1.11392759401 -0.493852230141 
1.05583442397 1.69064067442 1.12709378295 -0.440941140495 
1.09299109438 1.70151093325 1.13434062216 -0.417115556572 
1.12186857873 1.70957707875 1.1397180525 -0.402707866859 
1.13064042335 1.71277008853 1.14184672569 -0.397904713206 
1.12761041072 1.71362961473 1.14241974315 -0.394169065258 
1.11613460555 1.71274035442 1.14182690295 -0.391803329182 
1.09582253784 1.71177669514 1.14118446343 -0.391071316355 
1.05012640841 1.70330507821 1.13553671881 -0.407114107862 
1.00160198747 1.6893710459 1.12624736393 -0.435956167018 
0.93002794236 1.66251506554 1.10834337703 -0.496752246361 
0.890376992478 1.6416111751 1.09440745006 -0.523598775598 
0.857895378396 1.62283470712 1.08188980475 -0.523598775598 
0.833227889656 1.60853245501 1.07235497001 -0.523598775598 
0.814321903164 1.5929527259 1.06196848393 -0.523598775598 
0.786564409342 1.56601198951 1.04400799301 -0.523598775598 
0.719129544005 1.49590288124 0.997268587492 -0.523598775598 
0.690771534809 1.46479448086 0.97652965391 -0.523598775598 
0.656845134478 1.43231241009 0.954874940057 -0.523598775598 
0.627828713391 1.4065581449 0.937705429935 -0.519444921018 
0.155016408072 1.5269987913 1.0179991942 0.0124432649448 
0.218762509704 1.47729685384 0.984864569228 0.0273460732834 
0.29478515019 1.4174572513 0.944971500869 0.0492817415446 
0.329827327385 1.38677996882 0.924519979216 0.0590359022795 
0.373406365645 1.35249806718 0.90166537812 0.0602359813491 
0.37244853625 1.33186996696 0.887913311308 0.0583053884115 
0.436654693372 1.29859218313 0.865728122086 0.0592367345507 
0.435810757255 1.27314334502 0.848762230016 0.0566993850202 
0.489250373017 1.24477298772 0.82984865848 0.0706948027095 
0.534998907847 1.2115006106 0.807667073733 0.0628739437253 
0.574037420819 1.17562765419 0.783751769463 0.0574551652132 
0.574125625907 1.16646379763 0.777642531751 0.0569887090446 
0.575432866659 1.16027537465 0.773516916436 0.0662998651376 
0.575754406736 1.15812055468 0.772080369786 0.0662438625703 
0.576129061459 1.15361793522 0.769078623478 0.0660450814816 
0.579871751702 1.13651295836 0.757675305572 0.0683436801525 
0.63184238768 1.1183640873 0.745576058199 0.0649147488423 
0.633391718136 1.08547815882 0.723652105877 0.0574629852251 
0.477044858702 1.04139955779 0.694266371863 0.0496625211961 
0.238888644908 0.92528021568 0.61685347712 0.0560128795756 
0.157003128019 0.845795040955 0.563863360637 0.0712769387294 
0.0728424482164 0.743365503428 0.495577002285 0.11913478287 
0.0305841971197 0.699817711936 0.466545141291 0.181003957932 
-1.21367309949e-20 0.630351189104 0.42023412607 0.28492279232 
1.29047769109e-21 0.609129702934 0.406086468622 0.276772696169 
4.3096443767e-21 0.664528638951 0.443019092634 0.121037662295 
1.487293816e-21 0.702384199672 0.468256133114 0.0789112574764 
1.487293816e-21 0.702384199672 0.468256133114 0.0789112574764 
-4.5996927922e-21 0.787876318896 0.525250879264 0.0491659347004 
-3.54887351051e-21 0.803788172501 0.535858781668 0.0447921897367 
-3.54887351051e-21 0.803788172501 0.535858781668 0.0447921897367 
-3.33479471248e-21 0.843799034872 0.562532689915 0.0429554233805 
-3.33479471248e-21 0.843799034872 0.562532689915 0.0429554233805 
-3.33479471248e-21 0.843799034872 0.562532689915 0.0429554233805 
-3.33479471248e-21 0.843799034872 0.562532689915 0.0429554233805 
-2.76317869219e-21 0.81273368794 0.541822458627 0.0368279018623 
-2.76317869219e-21 0.81273368794 0.541822458627 0.0368279018623 
-2.76317869219e-21 0.81273368794 0.541822458627 0.0368279018623 
-2.84993815627e-21 0.762626967667 0.508417978445 0.0429279560577 
-3.24199273913e-21 0.726597390763 0.484398260508 0.0498874624595 
8.16177690639e-21 0.698078521197 0.465385680798 0.0529186201669 
-2.99426639364e-21 0.688274848234 0.458849898823 0.0591176772128 
3.22513569369e-21 0.698800884508 0.465867256339 0.0640309040657 
0.0193897501581 0.707119428735 0.47141295249 0.0517676976773 
0.0860397954103 0.825108693158 0.550072462105 0.0196474284363 
0.131179061976 0.867176995063 0.578117996709 0.0145765292146 
0.20347018152 0.940291837724 0.62686122515 0.0150493599462 
0.264832898058 0.993623420024 0.662415613349 0.0185411207487 
0.372105444374 1.04374704744 0.695831364962 0.0246387981306 
0.525647105269 1.08408821187 0.72272547458 0.0344679185202 
0.636648221857 1.11537486919 0.743583246129 0.0474570522106 
0.633981254992 1.13955495991 0.759703306609 0.0610959697662 
0.576741752678 1.17162268615 0.781081790766 0.0708272980042 
0.510286576921 1.23111287329 0.820741915528 0.0917271425754 
0.459728587927 1.27557572189 0.850383814595 0.105594381037 
0.385715513851 1.34128863488 0.894192423253 0.115783900926 
0.329192649325 1.39158164981 0.92772109987 0.110344365694 
0.284650032125 1.42962349048 0.953082326985 0.0950434469909 
0.287319196067 1.44736470923 0.964909806155 0.0857945845294 
0.288294915512 1.4457104465 0.963806964334 0.0800615707564 
0.288077846089 1.43094564307 0.953963762047 0.0741065491505 
0.288113832662 1.41793565144 0.945290434292 0.0626481113591 
0.292503930223 1.43271344117 0.955142294116 0.0425951118536 
0.89243418921 1.38123586854 0.920823912358 0.248554735777 
1.05836055465 1.32809649563 0.885397663756 0.523598775598 
0.993279932644 1.4559220347 0.970614689798 0.401749306874 
0.958230669591 1.54794687475 1.03196458317 -0.0200767544524 
0.941141666702 1.5094366519 1.00629110127 -0.523598775598 
0.964170228637 1.53099775976 1.02066517318 -0.523598775598 
0.996901025494 1.55303883482 1.03535922321 -0.523598775598 
1.02626497982 1.56713482625 1.04475655083 -0.523598775598 
1.05456802766 1.57564205117 1.05042803411 -0.523598775598 
1.08225571248 1.59198638648 1.06132425765 -0.523598775598 
1.09513986853 1.60126779047 1.06751186031 -0.523598775598 
1.10624287662 1.61126851429 1.07417900953 -0.523598775598 
1.11150055925 1.61753553993 1.07835702662 -0.523598775598 
1.10670366 1.62409559132 1.08273039421 -0.52277028142 
1.11321624672 1.63830394432 1.09220262955 -0.483957124127 
1.11691536409 1.65304469243 1.10202979495 -0.453725902413 
1.10541683344 1.67182473726 1.11454982484 -0.435015626959 
1.0936559632 1.67901385481 1.11934256987 -0.425319128956 
1.10062503736 1.68020896669 1.12013931113 -0.405577139256 
1.11747139017 1.6796785942 1.11978572947 -0.38903020709 
1.13453374557 1.67983067069 1.11988711379 -0.376787122604 
1.14769705063 1.68014436536 1.12009624358 -0.368100522978 
1.15079654064 1.67946090775 1.11964060517 -0.366296200577 
1.15943525652 1.6788614939 1.11924099594 -0.361941447969 
1.16555701138 1.67901548866 1.11934365911 -0.359613978511 
1.16815732637 1.67957561348 1.11971707565 -0.358310796809 
1.16139041243 1.68011832898 1.12007888599 -0.359591829914 
1.14988113864 1.68080459832 1.12053639888 -0.361967120115 
1.11553144936 1.6750649773 1.11670998487 -0.378566036952 
0.979072991346 1.62138096304 1.08092064203 -0.523598775598 
0.878224184136 1.54630227856 1.03086818571 -0.523598775598 
-1.77787656284e-16 1.57017147633 1.04678098422 0.0211812756373 
0.340044470403 1.38190957155 0.921273047697 0.126822802627 
0.579057125143 1.14458102656 0.763054017706 0.161012574525 
0.714280509598 1.00746933869 0.671646225795 0.123076320855 
0.832431483292 0.858229022136 0.572152681424 0.0728462810577 
0.8385401456 0.837657720443 0.558438480295 0.0625407973703 
0.836529879318 0.842851928349 0.561901285566 0.0535409641116 
0.829206361841 0.864391671915 0.57626111461 0.0459057585692 
0.818576977248 0.900321322509 0.600214215006 0.0342454017845 
0.813246404481 0.926941798113 0.617961198742 0.0284954064682 
0.811027018679 0.942651337014 0.628434224676 0.0262185510657 
0.811591451265 0.949716431984 0.633144287989 0.0233249731021 
0.811258553467 0.961507963946 0.641005309297 0.0247852537801 
0.815076712242 0.959490901658 0.639660601105 0.02091475266 
0.819062612615 0.954530498009 0.636353665339 0.0201332528212 
0.819098914816 0.967350652909 0.644900435273 0.0243573307996 
0.823564632248 0.95996235645 0.6399749043 0.0214213801256 
1.42681315578 1.01332615949 0.675550772991 0.0845642724768 
1.41875309478 1.01058390027 0.673722600178 0.0808376400806 
1.40849312344 1.00847572581 0.672317150539 0.0772280647677 
1.39412026521 1.00220729997 0.668138199978 0.0724569336234 
1.38259329499 0.995272286168 0.663514857445 0.0677174474699 
1.36082655772 0.989710884646 0.659807256431 0.0639475400602 
1.25675567211 0.974759619573 0.649839746382 0.0525901565329 
1.23665288043 0.965730197327 0.643820131551 0.0486007915757 
1.08129580811 0.912456413024 0.608304275349 0.0316956903335 
0.855616429129 0.829594488138 0.553062992092 0.0240268765051 
0.871899017605 0.783647730796 0.522431820531 0.0261353520821 
0.88943357566 0.743966942412 0.495977961608 0.0255985323325 
0.924759973013 0.672590228255 0.448393485503 0.0311666260455 
0.939180362116 0.646325590691 0.430883727128 0.0393390829363 
0.955767697279 0.614193263511 0.409462175674 0.0419338340132 
0.961982057632 0.591194932679 0.394129955119 0.0539806455205 
0.946163566412 0.597496367108 0.398330911405 0.0674305221528 
0.946163566412 0.597496367108 0.398330911405 0.0674305221528 
0.912818342379 0.626824145031 0.417882763354 0.0889122509267 
0.852090221484 0.716549057967 0.477699371978 0.0899657587658 
0.820019447066 0.81570314064 0.54380209376 0.0999591852928 
0.791027683081 0.906930683896 0.60462045593 0.09504987214 
0.763339076808 0.980996491368 0.653997660912 0.0862093162305 
0.657630166656 1.08528888944 0.723525926295 0.0931968702137 
0.623795802569 1.1497173057 0.766478203803 0.0774648517954 
0.53785651498 1.209079845 0.806053229999 0.0718491560973 
0.414618399402 1.31747251887 0.878315012583 0.0615904010332 
0.324638487754 1.39177143562 0.92784762375 0.0397297960563 
0.538030753773 1.44830845864 0.965538972424 0.0714085209709 
0.747677458978 1.45814131809 0.97209421206 0.1785254352 
0.924097697945 1.44096974013 0.960646493421 0.420885581336 
0.920463596788 1.50937464044 1.00624976029 0.303556080586 
0.926476151769 1.56244871326 1.04163247551 -0.100994121694 
0.929127841305 1.51899115073 1.01266076715 -0.523598775598 
0.959890565663 1.54389630688 1.02926420459 -0.523598775598 
0.998627038812 1.57239929923 1.04826619949 -0.523598775598 
1.02520788922 1.5911939448 1.0607959632 -0.523598775598 
1.06096703936 1.61181610465 1.07454406977 -0.509587020927 
1.1054727287 1.63195045634 1.0879669709 -0.455276704131 
1.1346010093 1.64118185196 1.09412123464 -0.42991798843 
1.15561817837 1.64882933966 1.09921955977 -0.414007168986 
1.16428459565 1.65059665521 1.10039777014 -0.409651860429 
1.17041719104 1.65260126308 1.10173417539 -0.405112283903 
1.17118735621 1.65283912013 1.10189274675 -0.405460433396 
1.17024413597 1.65145500935 1.10097000623 -0.408425587148 
1.17011756639 1.65196282704 1.10130855136 -0.407891507985 
1.16717064605 1.64999158895 1.09999439263 -0.412239673131 
1.16708712467 1.64979947998 1.09986631999 -0.412500333246 
1.16651550228 1.64919013798 1.09946009199 -0.413626216513 
1.16569211699 1.64851317218 1.09900878145 -0.415733141841 
1.16666308704 1.64959946449 1.09973297633 -0.414234483317 
1.16820895524 1.64942964738 1.09961976492 -0.413309811138 
1.16875948383 1.64912785155 1.0994185677 -0.413491271542 
1.16972077261 1.64994419822 1.09996279881 -0.412801316157 
1.16986852801 1.64944706637 1.09963137758 -0.412896122074 
1.17007760661 1.64965300218 1.09976866812 -0.413438764124 
1.16676756788 1.64892457162 1.09928304775 -0.416516946783 
1.15504022468 1.64591511556 1.09727674371 -0.427384359766 
1.09104018219 1.62212337144 1.08141558096 -0.497978912125 
1.04215226433 1.59390767776 1.0626051185 -0.523598775598 
0.985412779349 1.55794614653 1.03863076436 -0.523598775598 
0.940760548339 1.52057166714 1.01371444476 -0.523598775598 
0.890482183279 1.47953750709 0.986358338061 -0.505604457489 
0.962932837509 1.40219162681 0.934794417875 0.462079842221 
0.682858245112 1.42651405676 0.951009371172 0.131989921339 
0.55028824833 1.19277436905 0.7951829127 0.0963228202807 
0.719376491513 1.02065136514 0.68043424343 0.074523220815 
0.814464452893 0.89739535909 0.598263572727 0.0522474733978 
0.863665142143 0.740217264509 0.49347817634 0.0304358284684 
0.964879747379 0.55450277158 0.369668514387 -0.00693420426092 
0.9346149486 0.331349869709 0.220899913139 -0.022679703076 
0.97127322419 0.314307605973 0.209538403982 -0.0376004964092 
0.98705298048 0.303067894383 0.202045262922 -0.0275805704253 
0.986889321105 0.300229097932 0.200152731954 -0.0209491328484 
0.979756085925 0.300574485364 0.200382990243 -0.0147557835613 
0.950644220329 0.310656113119 0.207104075413 -0.00664951880257 
0.90327851434 0.331306787715 0.22087119181 -0.00389519250069 
0.88313147317 0.342714940348 0.228476626898 -0.0110017461392 
0.927947227188 0.524280946132 0.349520630755 -0.0047102021586 
0.907898758905 0.541567143082 0.361044762055 -0.00930218751886 
0.869133596921 0.579405157993 0.386270105328 -0.00689873533736 
0.909500797432 0.678028344781 0.452018896521 -0.0024609949408 
0.898637416152 0.694221559168 0.462814372779 -0.00364181889922 
0.864750811725 0.747792703773 0.498528469182 -0.00352399853936 
0.841811906015 0.790901529131 0.527267686087 -0.000618146639329 
0.832003534765 0.81012973781 0.540086491873 0.000584674042658 
0.816221946393 0.84368960401 0.562459736007 0.00416015096463 
0.804010047663 0.872223176708 0.581482117805 0.00845559848928 
0.799283554458 0.883557369912 0.589038246608 0.011323297114 
0.788700252286 0.913607964818 0.609071976546 0.012465694767 
0.78266371134 0.934779404606 0.623186269737 0.0165949186983 
0.777020409465 0.959069981887 0.639379987925 0.0180352970683 
0.776799957392 0.961931687779 0.641287791853 0.0126349597693 
0.773394572997 0.981957579136 0.654638386091 0.0136473878989 
0.773546579306 0.987584916039 0.658389944026 0.0112166685521 
0.775292487984 0.98477002683 0.65651335122 0.00837720077114 
0.775292487984 0.98477002683 0.65651335122 0.00837720077114 
0.777567654578 0.977772891707 0.651848594471 0.00586845473119 
0.779415471896 0.972232728886 0.648155152591 0.0057909731028 
0.779261906199 0.977220687965 0.651480458643 0.00820286652252 
0.779261906199 0.977220687965 0.651480458643 0.00820286652252 
0.779692640444 0.980173530929 0.653449020619 0.011435633754 
0.778442866379 0.993328330181 0.662218886787 0.0179822733978 
0.779058724892 0.99918683802 0.66612455868 0.0208942825023 
0.78214240071 0.995827882084 0.663885254723 0.02524385908 
1.36222806109 1.0389478762 0.692631917466 0.102034324435 
1.37064542992 1.03648805164 0.690992034425 0.11140490162 
1.35944616786 1.03572411036 0.690482740243 0.125970661222 
1.34902552922 1.03594622035 0.690630813564 0.133888604797 
1.33991928629 1.03302245521 0.688681636809 0.141144099705 
1.34510518363 1.0253709613 0.683580640864 0.143875596449 
1.33935336726 1.02404978413 0.682699856084 0.145607417312 
1.33100321568 1.01543032353 0.676953549021 0.149229888719 
1.31070694158 1.00400477153 0.669336514351 0.154822807915 
1.30355157765 0.988580037935 0.659053358624 0.154952525962 
1.25549736416 0.971697766325 0.647798510883 0.157253289981 
1.2194512419 0.951535401528 0.634356934352 0.156132669856 
1.17655779152 0.92853102341 0.619020682273 0.153496215144 
1.12265605865 0.90069672939 0.60046448626 0.15107087277 
1.11442576662 0.890401264938 0.593600843292 0.149199821865 
1.01326979464 0.858781573912 0.572521049275 0.148863633166 
0.830217530392 0.777542375703 0.518361583802 0.159311919308 
0.841738971356 0.749164106979 0.499442737986 0.158084297466 
0.855760810941 0.719421638986 0.479614425991 0.160426449126 
0.865787995873 0.699111198982 0.466074132655 0.158622290817 
0.882666659735 0.667903069929 0.445268713286 0.15788236475 
0.894470213473 0.646526193941 0.431017462627 0.157105414845 
0.906866160585 0.624228849028 0.416152566018 0.154381572722 
0.915359286856 0.607001197486 0.404667464991 0.152040715497 
0.92410242049 0.588773719062 0.392515812708 0.147854716717 
0.941065720224 0.560175948168 0.373450632112 0.135575496184 
0.941065720224 0.560175948168 0.373450632112 0.135575496184 
0.952611275131 0.537643895379 0.358429263586 0.130756321038 
0.959543796815 0.517915326177 0.345276884118 0.129021543713 
0.97304509132 0.492813255406 0.32854217027 0.122812371092 
0.92250181988 0.373930584711 0.249287056474 0.140336315094 
0.936552784003 0.363936890688 0.242624593792 0.13277307135 
0.973221351246 0.336290653368 0.224193768912 0.120693838875 
0.973221351246 0.336290653368 0.224193768912 0.120693838875 
0.973221351246 0.336290653368 0.224193768912 0.120693838875 
0.980584811678 0.326741767641 0.217827845094 0.113569776724 
1.00463284124 0.301241311775 0.200827541183 0.105051294107 
1.00463284124 0.301241311775 0.200827541183 0.105051294107 
1.03610281281 0.268355475699 0.178903650466 0.0835043095298 
1.03610281281 0.268355475699 0.178903650466 0.0835043095298 
0.980767628329 0.0871914422946 0.0581276281964 0.100035344799 
0.980767628329 0.0871914422946 0.0581276281964 0.100035344799 
0.988420757399 0.0800625355196 0.0533750236797 0.0756313743017 
0.990423370653 0.0762951130299 0.0508634086866 0.0609373278535 
0.99671805867 0.0713819436129 0.0475879624086 0.0468497195361 
1.00836627187 0.0647075762065 0.0431383841377 0.0314215359652 
1.00836627187 0.0647075762065 0.0431383841377 0.0314215359652 
1.00499917635 0.0633046539718 0.0422031026479 0.0218870317394 
1.00499917635 0.0633046539718 0.0422031026479 0.0218870317394 
1.00499917635 0.0633046539718 0.0422031026479 0.0218870317394 
1.00337256999 0.0618255776195 0.0412170517464 0.0134831915749 
0.988683576382 0.0645726418936 0.0430484279291 0.0208513253411 
0.988683576382 0.0645726418936 0.0430484279291 0.0208513253411 
0.981966509364 0.0653314137893 0.0435542758595 0.0154624467002 
0.950477488644 0.0745590304884 0.0497060203256 0.0274021440763 
0.942526643775 0.077543182816 0.0516954552107 0.0265951342251 
0.924295619992 0.0846045448768 0.0564030299179 0.0337823290507 
0.930483240652 0.0836661896837 0.0557774597892 0.0284719345594 
0.892966897801 0.0978063099015 0.065204206601 0.0458740576878 
0.87646328979 0.107372929953 0.0715819533021 0.0572249768466 
0.8709521415 0.114768003386 0.0765120022575 0.0635873361744 
0.858199770954 0.12530156305 0.0835343753666 0.0746545573726 
0.848508818021 0.13660523835 0.0910701589001 0.0870541561326 
0.838227741373 0.149562181493 0.0997081209951 0.097846686015 
0.923780149318 0.401563365114 0.267708910076 0.0668872083059 
0.905818402999 0.413571776499 0.275714517666 0.0735666633537 
0.912129734347 0.410708476227 0.273805650818 0.0747653631742 
0.908875548827 0.41355126572 0.275700843813 0.0789645288536 
0.893946946369 0.424744168712 0.283162779141 0.0823849205133 
0.88503202935 0.433653130794 0.289102087196 0.0869747308206 
0.883042886361 0.436799048015 0.291199365343 0.0926978155651 
0.874482275517 0.446010837358 0.297340558239 0.0963387055852 
0.865311021806 0.456422897539 0.304281931693 0.101190974031 
0.852684400568 0.469291747837 0.312861165225 0.107816422749 
0.824129151598 0.496818685227 0.331212456818 0.122230221326 
0.89978315086 0.610079782817 0.406719855211 0.112488506808 
0.877693865263 0.638740332363 0.425826888242 0.118384443622 
0.872116400618 0.647171699858 0.431447799905 0.119472550705 
0.868639633515 0.652973142527 0.435315428351 0.120143230566 
0.868180684523 0.652958919127 0.435305946085 0.114121147945 
0.844573370236 0.686673127423 0.457782084948 0.111325708436 
0.821236875667 0.720495105463 0.480330070309 0.10115613773 
0.500817536799 0.518786130596 0.345857420397 0.175298827525 
0.438606046535 0.547115962189 0.364743974793 0.195287534105 
0.375130560327 0.553006218898 0.368670812599 0.221756239986 
0.311045603877 0.506806959494 0.337871306329 0.288220470674 
0.290864951089 0.474384515627 0.316256343752 0.338721950765 
0.243341549588 0.500633016009 0.333755344006 0.370714322666 
0.18253682962 0.535860668224 0.357240445483 0.423932019424 
0.145176152669 0.568127363708 0.378751575805 0.429097258353 
0.117534704819 0.579924844947 0.386616563298 0.428938480577 
0.0870054795067 0.607005718112 0.404670478742 0.431564725053 
0.065589940642 0.610073722052 0.406715814701 0.428680966383 
0.0367405454935 0.624508103122 0.416338735414 0.426401825313 
0.0296972508481 0.652433234542 0.434955489695 0.341207210511 
0.016324390288 0.623044889857 0.415363259905 0.331700300748 
0.0013883432331 0.630071447968 0.420047631979 0.287438186983 
1.26360319241e-18 0.629948910466 0.419965940311 0.168559651491 
0.00147945895636 0.638793137507 0.425862091671 0.0689354634593 
0.00632717546915 0.661978869026 0.441319246018 -0.0124900495461 
0.0175017505836 0.645032120817 0.430021413878 -0.0677568545947 
0.0284384133964 0.620831180168 0.413887453446 -0.131597629839 
0.0363338235478 0.639387049595 0.426258033063 -0.151226177834 
0.0373760165322 0.596530050465 0.39768670031 -0.249560893269 
0.0369633932966 0.551202681699 0.367468454466 -0.523598775598 
0.0435812943923 0.542669676408 0.361779784272 -0.523333798847 
0.0416085591909 0.54040801361 0.360272009073 -0.523253085708 
0.0348647610794 0.551003793329 0.367335862219 -0.523427434149 
0.0293225513716 0.559326286001 0.372884190667 -0.5235920411 
0.0240403026782 0.568731308931 0.379154205954 -0.523598775598 
0.0258775417314 0.56349095778 0.37566063852 -0.523598775598 
0.0323433145944 0.543650307216 0.362433538144 -0.52320666222 
0.00897984812075 0.572928297388 0.381952198259 -0.523171282297 
0.0021935235554 0.569581463869 0.379720975913 -0.523140866172 
-1.08420217249e-19 0.569534827475 0.379689884984 -0.523181557273 
-1.32403925444e-21 0.578379101691 0.385586067794 -0.523037125308 
2.29308423941e-22 0.564004659038 0.376003106025 -0.521772359049 
2.29308423941e-22 0.564004659038 0.376003106025 -0.521772359049 
6.87846781835e-21 0.534812517675 0.35654167845 -0.521617031278 
1.96760934337e-21 0.526848721612 0.351232481075 -0.522053514329 
-3.23978855108e-21 0.510193229555 0.340128819703 -0.523043804099 
-3.23978855108e-21 0.510193229555 0.340128819703 -0.523043804099 
-2.56596329998e-21 0.495685723488 0.330457148992 -0.523587664058 
-3.29937482082e-21 0.473338146679 0.315558764453 -0.523598428559 
0.0129926833448 0.340627295768 0.227084863845 -0.332238620833 
0.00316076679569 0.34052567324 0.227017115493 -0.33313966292 
0.00316076679569 0.34052567324 0.227017115493 -0.33313966292 
0.0209686732787 0.305431184166 0.203620789444 -0.343617216624 
0.0355710287236 0.303032338628 0.202021559086 -0.34239078539 
0.0647938637251 0.229830655088 0.153220436725 -0.328555735606 
0.0753474842554 0.231852582111 0.154568388074 -0.323695646812 
0.0861192510458 0.231867823392 0.154578548928 -0.318794245239 
0.109154103129 0.191881246715 0.127920831143 -0.273304215611 
0.119928136693 0.195880993294 0.130587328863 -0.269437313176 
0.120253939245 0.244025174922 0.162683449948 -0.232147871159 
0.139518057598 0.241589894647 0.161059929765 -0.230083651533 
0.157059211796 0.238842778035 0.15922851869 -0.226606563366 
0.172651970273 0.214326275953 0.142884183969 -0.166975280748 
0.178639395769 0.217051958371 0.144701305581 -0.165131546199 
0.186488723093 0.217095897331 0.144730598221 -0.163531194726 
0.193158411701 0.219176913944 0.14611794263 -0.160174623367 
0.193158411701 0.219176913944 0.14611794263 -0.160174623367 
0.235971164235 0.453709018909 0.302472679273 0.183434680257 
0.234241113262 0.467198145289 0.311465430193 0.173226488122 
0.228643734582 0.414204119146 0.27613607943 0.223733881439 
0.228257720079 0.442427479239 0.294951652826 0.191118043952 
0.22329828616 0.391965809561 0.261310539707 0.258694466167 
0.2200427839 0.383208759124 0.255472506083 0.281961568662 
0.221504060413 0.390954065672 0.260636043781 0.26276116041 
0.22338559648 0.439726094533 0.293150729689 0.198441880127 
0.224401874218 0.451000394329 0.300666929552 0.184832318801 
0.225460399481 0.365676995096 0.243784663397 0.299937516326 
0.221617281705 0.404850331895 0.269900221264 0.22599081835 
0.21949568482 0.365760154609 0.243840103073 0.298435276791 
0.217169761011 0.389328760443 0.259552506962 0.250264521347 
0.216966239048 0.390032512366 0.260021674911 0.237602128766 
0.225024002042 0.340595843907 0.227063895938 0.333476168476 
0.230127783758 0.330338130516 0.220225420344 0.323099356887 
0.232754969317 0.358894189839 0.239262793226 0.250223329606 
0.291267879038 0.277207809927 0.184805206618 0.255454958409 
0.334966518285 0.249997557453 0.166665038302 0.21845027036 
0.416280805366 0.151330253931 0.100886835954 0.24044248781 
0.48612002946 0.0478126270325 0.0318750846883 0.271131212095 
0.559331460945 -2.0007968622e-17 -1.3338645748e-17 0.195155522698 
0.624216435078 -8.9211305772e-22 -5.9474203848e-22 0.125710808121 
0.744747316325 -3.12619789956e-23 -2.08413193304e-23 0.067821778738 
0.93114639888 0.273985321439 0.18265688096 0.0299377257948 
1.02722929435 0.231799573465 0.154533048977 0.0276024085003 
1.06495232673 -6.81866739714e-17 -4.54577826476e-17 0.0378550406592 
1.14868679105 -2.15357467824e-22 -1.43571645216e-22 0.0266145212418 
1.21823649305 -8.27100075376e-25 -5.51400050251e-25 0.0207256850862 
1.24892156601 -4.53314351509e-23 -3.02209567673e-23 0.0205059973801 
1.30791254894 3.68783657876e-22 2.45855771917e-22 0.013610730545 
1.34619712133 -1.48175673814e-23 -9.87837825424e-24 0.0100976897546 
1.36934136347 2.84020414215e-22 1.8934694281e-22 0.0120113584627 
1.42137830162 6.35758882392e-22 4.23839254928e-22 0.0126027926603 
1.46448169177 -5.91891801322e-23 -3.94594534214e-23 0.0132272139524 
1.49746257861 4.89513372267e-22 3.26342248178e-22 0.0146310986663 
1.51719824681 1.08907107655e-21 7.26047384365e-22 0.0130451823453 
1.54768648136 7.97620094533e-22 5.31746729689e-22 0.00879972675533 
1.55451448379 2.07531005021e-22 1.38354003347e-22 0.00675179774822 
1.55125303957 9.58995087731e-22 6.39330058487e-22 0.0079611703219 
1.56141488909 1.37478155029e-21 9.16521033524e-22 0.00635779790325 
1.55939562204 -1.21591714932e-21 -8.1061143288e-22 0.00654445641208 
1.56497711245 5.10614171066e-22 3.40409447377e-22 0.00420828818635 
1.57079632679 -1.71127311403e-21 -1.14084874268e-21 0.00282912544044 
1.57079632679 8.62218651422e-22 5.74812434281e-22 0.00234739625119 
1.57079632679 7.96057077788e-22 5.30704718526e-22 -2.80988146737e-05 
1.57079632679 -7.54866389846e-23 -5.03244259898e-23 0.000466263952467 
1.57079632679 -6.77648214691e-22 -4.51765476461e-22 -0.00148083378886 
1.57079632679 -6.73718810837e-22 -4.49145873891e-22 -0.00469372061476 
1.57079632679 5.03992449311e-22 3.35994966207e-22 -0.00553630141918 
1.57079632679 5.03992449311e-22 3.35994966207e-22 -0.00553630141918 
1.57079632679 5.03992449311e-22 3.35994966207e-22 -0.00553630141918 
1.57079632679 7.72347921527e-22 5.14898614352e-22 -0.00693249864452 
1.57079632679 3.09805322797e-22 2.06536881864e-22 -0.00779506722691 
1.57079632679 -1.08590678264e-21 -7.23937855092e-22 -0.00661805026007 
1.57079632679 4.74595272592e-22 3.16396848395e-22 -0.00460382535204 
1.57079632679 -8.23006328497e-22 -5.48670885664e-22 -0.00248005109179 
1.57079632679 4.11550840453e-23 2.74367226969e-23 -0.00123893335235 
1.57079632679 -4.92216417899e-22 -3.28144278599e-22 -0.00168818245882 
1.57079632679 -1.96368479391e-22 -1.30912319594e-22 -0.00102298300758 
1.57079632679 -5.82277967785e-23 -3.88185311857e-23 0.000555415717371 
1.57079632679 9.85596601998e-22 6.57064401332e-22 0.00334671265784 
1.57079632679 -2.0199897869e-21 -1.34665985793e-21 0.00145313557458 
1.57079632679 2.52445971546e-21 1.68297314364e-21 0.00253339166292 
1.57079632679 4.02972809456e-21 2.68648539637e-21 0.00320573470296 
1.57079632679 1.84126653507e-22 1.22751102338e-22 0.00384985562879 
1.51752841337 1.24646446962e-21 8.30976313078e-22 0.00706340862824 
1.4657361773 3.510622718e-22 2.34041514533e-22 0.0101537881056 
1.39317281817 5.69670778748e-22 3.79780519165e-22 0.0161190053472 
1.33786339782 1.21856539348e-22 8.12376928988e-23 0.0198621247238 
1.29724606003 1.64444056409e-22 1.09629370939e-22 0.0211242020075 
1.13486967479 -2.08911264074e-17 -1.3927417605e-17 0.0219229478964 
1.02412005436 0.0231861868137 0.0154574578758 0.0299442999846 
0.963526831224 0.038240980843 0.0254939872287 0.0254090551206 
0.905935658599 0.056288174827 0.0375254498847 0.0244831831481 
0.879536622592 0.0678134097199 0.0452089398133 0.0227196100585 
0.852635509966 0.0814482848555 0.0542988565703 0.0240060744932 
0.813196909379 0.100569711894 0.0670464745957 0.0255944081587 
0.927973954904 0.496225951705 0.330817301137 0.0119159678012 
0.895256469648 0.523078672475 0.348719114983 0.00633176841684 
0.91942939893 0.621948993025 0.414632662017 0.00545891266457 
0.884761652323 0.66471349768 0.443142331787 0.0040774982442 
0.852264813251 0.711203689582 0.474135793055 0.0026530825346 
0.890439780287 0.746899016136 0.497932677424 0.00252682681234 
0.865320184792 0.795981146499 0.530654097666 0.00361389590041 
0.842600553883 0.849848966369 0.566565977579 0.00469917868981 
0.830794895241 0.886358917304 0.59090594487 0.00483349727601 
0.823626795286 0.917254213326 0.611502808884 0.00367136459578 
0.818276057809 0.944220625375 0.629480416917 0.00679170683914 
0.820293531452 0.94565984563 0.630439897087 0.00207410180032 
1.37380028487 1.02204047545 0.681360316969 0.0541279869011 
1.40573059669 1.03832108449 0.692214056323 0.0609423112562 
1.43482424254 1.04242606223 0.694950708154 0.0642605939992 
1.42893562999 1.04921450037 0.69947633358 0.0672963739142 
1.43512140756 1.0496674796 0.69977831973 0.068672177066 
1.4365215729 1.04902981683 0.699353211222 0.0690081629064 
1.43865417984 1.0481933647 0.698795576469 0.0688710198991 
1.43722077911 1.04889796289 0.699265308592 0.0698091836089 
1.43528496586 1.0492467536 0.699497835736 0.0701139855173 
1.43469885263 1.04851727507 0.699011516714 0.0697680931709 
1.44482062215 1.04311276527 0.69540851018 0.0679860645876 
1.44249652604 1.04119729333 0.694131528885 0.0674873102913 
1.44144818351 1.03570135105 0.690467567369 0.0656166235531 
1.43373971898 1.03026993634 0.686846624226 0.0642640478644 
1.44500586451 1.01867307765 0.679115385099 0.059369171579 
1.42404397876 1.01355582612 0.675703884077 0.0550183795971 
1.41679129202 1.00696480691 0.671309871271 0.0517353349945 
1.43018658941 0.995323349442 0.663548899628 0.0467670901839 
1.4183164762 0.990357485948 0.660238323965 0.0442463640157 
1.4139602208 0.9790383049 0.652692203266 0.0409640529307 
1.40273261618 0.946768286072 0.631178857381 0.0325404646718 
1.38497879463 0.9423885145 0.628259009667 0.0312137073797 
1.36023849432 0.922514607569 0.615009738379 0.0260181354307 
1.33429748208 0.897302528147 0.598201685431 0.0219489705654 
1.27159449882 0.847311989484 0.564874659656 0.0139652525919 
1.20903580199 0.782491636956 0.521661091304 0.00720059140734 
1.05256138162 0.610504047244 0.407002698163 0.00091065507122 
0.930180361757 0.353558022894 0.235705348596 0.00316120250274 
1.01060038524 0.311771892148 0.207847928098 0.00369227500334 
1.02659135118 1.0600645105e-17 7.06709673669e-18 0.00603354227538 
1.09033787437 -1.33595537807e-22 -8.90636918711e-23 0.00420664445713 
1.16347747048 0.0190859160356 0.0127239440237 -0.00333144589811 
1.19465260427 0.0115528338293 0.00770188921956 -0.00365596424302 
1.2263700925 -2.91784049388e-18 -1.94522699592e-18 -0.00167933851295 
1.25422366988 6.58795460307e-22 4.39196973538e-22 -0.00079068774587 
1.33012902059 0.0943860718997 0.0629240479331 -0.0031039836575 
1.31155850396 0.0166044223962 0.0110696149308 -0.00269649194693 
1.33165437643 0.0472469455662 0.0314979637108 -0.00325958402586 
1.34072529164 0.057401125083 0.038267416722 -0.00348717220363 
1.3374776551 0.0275892180701 0.0183928120467 -0.0032510759716 
1.39073082737 0.13369381654 0.0891292110266 -0.00496373885422 
1.39643132265 0.123344066848 0.0822293778987 -0.00546839809258 
1.41849228254 0.152793261984 0.101862174656 -0.00612555422538 
1.40154779201 0.107048589115 0.0713657260767 -0.00485700592667 
1.39703749306 0.0893257226857 0.0595504817904 -0.00404781869245 
1.41959296404 0.139637273802 0.0930915158683 -0.00384674482261 
1.41249427766 0.118035987532 0.0786906583549 -0.00323514619281 
1.42179084948 0.136380695079 0.0909204633859 -0.00366785918221 
1.40631140869 0.110924712708 0.0739498084717 -0.00318661460969 
1.45831108718 0.219145530164 0.14609702011 -0.00486209499267 
1.43168765738 0.173893968305 0.115929312203 -0.0042756025152 
1.41796416886 0.148655039409 0.0991033596062 -0.00347323827711 
1.44315763754 0.196107600321 0.130738400214 -0.00444932093392 
1.42485277871 0.160340540635 0.106893693757 -0.00385465869995 
1.43293727718 0.174772969864 0.116515313243 -0.00464499447407 
1.41653234523 0.143556156855 0.0957041045697 -0.00304583404389 
1.42679673535 0.171367622465 0.114245081643 -0.00360990415704 
1.43511898206 0.196518549374 0.131012366249 -0.00371402760354 
1.4457945953 0.218253788445 0.14550252563 -0.00445767555071 
1.43082412368 0.192039738602 0.128026492401 -0.00381804920148 
1.41943902539 0.186358779374 0.124239186249 -0.00357307494109 
1.38618814168 0.156104536499 0.104069691 -0.00309768305883 
1.32907252674 0.0761984611437 0.0507989740958 -0.00170204042532 
1.27993874869 2.97788686529e-19 1.98525791019e-19 -0.00107301968041 
1.28190670212 0.0532597084432 0.0355064722954 -0.00182218600167 
1.24145350209 4.29386160961e-18 2.86257440641e-18 -0.00114532425747 
1.23396148123 -1.72221362347e-19 -1.14814241565e-19 -0.00154955195134 
1.19149854526 -9.16212140987e-18 -6.10808093992e-18 0.0035383226762 
1.13700593803 8.82338911115e-18 5.88225940744e-18 0.0104161417437 
1.07726428371 0.0107970808804 0.00719805392029 0.0171742615984 
0.998329392273 0.0312490812858 0.0208327208572 0.0243393657316 
0.939703030321 0.0484241377395 0.032282758493 0.0309789851953 
0.875771673543 0.0702315478646 0.0468210319097 0.0401735606893 
0.9273959423 0.398641789293 0.265761192862 0.0255925472786 
0.907109584997 0.410629246655 0.273752831103 0.0273656482384 
0.870525362485 0.434156465946 0.289437643964 0.0252404495681 
0.923957383093 0.577421380629 0.384947587086 0.0161309224266 
0.891495194399 0.612098440233 0.408065626822 0.0165471175877 
0.856550888461 0.654258336063 0.436172224042 0.0139482986418 
0.690541440496 0.573206683295 0.382137788863 0.0154287777131 
0.51769497571 0.490301981452 0.326867987635 0.0275680664141 
0.357462266752 0.323825223656 0.215883482437 0.0614379214696 
0.261490862853 0.282454844121 0.188303229414 0.198864250125 
0.184304424274 0.335036854131 0.223357902754 0.4262347028 
0.101493905737 0.418023543645 0.27868236243 0.431374846674 
0.0666438581203 0.457059302155 0.304706201437 0.432636482114 
0.0562270426134 0.453219414627 0.302146276418 0.432537888767 
0.0545205696584 0.440938678489 0.293959118993 0.432208845771 
0.0448534008387 0.453159605399 0.302106403599 0.431164910257 
0.0433472851736 0.451620910059 0.301080606706 0.430994627935 
0.0399283425689 0.460402756555 0.306935171037 0.429586125529 
0.0460347755962 0.452042896602 0.301361931068 0.428390558493 
0.0504046300752 0.444433940559 0.296289293706 0.427673370233 
0.0569560054531 0.43296851764 0.288645678427 0.427594025088 
0.0594999883735 0.432848242618 0.288565495078 0.427599943584 
0.0583136076842 0.432227325029 0.288151550019 0.427669192515 
0.0658318655938 0.423837896012 0.282558597341 0.42828774778 
0.0736439590014 0.416230446864 0.277486964576 0.429399663447 
0.0844555816712 0.409617029379 0.273078019586 0.430192010991 
