0.0 0.0 0.0 0.0 
0.114385203275 0.507572422827 0.338381615218 0.00266119049311 
0.110725418719 0.435006308399 0.290004205599 -0.0289621507355 
0.112762073476 0.434092914569 0.289395276379 -0.02919798694 
0.108970207895 0.454731379839 0.303154253226 -0.0304231299504 
0.110418942182 0.454117003617 0.302744669078 -0.0303686467334 
0.108780664009 0.432882753733 0.288588502489 -0.0377255821831 
0.106429249593 0.408387910328 0.272258606885 -0.0496051394055 
0.115156689935 0.435397958463 0.290265305642 -0.0860802307783 
0.115014478387 0.544835099509 0.363223399673 -0.107721797858 
0.140780858827 0.550494781795 0.366996521197 -0.11345975231 
0.17080040144 0.57953091523 0.386353943487 -0.0899111729954 
0.202997216206 0.618948356076 0.412632237384 -0.0601015593916 
0.209999156773 0.625139769643 0.416759846428 -0.0513876850237 
0.20637112661 0.613883986677 0.409255991118 -0.0504464428669 
0.201603136494 0.60454313199 0.40302875466 -0.053686724654 
0.197032371939 0.606375612718 0.404250408479 -0.053551505891 
0.187847062223 0.580667572869 0.387111715246 -0.0628490455915 
0.185225589433 0.544220066356 0.36281337757 -0.0707402813035 
0.183791348615 0.566992498519 0.377994999013 -0.0563847432896 
0.180686114648 0.564510900459 0.376340600306 -0.0596591497851 
0.172156955459 0.525418962419 0.35027930828 -0.0849611982513 
0.174212423498 0.469352543403 0.312901695602 -0.10694817015 
0.171030088731 0.454651504748 0.303101003165 -0.101007415857 
0.170543355636 0.491879602265 0.327919734843 -0.045113742397 
0.16860248175 0.511192949912 0.340795299942 -0.0317968886724 
0.170089966193 0.502547456828 0.335031637885 -0.039377588825 
0.166999425395 0.472887561828 0.315258374552 -0.0505541334512 
0.162201901816 0.463901659165 0.309267772777 -0.0664652403704 
0.159006925344 0.469698031499 0.313132020999 -0.0513214005803 
0.158273045771 0.464101621099 0.309401080733 -0.0616067183221 
0.160261346417 0.477016891763 0.318011261175 -0.0618729727829 
0.164740231169 0.472685366712 0.315123577808 -0.0538187880992 
0.165599137826 0.455213086326 0.303475390884 -0.0692290397249 
0.174460011254 0.412890681055 0.275260454037 -0.101262405679 
0.178379875702 0.390832111628 0.260554741085 -0.127317511963 
0.19431812251 0.433186192199 0.288790794799 -0.055527719292 
0.229152619201 0.403991028068 0.269327352045 -0.0563878110552 
0.261937801887 0.468666201222 0.312444134148 -0.0339267197757 
0.292546395115 0.391596867117 0.261064578078 -0.050712219726 
0.323005376557 0.357707692039 0.238471794692 -0.0583010537071 
0.354466007708 0.372866376611 0.248577584407 -0.0462834189006 
0.405051408342 0.395986783678 0.263991189119 -0.030486307589 
0.425034412559 0.387582958881 0.258388639254 -0.0255014774323 
0.490097983692 0.313797157633 0.209198105089 -0.0264068843821 
0.629510173044 0.368298719445 0.24553247963 -0.0152966933907 
0.730165420319 0.32422518834 0.21615012556 -0.014157361765 
0.838813828224 0.279320307452 0.186213538301 -0.00294671593655 
0.918659349988 0.245843773165 0.163895848777 0.000224242336923 
0.984953666042 -8.6628028159e-18 -5.77520187727e-18 0.0067936287545 
1.03471683863 6.25093094043e-23 4.16728729362e-23 0.0127523707387 
1.09083392762 4.72746464741e-22 3.15164309827e-22 0.0123495128464 
1.15678457074 -7.73248319423e-23 -5.15498879615e-23 0.0110373888314 
1.21168043993 6.89475055424e-22 4.59650036949e-22 0.0051471003723 
1.28398421108 1.42276137793e-21 9.48507585289e-22 0.00190702681849 
1.3299457308 -4.51190499093e-23 -3.00793666062e-23 0.00519332303618 
1.38523147071 -6.60935224646e-22 -4.40623483097e-22 0.00970271573334 
1.4156078973 -3.43940502762e-22 -2.29293668508e-22 0.00917083534557 
1.44483804611 1.88833902868e-22 1.25889268579e-22 0.00846721230656 
1.48087944925 8.2855916326e-22 5.52372775507e-22 0.000487844826249 
1.49389973181 6.49396602926e-22 4.32931068617e-22 0.00157184926504 
1.50759291754 -3.15251023559e-22 -2.10167349039e-22 -0.0010675697276 
1.50573693901 1.25483919499e-21 8.36559463329e-22 -0.00312408902874 
1.51243762364 7.3020325816e-22 4.86802172107e-22 -0.00514356713703 
1.50209901276 -3.4423034054e-23 -2.29486893693e-23 -0.00330063899055 
1.50164962642 -4.34300236344e-22 -2.89533490896e-22 7.8123870195e-05 
1.50121772183 4.72742737874e-23 3.1516182525e-23 0.000439109576824 
1.50103076273 8.95793262295e-22 5.97195508196e-22 -0.000486351115576 
1.50041988401 8.90752588108e-22 5.93835058739e-22 0.00286604708179 
1.49688460473 1.18228223398e-21 7.88188155986e-22 0.00350996813039 
1.50120290159 1.35991938858e-21 9.06612925719e-22 0.00170543185544 
1.497188678 -1.57713935119e-21 -1.05142623413e-21 0.00199707248763 
1.49740338651 5.74202328242e-22 3.82801552162e-22 0.00396033959232 
1.49830456186 -2.35155127819e-22 -1.56770085213e-22 -0.00150576864606 
1.49613511714 -4.16687314175e-22 -2.77791542783e-22 0.00152957393618 
1.49054749626 1.11395764684e-21 7.4263843123e-22 -0.00143495928441 
1.4654348098 3.70011840138e-22 2.46674560092e-22 0.00434521886324 
1.39589072943 3.40377798243e-20 2.26918532162e-20 0.00734533731277 
1.31128447023 3.21178061528e-19 2.14118707685e-19 0.00489026185844 
1.18642792204 2.34822431008e-18 1.56548287339e-18 0.00319977774623 
1.03185706007 0.0501987474347 0.0334658316231 -0.00835840363909 
0.873337046499 0.107476562098 0.0716510413983 -0.0177409378841 
0.580974792658 0.056060905099 0.0373739367327 -0.0855344680856 
0.404888075733 0.106032982023 0.0706886546822 -0.236501194787 
0.28093145483 0.209306061387 0.139537374258 -0.440230706557 
0.220504484411 0.270546716863 0.180364477909 -0.523598775598 
0.16617284677 0.329889635663 0.219926423775 -0.523598775598 
0.137421660922 0.357039207964 0.238026138643 -0.523598775598 
0.134438014228 0.356554731074 0.23770315405 -0.523598775598 
0.115554351607 0.37347321356 0.248982142374 -0.523598775598 
0.0948489321555 0.394286319703 0.262857546469 -0.523598775598 
0.0775625114392 0.40811653113 0.27207768742 -0.523598775598 
0.0884391199155 0.391176202525 0.260784135016 -0.523598775598 
0.0821558745888 0.400729177503 0.267152785002 -0.523598775598 
0.0915942211091 0.387992656651 0.258661771101 -0.523598775598 
0.0915942211091 0.387992656651 0.258661771101 -0.523598775598 
0.099867539959 0.376002618314 0.250668412209 -0.523598775598 
0.099867539959 0.376002618314 0.250668412209 -0.523598775598 
0.113412147567 0.35863725408 0.23909150272 -0.523598775598 
0.099566872705 0.380106452714 0.253404301809 -0.523598775598 
0.116197433556 0.360424877529 0.240283251686 -0.523598775598 
0.101571968812 0.383132195462 0.255421463641 -0.523598775598 
0.117643302885 0.36473333453 0.243155556354 -0.523598775598 
0.112006014981 0.374232265908 0.249488177272 -0.523598775598 
0.121740142481 0.361938903247 0.241292602165 -0.523598775598 
0.132223498788 0.349848846012 0.233232564008 -0.523598775598 
0.137731302324 0.344910274934 0.229940183289 -0.523598775598 
0.141780337155 0.340046885451 0.226697923634 -0.523598775598 
0.157453125544 0.323272432364 0.215514954909 -0.523598775598 
0.162023849586 0.317294828736 0.211529885824 -0.523598775598 
0.166641882203 0.314868104157 0.209912069438 -0.523598775598 
0.175784051663 0.308144680401 0.205429786934 -0.523598775598 
0.182101247912 0.294384635037 0.196256423358 -0.463344974053 
0.191815145412 0.28410154815 0.1894010321 -0.460586473254 
0.192980820618 0.279911245343 0.186607496896 -0.404388640237 
0.221936251639 0.244447652906 0.162965101937 -0.400869008659 
0.221051802201 0.238239145163 0.158826096775 -0.309138813374 
0.249359346433 0.205263763379 0.136842508919 -0.306240674739 
0.27494401222 0.168218076095 0.112145384064 -0.256020045143 
0.295878743343 0.13872619351 0.0924841290066 -0.23334952797 
0.348184350402 0.0841294394569 0.0560862929712 -0.254305216071 
0.36433702509 0.0674127427009 0.0449418284673 -0.20780439694 
0.380438398472 0.0366139976468 0.0244093317645 -0.117062778397 
0.390772803934 0.0337649932147 0.0225099954764 -0.116606174373 
0.424058837331 0.00602544503997 0.00401696335998 -0.19557482722 
0.42326140842 -3.81862646096e-20 -2.54575097397e-20 -0.15549049162 
0.468202028588 -1.94556881406e-21 -1.29704587604e-21 -0.172347730558 
0.473400644751 1.66609020422e-23 1.11072680281e-23 -0.171493111678 
0.504660645918 8.36435707583e-22 5.57623805055e-22 -0.169603418381 
0.524690442229 -4.00658990861e-22 -2.67105993907e-22 -0.167045363034 
0.555145619749 6.35091537548e-22 4.23394358366e-22 -0.165425381254 
0.573853882108 1.6236854887e-21 1.08245699247e-21 -0.107038730355 
0.599708966251 -6.94299371567e-22 -4.62866247711e-22 -0.0771292737245 
0.622962883844 4.69906252989e-22 3.13270835326e-22 -0.0744807279503 
0.646820540972 1.89874486596e-22 1.26582991064e-22 -0.0407399380234 
0.657259430589 -5.04681260945e-22 -3.36454173963e-22 -0.0397616388914 
0.694904032868 4.83516748426e-23 3.2234449895e-23 -0.0401173239728 
0.738628416088 2.08822833007e-22 1.39215222005e-22 -0.0364460419946 
0.771267134569 6.73506591786e-22 4.49004394524e-22 -0.0208579113489 
0.81560703461 2.82816585792e-22 1.88544390528e-22 -0.0208654717149 
0.835333468206 -9.02297803362e-23 -6.01531868908e-23 -0.0105337613483 
0.864719824928 2.23555785753e-22 1.49037190502e-22 -0.012577591182 
0.889178034599 3.92929274333e-23 2.61952849555e-23 -0.0106841140189 
0.88692184259 1.68953367025e-22 1.12635578017e-22 -0.00156841601474 
0.917308300015 4.16435980454e-23 2.77623986969e-23 -0.00076850068235 
0.956457231542 3.40591750771e-08 2.27061167181e-08 -0.00576780039164 
0.975532944646 2.07299559224e-07 1.3819970615e-07 -0.00542158681752 
0.991505875652 0.000158986751362 0.000105991167575 -0.000158058263325 
1.19031887273 0.391630733296 0.261087155531 0.00305119206386 
1.17201248755 0.357890372325 0.23859358155 0.00842920759497 
1.22538194965 0.386786648251 0.257857765501 0.00595837263025 
1.20613794097 0.330142066491 0.220094710994 0.00309677945889 
1.23248494507 0.315879196152 0.210586130768 0.000734634692748 
1.22339337472 0.266841999609 0.177894666406 0.00168835424889 
1.24799049946 0.233524265594 0.155682843729 0.00144695300161 
1.25945451618 0.228046889062 0.152031259375 0.00527001881594 
1.23361438204 0.143457525237 0.0956383501582 0.00752391448141 
1.24605751284 0.138763764512 0.0925091763414 0.00743037887911 
1.28451949584 0.191667024084 0.127778016056 0.00419883486768 
1.26173471941 0.0812118947436 0.0541412631624 0.000989477840781 
1.29559765351 -1.01052256556e-20 -6.73681710375e-21 -3.79173653014e-06 
1.30765611774 7.40670323466e-22 4.93780215644e-22 -0.000286268026601 
1.33406899089 7.31430693401e-07 4.87620462267e-07 -0.00446266479946 
1.3455631533 2.73273384759e-22 1.82182256506e-22 -0.00606385273339 
1.34986912165 -8.59783050268e-23 -5.73188700178e-23 -0.000190621158654 
1.38592287516 5.02629231651e-07 3.35086154434e-07 -0.00638106372978 
1.39554248818 2.40904743348e-23 1.60603162232e-23 -0.00145822262834 
1.40852606341 -7.38786887293e-22 -4.92524591529e-22 -0.00284174938526 
1.41766887092 -2.22716583087e-23 -1.48477722058e-23 -0.00273842273142 
1.4584784942 8.30609628448e-22 5.53739752299e-22 -0.008029292902 
1.47239976021 -1.86960238644e-22 -1.24640159096e-22 -0.00925553223047 
1.4629242154 5.63966507699e-22 3.75977671799e-22 -0.00515353714922 
1.46970618997 8.2728705577e-23 5.51524703847e-23 -0.00434238718764 
1.47112616084 7.15011251152e-22 4.76674167435e-22 -0.00102831130382 
1.47068609926 -7.82288969863e-22 -5.21525979909e-22 0.00428414520697 
1.47300677847 -5.12727173508e-23 -3.41818115672e-23 0.00175154834414 
1.48114472704 2.25937261259e-22 1.50624840839e-22 -0.00161154946324 
1.4745040658 -4.47646006353e-23 -2.98430670902e-23 3.90226687028e-05 
1.4764744889 8.49829565874e-22 5.66553043916e-22 -0.000363296884955 
1.47800842044 -2.17490734754e-22 -1.44993823169e-22 -0.00100473341077 
1.48035750702 1.41511987255e-22 9.43413248364e-23 -0.00165547942901 
1.47543719165 6.45734879018e-22 4.30489919345e-22 0.000534231802694 
1.47694765067 4.73239985314e-22 3.15493323542e-22 -0.00533373710721 
1.47822784508 0.0104298601265 0.00695324008432 -0.00261968744895 
1.46642749305 1.38355926233e-18 9.22372841554e-19 -0.00485768938084 
1.46229733921 2.59625541336e-19 1.73083694224e-19 -0.00338891450585 
1.46003377123 -6.58445301407e-23 -4.38963534271e-23 -0.00314315548982 
1.43786844562 7.44293800969e-20 4.96195867313e-20 0.00520252223708 
1.42805890479 1.6317568822e-18 1.08783792147e-18 0.00565976616659 
1.3969386333 5.30289939436e-18 3.5352662629e-18 0.0123676105938 
1.40192539969 -5.58781924949e-24 -3.72521283299e-24 0.00409277825244 
1.4072317136 0.0307866512933 0.0205244341955 -0.0013844163762 
1.3742389892 5.65633890837e-18 3.77089260558e-18 0.00579431095976 
1.37502014984 1.0078318785e-22 6.71887919002e-23 -0.000118329806061 
1.37555417765 4.61892687198e-23 3.07928458132e-23 -0.00597375139718 
1.3573459673 3.85402277853e-18 2.56934851902e-18 -0.00109204003488 
1.33940673937 3.46927072636e-21 2.31284715091e-21 0.00141970639888 
1.32509160262 1.56554526087e-18 1.04369684058e-18 -3.37757302871e-05 
1.30945429507 -9.76005481741e-19 -6.50670321161e-19 0.00598843283334 
1.28114953403 -1.12037591919e-17 -7.46917279457e-18 0.00860983002492 
1.29719961686 0.0373216139824 0.0248810759883 0.00281669044171 
1.27933164915 -3.80430389637e-20 -2.53620259758e-20 0.00349612375986 
1.26657924815 0.00509710752253 0.00339807168169 0.00133945781859 
1.29114102475 0.0946020611611 0.0630680407741 -0.00129098296576 
1.25742214389 0.104210117786 0.0694734118575 0.00419456789571 
1.25228237998 0.105926083836 0.0706173892237 0.00330752286352 
1.21186057446 0.0536898631601 0.0357932421067 0.0022082472985 
1.20194356699 0.0577382929983 0.0384921953322 0.00130114575815 
1.2031224524 0.0582023646888 0.0388015764592 0.000776218817874 
1.14644169864 0.0769955869062 0.0513303912708 0.00193208105515 
1.11143328253 0.0883670743411 0.0589113828941 0.00759140888269 
1.0842929049 0.0980754891557 0.0653836594371 0.0119839538349 
1.07259053847 0.10296852749 0.0686456849932 0.00460214178004 
1.04179448055 0.114240117201 0.0761600781342 0.00803527489545 
1.03556211671 0.117092097106 0.0780613980709 0.00481039731702 
1.02456246109 0.121142526829 0.080761684553 0.00160382999502 
1.00988237785 0.126888513243 0.0845923421621 -0.0060476861979 
0.998576069877 0.131318527965 0.0875456853101 -0.00976053382707 
0.981808760308 0.137704501499 0.091803000999 -0.00577156178116 
0.972857821147 0.141073539113 0.0940490260752 -0.0114803192118 
0.94170610108 0.152724247679 0.101816165119 -0.00210240837898 
0.924411195723 0.160774610089 0.107183073393 -0.00133597657265 
0.918601563537 0.164982471911 0.109988314607 0.00230622562312 
0.901733254127 0.172122720651 0.114748480434 0.000244029885384 
0.881361317529 0.181065893562 0.120710595708 0.00176390892412 
0.871368146193 0.18371259743 0.122475064953 -0.00889004448108 
0.845136108139 0.192458285479 0.128305523653 -0.0063033123963 
0.820580959638 0.201819096573 0.134546064382 0.00336361765696 
0.73099497221 4.89809243813e-19 3.26539495875e-19 -0.00621996493128 
0.719132950553 -2.16840434497e-19 -1.44560289665e-19 -0.0104744694407 
0.693115474306 0.00792434561326 0.00528289707551 -0.00361157005324 
0.677983611106 0.0873970249344 0.0582646832896 0.00403148385104 
0.664560806053 0.148607321089 0.0990715473923 0.00691704931214 
0.620584193384 0.162975525946 0.10865035063 0.0119928488897 
0.586317267735 0.0982032589272 0.0654688392848 0.00911923597225 
0.553448447408 0.115931956951 0.0772879713008 0.0342648452638 
0.542412554576 0.118399028561 0.078932685707 0.032664570099 
0.511883258253 0.0391842322097 0.0261228214732 0.0555631897678 
0.486551280852 0.0446052152898 0.0297368101932 0.0550539609501 
0.469747843984 0.0614891205757 0.0409927470505 0.0767358787842 
0.437481837367 0.0316160723758 0.0210773815839 0.0749869147357 
0.371112189287 -1.77856437763e-18 -1.18570958508e-18 -0.126316597751 
0.341217824646 0.00576216243207 0.00384144162138 -0.127813949736 
0.320609477005 0.0185767139306 0.0123844759538 -0.124216219775 
0.288550787006 0.0194553348997 0.0129702232664 -0.13480562689 
0.191280811164 -6.74449933868e-18 -4.49633289245e-18 -0.0850020485757 
0.168347066802 5.53063109098e-19 3.68708739399e-19 -0.0728958952657 
0.157418382768 1.05867662949e-21 7.05784419658e-22 -0.0739830975871 
0.154103745037 -3.58406668762e-22 -2.38937779175e-22 -0.0733495709868 
0.15328422141 2.10840085538e-21 1.40560057025e-21 -0.0687393126425 
0.148422042061 0.00068332521796 0.000455550145307 -0.0693030177335 
0.149257105266 0.00059042799862 0.000393618665747 -0.0694077055725 
0.149208496918 0.0651005871402 0.0434003914268 -0.0986308645745 
0.150164942554 0.126634652578 0.0844231017188 -0.129211340714 
0.149907218339 0.211000489479 0.140666992986 -0.1771522447 
0.154322497042 0.225957366833 0.150638244555 -0.168190864104 
0.161536692118 0.257875484366 0.171916989577 -0.146328041797 
0.172401296706 0.254718745199 0.169812496799 -0.0940009013244 
0.204746153254 0.40204557834 0.26803038556 0.187682377643 
0.210926141627 0.409245229037 0.272830152691 0.188532672117 
0.227866258203 0.480642036855 0.32042802457 0.127780268899 
0.234616446452 0.47570776261 0.317138508407 0.123463901741 
0.283282623602 0.636872851741 0.424581901161 0.0764044445874 
0.300013509452 0.62265152222 0.415101014813 0.0722142542916 
0.333896178053 0.679925476875 0.45328365125 0.0683929202508 
0.365622465365 0.717660367064 0.478440244709 0.0664084901049 
0.400852746962 0.752407813028 0.501605208685 0.0637018888361 
0.426329121042 0.764555973522 0.509703982348 0.062599605556 
0.454664522258 0.801082140594 0.534054760396 0.0614840059771 
0.506828491312 0.859993742279 0.57332916152 0.0655522654329 
0.542705315297 0.887103178553 0.591402119035 0.0701160728182 
0.582130205733 0.90345615001 0.602304100007 0.07076008489 
0.579324165139 0.920652491381 0.613768327588 0.0735013948414 
0.661037060937 0.95229921054 0.63486614036 0.0822496309484 
0.659423903494 0.963576280428 0.642384186952 0.0900062200153 
0.659678187352 0.974385976902 0.649590651268 0.0930733951024 
0.658996723994 0.985418889793 0.656945926529 0.100163208644 
0.658329349714 0.998761885439 0.66584125696 0.107889581436 
0.694416371585 1.01980995311 0.67987330207 0.115926845825 
0.69365240975 1.0314202502 0.687613500136 0.121070715322 
0.692399534514 1.05249689085 0.701664593898 0.120461615103 
0.65883868422 1.07488151076 0.716587673843 0.12389516964 
0.656395725136 1.09609012458 0.73072674972 0.127813578726 
0.597989584543 1.14448122573 0.762987483817 0.135112496697 
0.598019794607 1.14546302781 0.763642018538 0.135336078296 
0.597945947622 1.16822689611 0.778817930743 0.142796353886 
0.516553861554 1.22001551831 0.813343678875 0.136334206644 
0.471117389453 1.25752500559 0.838350003724 0.132098298941 
0.413946507747 1.29691438758 0.864609591719 0.122685012438 
0.342751499815 1.34094515911 0.893963439408 0.101859517353 
0.240832924853 1.38548286815 0.923655245432 0.0797387770607 
0.0569873126671 1.44276281551 0.961841877009 0.0372108947493 
-1.95245793123e-17 1.47021375891 0.980142505937 0.0164411246833 
4.02865703505e-21 1.49919900112 0.999466000744 0.00404208393031 
2.40983153528e-21 1.5132956337 1.0088637558 -0.00728170408769 
6.19828087173e-21 1.53137664544 1.02091776362 -0.0183915966532 
7.1903075319e-22 1.54822351444 1.03214900963 -0.0312046829383 
-3.81059174341e-21 1.55452131914 1.03634754609 -0.0315880416001 
1.65624690967e-21 1.59606875433 1.06404583622 -0.0652986397876 
2.00823121605e-22 1.60897489478 1.07264992985 -0.0662800704409 
4.51840209577e-19 1.6386985002 1.0924656668 -0.0874383865686 
1.85341403498e-19 1.6572386887 1.10482579247 -0.0890190214637 
0.00128536653851 1.6805090524 1.12033936827 -0.102873399421 
0.935044740982 1.6002007101 1.0668004734 -0.13271177304 
0.946118949255 1.60346727211 1.0689781814 -0.160478196235 
0.977154440385 1.61222835997 1.07481890665 -0.222495618707 
1.01970868403 1.62243052206 1.08162034804 -0.279763137404 
1.05771972084 1.62999218606 1.08666145737 -0.30346252619 
1.09000715046 1.63774722961 1.09183148641 -0.322937359984 
1.11521280406 1.64483707226 1.09655804817 -0.336269359847 
1.1220452927 1.64547150293 1.09698100195 -0.338863252664 
1.13633950748 1.6503588994 1.10023926627 -0.345940918555 
1.14552385357 1.65206547138 1.10137698092 -0.349143668896 
1.14967913144 1.65297430445 1.10198286963 -0.348301145998 
1.15491134406 1.65448882098 1.10299254732 -0.350181180407 
1.16215595233 1.65683342213 1.10455561476 -0.341941168029 
1.1624021552 1.65765740039 1.10510493359 -0.342076720124 
1.16260582153 1.65844645423 1.10563096949 -0.342219392068 
1.16255737804 1.65820705705 1.10547137136 -0.342160889169 
1.16244335268 1.65807454739 1.10538303159 -0.342126188977 
1.16084218363 1.6585382575 1.10569217166 -0.341906751179 
1.16055896552 1.65745833324 1.10497222216 -0.341742583731 
1.15652390974 1.65619748947 1.10413165964 -0.340004935054 
1.14494460833 1.65631491046 1.10420994031 -0.335104561412 
1.13312855921 1.65723414471 1.10482276314 -0.330981913753 
1.10717014262 1.65539727959 1.10359818639 -0.33643342989 
1.06048670749 1.64679717638 1.09786478425 -0.328004324243 
1.01430144004 1.63660564222 1.09107042815 -0.240210246362 
0.947433673037 1.62149282265 1.0809952151 -0.23462325913 
0.890639607794 1.60884774646 1.07256516431 -0.129157756111 
0.827445566627 1.57679692237 1.05119794825 0.0932934576657 
0.806994079534 1.52701790501 1.01801193667 0.214399577593 
0.756705280251 1.45189548291 0.967930321939 0.242958547798 
-3.57805234254e-16 1.48147553132 0.987650354216 0.0234669501995 
0.126313052348 1.41369782722 0.942465218147 0.0609180667027 
0.434071104705 1.28825861332 0.858839075547 0.122015116315 
0.553218671918 1.1955593819 0.797039587932 0.141941913398 
0.686883630492 1.07136219934 0.714241466226 0.132260327431 
0.749860654352 1.00425154235 0.669501028236 0.119249419682 
0.81428030284 0.927353443951 0.618235629301 0.0970066474332 
0.833821194064 0.844089049738 0.562726033159 0.0749052651263 
0.929139161279 0.719934408083 0.479956272056 0.0349503212005 
0.956701644566 0.666272670602 0.444181780401 0.0205573513232 
0.980283853637 0.625847293488 0.417231528992 0.0103774300516 
0.991507697331 0.604239130097 0.402826086731 0.00750848902471 
0.999457727922 0.588823894249 0.392549262832 0.00570581036976 
1.00152731762 0.578765428175 0.385843618784 0.00296229426177 
0.958685766744 0.527031800716 0.351354533811 0.00088051721052 
0.953946336607 0.532047744928 0.354698496619 -0.00175678228992 
0.946862116788 0.53969873815 0.359799158767 -0.00109886820213 
0.932880794666 0.553640164826 0.369093443218 -0.00250304072477 
0.908498611133 0.579659032037 0.386439354691 0.00399472245762 
0.907201952091 0.581525496259 0.387683664173 -0.00144965598612 
0.88974592092 0.601139989112 0.400759992742 -0.00196349883513 
0.875033555418 0.61839455644 0.412263037627 -0.000586689182821 
0.719636752946 0.474338097849 0.316225398566 -0.00970357323198 
0.651583547159 0.409076937085 0.272717958056 -0.0138747262657 
0.571393839177 0.332944178151 0.221962785434 -0.0175444953943 
0.523149468824 0.251175289103 0.167450192735 -0.0294421316716 
0.429046687418 0.194158366694 0.129438911129 -0.0473366449144 
0.390349556805 0.15912204715 0.106081364767 -0.0915082797334 
0.35190085724 0.13404217689 0.0893614512598 -0.165828600099 
0.31101727934 0.170757011188 0.113838007458 -0.152801590324 
0.292725517446 0.184470755368 0.122980503578 -0.254851532297 
0.230911151587 0.263686052777 0.175790701852 -0.347714802933 
0.219861436343 0.280684018278 0.187122678852 -0.392985084511 
0.217175215018 0.277816330724 0.185210887149 -0.409763068614 
0.222454363776 0.267488714685 0.17832580979 -0.432284339142 
0.214774174167 0.272827383858 0.181884922572 -0.413077803924 
0.228811539436 0.257998071231 0.171998714154 -0.439842807754 
0.225826046013 0.258736358469 0.172490905646 -0.429417976395 
0.225386791256 0.262435104021 0.174956736014 -0.431082720946 
0.225473613229 0.259826335499 0.173217556999 -0.431171123002 
0.220417084477 0.264703750144 0.176469166763 -0.41654110574 
0.225915209434 0.255381298213 0.170254198809 -0.416721592588 
0.220516667374 0.2637698448 0.1758465632 -0.400791950474 
0.191390167407 0.311026976784 0.207351317856 -0.308464703372 
0.169576863557 0.352633489727 0.235088993152 -0.189496372594 
0.162732165744 0.430608546275 0.287072364184 -0.0555072453208 
0.171895005712 0.453097148247 0.302064765498 -0.0456916149659 
0.181403905451 0.501474383439 0.334316255626 -0.0125171987118 
0.212200938646 0.560452519256 0.373635012838 -0.0033572402624 
0.247439128608 0.61770210924 0.41180140616 0.000542302677247 
0.30404320564 0.655760892166 0.437173928111 0.00138960203983 
0.361378054874 0.695533069283 0.463688712855 0.00512721227466 
0.470459132887 0.738644787402 0.492429858268 0.01413531675 
0.564727241056 0.765035770319 0.51002384688 0.0162853609051 
0.670209503491 0.788401875479 0.525601250319 0.02013472924 
0.767311340655 0.803437669679 0.535625113119 0.0237901833412 
0.774105284234 0.787023792891 0.524682528594 0.0206183089651 
0.840979551581 0.786472642593 0.524315095062 0.0260509724657 
0.86764217346 0.728524701571 0.485683134381 0.0374364253592 
0.897825167885 0.681621296655 0.45441419777 0.0503746086853 
0.918797440781 0.657694732567 0.438463155045 0.0760784498422 
0.921413939985 0.656085031923 0.437390021282 0.0837818845519 
0.930531329988 0.644009280537 0.429339520358 0.0909029446952 
0.930531329988 0.644009280537 0.429339520358 0.0909029446952 
0.933019760674 0.64101972567 0.42734648378 0.0981477655413 
0.940077084103 0.63086903289 0.42057935526 0.10379065246 
0.916843150108 0.667283633999 0.444855755999 0.121579203392 
0.896389243694 0.708194760013 0.472129840009 0.122706591602 
0.858901111952 0.7996290971 0.533086064733 0.133878691632 
0.836439764234 0.880370863993 0.586913909328 0.13967924941 
0.760615215555 1.00362670534 0.669084470224 0.152848157008 
0.689941010423 1.06697936398 0.711319575988 0.156064834996 
0.611353148404 1.14647444833 0.764316298889 0.155700454734 
0.49170672083 1.24640873311 0.830939155405 0.134312577753 
0.380753160321 1.30926709575 0.872844730501 0.108504858181 
0.155877565327 1.38391565295 0.922610435302 0.0616553757203 
-1.35743186558e-17 1.42998368839 0.953322458927 0.0283709032165 
-1.67198445099e-21 1.47915589553 0.98610393035 0.00152130292648 
3.67825457877e-22 1.51465193754 1.00976795836 -0.0153661761873 
3.26130385375e-21 1.54402184643 1.02934789762 -0.0293795154832 
1.47623462637e-21 1.58355964628 1.05570643085 -0.0443267517845 
-1.22784549256e-23 1.61704959325 1.07803306216 -0.0572735881682 
1.3409847e-21 1.6477127842 1.09847518947 -0.0739942967395 
1.12384824551e-21 1.66090819254 1.10727212836 -0.0836046585775 
-4.26101216181e-20 1.67510592359 1.11673728239 -0.0982747479369 
0.940075902851 1.58645922961 1.05763948641 -0.1515563461 
1.0151863882 1.61713938281 1.07809292187 -0.303036668675 
1.0271606973 1.62230602641 1.08153735094 -0.311082435255 
1.03679666798 1.62489070047 1.08326046698 -0.318576242349 
1.04525615859 1.62968427038 1.08645618026 -0.325379823873 
1.05555168471 1.63603830766 1.09069220511 -0.332617627837 
1.06790963782 1.64119445206 1.0941296347 -0.340469457494 
1.07836729222 1.64509937339 1.09673291559 -0.345514991829 
1.09007660212 1.65020396694 1.10013597796 -0.349806677597 
1.09663215545 1.65256471472 1.10170980982 -0.351706582778 
1.10384502487 1.65553612912 1.10369075275 -0.354115355119 
1.10419050708 1.65683849703 1.10455899802 -0.354269270418 
1.10588732395 1.65731424732 1.10487616488 -0.346346364351 
1.09292353079 1.65489101486 1.10326067657 -0.340733916459 
1.06412727719 1.64780521247 1.09853680831 -0.34075174155 
1.01049399668 1.63104714124 1.08736476083 -0.308570859008 
0.968368581322 1.61240663777 1.07493775851 -0.237405066725 
0.889035528696 1.56193756381 1.04129170921 0.0781079163454 
0.874593342732 1.50457860987 1.00305240658 0.230816376058 
0.729277889249 1.41768477873 0.945123185821 0.174249862385 
-3.26748714651e-17 1.44482179691 0.963214531276 0.015514025462 
0.11603533045 1.40722561865 0.938150412434 0.0426062393738 
0.380582272123 1.31526236436 0.876841576238 0.100774444301 
0.522874692878 1.2228145271 0.815209684732 0.127319959449 
0.631751527282 1.12692931989 0.751286213262 0.125976163937 
0.748575080795 1.00951582469 0.673010549792 0.109025921433 
0.811473609793 0.934716822291 0.623144548194 0.0814566954159 
0.828030142766 0.859619373321 0.573079582214 0.0632021176645 
0.890353441457 0.806931867473 0.537954578316 0.0404485547982 
0.907558655343 0.758622701462 0.505748467641 0.0261188526291 
0.918814114217 0.732272965046 0.488181976697 0.0156301438317 
0.922108760142 0.725381711401 0.4835878076 0.0175677666893 
0.932504443311 0.703461078454 0.468974052303 0.0022619344296 
0.939762749162 0.688925360827 0.459283573884 0.00233535636745 
0.929810106497 0.704641704812 0.469761136541 0.00569991351439 
0.929630778409 0.704617353642 0.469744902428 0.00456191050915 
0.766869364707 0.575718650751 0.383812433834 0.000693825905193 
0.724712521931 0.544407060994 0.362938040663 -0.000289225065517 
0.693536750396 0.532323274354 0.354882182903 0.00229000465245 
0.606165556364 0.441295075291 0.294196716861 0.00441702224488 
0.535426256625 0.330351673598 0.220234449065 0.000476995615268 
0.490640774767 0.344191766341 0.229461177561 0.00308798498 
0.377687871939 0.284298099825 0.18953206655 0.00205360926931 
0.332018580684 0.296177709956 0.197451806637 0.0307629092321 
0.270239018309 0.268728223324 0.179152148883 0.0772959286268 
0.24410308005 0.195492035946 0.130328023964 -0.0481019178604 
0.23588657031 0.197377809822 0.131585206548 -0.0484541994017 
0.227356644415 0.199060536923 0.132707024616 -0.0491205084792 
0.230334216424 0.185116141602 0.123410761068 -0.0616338184857 
0.243266205436 0.222198562621 0.148132375081 -0.0470687924512 
0.239160985232 0.283819260575 0.189212840383 0.0663629807065 
0.20050021598 0.366638855818 0.244425903878 0.198384428292 
0.0764436619362 0.539708946609 0.359805964406 0.523598775598 
0.0574371855688 0.593207765159 0.395471843439 0.522365951358 
0.0946568686922 0.621189580959 0.414126387306 0.523598775598 
0.242538643733 0.553924918886 0.369283279257 0.506033885863 
0.324845326432 0.500538343351 0.333692228901 0.507561317695 
0.402725803143 0.436341064892 0.290894043261 0.499342448036 
0.5366634538 0.37471613116 0.249810754107 0.345001574868 
0.570596120561 0.347722402621 0.231814935081 0.328339962337 
0.774455422005 0.427597850416 0.285065233611 0.147390534977 
0.860115895307 0.354529737541 0.236353158361 0.0872307875437 
0.898453896261 0.331432121911 0.220954747941 0.0581279694802 
0.917875421336 0.322692523166 0.215128348777 0.0464537254127 
0.945754864071 0.31075264648 0.207168430987 0.0556269544592 
0.957416532356 0.306497246544 0.204331497696 0.0626968991608 
0.995743934155 0.286091082023 0.190727388016 0.0763869148138 
1.01664554945 0.272909820475 0.181939880317 0.117685818458 
1.01554601529 0.272910414111 0.181940276074 0.128718497849 
0.955829784908 0.30275847027 0.20183898018 0.153311199308 
0.905268489637 0.579300495528 0.386200330352 0.149871257656 
0.853379554428 0.650058474454 0.433372316303 0.157123397734 
0.797099792444 0.738914113218 0.492609408812 0.150922141029 
0.340633386242 0.614379719306 0.409586479537 0.29247180383 
0.102290299786 0.501863085934 0.334575390623 0.523598775598 
0.164117603548 0.400029088149 0.266686058766 0.517073303285 
0.462322552707 0.677024928825 0.45134995255 0.0108689108893 
0.888626651602 0.785370693409 0.523580462273 0.0390957768693 
0.891192355764 0.780741802206 0.520494534804 0.0740228178052 
0.872358659787 0.836081032569 0.557387355046 0.140466835466 
0.367824462219 1.36062073232 0.90708048821 0.127008368503 
-9.28068002033e-15 1.5293971286 1.01959808573 0.0111041110004 
1.91987848022e-19 1.63458359071 1.08972239381 -0.0499044877516 
0.863770396911 1.61160173454 1.07440115636 -0.122497236947 
0.968129565545 1.63861454664 1.09240969776 -0.284379792561 
1.02211515866 1.65626748108 1.10417832072 -0.314866223811 
1.04834411986 1.66743977368 1.11162651579 -0.327169381198 
1.01935649161 1.6558145315 1.10387635433 -0.284186338286 
0.712329706246 1.49092559157 0.99395039438 0.26526316383 
0.223749439976 1.41644166459 0.94429444306 0.140659731557 
0.556625066485 1.15324723216 0.768831488108 0.274737538667 
0.66425395901 0.999508209804 0.666338806536 0.266775452472 
0.786214593852 0.863270781794 0.57551385453 0.209564320741 
0.811319945596 0.781692196097 0.521128130732 0.165206350441 
0.881714734014 0.750852022179 0.500568014786 0.111463346803 
0.882303237009 0.748618768744 0.499079179163 0.104742649738 
0.88367586441 0.743823625723 0.495882417149 0.0936315710161 
0.878514724714 0.754160115679 0.502773410453 0.0922102821226 
0.867197196974 0.777368347407 0.518245564938 0.0905610262617 
0.795200592419 0.79785841461 0.53190560974 0.0898764904993 
0.69518944811 0.786776907391 0.524517938261 0.0784823770431 
0.583912916656 0.777963219842 0.518642146561 0.0816076053387 
0.49883316433 0.790131149763 0.526754099842 0.0954698100595 
0.487719664321 0.805231275527 0.536820850351 0.098191409347 
0.385588391097 0.793568957177 0.529045971451 0.133035451451 
0.313786121676 0.808938833165 0.539292555443 0.194144190385 
0.278001830373 0.784461368335 0.522974245557 0.243678834654 
0.191601513798 0.650529476881 0.43368631792 0.523598775598 
0.264637764539 0.623592558856 0.415728372571 0.518133641988 
0.368058373259 0.591109437341 0.394072958227 0.469013762836 
0.452121657989 0.525963382237 0.350642254824 0.47658177535 
0.535093488111 0.469730587984 0.313153725323 0.47785850419 
0.704392516058 0.532063060189 0.354708706792 0.323337497957 
0.776160748648 0.457165201521 0.304776801014 0.308431810249 
0.813999032235 0.419871491584 0.279914327723 0.286816437322 
0.881199872849 0.518837829682 0.345891886455 0.191397612379 
0.858316878059 0.526404888294 0.350936592196 0.13302544556 
0.910476274102 0.587241772205 0.391494514803 0.0695618195804 
0.928427398079 0.564178696431 0.376119130954 0.03788818635 
0.951389585944 0.538904488975 0.359269659317 0.0294879486931 
0.985318516231 0.501389589714 0.334259726476 0.0411509634573 
0.997816149546 0.480166341786 0.320110894524 0.0703699677122 
0.940603855388 0.275958899745 0.18397259983 0.144071925863 
0.971481126254 0.264648888179 0.176432592119 0.1757181246 
0.976575907354 0.272749659583 0.181833106388 0.215645006828 
0.979481035904 0.274813680645 0.18320912043 0.229589762796 
0.970774010039 0.281498037044 0.187665358029 0.240315643728 
0.936698799048 0.304882786469 0.20325519098 0.251152328029 
0.910459808367 0.329422844044 0.219615229363 0.264082419088 
0.885278122285 0.354457245294 0.236304830196 0.274136938391 
0.872937327269 0.369546684275 0.246364456183 0.276999046367 
0.871582894208 0.375698870993 0.250465913995 0.284069610977 
0.844503475924 0.405683335127 0.270455556751 0.292680559936 
0.8195131121 0.436835644353 0.291223762902 0.299967251834 
0.755428843314 0.502522594172 0.335015062781 0.30229513254 
0.693458599432 0.565377639454 0.376918426303 0.291914420701 
0.596652672643 0.666664851539 0.444443234359 0.269614097494 
0.538216849944 0.733503854135 0.489002569423 0.248085324403 
0.35017411739 0.710910959896 0.473940639931 0.310520944771 
0.128167003625 0.666406015696 0.444270677131 0.523598775598 
0.0876522770089 0.676680928443 0.451120618962 0.523598775598 
0.0717740654809 0.641547104041 0.427698069361 0.523598775598 
0.085214884657 0.587890558386 0.391927038924 0.523598775598 
0.133270680697 0.483655768434 0.322437178956 0.516983347166 
0.337374908884 0.675614380741 0.450409587161 0.0316325991945 
0.455532373798 0.694503616365 0.46300241091 0.00964808046381 
0.660338089908 0.724159331629 0.482772887753 -0.00110532819576 
0.831360199156 0.768502043353 0.512334695569 0.00866249351223 
0.861946377422 0.708667316201 0.472444877467 0.0142558947674 
0.890979813815 0.66404692471 0.442697949807 0.0238149336584 
0.920848580157 0.626287921699 0.417525281133 0.0482826520584 
0.941003758382 0.602536655306 0.401691103538 0.0721165215541 
0.955588026807 0.581849902091 0.387899934727 0.0937818659677 
0.969818310489 0.555600906874 0.370400604583 0.127533618589 
0.968586686754 0.555223524443 0.370149016296 0.139292729911 
0.911548398516 0.452016846678 0.301344564452 0.201854226855 
0.94189424971 0.426606477402 0.284404318268 0.219208432198 
0.950379041244 0.406730673002 0.271153782001 0.228671482481 
0.928626885372 0.416827464502 0.277884976335 0.244088799 
0.924475230634 0.42140923632 0.28093949088 0.251883931395 
0.889040591269 0.444659677138 0.296439784758 0.255064671484 
0.857101601321 0.473232792383 0.315488528255 0.26444948303 
0.843943256597 0.486929988929 0.32461999262 0.269505467858 
0.810879524539 0.518780790274 0.345853860183 0.270179548097 
0.740357061836 0.597311083803 0.398207389202 0.269875094294 
0.683080606034 0.665752261364 0.443834840909 0.251913499843 
0.604305905981 0.773562885617 0.515708590411 0.218021627286 
0.447579243254 0.77157867977 0.514385786513 0.227517475452 
0.290601754379 0.764184959569 0.509456639713 0.1935296352 
0.280895843047 0.74600951358 0.49733967572 0.159556247006 
0.341564278607 0.72629858509 0.484199056727 0.0917739129843 
0.380241557138 0.729308618161 0.486205745441 0.0622137637598 
0.396207916909 0.700549236743 0.467032824496 0.0262610328921 
0.362601794732 0.736787186023 0.491191457349 0.0391353535202 
0.333493341355 0.771639755161 0.514426503441 0.0527800703902 
0.273933096254 0.764749701335 0.509833134223 0.0852902302455 
0.222083614129 0.792630852195 0.52842056813 0.157307435375 
0.200698849177 0.79946804011 0.532978693406 0.211808321026 
0.102247901551 0.679538649551 0.453025766368 0.523598775598 
0.152502874139 0.672839482263 0.448559654842 0.523598775598 
0.246617443463 0.632354091508 0.421569394339 0.513473702572 
0.314841973701 0.586530450298 0.391020300199 0.523598775598 
0.396088033297 0.546281774347 0.364187849565 0.510883066778 
0.493478451995 0.468517205499 0.312344803666 0.510132118833 
0.55777988987 0.425564019659 0.283709346439 0.499567696284 
0.813646346898 0.487460756806 0.324973837871 0.260958030928 
0.838782287852 0.453385957819 0.302257305213 0.230981183532 
0.83532080892 0.442499475286 0.294999650191 0.198864384383 
0.896075746963 0.532960410141 0.355306940094 0.124379711375 
0.888580755815 0.529663551407 0.353109034271 0.0604969094335 
0.898146731918 0.515187102826 0.34345806855 -0.0038628427821 
0.915566580217 0.501175552044 0.334117034696 -0.00589329514891 
0.939979161633 0.48167264813 0.321115098754 -0.00273869872787 
0.9563388405 0.469220378002 0.312813585334 0.00497410292972 
0.967759871911 0.45949637281 0.306330915207 0.00956775961914 
0.964814346002 0.461097397187 0.307398264791 0.0236075277222 
0.961659741032 0.463389531441 0.308926354294 0.0376803500387 
0.969709190769 0.455885810451 0.303923873634 0.0367265371858 
0.947339952721 0.473821809635 0.315881206424 0.0482542572581 
0.952512728679 0.621323931017 0.414215954011 0.056064112174 
0.911893770709 0.684758658538 0.456505772359 0.0595391369465 
0.879304115601 0.764209874247 0.509473249498 0.0599949800758 
0.838959519858 0.897864280532 0.598576187021 0.0781110757499 
0.825507462129 0.952338230605 0.634892153736 0.0829030537726 
0.753357365174 1.02412077432 0.682747182882 0.0795064690296 
0.695911238782 1.08686087393 0.724573915953 0.0855551024559 
0.613898205511 1.17004877267 0.780032515111 0.0839713427616 
0.521850034859 1.25502552457 0.836683683048 0.0800120029616 
0.398436199039 1.3520179705 0.901345313668 0.0496556481759 
0.044647903794 1.50675209246 1.00450139497 -0.0329020731824 
1.53900015092e-17 1.57955753223 1.05303835482 -0.0537266712786 
4.24453032973e-18 1.62947076077 1.08631384051 -0.0637436088403 
4.23516473627e-22 1.64488277406 1.09658851604 -0.0647390800554 
-7.3287258025e-22 1.64359424701 1.09572949801 -0.0645246827579 
-5.56693925885e-22 1.6248298619 1.08321990793 -0.0514696278567 
1.56415961374e-21 1.58850749248 1.05900499499 -0.0361027984742 
-1.2358018907e-22 1.53729960731 1.02486640488 -0.0158051972948 
0.171807342405 1.47559394391 0.983729295941 0.0275315509109 
0.342724506784 1.38577734749 0.923851564991 0.0760268363179 
0.415197259701 1.33380283923 0.889201892819 0.0905668643656 
0.502426110628 1.26136491035 0.84090994023 0.101581603618 
0.568434826111 1.20097540851 0.80065027234 0.102358604483 
0.636864867794 1.1339436908 0.755962460531 0.0990245243813 
0.753943719445 1.00363983291 0.669093221937 0.0974296285319 
0.823484520531 0.90878390628 0.60585593752 0.0962527264034 
0.852791886871 0.785818846829 0.52387923122 0.0925033325621 
0.875763245476 0.739956686284 0.493304457523 0.103592961092 
0.902231179807 0.688182285463 0.458788190308 0.110946567621 
0.911131638777 0.672728634044 0.44848575603 0.115442752479 
0.92000204223 0.654455398763 0.436303599175 0.118918487046 
0.904617018916 0.681827376386 0.454551584257 0.141019780619 
0.904617018916 0.681827376386 0.454551584257 0.141019780619 
0.894036596524 0.696433750584 0.464289167056 0.154156206667 
0.769634644324 0.647413076645 0.431608717763 0.180386254075 
0.743480563944 0.688194750231 0.458796500154 0.188735167945 
0.710025301917 0.747286877479 0.498191251652 0.195779272085 
0.517536630932 0.713057047924 0.475371365283 0.239060130665 
0.347996883216 0.729430577401 0.486287051601 0.257335960833 
0.287289299185 0.760051952566 0.506701301711 0.226902919722 
0.159160702294 0.72433938109 0.482892920727 0.257793358876 
0.122014525804 0.732122618775 0.48808174585 0.239808641855 
0.150739920904 0.748410552535 0.498940368357 0.144264938201 
0.159834225101 0.69945442667 0.466302951113 0.103353052631 
0.185222939832 0.713113593482 0.475409062321 0.0753433949818 
0.364639190048 0.700393714391 0.466929142927 -0.00344314758514 
0.46583353767 0.715216981232 0.476811320822 -0.0147263567323 
0.640294228563 0.744119061092 0.496079374061 -0.0189224086805 
0.817531736076 0.800725628558 0.533817085706 -0.00861202887974 
0.831263458463 0.773138348366 0.515425565577 -0.0123306494435 
0.890892339113 0.78307299411 0.52204866274 -0.00495258132869 
0.895113448548 0.773051319284 0.515367546189 -0.00109508084972 
0.894685871408 0.774709938715 0.516473292476 0.00685896189832 
0.898885523517 0.767625595944 0.511750397296 0.0110518137412 
0.89914111086 0.76908200333 0.512721335553 0.019784947517 
0.896106761863 0.785245681166 0.523497120778 0.0266312343064 
0.892891082004 0.797651863236 0.531767908824 0.025250700757 
0.880969064945 0.835733635568 0.557155757045 0.0320289096829 
0.875022685179 0.85598267115 0.5706551141 0.0327984392063 
0.859704373982 0.904131555111 0.602754370074 0.0355658357058 
0.807095264566 0.954557455494 0.636371636996 0.0573802441637 
0.730832443874 1.02460185859 0.683067905728 0.119560781057 
0.673050210765 1.05604150319 0.704027668793 0.19140602376 
0.581109413194 1.07448289832 0.716321932211 0.307992407019 
0.579474702167 1.05724479046 0.704829860305 0.329841286325 
0.578368041207 1.02609101879 0.684060679191 0.347294239274 
0.576912129943 1.00697220744 0.671314804958 0.359191826185 
0.583597621879 0.93584777718 0.62389851812 0.34785666058 
0.599852713204 0.862802246455 0.575201497637 0.322226894348 
0.745208773377 0.820385064638 0.546923376425 0.240642423388 
0.749951296505 0.796527667692 0.531018445128 0.219485613243 
0.746972019745 0.799532282559 0.533021521706 0.204545514412 
0.729380019165 0.834737679167 0.556491786111 0.180378736886 
0.414735869377 0.768578227199 0.5123854848 0.242223263531 
0.13458701374 0.688833198367 0.459222132245 0.523598775598 
0.0655301525929 0.741541707965 0.494361138643 0.519186795433 
6.58756833656e-19 0.831049908399 0.554033272266 0.381107619421 
2.27676251522e-21 0.882641339363 0.588427559575 0.281050595808 
2.60335032945e-21 0.919054953673 0.612703302448 0.194782648223 
-1.28278414663e-21 0.964665466149 0.643110310766 0.110504899606 
-1.67782864469e-21 0.991957528097 0.661305018732 0.0697902694398 
0.0935658424001 1.04118913189 0.694126087929 0.0275851949463 
0.126556152225 1.0474803656 0.698320243731 0.02500840156 
0.320712501998 1.10310595529 0.735403970191 0.0494644782002 
0.40699792217 1.11759652784 0.745064351892 0.0597398113185 
0.465737643031 1.15435240825 0.769568272167 0.0843896054837 
0.462234711388 1.2163393855 0.810892923669 0.11018566732 
0.358890182065 1.26868417989 0.845789453262 0.104179828078 
0.269498901074 1.31199471379 0.874663142525 0.0942097660049 
0.230143662795 1.33568419415 0.890456129434 0.104487119507 
0.228627170514 1.36327169883 0.908847799222 0.126436306704 
0.229725622885 1.38981202271 0.92654134847 0.131984172339 
0.0712994495002 1.45159637617 0.967730917445 0.109854127061 
-9.39216417566e-17 1.51991891752 1.01327927835 0.0771713247442 
-1.34475435609e-21 1.54411246665 1.0294083111 0.0691135548589 
1.26542010331e-18 1.60470020928 1.06980013952 0.0386206751936 
-8.26782365341e-20 1.66594757374 1.11063171583 -0.00315429277225 
-1.96619212947e-19 1.70198180679 1.13465453786 -0.0292183890984 
0.785232450201 1.65159713016 1.10106475344 -0.154731016731 
0.842630709985 1.65423675203 1.10282450135 -0.259939761091 
0.899737794713 1.65519406131 1.10346270754 -0.376090226335 
0.940291158912 1.66460622246 1.10973748164 -0.367619776877 
0.973628855315 1.66983526164 1.11322350776 -0.388028634175 
1.01251993502 1.67749881446 1.11833254298 -0.410776050538 
1.04108558437 1.6857781536 1.1238521024 -0.412630629775 
1.05882914705 1.69187081585 1.12791387723 -0.422307426738 
1.07069400503 1.69511665124 1.13007776749 -0.411775619757 
1.06917947362 1.69614183544 1.13076122363 -0.395044892168 
1.06091940192 1.69538179512 1.13025453008 -0.390867120591 
1.04263861229 1.69440441902 1.12960294602 -0.37832943615 
1.00984671605 1.68878936749 1.12585957833 -0.358147127908 
0.979352140284 1.68091161035 1.12060774023 -0.341450002813 
0.93399201308 1.67016170906 1.11344113937 -0.31194747496 
0.91308662575 1.6635977538 1.1090651692 -0.268270519207 
0.882402095988 1.65695529179 1.1046368612 -0.191995174219 
0.857355240617 1.65177265524 1.10118177016 -0.182675536587 
0.836803516344 1.64553410207 1.09702273471 -0.128398814245 
0.800338310372 1.63424749075 1.08949832716 -0.0364265228749 
0.733973868506 1.57495321973 1.04996881316 0.202724955067 
0.707222285005 1.54906015377 1.03270676918 0.218558254414 
0.683084298062 1.51919243422 1.01279495615 0.231253183522 
0.586299343045 1.51680108887 1.01120072591 0.164034837394 
-6.99486914509e-18 1.51426969042 1.00951312695 0.00217591576011 
0.159804051396 1.4595034769 0.973002317935 0.0341731742898 
0.290243133884 1.39591795484 0.930611969895 0.0686126200426 
0.337119460088 1.3669518156 0.911301210402 0.0819988507883 
0.392271281106 1.32530627196 0.883537514637 0.0871762935799 
0.391646788691 1.31037378826 0.873582525509 0.085107749169 
0.452923272323 1.27837885532 0.852252570214 0.0905654258753 
0.454273997275 1.25712283655 0.838081891033 0.0940280503379 
0.504399539906 1.22776023033 0.818506820221 0.0970349256447 
0.503690467411 1.1946610863 0.796440724197 0.0895052152078 
0.558675038989 1.16164936177 0.774432907844 0.0887702824845 
0.557188192624 1.15596474595 0.770643163965 0.0955980361441 
0.555137086815 1.14930840062 0.766205600416 0.100012726626 
0.554860272004 1.14650373046 0.764335820307 0.0988690989408 
0.511453961036 1.14629203647 0.76419469098 0.100040831554 
0.510328641127 1.12381432325 0.749209548836 0.0975690454769 
0.440520679411 1.10116295509 0.734108636724 0.0939827215477 
0.380143759458 1.05592872103 0.703952480689 0.0905439007601 
0.327055322768 1.00431047574 0.669540317158 0.0822406822735 
0.190133710086 0.889185887076 0.592790591384 0.0870126326077 
0.126517029418 0.814953021595 0.543302014397 0.111042439518 
0.0514313862185 0.696085884451 0.4640572563 0.203094482499 
0.00821405451101 0.646423572245 0.430949048163 0.353799374234 
0.00218412273151 0.62853157504 0.419021050026 0.347490301457 
0.00275052835534 0.595631382814 0.397087588543 0.338505895536 
2.16548717706e-18 0.637536001149 0.425024000766 0.1833616825 
8.23181152312e-22 0.687811998736 0.458541332491 0.117596985474 
8.23181152312e-22 0.687811998736 0.458541332491 0.117596985474 
-3.64450973253e-22 0.732651857155 0.488434571437 0.0767850255662 
4.57468928811e-22 0.747881253016 0.49858750201 0.0701591949589 
1.10602443287e-20 0.762110395699 0.508073597133 0.0587667047036 
7.57199116352e-21 0.776228392348 0.517485594898 0.0573570544124 
7.47807896168e-21 0.803327617481 0.535551744987 0.0593689088275 
-6.68045241787e-22 0.78777043358 0.525180289053 0.05301699392 
-6.68045241787e-22 0.78777043358 0.525180289053 0.05301699392 
3.3127298059e-21 0.775183754374 0.516789169582 0.0600218201819 
5.68994798408e-21 0.746145140434 0.497430093623 0.0634400231147 
5.69744549572e-21 0.733375944113 0.488917296075 0.0806182166441 
-1.00991312206e-21 0.705802915883 0.470535277255 0.0867202242973 
3.06709671909e-22 0.681531572539 0.454354381692 0.125928482797 
-3.98561845327e-21 0.674445363972 0.449630242648 0.124322837964 
3.18783540682e-21 0.661803975921 0.441202650614 0.144234487174 
9.41166460199e-22 0.671739081714 0.447826054476 0.146181317161 
0.0204924767097 0.70995107383 0.473300715887 0.105482686714 
0.0811817452516 0.81839101207 0.545594008047 0.0497920943207 
0.118553324631 0.853711608584 0.569141072389 0.0433842945653 
0.179598289667 0.932036211627 0.621357474418 0.0437592846414 
0.218218837368 0.975198325562 0.650132217041 0.0464977089758 
0.295406511453 1.04320075093 0.695467167286 0.0673684640048 
0.337104745183 1.06699805359 0.711332035727 0.0725518235019 
0.387393190351 1.09505859865 0.730039065765 0.0815541159796 
0.439995402468 1.12958306653 0.753055377684 0.0998504127443 
0.438673755902 1.16647729865 0.777651532433 0.113101367635 
0.38280450869 1.2261576989 0.817438465936 0.13518281146 
0.334164210762 1.27510102678 0.850067351187 0.146057207986 
0.219520688953 1.34842147509 0.89894765006 0.143913571252 
0.0775107679379 1.41398032688 0.942653551253 0.112234465548 
-3.70153385799e-18 1.44393788468 0.962625256454 0.0959070270966 
-1.3140798842e-22 1.46108635579 0.97405757053 0.0757950599429 
-1.47226330264e-21 1.46037643402 0.973584289343 0.0629387146809 
4.70671905032e-22 1.44628794391 0.964191962607 0.0530833621959 
4.50479510064e-21 1.43643066396 0.957620442638 0.0348861711919 
1.9074777202e-21 1.45285562711 0.96857041807 0.000379983278124 
2.26935464138e-21 1.48503360133 0.990022400889 -0.0264680017384 
-1.497519148e-21 1.53409894204 1.02273262803 -0.0466248977767 
-4.69742072487e-22 1.6002242612 1.06681617413 -0.0667201692676 
7.65546779805e-22 1.63886679866 1.09257786578 -0.0786481979661 
-2.60645346113e-19 1.67695923602 1.11797282402 -0.0946817143003 
0.975491817902 1.58166252932 1.05444168621 -0.222990880762 
1.00423700024 1.58793020318 1.05862013545 -0.289468484917 
1.02967192052 1.5917855906 1.06119039374 -0.326140836164 
1.05842192955 1.59418161551 1.06278774367 -0.34568999247 
1.0763571543 1.60168517788 1.06779011859 -0.380435635422 
1.0891642109 1.60732749381 1.07155166254 -0.389609310127 
1.09979999519 1.61397942937 1.07598628625 -0.398044677451 
1.10434751545 1.61794838486 1.07863225657 -0.400646427781 
1.09817328114 1.6249188528 1.0832792352 -0.394684554004 
1.1009107658 1.63189158616 1.08792772411 -0.380030860972 
1.0929181916 1.64334478723 1.09556319149 -0.377046932291 
1.06987931314 1.65952859187 1.10635239458 -0.382958129167 
1.05707539886 1.66535986517 1.11023991011 -0.37441948596 
1.06612590079 1.66518971238 1.11012647492 -0.35450982095 
1.080585474 1.66356603749 1.10904402499 -0.346023007335 
1.09719349984 1.66237319275 1.10824879516 -0.339287872504 
1.10924705881 1.66205554342 1.10803702895 -0.334095466394 
1.11144249999 1.66142914108 1.10761942739 -0.335081589571 
1.11733118151 1.66061016785 1.10707344523 -0.336609203981 
1.1231482563 1.66025758783 1.10683839188 -0.337778604382 
1.12701568016 1.66021694419 1.10681129613 -0.336663060077 
1.12032269787 1.66180487327 1.10786991552 -0.33289216852 
1.11027982366 1.66272298944 1.10848199296 -0.327300598507 
1.08397477222 1.65915170408 1.10610113605 -0.313927292126 
1.00816545365 1.63637530622 1.09091687081 -0.248700058057 
0.898807127252 1.60421284715 1.06947523143 -0.0604214317445 
0.781708670391 1.44145215742 0.960968104948 0.301512181596 
0.200146927515 1.38031434631 0.920209564206 0.123425066284 
0.578875981131 1.13346916051 0.755646107004 0.197181019818 
0.716003798519 0.993516852343 0.662344568229 0.164353826658 
0.821464789903 0.848033764857 0.565355843238 0.105490524913 
0.826509563968 0.823720344364 0.549146896243 0.0929870332589 
0.575664154944 0.704528036107 0.469685357405 0.0934694217598 
0.421500385785 0.60305200602 0.40203467068 0.117596479272 
0.247119256595 0.425725059461 0.283816706307 0.280132616256 
0.19090653884 0.437291394897 0.291527596598 0.279617407825 
0.162530434411 0.430054938564 0.286703292376 0.276320988543 
0.142053457241 0.435102804044 0.290068536029 0.28020334422 
0.121810124131 0.455607616858 0.303738411239 0.283755857499 
0.124281376556 0.439089639897 0.292726426598 0.282599607214 
0.127942008634 0.430962678948 0.287308452632 0.282372867903 
0.121090199037 0.441117914535 0.29407860969 0.283995940321 
0.129389424848 0.420601644277 0.280401096185 0.282643307793 
0.126185244482 0.434938531362 0.289959020908 0.284994127445 
0.133596307057 0.436438839516 0.290959226344 0.285771014028 
0.144042934303 0.416776038308 0.277850692205 0.284485099852 
0.160220383714 0.431243940959 0.28749596064 0.290097583767 
0.174037660644 0.421630440177 0.281086960118 0.289432342622 
0.197861045289 0.395291091654 0.263527394436 0.284032191357 
0.304606083397 0.560098515389 0.373399010259 0.101901124699 
0.345693498775 0.601837969973 0.401225313316 0.0876672633904 
0.53762117186 0.681732377074 0.454488251383 0.0554194837813 
0.705137896379 0.739869379855 0.493246253237 0.0484522796891 
0.841238618869 0.744562118738 0.496374745825 0.0482018360843 
0.860748087979 0.710585612073 0.473723741382 0.052851011959 
0.904226089002 0.644484151372 0.429656100915 0.0745699148352 
0.922758519413 0.625753249647 0.417168833098 0.0847306012088 
0.943919292062 0.598168956692 0.398779304461 0.099253868799 
0.946724873347 0.594252450551 0.396168300367 0.10987428462 
0.942542296924 0.601064632323 0.400709754882 0.132614927829 
0.937313558868 0.608046727575 0.40536448505 0.145429072355 
0.905234910879 0.646839421617 0.431226281078 0.157292210901 
0.85716343196 0.736114815867 0.490743210578 0.173308554502 
0.826890350235 0.824880788982 0.549920525988 0.185532933338 
0.803147530512 0.917697058806 0.611798039204 0.169098043101 
0.787552347267 0.992581122608 0.661720748405 0.15161523065 
0.685369483735 1.08930892183 0.726205947888 0.134353683425 
0.617740555705 1.16721507101 0.778143380671 0.117014313528 
0.56652470125 1.21067155851 0.807114372342 0.10292469932 
0.427361901689 1.31713960174 0.878093067828 0.0710125223079 
0.241324997435 1.39838938492 0.932259589948 0.0252790050099 
-3.38373028651e-15 1.48474694767 0.989831298445 -0.0363232899704 
-3.15327715633e-21 1.52924320026 1.01949546684 -0.0548559136478 
-2.01072311407e-22 1.58286880728 1.05524587152 -0.0764588368346 
7.03044627162e-22 1.61500187992 1.07666791994 -0.0934849756906 
-1.67313691716e-19 1.64550367488 1.09700244992 -0.108148114103 
0.960840180836 1.57839501554 1.0522633437 -0.129175490553 
0.989093673014 1.58829761582 1.05886507721 -0.198665270961 
1.02208635808 1.60082430802 1.06721620534 -0.265112290613 
1.04563082931 1.61013642434 1.0734242829 -0.295996733314 
1.07012892032 1.619024544 1.079349696 -0.349858390689 
1.09563543649 1.62669573619 1.08446382412 -0.339334259383 
1.11203598849 1.63151994184 1.08767996123 -0.348709695505 
1.12509187866 1.63595891022 1.09063927348 -0.354898706566 
1.13176947151 1.63661841983 1.09107894655 -0.356294960529 
1.13655189071 1.63815564825 1.0921037655 -0.357902925506 
1.13662656196 1.63838615976 1.09225743984 -0.357889464327 
1.13653488657 1.63775157133 1.09183438089 -0.357783750102 
1.13658466347 1.63803792103 1.09202528069 -0.357790321448 
1.13622643919 1.63644318287 1.09096212191 -0.357500659921 
1.13612785321 1.636141021 1.09076068067 -0.357406012036 
1.13605695969 1.63601213388 1.09067475592 -0.357364143521 
1.13595110151 1.6355480614 1.09036537427 -0.357291031064 
1.13602870494 1.63597574539 1.09065049693 -0.357324070338 
1.13614590954 1.63637692881 1.09091795254 -0.357416816938 
1.13619124772 1.63612750044 1.09075166696 -0.357420671602 
1.13814079715 1.6364134767 1.0909423178 -0.358478053904 
1.13809293367 1.63618010954 1.09078673969 -0.358445559994 
1.13808635766 1.63601110399 1.09067406933 -0.358394285475 
1.13571204468 1.63621343334 1.09080895556 -0.357282529894 
1.12905825401 1.6343126494 1.08954176627 -0.354114096851 
1.09495125591 1.62340652305 1.08227101537 -0.336546175739 
1.05522834768 1.60927198839 1.07284799226 -0.313591918366 
1.0069711064 1.5930676078 1.06204507186 -0.239192620305 
0.967256463603 1.57777873348 1.05185248899 -0.131749411254 
0.926819023598 1.54889502436 1.03259668291 0.0603683294093 
0.909990860542 1.45109512219 0.967396748129 0.263956028009 
0.728027812085 1.41017407659 0.940116051058 0.14548153789 
0.585188370542 1.18429771113 0.789531807421 0.111332602536 
0.747791857256 1.01852839591 0.679018930606 0.108424879652 
0.83829536298 0.89931346581 0.59954231054 0.0908487803491 
0.875962213248 0.760364819511 0.506909879674 0.0707386043958 
0.964341630784 0.579668750507 0.386445833671 0.0224214865152 
0.961714463183 0.442624188426 0.295082792284 0.00799455458397 
0.995385900522 0.416266964479 0.277511309653 0.00229077510739 
1.01667697368 0.393531330353 0.262354220235 -0.00246978490793 
1.01234695959 0.393970475805 0.26264698387 0.00881065575341 
1.01234695959 0.393970475805 0.26264698387 0.00881065575341 
0.983496963125 0.407018278305 0.27134551887 0.0181030760975 
0.949349803536 0.427411264049 0.2849408427 0.0175675544474 
0.924811736084 0.446805986741 0.297870657827 0.0199002069938 
0.959574064613 0.576888792354 0.384592528236 0.0271049602333 
0.942755921523 0.597105030766 0.398070020511 0.0245964963529 
0.916294308877 0.63129021376 0.420860142506 0.0223709907826 
0.896220014413 0.660055892748 0.440037261832 0.0203823397791 
0.886777157962 0.674844684109 0.449896456072 0.014212897654 
0.760089333512 0.661898852802 0.441265901868 0.0092447041385 
0.604691755519 0.593158249506 0.395438833004 0.00897020814108 
0.512324482803 0.54669510507 0.36446340338 0.0165234978558 
0.405892343336 0.497023384718 0.331348923146 0.0355982871537 
0.361308400034 0.516820612909 0.344547075272 0.047843519597 
0.311223525946 0.485825842336 0.32388389489 0.0822087746059 
0.262490264654 0.514544262313 0.343029508209 0.0985976162079 
0.222203934758 0.545974642626 0.363983095084 0.116257833188 
0.177823811658 0.56820030814 0.378800205426 0.124550148216 
0.131915666032 0.483101202455 0.322067468303 0.234011220267 
0.102893407475 0.491297906615 0.327531937743 0.233019783002 
0.0885971801934 0.479153396563 0.319435597709 0.22879230664 
0.0820726999515 0.478302412026 0.318868274684 0.228046038259 
0.0787801666933 0.495528673256 0.330352448838 0.229604969285 
0.0868060886667 0.484640455083 0.323093636722 0.228571465501 
0.0975021447114 0.453684238266 0.302456158844 0.223466805276 
0.100584492385 0.462650189895 0.30843345993 0.224016949044 
0.103900307697 0.464043882351 0.309362588234 0.224392178083 
0.0958931389674 0.505296401882 0.336864267921 0.231633113063 
0.0811082448279 0.53970840554 0.359805603693 0.239876891193 
0.0810349739355 0.564386227436 0.376257484957 0.249441327596 
0.0695693177661 0.537194101357 0.358129400904 0.433477721871 
0.0514766288838 0.604718544715 0.403145696477 0.440444364072 
0.060786321554 0.611579283152 0.407719522101 0.442860137166 
0.0619954165513 0.64859892855 0.4323992857 0.450484936637 
0.0674219725019 0.661110930044 0.440740620029 0.455449361313 
0.0830340998605 0.663910503031 0.442607002021 0.461421271316 
0.104090053608 0.649156070822 0.432770713881 0.464293506066 
0.107790268782 0.652807534972 0.435205023315 0.46647806697 
0.134457861143 0.639379145998 0.426252763998 0.471497916084 
0.171230894206 0.627227413038 0.418151608692 0.480195249393 
0.212063852705 0.606965934069 0.404643956046 0.487757831533 
0.259214021526 0.591150096831 0.394100064554 0.499020181898 
0.315820026197 0.547823078433 0.365215385622 0.503993167024 
0.363160455058 0.520380723396 0.346920482264 0.51006850099 
0.411613533892 0.489550415364 0.326366943576 0.51232174508 
0.433248881431 0.467469538598 0.311646359065 0.510180555656 
0.463247486179 0.458812798551 0.305875199034 0.512580850921 
0.513038325756 0.420122329634 0.280081553089 0.502278347418 
0.648105742001 0.537939561215 0.358626374143 0.315860167741 
0.690097965456 0.493350748374 0.328900498916 0.3097077414 
0.710266581037 0.478184967836 0.318789978557 0.307896897995 
0.749502702515 0.441006937886 0.294004625258 0.298283537665 
0.767403154221 0.431219574053 0.287479716035 0.295722673695 
0.787014384482 0.425977161016 0.28398477401 0.296571440329 
0.808191771926 0.410063542246 0.27337569483 0.285029233378 
0.825253183347 0.400877305241 0.267251536827 0.276554926989 
0.850210630245 0.376795171959 0.251196781306 0.253778180231 
0.852371570316 0.37509301619 0.250062010793 0.249807946648 
0.876396050845 0.356683439966 0.237788959978 0.236453514535 
0.886850370451 0.352568685569 0.23504579038 0.235038643042 
0.908186399181 0.33766604517 0.22511069678 0.226492738665 
0.931806357123 0.317440129878 0.211626753252 0.215810567303 
0.953588598909 0.295069604246 0.196713069497 0.204442765748 
0.980814760677 0.266607122209 0.177738081473 0.187425408542 
0.979364735469 0.268294575793 0.178863050529 0.196786564499 
0.978986918889 0.263445856213 0.175630570809 0.189444723514 
0.978986918889 0.263445856213 0.175630570809 0.189444723514 
0.997893542337 0.241697505195 0.16113167013 0.175775490664 
0.99958765383 0.234343202047 0.156228801365 0.164005038473 
1.02454513233 0.20739825291 0.13826550194 0.144826384793 
0.992335480981 0.125760167674 0.0838401117826 0.16933725556 
0.992795561895 0.123324570262 0.082216380175 0.1624408115 
0.996794065286 0.116866337615 0.0779108917432 0.148650652 
1.00951036611 0.100162147053 0.0667747647023 0.121981762499 
1.00542862795 0.0952407166894 0.0634938111263 0.100866473896 
1.00771184522 0.0888155171213 0.0592103447475 0.0803721263657 
1.01789978072 0.0772127665693 0.0514751777129 0.0649295867089 
1.01603153108 0.0745502297858 0.0497001531905 0.0546824256886 
1.01181735825 0.0734350622731 0.0489567081821 0.0467018655031 
1.01188204461 0.0708601715248 0.0472401143499 0.0361698628056 
1.01188204461 0.0708601715248 0.0472401143499 0.0361698628056 
1.00515685167 0.0710407896582 0.0473605264388 0.0353377751931 
0.99792099481 0.071413189842 0.047608793228 0.0367339310255 
0.986783249312 0.074321761354 0.0495478409027 0.0439616355059 
0.982363903564 0.0747460124002 0.0498306749335 0.0407996768548 
0.955522627572 0.0843228013465 0.0562152008977 0.054339987592 
0.951735868403 0.0844682665598 0.0563121777065 0.0447519369405 
0.931111487536 0.0934200819901 0.06228005466 0.0564009503543 
0.934620891047 0.0922627174585 0.0615084783057 0.0522530573448 
0.897683842595 0.1093917064 0.072927804267 0.0683099992058 
0.895046874313 0.11228604224 0.0748573614931 0.073707564865 
0.881571142904 0.124800400728 0.0832002671519 0.09132291796 
0.917725326155 0.26361299104 0.175741994027 0.077821262565 
0.902366149839 0.274864342347 0.183242894898 0.0980813570529 
0.899274088706 0.278727037403 0.185818024935 0.107853674304 
0.890394372741 0.285435646206 0.190290430804 0.113093998713 
0.876110851165 0.295478391774 0.196985594516 0.119596641451 
0.877166725562 0.296736806749 0.197824537833 0.124201925399 
0.86401596164 0.310110747587 0.206740498391 0.134571408234 
0.855354250571 0.321263864923 0.214175909949 0.140865831656 
0.855025706808 0.32173436077 0.214489573847 0.138202623339 
0.853591161374 0.325031367974 0.216687578649 0.143914880548 
0.838446380774 0.341512591368 0.227675060912 0.158149455248 
0.831440138236 0.354483213188 0.236322142125 0.169747612927 
0.819780344119 0.368669903244 0.245779935496 0.179852806531 
0.794381449716 0.395230017276 0.263486678184 0.198555334358 
0.773752417826 0.421490241611 0.280993494408 0.215236531654 
0.747352108212 0.447037244109 0.298024829406 0.222483917589 
0.742659781239 0.454034802227 0.302689868151 0.223452704752 
0.742659781239 0.454034802227 0.302689868151 0.223452704752 
0.734051460876 0.457663386008 0.305108924005 0.215684411188 
0.691613104163 0.489942486969 0.326628324646 0.212970008468 
0.640412233789 0.520690949565 0.34712729971 0.19874215845 
0.501356052179 0.461077140152 0.307384760102 0.265611099047 
0.446652891606 0.499809585052 0.333206390035 0.277623618514 
0.39648381157 0.533631265781 0.355754177187 0.287108727226 
0.304715623424 0.442812507171 0.295208338114 0.507097456377 
0.297211312128 0.444612617767 0.296408411845 0.507869545466 
0.25733635913 0.475358346471 0.316905564314 0.515849635605 
0.203216489044 0.522393656557 0.348262437705 0.523598775598 
0.168883911531 0.543463676917 0.362309117945 0.523598775598 
0.139429278231 0.562668754055 0.375112502704 0.523598775598 
0.10929695368 0.589147655854 0.392765103903 0.523598775598 
0.0882743599838 0.590337229747 0.393558153165 0.520260111431 
0.0567706971279 0.60891446592 0.40594297728 0.516902961292 
0.0352777697465 0.619304870547 0.412869913698 0.512118804505 
0.0349764962667 0.621267423735 0.41417828249 0.358415354235 
0.00488209520591 0.598769427318 0.399179618212 0.346301106397 
0.00670122963141 0.594908538249 0.396605692166 0.23170320513 
5.7598341312e-19 0.58876591117 0.392510607447 0.155587303023 
3.19054860445e-22 0.528215173942 0.352143449295 0.138060084245 
0.00754855666297 0.545509986192 0.363673324128 -0.228321816149 
0.0246164139069 0.541110438874 0.360740292583 -0.523598775598 
0.0359210918944 0.53997255367 0.359981702447 -0.523598775598 
0.0434189323457 0.535132707358 0.356755138239 -0.523598775598 
0.0547240868177 0.521780678799 0.347853785866 -0.523598775598 
0.0571693909172 0.518331667817 0.345554445211 -0.523598775598 
0.0531521820443 0.520101555183 0.346734370122 -0.523598775598 
0.0516924040157 0.522286460872 0.348190973915 -0.523598775598 
0.045000706596 0.531057888787 0.354038592525 -0.523598775598 
0.0414843325169 0.536404183373 0.357602788915 -0.523598775598 
0.0466237280977 0.525320057093 0.350213371395 -0.523598775598 
0.048105125331 0.512980046137 0.341986697425 -0.523598775598 
0.0294670474237 0.532421895519 0.354947930346 -0.521631476991 
0.0117799232519 0.545015544651 0.363343696434 -0.519202215146 
0.00746779309829 0.542667953687 0.361778635791 -0.519006159659 
3.78899674334e-18 0.54735414734 0.364902764893 -0.51767595701 
6.34037499732e-21 0.539595161022 0.359730107348 -0.516731721957 
4.13012331651e-21 0.528331412739 0.352220941826 -0.515190713464 
5.56779706768e-21 0.501827823043 0.334551882029 -0.513020119576 
4.84166744502e-21 0.456694784156 0.304463189437 -0.297539094894 
2.20792153625e-22 0.400560775483 0.267040516989 -0.302129248279 
2.20792153625e-22 0.400560775483 0.267040516989 -0.302129248279 
-1.47764346428e-21 0.354252580224 0.236168386816 -0.319493500714 
4.80691974319e-22 0.310233040361 0.206822026907 -0.333215070346 
0.0163147752368 0.243019920082 0.162013280055 -0.347132846366 
0.0180784663707 0.20612885007 0.13741923338 -0.347114858795 
0.0180784663707 0.20612885007 0.13741923338 -0.347114858795 
0.028785336421 0.152177503339 0.101451668893 -0.363405670236 
0.0495480882624 0.110457526436 0.0736383509576 -0.34442604777 
0.0696919319644 0.107315775205 0.0715438501369 -0.34244229285 
0.0696919319644 0.107315775205 0.0715438501369 -0.34244229285 
0.0928679255601 0.10423317799 0.0694887853266 -0.33502562753 
0.118956203284 0.0722500826562 0.0481667217708 -0.290601709749 
0.129810531786 0.0753442751733 0.0502295167822 -0.285795766287 
0.131250075466 0.112530605456 0.0750204036371 -0.2520839424 
0.14631048824 0.113483233281 0.0756554888538 -0.249327529896 
0.161876816656 0.114171228037 0.0761141520246 -0.244522877927 
0.176252191308 0.125114422567 0.0834096150446 -0.206191603867 
0.180851807468 0.125638472523 0.083758981682 -0.204606838581 
0.187945487679 0.124005658813 0.0826704392086 -0.203364845285 
0.187945487679 0.124005658813 0.0826704392086 -0.203364845285 
0.203115674747 0.122176628735 0.0814510858232 -0.199775374266 
0.203115674747 0.122176628735 0.0814510858232 -0.199775374266 
0.203115674747 0.122176628735 0.0814510858232 -0.199775374266 
0.197804794808 0.123255438362 0.0821702922416 -0.195641959612 
0.197804794808 0.123255438362 0.0821702922416 -0.195641959612 
0.197804794808 0.123255438362 0.0821702922416 -0.195641959612 
0.189096154744 0.125596227136 0.0837308180906 -0.194500836736 
0.194939673192 0.126534289108 0.0843561927384 -0.192349445128 
0.194939673192 0.126534289108 0.0843561927384 -0.192349445128 
0.189430176577 0.130481565626 0.0869877104171 -0.189496038103 
0.201985398215 0.128056439761 0.0853709598404 -0.188116531964 
0.196463969051 0.129944108089 0.0866294053926 -0.186530049826 
0.192743533868 0.153527894271 0.102351929514 -0.17142810716 
0.188483832963 0.155026804198 0.103351202799 -0.171055594772 
0.194580814747 0.154385582354 0.102923721569 -0.170281952916 
0.204038766288 0.151012149526 0.100674766351 -0.16988557914 
0.212520057567 0.147671394127 0.0984475960846 -0.168732154448 
0.216450230144 0.144580408177 0.0963869387843 -0.166702004487 
0.259874939523 0.101616108074 0.0677440720491 -0.126544386742 
0.308345644166 0.0593579818074 0.0395719878716 -0.100411146335 
0.389891924714 0.00237249209561 0.00158166139707 -0.0561480663987 
0.500138875064 0.0516384538821 0.0344256359214 0.348146315261 
0.573551445942 5.34516511171e-18 3.56344340781e-18 0.220883924552 
0.640698456665 3.19799354135e-22 2.13199569424e-22 0.132041016873 
0.757731963288 -2.73603657751e-22 -1.82402438501e-22 0.0954473989889 
0.856901888338 4.28559004578e-07 2.85706003052e-07 0.0832731047821 
0.959527801657 4.40602922415e-08 2.9373528161e-08 0.0748020784603 
1.07454305112 1.39568100487e-22 9.30454003249e-23 0.0634068762425 
1.14986796385 3.06013517532e-22 2.04009011688e-22 0.0522354922654 
1.21978973757 3.20980868575e-22 2.13987245716e-22 0.0426621389289 
1.27319395078 1.15128246074e-21 7.67521640496e-22 0.0279203099701 
1.31396911956 -7.00785541328e-22 -4.67190360885e-22 0.0223177617936 
1.34878767409 -3.64008343952e-22 -2.42672229302e-22 0.0235905093741 
1.37082856638 5.84401792696e-22 3.8960119513e-22 0.0307137024577 
1.42950774813 -1.09629659369e-22 -7.30864395794e-23 0.0305893494696 
1.46383325299 1.92391676142e-21 1.28261117428e-21 0.0414304826642 
1.49882204252 4.24015576643e-22 2.82677051096e-22 0.0358507541651 
1.51728317363 1.37188496764e-21 9.14589978429e-22 0.0305857869646 
1.54838724134 -3.76107027214e-22 -2.50738018143e-22 0.018678746916 
1.5451399983 4.72594558069e-22 3.15063038713e-22 0.0261574073866 
1.54937881572 1.8840398999e-21 1.25602659993e-21 0.0198085704686 
1.55550831819 -2.73659434068e-23 -1.82439622712e-23 0.0193631631122 
1.55779921086 -9.78274344508e-22 -6.52182896338e-22 0.0179956015858 
1.55478308621 7.42700714994e-22 4.95133809996e-22 0.0189613047358 
1.56310144283 -4.14191211802e-22 -2.76127474534e-22 0.0137043720822 
1.56711962858 2.29361709917e-21 1.52907806611e-21 0.0160991654033 
1.57079632679 -6.07330901772e-22 -4.04887267848e-22 0.00723401479672 
1.57079632679 1.69244607509e-21 1.12829738339e-21 0.00870081965404 
1.57079632679 3.0232503994e-21 2.01550026627e-21 0.00336118774069 
1.57079632679 -1.18355703385e-21 -7.89038022566e-22 -0.00265679999967 
1.57079632679 1.3997861352e-21 9.33190756801e-22 -0.00232709763527 
1.57079632679 -8.24929009216e-22 -5.4995267281e-22 -0.00147330950983 
1.57079632679 1.10146975084e-21 7.3431316723e-22 -0.0116586449215 
1.57079632679 2.15322919848e-21 1.43548613232e-21 -0.0111173028898 
1.57079632679 -4.08736537785e-22 -2.7249102519e-22 -0.00158771482954 
1.57079632679 3.06974614511e-21 2.04649743007e-21 0.00363657432065 
1.57079632679 9.20365797651e-22 6.13577198434e-22 0.00467343218254 
1.57079632679 9.20365797651e-22 6.13577198434e-22 0.00467343218254 
1.57079632679 -9.4373737589e-22 -6.29158250593e-22 0.015002545862 
1.57079632679 1.39377820824e-21 9.29185472159e-22 0.00843820307916 
1.57079632679 2.92514316779e-21 1.95009544519e-21 0.00924036274131 
1.57079632679 1.45286507671e-21 9.68576717807e-22 0.00519265111832 
1.57079632679 1.32573792214e-21 8.83825281428e-22 0.0100500039443 
1.57079632679 -5.02815899596e-22 -3.3521059973e-22 0.0114155857434 
1.57079632679 -1.27767724133e-21 -8.51784827553e-22 0.0162481165369 
1.5704841484 3.09608257325e-23 2.06405504884e-23 0.0159118032781 
1.55087255449 4.93433994578e-22 3.28955996385e-22 0.0176848861731 
1.4898548506 8.9875150056e-22 5.9916766704e-22 0.03052711511 
1.45098051619 1.01760264777e-21 6.7840176518e-22 0.0299355201943 
1.38318723985 3.72413044078e-22 2.48275362719e-22 0.0360760730756 
1.32839655097 2.77898205204e-22 1.85265470136e-22 0.0466818886457 
1.28617219827 -6.32224382111e-22 -4.21482921407e-22 0.0473333377684 
1.11359862921 -1.14909947992e-18 -7.66066319944e-19 0.0606002528875 
1.01541793273 0.0248019443776 0.0165346295851 0.0676929813334 
0.950884402598 0.0446379598207 0.0297586398805 0.0695385215067 
0.902466453238 0.0616441820241 0.0410961213494 0.0658142516011 
0.866112999282 0.0800588406161 0.0533725604107 0.076306114206 
0.947292412626 0.369214091962 0.246142727975 0.0450420250218 
0.906998718135 0.395638167747 0.263758778498 0.048712532009 
0.875828826761 0.423107568897 0.282071712598 0.0470069854909 
0.949194897081 0.590096661913 0.393397774609 0.0339923524118 
0.920147483913 0.625796507312 0.417197671541 0.0322319419437 
0.89299832736 0.662711485886 0.441807657258 0.0249494143338 
0.863626061228 0.705020309911 0.47001353994 0.0186815331899 
0.764011384467 0.657334494922 0.438222996614 0.018370016252 
0.589315668244 0.582660764948 0.388440509966 0.0203365827543 
0.444261642527 0.570350866456 0.380233910971 0.0320252270252 
0.350415695545 0.556638652562 0.371092435041 0.0422943183948 
0.264628038877 0.50840514892 0.338936765946 0.0547339338422 
0.207524375573 0.527814499215 0.35187633281 0.0584488159044 
0.181171163202 0.474930673078 0.316620448719 0.0769110853901 
0.108085137017 0.45849563604 0.30566375736 0.056265887011 
0.0475953598669 0.431135331379 0.287423554253 0.042858064711 
0.0195175848967 0.397158914414 0.264772609609 -0.0213735860016 
0.00485578753547 0.414980155545 0.27665343703 -0.014847877906 
-2.84127923993e-18 0.375164301542 0.250109534361 -0.0117471849264 
0.00269573114445 0.37429671049 0.249531140326 -0.0117735187098 
0.000808687930793 0.352818252526 0.235212168351 -0.0113577390933 
0.000806015394725 0.386855459148 0.257903639432 -0.0193514060452 
0.000806015394725 0.386855459148 0.257903639432 -0.0193514060452 
0.00384835087335 0.353945745239 0.235963830159 -0.0207130167638 
0.0118047096575 0.353144475769 0.235429650513 -0.0208486723888 
0.0161448592247 0.398282936723 0.265521957815 -0.0365220986687 
0.0356374365938 0.347044290614 0.23136286041 -0.051252525009 
0.0592968784272 0.344228550665 0.229485700444 -0.0509339560757 
0.0840033261516 0.304937627177 0.203291751452 -0.0651593523551 
0.108466046984 0.244915250296 0.16327683353 -0.029406903412 
0.128456939213 0.242805302293 0.161870201529 -0.0289190938751 
0.15163888034 0.181239931532 0.120826621021 -0.0134218594537 
0.172941013704 0.178536624336 0.119024416224 -0.0130378615241 
0.20276274813 0.158136610438 0.105424406959 -0.0308343146491 
0.289668301368 0.087152681945 0.0581017879633 -0.0506754188177 
0.305237735448 0.104187660511 0.0694584403405 -0.0422489491593 
0.358353803384 0.110825423257 0.0738836155047 -0.00880992497611 
0.417481512589 0.138578152591 0.0923854350605 0.0535946307542 
0.527397502474 0.146228586368 0.0974857242456 0.0277318456317 
0.623079036333 0.121205921492 0.0808039476615 0.0203111266826 
0.784048484571 0.178276619875 0.118851079917 0.00685950111614 
0.863385608868 0.151164641433 0.100776427622 0.0130914790273 
0.940532392451 0.123852031646 0.0825680210972 0.0125194190455 
1.04023581457 0.0886096788572 0.0590731192382 0.0145207982884 
1.0979983623 0.0679302904877 0.0452868603251 0.0105942124563 
1.1505029813 0.0499554312718 0.0333036208478 0.00452962879407 
1.17981843927 0.040125800341 0.0267505335606 0.00333836239678 
1.22307829032 0.0256302643702 0.0170868429135 -0.00440065421902 
1.24989426883 0.0166717350018 0.0111144900012 -0.00351400054337 
1.31277495707 0.0836290265264 0.0557526843509 -0.0030722075022 
1.30987494214 0.0360398836535 0.0240265891023 -0.00422448983852 
1.3408295955 0.0828822574411 0.0552548382941 -0.00894657131042 
1.35195071599 0.089691283349 0.0597941888993 -0.0109180066905 
1.35518218586 0.0885676250771 0.0590450833848 -0.0110650030158 
1.36682305728 0.0959642936818 0.0639761957878 -0.00631590580017 
1.37756615056 0.104860551231 0.0699070341542 -0.00818011499512 
1.411358232 0.159301857009 0.106201238006 -0.0112157590762 
1.40617635074 0.136001147552 0.0906674317012 -0.0130556921502 
1.40698192702 0.135533870026 0.0903559133508 -0.0114624171084 
1.41125268332 0.146549062229 0.0976993748193 -0.00907208697891 
1.40031106077 0.12323820526 0.0821588035066 -0.00711955488207 
1.42561660556 0.175757873948 0.117171915965 -0.00996220141639 
1.40763767061 0.152621403525 0.10174760235 -0.00840823303951 
1.44128766752 0.216966742818 0.144644495212 -0.00623883270371 
1.42633649234 0.18634870153 0.124232467687 -0.00728577958239 
1.41986029147 0.175681622271 0.117121081514 -0.00977026104027 
1.43935236276 0.206375921154 0.137583947436 -0.0109602873553 
1.42182722246 0.182063242712 0.121375495141 -0.00899568803834 
1.41706813552 0.173481737341 0.115654491561 -0.00689666758654 
1.40222998602 0.140806849787 0.0938712331912 -0.00584101660538 
1.43281075013 0.203332799383 0.135555199589 -0.0105505519658 
1.41986200985 0.183542439871 0.122361626581 -0.00597674647944 
1.42755273121 0.202883988294 0.135255992196 -0.00626455741012 
1.4167320267 0.186989329711 0.124659553141 -0.00734084943281 
1.41162473231 0.188752736133 0.125835157422 -0.00753470261781 
1.38446144228 0.178575407136 0.119050271424 -0.0080022875676 
1.34135456805 0.132351981054 0.0882346540363 -0.00931633047122 
1.28523958752 0.0747180702792 0.0498120468528 -0.00382547048399 
1.27098599742 0.0798281483704 0.0532187655803 -0.00221314432634 
1.24575223816 0.0872693180452 0.0581795453635 2.31140616824e-05 
1.23820906998 0.0890678280927 0.0593785520618 0.0016822645613 
1.17655531681 -6.52726028574e-18 -4.35150685716e-18 0.00328737019631 
1.11144856866 0.0158909008711 0.0105939339141 0.0314265763738 
1.05734623811 0.0300438881714 0.020029258781 0.0386542913423 
0.981053312081 0.0542728494858 0.0361818996572 0.0537966914924 
0.928224484971 0.0738778662791 0.0492519108527 0.0658689978749 
0.863826126818 0.102426696895 0.0682844645965 0.0893228262735 
0.955963931171 0.465709113042 0.310472742028 0.0512028918716 
0.944019779831 0.474449961701 0.316299974467 0.0485006226758 
0.913817794854 0.500524343397 0.333682895598 0.0501260869797 
0.881528949732 0.533162519162 0.355441679441 0.0451923208393 
0.91875902361 0.624997653537 0.416665102358 0.0404447359375 
0.885664037852 0.668486080446 0.445657386964 0.0358146190169 
0.66519524208 0.549381799891 0.366254533261 0.0400116412341 
0.497280789702 0.450415890585 0.30027726039 0.0604177008931 
0.349006157072 0.291073602143 0.194049068096 0.130860787818 
0.2649509374 0.329679055403 0.219786036935 0.144335733729 
0.184382430794 0.38023529013 0.25349019342 0.149800042416 
0.111081236736 0.425810859622 0.283873906414 0.143343470623 
0.0838675897172 0.448337255567 0.298891503712 0.138527437272 
0.0555930194915 0.318954088051 0.2126360587 -0.145928145943 
0.0410029977093 0.259564305409 0.173042870272 -0.0940539728527 
0.0320253835386 0.223868408607 0.149245605738 -0.0717936526833 
0.02897354131 0.245576964557 0.163717976372 -0.0830164190927 
0.0317110116483 0.245337330905 0.163558220603 -0.082060472797 
0.0340668250056 0.227645299708 0.151763533139 -0.0699910925767 
0.0348869441406 0.244464562554 0.162976375036 -0.0811264152368 
0.0373498700511 0.249926442174 0.166617628116 -0.079916417833 
0.0438325719418 0.243488539441 0.162325692961 -0.0834132510481 
0.0460280303527 0.264202247089 0.176134831392 -0.0825726095877 
0.0523425860116 0.225681832694 0.15045455513 -0.0661423655761 
0.0612380600819 0.253770121747 0.169180081165 -0.0733243800007 
0.0879384264176 0.322927261859 0.215284841239 -0.0860826296283 
