0.0 0.0 0.0 0.0 
0.123481590243 0.518359555383 0.345573036922 0.00111379254415 
0.120301636563 0.451139275219 0.300759516813 -0.0280837537405 
0.122315974829 0.450098878223 0.300065918816 -0.0281171698392 
0.118280826711 0.468714381564 0.312476254376 -0.0284234040942 
0.11973817205 0.46807683394 0.312051222626 -0.0281623437578 
0.117953015324 0.448256526602 0.298837684401 -0.0316027880116 
0.115239735445 0.424122840859 0.282748560573 -0.0394876565027 
0.123596568771 0.443500081971 0.295666721314 -0.0716065147323 
0.125599076689 0.54772061735 0.365147078234 -0.099638263177 
0.152117951752 0.55324282645 0.368828550967 -0.10583126722 
0.181562209837 0.583963868114 0.389309245409 -0.0835294988308 
0.212426175219 0.622439047941 0.414959365294 -0.0580071096231 
0.218866956827 0.628074693007 0.418716462004 -0.049943039381 
0.215328177189 0.617264982016 0.411509988011 -0.0489409228887 
0.210828902238 0.608512311395 0.405674874263 -0.0518401922728 
0.206273343065 0.610379006313 0.406919337542 -0.0518936232386 
0.197657852303 0.58588731367 0.390591542446 -0.0599439088074 
0.195960311603 0.55156537009 0.367710246727 -0.0689450040604 
0.193375902946 0.572800988471 0.381867325647 -0.0537770904403 
0.19034368695 0.570153410754 0.380102273836 -0.0568841917048 
0.182762881729 0.532269896044 0.354846597362 -0.078787528692 
0.184909954143 0.475417416518 0.316944944345 -0.0977254299261 
0.181337686684 0.462425972854 0.308283981903 -0.0904410132665 
0.180088750921 0.502022245821 0.334681497214 -0.0419777524298 
0.177729154479 0.52014226024 0.346761506827 -0.0298832947457 
0.179632943419 0.512589320676 0.341726213784 -0.0369272483033 
0.176736233907 0.484232393825 0.322821595883 -0.0468404388438 
0.172106327067 0.475029680042 0.316686453361 -0.0604164733756 
0.168152942296 0.479556231069 0.319704154046 -0.0461728988831 
0.167976550699 0.475372585717 0.316915057145 -0.0558547157186 
0.16996049765 0.487155223892 0.324770149262 -0.0567323981314 
0.174324290949 0.4835364869 0.322357657933 -0.0488540300746 
0.175490744774 0.46627234658 0.310848231053 -0.063019691339 
0.183954420777 0.419934767124 0.279956511416 -0.0910071578628 
0.190369176065 0.38838702653 0.258924684353 -0.143217275621 
0.203693639142 0.444805374255 0.29653691617 -0.0487501434295 
0.240037506089 0.421000415458 0.280666943639 -0.0525477149887 
0.272471291744 0.481530596442 0.321020397628 -0.0319249994911 
0.303764193835 0.409405862329 0.272937241553 -0.045804326383 
0.334748935275 0.378164241775 0.252109494516 -0.0520619841529 
0.366806689534 0.393888302721 0.262592201814 -0.0420132290804 
0.418194501586 0.416931571495 0.277954380997 -0.0283988706153 
0.438518835434 0.409083642442 0.272722428295 -0.0248132220486 
0.505347361615 0.344252644757 0.229501763171 -0.0241739948699 
0.64882900365 0.399084940249 0.266056626832 -0.0143701410208 
0.747037525894 0.351275776531 0.23418385102 -0.0129334346508 
0.85305198311 0.303698353758 0.202465569172 -0.0021350368428 
0.931275627781 0.268636489689 0.179090993126 0.00105033985292 
0.984960954946 -7.21240743749e-19 -4.80827162499e-19 0.00848157414142 
1.03445839107 1.60942984438e-22 1.07295322958e-22 0.0140066157553 
1.09028165086 3.52287656767e-23 2.34858437845e-23 0.0129904392917 
1.15581996462 -2.69090081063e-22 -1.79393387375e-22 0.0119079220377 
1.21040329446 6.3225962933e-22 4.21506419554e-22 0.0062026944509 
1.28236262154 -2.38120332158e-22 -1.58746888106e-22 0.00295770020327 
1.32806625325 -2.1478125006e-22 -1.4318750004e-22 0.00623206761102 
1.38307690126 -1.1569318383e-22 -7.71287892203e-23 0.0102186311705 
1.4133144085 4.65917762479e-22 3.10611841653e-22 0.00967516138056 
1.44245633281 4.20630061592e-22 2.80420041061e-22 0.00898678243372 
1.47849176548 8.04527011428e-22 5.36351340952e-22 0.00133069107815 
1.49147764491 1.27294449902e-21 8.48629666015e-22 0.00236025627053 
1.50518514223 4.1402267332e-22 2.76015115547e-22 -0.00023834155265 
1.50333686055 1.81188390252e-21 1.20792260168e-21 -0.00222176925614 
1.51002422472 1.59907074042e-21 1.06604716028e-21 -0.00420819330127 
1.49970220819 1.04240499538e-21 6.94936663586e-22 -0.00237301583994 
1.49926954867 -3.78484474816e-22 -2.52322983211e-22 0.000916389649377 
1.49881881171 1.94397967847e-23 1.29598645231e-23 0.00127897319081 
1.49863333273 8.08001262368e-22 5.38667508245e-22 0.000358612311853 
1.49804581991 -1.17643071963e-21 -7.84287146422e-22 0.0036061914021 
1.49445199125 2.233972888e-21 1.48931525867e-21 0.00422912595026 
1.49878114257 -2.62095785456e-22 -1.74730523638e-22 0.00247249505696 
1.49478493287 -1.18275154551e-21 -7.88501030337e-22 0.00275775991201 
1.4949965742 -3.68535196056e-22 -2.45690130704e-22 0.00466680445142 
1.49586166037 1.42588447896e-21 9.50589652639e-22 -0.000649802063121 
1.49374393126 -7.0018324267e-22 -4.66788828447e-22 0.00230550389922 
1.48819495485 1.05201752067e-21 7.01345013781e-22 -0.000573231289151 
1.46311247308 1.37869026665e-22 9.19126844432e-23 0.00506461682049 
1.39376453749 3.09543732822e-20 2.06362488548e-20 0.00801824607237 
1.30954033462 -4.02246821924e-18 -2.68164547949e-18 0.00578479581479 
1.18527411658 -1.47322181095e-17 -9.8214787397e-18 0.00441159937239 
1.03245466727 0.0508056785897 0.0338704523931 -0.00666184155275 
1.08101285986 0.492885854222 0.328590569482 -0.00626065054732 
0.594887025669 0.0941191513119 0.0627461008746 -0.0705582004176 
0.437411347578 0.0613469844586 0.0408979896391 -0.321355439102 
0.317198211593 0.192453529234 0.128302352823 -0.38065165662 
0.122854192613 1.22031265413e-17 8.13541769422e-18 0.0328137021658 
0.0800713366375 0.0595690953633 0.0397127302422 0.0224467860687 
0.0512138080211 0.0644711633906 0.0429807755937 0.0126003757285 
0.0455994628938 0.0592698881367 0.0395132587578 0.011237550668 
0.0270075865068 0.0539423413678 0.0359615609119 0.00498676469383 
0.00271892660161 0.0419148893417 0.0279432595611 0.00455735689434 
-5.15888084454e-18 0.0234064615435 0.0156043076957 0.0108438267072 
-1.28445335669e-20 -2.48164544303e-18 -1.65443029536e-18 0.0114106248121 
-1.28445335669e-20 -2.48164544303e-18 -1.65443029536e-18 0.0114106248121 
-1.18220931117e-22 -7.66183394087e-23 -5.10788929391e-23 0.0087348952115 
5.97658186547e-21 1.75765435596e-22 1.17176957064e-22 0.00620731861377 
4.34862280317e-21 -9.13214076654e-22 -6.08809384436e-22 0.00314890351998 
3.35275646698e-21 2.08462042907e-22 1.38974695272e-22 -1.98313397981e-05 
0.00649107699196 6.13776667814e-22 4.09184445209e-22 0.00348161747643 
1.17400042541e-20 1.05759352045e-20 7.05062346967e-21 -4.07957240675e-09 
0.00968826295937 2.50256268313e-21 1.66837512208e-21 0.00641730171451 
0.00829818935964 0.0309578974518 0.0206385983012 0.00161290693422 
0.0161967251046 -1.30107114582e-18 -8.67380763877e-19 0.00681407342397 
0.0173757731263 0.0256150470655 0.0170766980437 0.00556580016825 
0.0239977709291 0.00972977312849 0.00648651541899 0.0053789041378 
0.0327676193225 0.0 0.0 0.00663081872544 
0.0435562249587 0.0216832766573 0.0144555177715 0.00349912131709 
0.0486848697666 0.0240185730961 0.0160123820641 0.00285739785662 
0.0575111598808 3.08319128995e-18 2.05546085997e-18 0.00963060763656 
0.0607198069944 8.89702393789e-23 5.93134929193e-23 0.0107827723336 
0.0789174607458 0.0419399954691 0.0279599969794 0.00156598549886 
0.0915477440091 0.0557702333264 0.0371801555509 0.00416380056907 
0.112275316254 0.0860864604477 0.0573909736318 -0.00415518306704 
0.121714524152 0.0816978600781 0.0544652400521 -0.00024106522302 
0.133787157526 0.103416058705 0.0689440391368 -0.00539799705461 
0.154724582342 0.0487369669185 0.032491311279 -0.00117676224683 
0.178770620288 0.113374286898 0.0755828579318 -0.0145401540989 
0.201991466007 0.068528398456 0.0456855989706 -0.00892738355392 
0.237695557214 0.0632820118568 0.0421880079045 -0.0187379211076 
0.263823113106 0.052680855093 0.035120570062 -0.027747216919 
0.307131436544 3.97968375216e-18 2.65312250144e-18 -0.0170625980701 
0.33424858516 6.38973856301e-23 4.25982570867e-23 -0.0292694280346 
0.38830924358 0.0410483181129 0.0273655454086 -0.137207314877 
0.398635388912 0.0379953885763 0.0253302590508 -0.135547028136 
0.442423451516 -2.48982216252e-18 -1.65988144168e-18 -0.245801567808 
0.429387065966 -6.03329838278e-24 -4.02219892186e-24 -0.160124998142 
0.472830510938 5.46071539864e-21 3.64047693243e-21 -0.153012515064 
0.478098310169 1.77021751009e-21 1.18014500673e-21 -0.151971737474 
0.510533714217 8.56000938369e-22 5.70667292246e-22 -0.146308960107 
0.527608876889 1.22188010261e-21 8.14586735076e-22 -0.115015533462 
0.559766475332 1.40731376753e-21 9.38209178351e-22 -0.111681318637 
0.577138419027 -1.48109316067e-21 -9.87395440449e-22 -0.0770610683742 
0.602305979801 1.35802707103e-21 9.05351380685e-22 -0.0569852912663 
0.625535974791 1.59077413786e-22 1.06051609191e-22 -0.0538202716914 
0.648653623448 -2.69510193868e-22 -1.79673462579e-22 -0.0313068605136 
0.659038116891 4.05408930328e-22 2.70272620219e-22 -0.0302606536157 
0.696947700499 9.24403872727e-23 6.16269248485e-23 -0.0373824256157 
0.740407669586 1.45573560998e-22 9.7049040665e-23 -0.0312523331835 
0.772496539452 -1.85582842586e-22 -1.23721895057e-22 -0.0173406298657 
0.816617935687 1.11595271216e-22 7.43968474771e-23 -0.0167333532841 
0.835887171473 8.43064759599e-23 5.62043173066e-23 -0.00735340642967 
0.865466781717 9.53945058235e-23 6.35963372157e-23 -0.00969697209786 
0.889716166115 -1.2442629016e-22 -8.29508601065e-23 -0.0081278699218 
0.887519344313 0.000163424935431 0.000108949956954 0.000688562683111 
0.91767347199 1.38291862001e-22 9.21945746671e-23 0.0014388111479 
0.956701328525 2.1544804361e-07 1.43632029073e-07 -0.00380041275266 
0.975604460462 3.8924471739e-07 2.5949647826e-07 -0.00358788197191 
0.991482206985 0.000125245717018 8.34971446787e-05 0.00159903290318 
1.17017664067 0.354472295538 0.236314863692 0.0025538694723 
1.17233071988 0.352263549494 0.234842366329 0.00875479449987 
1.21105189096 0.358799897726 0.239199931817 0.00564455356351 
1.18580020494 0.287227277181 0.191484851454 0.00275301151238 
1.21304665551 0.273551997818 0.182367998545 0.000265827292561 
1.20277111552 0.217590629024 0.145060419349 0.00139849455164 
1.22837378035 0.183794847109 0.122529898072 0.00117301889779 
1.24022095253 0.178665940391 0.119110626928 0.00519542277141 
1.21187572783 0.0819389810893 0.0546259873929 0.00789902609531 
1.2245425869 0.0774036947169 0.0516024631446 0.00775328164605 
1.24152392419 0.0730430461275 0.048695364085 0.00308571339519 
1.23988520054 0.0161667296411 0.0107778197607 0.000818432538189 
1.29402428175 6.59803624466e-20 4.39869082977e-20 0.00101618257454 
1.30600962596 5.92476196454e-22 3.94984130969e-22 0.000722229955599 
1.33233575691 -3.42221326059e-22 -2.28147550706e-22 -0.0034883835495 
1.34376587781 -2.89252062447e-23 -1.92834708298e-23 -0.00505602609406 
1.34805497689 6.61692949295e-22 4.41128632864e-22 0.000752665672839 
1.38399519697 4.2232673696e-22 2.81551157974e-22 -0.00547067361835 
1.39354470631 7.36350058623e-22 4.90900039082e-22 -0.000552252679254 
1.4064796887 6.25692663165e-23 4.1712844211e-23 -0.00192950733245 
1.41558412267 -2.11897138951e-22 -1.412647593e-22 -0.00182868380608 
1.45628504962 -6.81668979289e-23 -4.54445986193e-23 -0.00719220303802 
1.47016136943 3.88447169169e-22 2.58964779446e-22 -0.00844914057696 
1.46070628879 -2.0231498436e-22 -1.3487665624e-22 -0.00431967596591 
1.46747320228 6.61144181651e-24 4.40762787767e-24 -0.00351257187699 
1.46887119259 -4.04408064803e-24 -2.69605376535e-24 -0.000222272196936 
1.46844300348 -1.01940811106e-21 -6.79605407373e-22 0.00501900968939 
1.47073141271 1.64992136216e-21 1.09994757477e-21 0.00251993304977 
1.47887494628 -6.32372578226e-22 -4.21581718817e-22 -0.000828235138815 
1.47223504792 3.79015013163e-22 2.52676675442e-22 0.000815828536939 
1.47421033797 3.26224951326e-22 2.17483300884e-22 0.000412724134523 
1.47574848582 5.43202832968e-22 3.62135221979e-22 -0.000220919870787 
1.47810469527 3.24835335978e-22 2.16556890652e-22 -0.000889647724074 
1.47317866564 1.31662363557e-22 8.77749090378e-23 0.00129559122064 
1.47469856186 -7.99692562196e-22 -5.33128374797e-22 -0.00454723236434 
1.47343481014 1.50976684662e-22 1.00651123108e-22 -0.00215006138913 
1.4642120089 1.33396133565e-22 8.89307557103e-23 -0.00406115779763 
1.46010035819 2.3335268069e-22 1.55568453793e-22 -0.00260556035526 
1.45783901704 1.05681731869e-21 7.04544879125e-22 -0.00235241713954 
1.43572684746 -3.44725218362e-19 -2.29816812241e-19 0.00597238506374 
1.42595761124 7.91846975927e-21 5.27897983951e-21 0.00644141388651 
1.39490798224 -1.51788304148e-18 -1.01192202765e-18 0.0130885404277 
1.3999183986 1.51906631513e-22 1.01271087676e-22 0.0049210779729 
1.39690428935 -3.48821633008e-19 -2.32547755339e-19 -0.0013419439019 
1.37231132359 -2.57584346226e-18 -1.71722897484e-18 0.00664017557461 
1.37290118577 -1.89253772681e-22 -1.26169181787e-22 0.000754012461939 
1.37350065202 6.1094680466e-22 4.07297869773e-22 -0.00507315986942 
1.35550479471 -1.01282436371e-18 -6.75216242477e-19 -0.000158960141257 
1.33760876737 -2.421855649e-21 -1.61457043267e-21 0.0023691313779 
1.32335904354 9.80321796362e-22 6.53547864242e-22 0.000955593832597 
1.30780253275 4.66550057155e-19 3.11033371437e-19 0.00692933909753 
1.27960596122 7.01095872359e-19 4.6739724824e-19 0.00956906030659 
1.28443625036 -4.62134517435e-23 -3.0808967829e-23 0.00316548550349 
1.27782604833 3.75091825357e-19 2.50061216905e-19 0.00451796626894 
1.26514610304 0.00373172630133 0.00248781753422 0.00232591781491 
1.27166933911 0.0366346834565 0.0244231223044 -0.00168052523531 
1.23776621299 0.0461459380055 0.0307639586703 0.00436468650556 
1.23247350653 0.0478250931542 0.0318833954362 0.00339883900823 
1.21146179996 0.0535855857503 0.0357237238335 0.00319987096955 
1.20144134151 0.0566659804961 0.0377773203307 0.00198047915631 
1.18767430947 0.0142386367504 0.00949242450028 0.001146427048 
1.13122729084 0.0327049357853 0.0218032905235 0.00267697076312 
1.09627952299 0.043858817587 0.0292392117247 0.00888507042608 
1.06922304694 0.0534024571257 0.0356016380838 0.0137390731916 
1.05731466504 0.0580604769448 0.0387069846298 0.00589971013935 
1.02672913005 0.0692491296357 0.0461660864238 0.00976162350842 
1.02046403454 0.0721520471823 0.0481013647882 0.0063706371177 
1.00949676817 0.0762197953319 0.050813196888 0.00295840808015 
0.994680080464 0.0818567529852 0.0545711686568 -0.00532113802413 
0.983340153824 0.0861668403413 0.0574445602275 -0.00934395488248 
0.966632070862 0.0924838446456 0.0616558964304 -0.00490990474991 
0.957663598823 0.0957375279092 0.0638250186061 -0.0111742109559 
0.926846949016 0.107516646424 0.0716777642826 -0.000641669369798 
0.909439157384 0.11495428607 0.076636190713 0.0011670700584 
1.11462852737 0.49412150925 0.3294143395 0.00547909309066 
1.10294305363 0.504659284679 0.336439523119 0.00419414700381 
1.09127939069 0.517187260342 0.344791506895 0.00483794766081 
1.08665454041 0.5229234855 0.348615657 -0.00150743652689 
1.07060998147 0.539397371107 0.359598247405 -0.000279327289208 
1.05661058696 0.5554041759 0.3702694506 0.00490309252368 
1.04743643352 0.566456274029 0.377637516019 -0.000633631238993 
1.0428266414 0.572691636945 0.38179442463 -0.00182235394113 
1.02852919966 0.590086037222 0.393390691481 -0.00075005185344 
1.01008628016 0.613648077134 0.40909871809 0.00158786716488 
0.995356881237 0.632869677948 0.421913118632 0.00268750975215 
0.974858489831 0.659445470645 0.439630313763 0.00317353419771 
0.968407250589 0.665768742833 0.443845828556 0.00034554294401 
0.953339925862 0.685984799353 0.457323199569 0.00480925796331 
0.55866461932 0.16364405049 0.10909603366 0.0238596423907 
0.52588525231 0.0822605776353 0.0548403850902 0.0404170333283 
0.500264467046 0.0881908968281 0.0587939312187 0.0399830188929 
0.481288014172 0.0954518266283 0.0636345510856 0.0584140383279 
0.445782483372 0.0582118770268 0.0388079180179 0.0443281208351 
0.395365457829 5.29332847012e-16 3.52888564675e-16 -0.251701593944 
0.364981084394 0.00415072661595 0.0027671510773 -0.258902974094 
0.348135678136 0.0252860290128 0.0168573526752 -0.263718545423 
0.300756598533 0.0366788772933 0.0244525848622 -0.179391082134 
0.192244055522 -2.27813412918e-19 -1.51875608612e-19 -0.078304353976 
0.169763553583 1.6225774166e-19 1.08171827773e-19 -0.0680196393494 
0.158700212865 3.95150817134e-22 2.63433878089e-22 -0.068000471698 
0.155391347221 2.02487269672e-21 1.34991513115e-21 -0.0620549564184 
0.155391347221 2.02487269672e-21 1.34991513115e-21 -0.0620549564184 
0.152934565038 0.0188368418363 0.0125578945575 -0.0721275950726 
0.153742785304 0.0187518973794 0.0125012649196 -0.0720204575545 
0.152366430977 0.0731571136504 0.0487714091002 -0.0981126807766 
0.151754776565 0.121449660856 0.0809664405709 -0.121120586808 
0.170311484217 0.213167571213 0.142111714142 -0.251634855833 
0.193855515301 0.217310154597 0.144873436398 -0.337189684143 
0.238467477687 0.193776097667 0.129184065112 -0.476181507064 
0.265212862935 0.168869536687 0.112579691124 -0.523598775598 
0.27221809484 0.156415762048 0.104277174698 -0.523598775598 
0.27453159587 0.151994014373 0.101329342915 -0.523598775598 
0.266184866129 0.15524390321 0.103495935474 -0.523598775598 
0.272838495972 0.148976046524 0.0993173643491 -0.523598775598 
0.245461014528 0.170251798464 0.113501198976 -0.523598775598 
0.263018612446 0.149737168384 0.0998247789225 -0.523598775598 
0.25625177275 0.147419892554 0.0982799283692 -0.523598775598 
0.252049501332 0.145992906818 0.0973286045456 -0.523598775598 
0.248607282494 0.145150017986 0.0967666786576 -0.523598775598 
0.248607282494 0.145150017986 0.0967666786576 -0.523598775598 
0.241841327007 0.144661233339 0.0964408222258 -0.523598775598 
0.209955077053 0.17583116257 0.117220775046 -0.523598775598 
0.198551876057 0.1761161188 0.117410745866 -0.523598775598 
0.198551876057 0.1761161188 0.117410745866 -0.523598775598 
0.174338186074 0.208785119373 0.139190079582 -0.523598775598 
0.15993783357 0.20950084267 0.139667228447 -0.523598775598 
0.137764484891 0.238561251109 0.159040834073 -0.523598775598 
0.137764484891 0.238561251109 0.159040834073 -0.523598775598 
0.112633846436 0.264365503712 0.176243669141 -0.523598775598 
0.0987780408936 0.267672625962 0.178448417308 -0.523598775598 
0.0710377157633 0.302726328911 0.201817552607 -0.523598775598 
0.0693241484651 0.330556702434 0.220371134956 -0.523598775598 
0.0360738097005 0.384807050202 0.256538033468 -0.523598775598 
0.000914523310624 0.439640413832 0.293093609221 -0.523598775598 
1.61006473707e-19 0.475855029347 0.317236686231 -0.523598775598 
4.89178613099e-21 0.58735241991 0.39156827994 -0.523598775598 
4.89178613099e-21 0.58735241991 0.39156827994 -0.523598775598 
-6.78099866305e-22 0.696208918971 0.464139279314 -0.523598775598 
0.525855994088 1.22767184267 0.818447895112 0.128535883957 
0.476952839258 1.26469661443 0.843131076283 0.124751947189 
0.414852494919 1.3034211104 0.868947406933 0.115683828214 
0.336001629853 1.34627181196 0.897514541309 0.0953802300469 
0.226227064092 1.38990810509 0.926605403394 0.0736039653532 
0.0352800200221 1.44557522304 0.96371681536 0.031830376372 
-5.83643313906e-17 1.47193119539 0.981287463596 0.0137133390335 
8.53305599456e-22 1.50113661579 1.00075774386 0.0018589459275 
4.77743179456e-21 1.51538344951 1.01025563301 -0.00969365484236 
-2.04097961425e-21 1.53373950379 1.02249300253 -0.0212352893461 
-1.51070026158e-21 1.55092873062 1.03395248708 -0.0347388307162 
2.47299287384e-21 1.55730348632 1.03820232421 -0.0350416688306 
-1.60005229107e-21 1.60000164761 1.06666776507 -0.0700241569492 
-6.46311558708e-22 1.61306518231 1.07537678821 -0.0706326173995 
-5.26336609273e-20 1.64377623856 1.09585082571 -0.0891490190814 
-3.38756551895e-19 1.66252242308 1.10834828206 -0.0899567088055 
0.0011731635715 1.68695421712 1.12463614474 -0.0913118982793 
0.940805514274 1.60289899378 1.06859932919 -0.110055758293 
0.955945672161 1.60477183277 1.06984788851 -0.141380228031 
0.99759981056 1.60767764045 1.07178509363 -0.218178383168 
1.04942393965 1.6095583298 1.07303888653 -0.289999388781 
1.08650529712 1.61149030116 1.07432686744 -0.326891707734 
1.12062226701 1.61864186102 1.07909457401 -0.334712998071 
1.1462686291 1.62490084296 1.08326722864 -0.341490804506 
1.15289991273 1.62511173552 1.08340782368 -0.344035454173 
1.16642317162 1.62931230734 1.08620820489 -0.349125990425 
1.17480985543 1.63063217063 1.08708811375 -0.351854645306 
1.17689461484 1.63151471678 1.08767647785 -0.352667399113 
1.18233684724 1.63251573133 1.08834382089 -0.354765277728 
1.18560913864 1.634538356 1.08969223733 -0.353619164175 
1.18582693643 1.63532096333 1.09021397555 -0.35375180661 
1.18599378038 1.6360595367 1.0907063578 -0.353894075862 
1.18589251323 1.63583087692 1.09055391795 -0.353757012928 
1.18377700479 1.63642205855 1.09094803903 -0.352958093151 
1.18377700479 1.63642205855 1.09094803903 -0.352958093151 
1.1834979374 1.63548779673 1.09032519782 -0.35270524131 
1.17962276717 1.63446607272 1.08964404848 -0.351325664656 
1.16774042698 1.63484637608 1.08989758405 -0.349040877538 
1.15578223461 1.63596864441 1.09064576294 -0.347133604878 
1.13587054128 1.63491499921 1.08994333281 -0.345189625845 
1.09389643601 1.62719365604 1.08479577069 -0.339991601028 
1.03287688106 1.62872490217 1.08581660145 -0.24532888501 
0.971238973068 1.61481073275 1.0765404885 -0.238906086749 
0.895467608906 1.61212860112 1.07475240075 -0.10268341485 
0.816880624999 1.58215068732 1.05476712488 0.0615255380389 
0.761572637969 1.5464435144 1.03096234293 0.119012219746 
0.707923926038 1.4748825214 0.98325501427 0.17609522143 
-4.22905426855e-15 1.48339207844 0.988928052291 0.0217549580509 
0.107122823953 1.41719340881 0.944795605873 0.055516059 
0.435847778013 1.29465603568 0.863104023789 0.114983833494 
0.565320525421 1.20422734672 0.802818231149 0.132011072047 
0.703193900474 1.08093400606 0.720622670705 0.120785044941 
0.766408811593 1.01356805063 0.675712033753 0.108248723933 
0.829248592152 0.935397696226 0.623598464151 0.0876982682524 
0.847478337831 0.851467262791 0.567644841861 0.0669126178433 
0.945069737112 0.727471435902 0.484980957268 0.0316588803549 
0.971607926797 0.673947739621 0.449298493081 0.0188299598462 
0.994640916207 0.633807933552 0.422538622368 0.00973744646897 
1.00589685012 0.612790860034 0.408527240023 0.00711561798705 
1.01411331877 0.597694321818 0.398462881212 0.0055379410093 
1.0167211126 0.58864944418 0.392432962787 0.00300179694258 
1.01833575413 0.580019630189 0.386679753459 0.0026621621591 
1.01185846034 0.584211716148 0.389474477432 -6.59935285023e-05 
1.00510862634 0.589957026086 0.393304684058 0.000452914869428 
0.993031028572 0.602531968759 0.401687979173 -0.000834843731223 
0.972150122951 0.627408943268 0.418272628846 0.0051311678582 
0.970367563202 0.628151638083 0.418767758722 0.000180420141133 
0.956221645128 0.64658385133 0.431055900887 -0.000143862526591 
0.944303137589 0.662897690907 0.441931793938 0.00119906249516 
0.738618431823 0.493676305523 0.329117537015 -0.0092300020465 
0.670510114751 0.434849208193 0.289899472128 -0.0131169718274 
0.5888121634 0.364497223984 0.242998149322 -0.0162998788534 
0.539078601189 0.287626500074 0.191751000049 -0.0262638745092 
0.44137225736 0.226684143371 0.151122762248 -0.0397513267707 
0.399132923762 0.177617699161 0.11841179944 -0.079221723283 
0.368134902468 0.114117634753 0.0760784231685 -0.221631611923 
0.330558796512 0.146976885922 0.0979845906144 -0.234525607441 
0.307339459953 0.172123057123 0.114748704748 -0.243502821334 
0.242781179958 0.255007301015 0.170004867343 -0.258793275069 
0.229783688364 0.275344962873 0.183563308582 -0.264640367762 
0.225094444131 0.275053764928 0.183369176619 -0.265119370459 
0.225507764604 0.264552424844 0.176368283229 -0.259673113198 
0.219779698566 0.265412016453 0.176941344302 -0.26005566952 
0.230147991086 0.263430359498 0.175620239665 -0.25646255319 
0.225840636795 0.25316931658 0.168779544387 -0.24937964163 
0.223779001271 0.260868233929 0.173912155953 -0.247382017423 
0.223779001271 0.260868233929 0.173912155953 -0.247382017423 
0.221070896053 0.260797477254 0.173864984836 -0.247161359199 
0.223532600318 0.248349574994 0.165566383329 -0.238316562172 
0.219929186688 0.260079987646 0.173386658431 -0.23322934455 
0.203496208355 0.297782370121 0.19852158008 -0.238543837021 
0.208650002969 0.2979834915 0.198655661 -0.337722668283 
0.249432862997 0.249001354985 0.166000903323 -0.523598775598 
0.251569194981 0.245948631239 0.16396575416 -0.523598775598 
0.245282212042 0.24777151083 0.16518100722 -0.523598775598 
0.248910268007 0.237486802393 0.158324534929 -0.523598775598 
0.252028196002 0.229336002624 0.152890668416 -0.523598775598 
0.272893345456 0.201036609626 0.134024406417 -0.523598775598 
0.288494336696 0.177372766618 0.118248511079 -0.523598775598 
0.319105321003 0.118999609949 0.0793330732995 -0.523598775598 
0.348365171527 0.0776237322462 0.0517491548308 -0.523598775598 
0.378346942855 0.0353578147218 0.0235718764812 -0.523598775598 
0.40299071311 1.83423989404e-18 1.22282659603e-18 -0.523598775598 
0.416271972426 -1.3689859986e-22 -9.12657332401e-23 -0.520263980264 
0.484443448265 8.91781572796e-05 5.94521048531e-05 0.523598775598 
0.548143347626 -5.5283634474e-21 -3.6855756316e-21 0.462767209702 
0.609839435036 2.46516480187e-24 1.64344320125e-24 0.348528821809 
0.665066413792 0.0084297864439 0.00561985762926 0.34641141616 
0.956901873744 0.679465988407 0.452977325605 0.0718898647468 
0.960050358334 0.673688766112 0.449125844075 0.0774953107879 
0.960050358334 0.673688766112 0.449125844075 0.0774953107879 
0.96270481223 0.669420685 0.446280456667 0.0836711502025 
0.96819534024 0.661065317241 0.440710211494 0.0876923267846 
0.948384156033 0.700743559437 0.467162372958 0.101456397289 
0.932685398839 0.740510800194 0.493673866796 0.102552266832 
0.901874068934 0.827541309848 0.551694206565 0.113685752583 
0.881696981243 0.901883580826 0.601255720551 0.122740194323 
0.785396290428 1.01794909446 0.67863272964 0.139587820562 
0.713133732222 1.0798705953 0.719913730201 0.142961415632 
0.630016156794 1.1570403321 0.771360221401 0.14540858188 
0.498715845026 1.2536385978 0.835759065198 0.127586626891 
0.376214536111 1.31476743148 0.876511620984 0.102849082173 
0.136782380184 1.38713000344 0.924753335629 0.0566195371061 
3.1589877498e-17 1.43146302491 0.954308683275 0.0254660822092 
-8.54866505962e-22 1.48088135968 0.987254239785 -0.00071624714699 
1.78799782071e-21 1.51684203164 1.0112280211 -0.0184142363023 
2.15129580863e-22 1.54669773746 1.03113182497 -0.0332458325781 
3.15078005607e-21 1.58691749763 1.05794499842 -0.0482151868641 
1.10266431401e-21 1.62104549674 1.08069699782 -0.0597721027491 
-1.66174530693e-19 1.65249921682 1.10166614455 -0.0738178393865 
5.87145214034e-22 1.66615950111 1.11077300074 -0.0814401244313 
1.58965519369e-19 1.68107183867 1.12071455911 -0.093110602954 
0.950068074078 1.58857619634 1.05905079756 -0.126534108972 
1.05243540397 1.60031601902 1.06687734601 -0.319826619695 
1.0647182955 1.6049734693 1.06998231287 -0.324676663261 
1.0732633933 1.60411921449 1.06941280966 -0.343865165483 
1.08206084406 1.6087367344 1.07249115627 -0.346651375837 
1.09239588281 1.61466111586 1.07644074391 -0.350366805305 
1.10480289072 1.61931099774 1.07954066516 -0.354670395111 
1.114952267 1.62287333767 1.08191555845 -0.35722354044 
1.12555140794 1.62775306566 1.08516871044 -0.359054327516 
1.13112489755 1.62991133753 1.08660755835 -0.360523771164 
1.137401035 1.63263236154 1.08842157436 -0.362233859725 
1.13773110007 1.63382002954 1.08921335303 -0.362516141574 
1.13763051527 1.63341181612 1.08894121074 -0.362350033146 
1.12267432628 1.63177988642 1.08785325761 -0.359862928083 
1.09981109678 1.62557735775 1.0837182385 -0.356537538254 
1.04797377551 1.6142964455 1.07619763033 -0.320991624649 
0.992889886737 1.60601387788 1.07067591858 -0.237561615035 
0.879261609862 1.56674687458 1.04449791638 0.052374533012 
0.84399324245 1.52194018833 1.01462679222 0.139452697898 
0.704498897327 1.42984191727 0.953227944846 0.145550752378 
-1.45431997774e-16 1.44625691651 0.96417127767 0.0126857973643 
0.0944655738742 1.40992764462 0.939951763077 0.0373088795974 
0.375066100958 1.32033284198 0.880221894654 0.0944879097181 
0.529939219261 1.22973731938 0.819824879586 0.119277072887 
0.643812758838 1.13461574917 0.756410499444 0.116183209736 
0.762357190003 1.01717672764 0.678117818428 0.0992604435457 
0.823257517498 0.940265562943 0.626843708629 0.0739344791984 
0.871870700055 0.871805966427 0.581203977618 0.0575387185712 
0.88928757403 0.806372303853 0.537581535902 0.0367481937661 
0.908570982287 0.757381938427 0.504921292285 0.0238756646856 
0.921407388902 0.730927389747 0.487284926498 0.0142674721811 
0.925424434951 0.724237659603 0.482825106402 0.0165608577797 
0.936800091912 0.701945898528 0.467963932352 0.00181463021875 
0.944564746741 0.687379791872 0.458253194581 0.00196453710458 
0.934933623194 0.702802857092 0.468535238062 0.00533897168623 
0.934775529349 0.702763054799 0.468508703199 0.00422270636283 
0.780393933736 0.582671708468 0.388447805645 0.000702840291216 
0.739326018752 0.554107293011 0.369404862007 -0.000276182048013 
0.708478263125 0.54336389012 0.362242593413 0.00217007017987 
0.622413167524 0.460796453818 0.307197635878 0.00393246916199 
0.551690692202 0.36045560843 0.240303738954 -7.40458843635e-05 
0.498944576136 0.353202750007 0.235468500005 0.00346938165104 
0.389578244064 0.311646540112 0.207764360075 0.00443830660892 
0.339990896793 0.307156502397 0.204771001598 0.031121073867 
0.280434916853 0.288728193573 0.192485462382 0.0577906955309 
0.252129013771 0.228613924908 0.152409283272 0.0271971486927 
0.246215453832 0.24395639394 0.16263759596 0.0257141063353 
0.23777543389 0.24534771227 0.163565141513 0.0253438109459 
0.271885635753 0.179439437778 0.119626291852 -0.295607212171 
0.27743665374 0.178900559812 0.119267039874 -0.29437784565 
0.267048564522 0.18791583901 0.125277226007 -0.301449993374 
0.282160353234 0.161593657716 0.107729105144 -0.523598775598 
0.131829380373 0.27196582291 0.181310548607 -0.523598775598 
0.0925204977102 0.282451975304 0.188301316869 -0.523598775598 
0.0754007165773 0.221253588128 0.147502392085 -0.523598775598 
0.141888504754 0.0411844409981 0.0274562939987 -0.523598775598 
0.167946381047 -5.4721633491e-18 -3.6481088994e-18 -0.523598775598 
0.191514050958 3.05762194863e-21 2.03841463242e-21 -0.523598775598 
0.271715519773 -3.30509840385e-22 -2.2033989359e-22 -0.523598775598 
0.296907648064 -3.30509840385e-22 -2.2033989359e-22 -0.523598775598 
0.852912863598 0.523340160506 0.348893440338 0.12119326729 
0.924434918982 0.450527669435 0.300351779623 0.072608898973 
0.956572802569 0.425388172426 0.283592114951 0.0487185822532 
0.97189719534 0.41479427919 0.27652951946 0.0387879939782 
0.995391897714 0.398974375289 0.265982916859 0.0465601852874 
1.00507527052 0.392237287665 0.26149152511 0.0527150642319 
1.03874088458 0.366984132895 0.244656088597 0.0647034836544 
1.05518732566 0.350743451116 0.233828967411 0.0985444431722 
1.05353635263 0.350424808587 0.233616539058 0.107685112835 
0.997798172985 0.382177029781 0.25478468652 0.126806009043 
0.961772138731 0.628526557449 0.419017704966 0.136957927789 
0.92130240301 0.695104629685 0.463403086457 0.146623604093 
0.745672228715 0.718771704106 0.479181136071 0.161618822577 
0.450221678898 0.711736531646 0.474491021097 0.202374255721 
0.166133688014 0.439386363796 0.292924242531 0.425532084464 
0.221532924807 0.312677430732 0.208451620488 0.44854139935 
0.35076702679 0.124957217785 0.0833048118566 0.523598775598 
0.522022453807 -2.69564895746e-18 -1.79709930497e-18 0.523598775598 
0.560256975143 0.00795389752171 0.0053025983478 0.523598775598 
0.504838461446 0.264137952705 0.17609196847 0.517279228017 
0.367325814926 1.36753966714 0.911693111426 0.120564870502 
-7.97496426825e-15 1.53167000452 1.02111333635 0.00966112385695 
-2.45794892295e-19 1.6385070294 1.0923380196 -0.0503760473471 
0.868258830074 1.6152273327 1.0768182218 -0.0944647891288 
1.0007648435 1.62511726638 1.08341151092 -0.297436890352 
1.05395339977 1.63808411463 1.09205607642 -0.329819911203 
1.0796686029 1.64882639307 1.09921759538 -0.334399320173 
1.04426123399 1.64223599265 1.0948239951 -0.294976195447 
0.65393546263 1.51806614825 1.01204409883 0.18140148402 
0.221437953167 1.4246178022 0.949745201467 0.134256849721 
0.616113566845 1.18437345727 0.78958230485 0.242797264546 
0.740769681972 1.04461189662 0.69640793108 0.218575337219 
0.847346458617 0.906015923762 0.604010615841 0.173394142889 
0.864140642978 0.821392217803 0.547594811869 0.13726541731 
0.885316331381 0.76083889967 0.507225933113 0.101512441085 
0.887403610241 0.758702014349 0.505801342899 0.0960698895079 
0.893303402662 0.750633041748 0.500422027832 0.0885477350542 
0.889679975194 0.761387204094 0.507591469396 0.0880837165643 
0.879943310153 0.783990480904 0.522660320603 0.0873663947188 
0.817513440378 0.806827058701 0.537884705801 0.0871538895239 
0.712877242656 0.793243677447 0.528829118298 0.0764258835739 
0.60018130975 0.784024932193 0.522683288129 0.0794817048227 
0.518185774345 0.798168836242 0.532112557495 0.0922602064128 
0.50745126378 0.81308984902 0.542059899347 0.0953197850401 
0.416479137696 0.809135647991 0.539423765328 0.125251662709 
0.375014218857 0.842695626853 0.561797084569 0.169404746756 
0.379241853038 0.844238098894 0.562825399263 0.189480465936 
0.41608199166 0.818568114863 0.545712076575 0.238046420122 
0.514095311312 0.805945377881 0.537296918588 0.24819386098 
0.63970567044 0.786509370553 0.524339580369 0.24206834298 
0.746754410203 0.756443458604 0.504295639069 0.23870470935 
0.783716561625 0.700583980372 0.467055986915 0.251524368852 
0.88659653277 0.686964262166 0.457976174777 0.231644816846 
0.924246075356 0.61952418243 0.41301612162 0.219162540588 
0.947407664636 0.585450164112 0.390300109408 0.202164997463 
0.940179157005 0.589640305178 0.393093536785 0.163124403633 
0.927157818386 0.598087900057 0.398725266705 0.111766933711 
0.923493823462 0.598233754396 0.398822502931 0.064956426484 
0.942972625358 0.574656396013 0.383104264009 0.0355994722591 
0.965667736631 0.549966260381 0.366644173587 0.0276963047068 
0.998203795702 0.514401115593 0.342934077062 0.0379642667961 
1.00986504077 0.498459403251 0.332306268834 0.0629099671438 
1.04055697875 0.459990458056 0.306660305371 0.0991033085708 
0.992991571442 0.313747221817 0.209164814545 0.144738845142 
0.996224043814 0.32017648297 0.213450988647 0.178163462416 
1.00014192335 0.323171836727 0.215447891151 0.192171727699 
0.99469327728 0.33067992362 0.220453282414 0.200962048 
0.964702373085 0.36338770563 0.24225847042 0.208855810539 
1.0058766883 0.485926754342 0.323951169562 0.191847267527 
0.985639483119 0.508203623218 0.338802415479 0.199783011703 
0.982248906836 0.514608171849 0.343072114566 0.206581171148 
0.971250428106 0.530301990938 0.353534660625 0.207294957621 
0.957517129627 0.556912273643 0.371274849095 0.215217877486 
0.942913898368 0.588244648189 0.392163098793 0.220087408339 
0.906460455855 0.652642655147 0.435095103431 0.220025648056 
0.876449523306 0.710410170198 0.473606780132 0.211751394315 
0.835323374567 0.795762305913 0.530508203942 0.198336438053 
0.67112720999 0.805918129085 0.537278752723 0.207864866608 
0.503024434196 0.80909211671 0.539394744473 0.221424621576 
0.310196730454 0.808497374842 0.538998249895 0.236916879564 
0.24433571587 0.79836087576 0.53224058384 0.239536041075 
0.214240794614 0.773933250882 0.515955500588 0.1969199932 
0.223832916036 0.747588377697 0.498392251798 0.145851695448 
0.27283193277 0.705921825264 0.470614550176 0.0703224413478 
0.344881267498 0.676214801835 0.45080986789 0.0304155665818 
0.460992740222 0.692920758936 0.461947172624 0.00909766425247 
0.665024294401 0.722037180825 0.48135812055 -0.00153330048296 
0.840052578435 0.768559488108 0.512372992072 0.00806880999532 
0.870227197376 0.709991228163 0.473327485442 0.0133205326958 
0.898822011475 0.666594175402 0.444396116935 0.0227988219259 
0.928877124674 0.631476722066 0.420984481378 0.0441599743379 
0.949800202628 0.611460406749 0.407640271166 0.0654357542376 
0.965566120532 0.596277699676 0.39751846645 0.0841688001549 
0.981182815845 0.580172299881 0.386781533254 0.112554000442 
0.981817096499 0.580578590464 0.387052393643 0.122530743195 
0.995352096305 0.567469420245 0.37831294683 0.15366272556 
1.01776723533 0.538581481049 0.359054320699 0.171845820241 
1.02412267668 0.521857748432 0.347905165621 0.180005336533 
1.0197306927 0.527977707382 0.351985138255 0.194430866644 
1.00196472709 0.543345896668 0.362230597779 0.196951915209 
0.982404130601 0.564640075347 0.376426716898 0.200601753148 
0.96080208553 0.595126075596 0.396750717064 0.207091717603 
0.95336929363 0.610654943697 0.407103295798 0.210210257961 
0.93436270853 0.642228361954 0.428152241303 0.210563173124 
0.89447146265 0.714541256797 0.476360837865 0.211031769863 
0.866601505192 0.771903142017 0.514602094678 0.200238037182 
0.711816212487 0.826182243097 0.550788162065 0.194683317976 
0.551173515197 0.827494657637 0.551663105091 0.193687100036 
0.344283756462 0.79679369655 0.5311957977 0.168830064176 
0.331917264616 0.780565714581 0.520377143054 0.133659280913 
0.353409039577 0.729130663932 0.486087109288 0.0896911325211 
0.389995494504 0.731182932755 0.487455288504 0.0604418223058 
0.405210294949 0.70235841139 0.468238940927 0.0249177899795 
0.371306717419 0.737956012248 0.491970674832 0.0375631783008 
0.341796903403 0.772163355413 0.514775570276 0.0510712963869 
0.286093331725 0.767902176918 0.511934784612 0.0821499343654 
0.262934447349 0.815743039084 0.543828692723 0.138199963892 
0.264575858289 0.837899636153 0.558599757435 0.172924143601 
0.296773905263 0.831128666045 0.554085777363 0.214520015716 
0.346109698916 0.815523252709 0.543682168472 0.250461888974 
0.480062747929 0.804357686202 0.536238457468 0.251080885511 
0.578814959495 0.787464890122 0.524976593415 0.248874405877 
0.6924193212 0.771863989688 0.514575993125 0.245561776642 
0.809577656584 0.735722382569 0.49048158838 0.23726226594 
0.834249981723 0.69434194129 0.462894627527 0.241558441968 
0.898610251843 0.586773734335 0.391182489557 0.213089447641 
0.924154750265 0.558482450493 0.372321633662 0.185090150531 
0.924209945134 0.551828132818 0.367885421879 0.15651743004 
0.915561911864 0.557255805072 0.371503870048 0.114696988601 
0.913635011525 0.553214083459 0.368809388973 0.0564921485246 
0.924304834396 0.537828424778 0.358552283185 -0.00321059507835 
0.940292697902 0.523547296884 0.349031531256 -0.0050796123239 
0.962611618528 0.504031011658 0.336020674439 -0.00207341696279 
0.977764743181 0.491752183511 0.327834789007 0.00505820036695 
0.98828734886 0.482602132412 0.321734754941 0.00916656741657 
0.985559063081 0.484559239421 0.323039492947 0.0214041740841 
0.982422843822 0.487413835021 0.324942556681 0.0332945727764 
0.982422843822 0.487413835021 0.324942556681 0.0332945727764 
0.968117376502 0.504416488581 0.336277659054 0.040365118133 
0.975206294376 0.642565299136 0.428376866091 0.0475179602474 
0.937996145621 0.705204217618 0.470136145078 0.0495350287675 
0.907184059608 0.779853222052 0.519902148034 0.0501343588957 
0.866824742386 0.907841610167 0.605227740111 0.0673162387772 
0.848998519107 0.960718216732 0.640478811155 0.070002635795 
0.760071714499 1.02934276086 0.686228507237 0.0672767803338 
0.70209259198 1.09125902859 0.727506019057 0.076686721702 
0.615204786161 1.17427560815 0.782850405433 0.0738375256423 
0.519984403024 1.2590598701 0.839373246733 0.0695970270171 
0.390894438929 1.35491712059 0.903278080393 0.042224153385 
0.0234994913389 1.51012186187 1.00674790791 -0.0377249362489 
1.67900016303e-17 1.58294599034 1.05529732689 -0.0566287576329 
-6.59272236866e-19 1.63356928661 1.08904619108 -0.0654228045276 
-1.44781982296e-19 1.64913197071 1.09942131381 -0.0659568957471 
-9.44371693077e-22 1.6478220323 1.09854802153 -0.0657539171351 
-7.21846847323e-22 1.62856224477 1.08570816318 -0.0531245475443 
-1.56886566691e-21 1.591581983 1.06105465533 -0.0383572855477 
-1.40636572306e-21 1.53959789763 1.02639859842 -0.0180457818473 
0.154085472113 1.47900120253 0.986000801687 0.0211034312126 
0.334805114043 1.39003510804 0.926690072025 0.0677209128972 
0.411180931839 1.33862558582 0.892417057212 0.0807966763657 
0.502905657956 1.26688125944 0.844587506292 0.0899830110163 
0.571800059435 1.20689995215 0.8045999681 0.0884781912129 
0.642496730013 1.1396982852 0.759798856797 0.0867467955829 
0.765382245099 1.01071008385 0.673806722565 0.0857759280034 
0.839270772795 0.917970280577 0.611980187051 0.0851775739004 
0.908896202292 0.809963671007 0.539975780672 0.0818729675538 
0.9222078616 0.766422015606 0.510948010404 0.0922284884258 
0.941934721877 0.71580752545 0.477205016966 0.100583482411 
0.949139463252 0.70016713347 0.46677808898 0.107155722337 
0.956953347508 0.681542857566 0.454361905044 0.111315998105 
0.943326761758 0.70926743231 0.472844954873 0.133481641216 
0.942895727133 0.709244514841 0.472829676561 0.135329241444 
0.934184027681 0.723046034052 0.482030689368 0.14862922666 
0.857321827821 0.706772559087 0.471181706058 0.161763890229 
0.838988072612 0.744050761618 0.496033841079 0.171371643076 
0.815852111048 0.797369342284 0.531579561522 0.180561643104 
0.645510646526 0.788808277735 0.525872185157 0.195917640168 
0.456137610602 0.799890032285 0.533260021523 0.20010262591 
0.346455380978 0.79455132261 0.52970088174 0.198993787463 
0.229258313391 0.776860875405 0.51790725027 0.188380960193 
0.188676960147 0.786360907943 0.524240605295 0.163989744752 
0.174892512444 0.760731230571 0.507154153714 0.130042008982 
0.180875310536 0.714898322696 0.476598881797 0.0874281360083 
0.195512362717 0.715148855835 0.47676590389 0.0718193415523 
0.369948404479 0.698608276233 0.465738850822 -0.00392907210753 
0.470656029496 0.712991849861 0.475327899908 -0.0149973231057 
0.643343680379 0.740944600195 0.493963066796 -0.0192347463974 
0.823753767348 0.799476178138 0.532984118759 -0.00899842671673 
0.881660699303 0.79100673433 0.527337822887 -0.0101368352733 
0.888058417958 0.778781945053 0.519187963369 -0.0059950839288 
0.893233016276 0.769728739729 0.513152493153 -0.00154066726048 
0.893591035402 0.77182962418 0.514553082787 0.00572897697152 
0.899394923688 0.765510931781 0.510340621187 0.00973982191351 
0.900328940083 0.767755742858 0.511837161905 0.0175793841893 
0.899121955796 0.786812363674 0.524541575782 0.0227784693836 
0.897221873539 0.799171227243 0.532780818162 0.0214065045331 
0.886673486747 0.837691492348 0.558460994899 0.0277279769481 
0.881253407708 0.858231795623 0.572154530415 0.0276724734923 
0.866843902487 0.905976067732 0.603984045155 0.0310497739744 
0.814540933507 0.957603836613 0.638402557742 0.0504994416986 
0.746037184781 1.03405895669 0.689372637792 0.106583300076 
0.733077896668 1.07488716977 0.716591446515 0.173932034009 
0.712282571957 1.10939405866 0.739596039108 0.281862169504 
0.706271017349 1.09916629195 0.732777527965 0.298834748208 
0.703195426294 1.07677907028 0.717852713519 0.308887430184 
0.703011569656 1.06321293788 0.708808625251 0.316273306019 
0.76371042535 1.00045113291 0.666967421942 0.293965551464 
0.763031966677 0.940713005892 0.627142003928 0.257701954255 
0.840048714564 0.869985528832 0.579990352555 0.215156959421 
0.843803840072 0.843840026939 0.562560017959 0.198733829434 
0.84370056554 0.840102156963 0.560068104642 0.190396333893 
0.711544081434 0.840659548951 0.560439699301 0.183406629697 
0.527591633456 0.830996630217 0.553997753478 0.199755171243 
0.352420147624 0.84433723888 0.562891492586 0.231722670771 
0.252441908724 0.861886242136 0.574590828091 0.250413667791 
0.0994262535102 0.882718241906 0.588478827937 0.26078708191 
0.0348270100426 0.884698797562 0.589799198375 0.27770722064 
-1.08867439373e-18 0.902697982993 0.601798655328 0.231694318893 
4.95743346367e-21 0.958221336145 0.638814224096 0.120575871407 
-2.17956548873e-22 0.987178137672 0.658118758448 0.0715455124892 
0.0884205719309 1.03638359717 0.690922398115 0.0260263898728 
0.120476207951 1.04278346418 0.695188976119 0.0233917913253 
0.310718169849 1.10125780665 0.734171871101 0.0474475023717 
0.396995260526 1.1172402652 0.744826843466 0.0570709487959 
0.461044955119 1.15682859511 0.77121906341 0.0807646278805 
0.457339062675 1.22156968147 0.81437978765 0.105051543592 
0.354228961859 1.27354026185 0.849026841235 0.0990393026102 
0.259840142353 1.31635175447 0.877567836311 0.0891956894188 
0.222351869963 1.3408019503 0.893867966865 0.0996125993421 
0.220809898299 1.37037134858 0.913580899052 0.121042169971 
0.190912200123 1.39957267899 0.933048452661 0.123505332728 
0.062524065448 1.45766330164 0.971775534425 0.104677437165 
-4.51117118863e-17 1.52372775073 1.01581850049 0.0769569794695 
-1.76476353486e-21 1.5477305557 1.03182037047 0.0701644175664 
-1.09076168339e-18 1.60796928844 1.07197952562 0.0403296741353 
-3.86488988866e-19 1.66948974194 1.11299316129 -0.00122078022745 
-9.58093029864e-20 1.70606452554 1.13737635036 -0.0241276328865 
0.792168711652 1.65524184254 1.10349456169 -0.125051691887 
0.876854130982 1.64507624028 1.09671749352 -0.270407398637 
0.965636247801 1.62203905964 1.08135937309 -0.424066792649 
0.994431459967 1.63466348049 1.08977565366 -0.405679692296 
1.02781316511 1.63719050929 1.09146033953 -0.422024003308 
1.06716306732 1.64464938669 1.09643292446 -0.428675319641 
1.08804930093 1.65138395414 1.10092263609 -0.433897741354 
1.10501086743 1.65710540025 1.1047369335 -0.437224204989 
1.11026597153 1.66152855334 1.10768570223 -0.42912504294 
1.10475002919 1.66559791012 1.11039860675 -0.411406837032 
1.09631714892 1.66498108847 1.10998739231 -0.409934494086 
1.07909536025 1.66706934208 1.11137956139 -0.393021821871 
1.04509876118 1.66218379359 1.10812252906 -0.384640205416 
1.01611038378 1.65711118835 1.10474079223 -0.367976569506 
0.97300889596 1.65380094891 1.10253396594 -0.323536283555 
0.941930142562 1.65266685005 1.10177790003 -0.27924225551 
0.89526302691 1.65577655947 1.10385103965 -0.183196144084 
0.869093039132 1.65080811496 1.10053874331 -0.178398087372 
0.83950938852 1.64914270205 1.09942846803 -0.103755458228 
0.794179054025 1.6385593796 1.09237291973 -0.0180677181457 
0.70844184066 1.5884537544 1.0589691696 0.126392060738 
0.68054338824 1.5642615059 1.04284100393 0.150580407759 
0.654229134544 1.5362578848 1.0241719232 0.171488206886 
0.538988788666 1.5317478758 1.02116525054 0.120581012066 
7.06009682482e-18 1.51629966952 1.01086644635 -0.000420033102485 
0.140738635165 1.46290001918 0.975266679451 0.0276251989826 
0.278673956438 1.39994760065 0.933298400433 0.0611421935386 
0.32879057408 1.37141002466 0.914273349772 0.0740707956908 
0.386774049226 1.32979728136 0.886531520909 0.0788732324005 
0.386158776312 1.3146142016 0.876409467734 0.0776458978777 
0.450233188211 1.28281713126 0.855211420842 0.082416040012 
0.452120710337 1.26172993761 0.841153291742 0.0859189968532 
0.504896194146 1.23239953967 0.821599693114 0.0892477592932 
0.508202633184 1.19883398516 0.799222656775 0.0801315811529 
0.560332492139 1.16527781663 0.776851877755 0.0828297024058 
0.558827998927 1.15994823243 0.773298821621 0.0902792634692 
0.556857343119 1.15347212122 0.768981414149 0.095270557919 
0.556577597076 1.15053669511 0.767024463405 0.0943763271872 
0.553416987693 1.14984438716 0.766562924774 0.0993014416606 
0.48780003613 1.12672334349 0.751148895659 0.0930388031784 
0.441225561664 1.10385025473 0.735900169822 0.0911964630305 
0.382665351452 1.05765616722 0.70510411148 0.0886224543228 
0.330260989786 1.00467553598 0.669783690652 0.0806578611051 
0.198441770487 0.888946005633 0.592630670422 0.085659165068 
0.140259881751 0.817616645237 0.545077763491 0.106511799173 
0.0795530316433 0.70753502721 0.47169001814 0.170320346909 
0.0506407321737 0.622483209734 0.414988806489 0.313012804231 
0.0419640836566 0.626944591171 0.41796306078 0.258287834002 
0.0360956763047 0.591654147095 0.394436098064 0.239434120289 
0.0014114322221 0.622493069052 0.414995379368 0.197161599424 
9.22644312048e-19 0.653431943967 0.435621295978 0.203344954795 
9.22644312048e-19 0.653431943967 0.435621295978 0.203344954795 
8.56594978647e-21 0.70944251153 0.472961674354 0.131602338655 
8.56594978647e-21 0.70944251153 0.472961674354 0.131602338655 
5.47572850861e-21 0.732030981284 0.48802065419 0.130025562313 
4.29355350569e-21 0.750605810146 0.500403873431 0.125416849813 
2.39156950384e-21 0.785519998026 0.523679998684 0.0933491488545 
5.35398913971e-21 0.769815557161 0.513210371441 0.0886466132159 
5.35398913971e-21 0.769815557161 0.513210371441 0.0886466132159 
-4.64016414264e-21 0.756883850892 0.504589233928 0.0943932368091 
4.80709929278e-21 0.728937667705 0.485958445137 0.0971736736053 
-1.83093557449e-21 0.706277273147 0.470851515431 0.132967338475 
1.34002983323e-21 0.686853310144 0.457902206763 0.1346125882 
5.82661667232e-21 0.652976966478 0.435317977652 0.194462531669 
5.29076012845e-21 0.643908247251 0.429272164834 0.190764397038 
7.25324353009e-22 0.634826973815 0.423217982543 0.188674678901 
-4.14121169192e-22 0.642409325711 0.428272883807 0.192902866518 
0.0125539376673 0.654898542399 0.436599028266 0.198336003833 
0.0855684382302 0.814696360057 0.543130906705 0.0485933087022 
0.121333114286 0.849460333729 0.566306889153 0.0423813668019 
0.179319894598 0.927677306174 0.618451537449 0.0428346165372 
0.216137671411 0.971342855788 0.647561903859 0.0454285849098 
0.292780235768 1.04185386964 0.694569246426 0.0661246738224 
0.333873454526 1.06660133419 0.711067556125 0.0709525265792 
0.384663508318 1.09613093779 0.730753958525 0.0793215862503 
0.440847923145 1.13300686565 0.755337910436 0.0968025466911 
0.439234434161 1.17110356872 0.780735712477 0.110400884826 
0.390844041292 1.23326574277 0.822177161847 0.130271694331 
0.342853008645 1.28320715349 0.855471435661 0.140677206561 
0.224212213719 1.35641325771 0.904275505141 0.138513214706 
0.0713433081594 1.41981796081 0.946545307208 0.107397169287 
-1.87374759825e-18 1.44837375476 0.96558250317 0.092223976034 
9.53031126724e-22 1.46438509951 0.976256733008 0.0747800685341 
2.7382838964e-21 1.46309098361 0.975393989071 0.0624165219501 
1.11524393347e-21 1.44850854247 0.965672361645 0.0523906763302 
3.91257062259e-22 1.43804121031 0.958694140208 0.0338313307224 
2.43194028626e-21 1.45427105313 0.96951403542 -0.0020036331 
1.7871398202e-21 1.48700847144 0.991338980961 -0.0314802085768 
2.45755994605e-21 1.53696640826 1.02464427217 -0.0536359202992 
-7.26051008838e-22 1.60430769697 1.06953846465 -0.0719943020684 
-3.15767984462e-22 1.6439441792 1.09596278613 -0.0736420174111 
9.29572784748e-20 1.68287040163 1.12191360109 -0.0885425688998 
1.00002938584 1.57812751717 1.05208501144 -0.211899943995 
1.04439226599 1.57367510218 1.04911673479 -0.30354552225 
1.07754042202 1.5698294068 1.04655293787 -0.353213644883 
1.106619396 1.56519750102 1.04346500068 -0.389503334455 
1.13229459999 1.56786419651 1.04524279767 -0.419284817223 
1.14458155592 1.5730676032 1.04871173547 -0.423612534123 
1.15335866057 1.57622435677 1.05081623785 -0.439062131237 
1.15824813051 1.58023381658 1.05348921106 -0.438384476656 
1.1508595362 1.59247067898 1.06164711932 -0.416275346701 
1.14569339135 1.6014602819 1.06764018793 -0.403810947276 
1.13413067483 1.61266145946 1.07510763964 -0.404424097477 
1.11219483196 1.62930807531 1.08620538354 -0.405490011167 
1.09828374773 1.63782302059 1.09188201372 -0.391662090177 
1.10122873419 1.64086581623 1.09391054415 -0.370275144815 
1.11217889206 1.64101767702 1.09401178468 -0.35910198822 
1.12583542891 1.64114436289 1.09409624193 -0.350034201426 
1.13507094482 1.64054550437 1.09369700292 -0.349009288538 
1.13813085088 1.64020369968 1.09346913312 -0.347341025092 
1.14425789718 1.6397419341 1.0931612894 -0.346059064993 
1.14986021305 1.63963941888 1.09309294592 -0.345232636287 
1.15284322296 1.63992119741 1.09328079827 -0.343509139658 
1.14523194 1.64164452729 1.09442968486 -0.342124614443 
1.13434230091 1.64289588103 1.09526392069 -0.339156125535 
1.10744911566 1.64003851038 1.09335900692 -0.332283796062 
1.02922214043 1.62788583664 1.08525722443 -0.252769516851 
0.895756764405 1.60825665813 1.07217110542 -0.0401939349423 
0.681881834614 1.4827084977 0.988472331803 0.185809459696 
0.195585581438 1.3869944212 0.924662947468 0.118274331289 
0.614446146179 1.14958799268 0.766391995123 0.184792898148 
0.749256585156 1.00960551345 0.6730703423 0.152400025184 
0.844494980647 0.857776100526 0.571850733684 0.101437913755 
0.84957918591 0.831985238028 0.554656825352 0.0910187143366 
0.599178390057 0.717066320467 0.478044213645 0.0901749561579 
0.447639455635 0.623431563253 0.415621042169 0.10886588008 
0.28004418554 0.345880850198 0.230587233466 0.354176319041 
0.217569313372 0.430242256453 0.286828170968 0.241186796527 
0.186693091954 0.418225451377 0.278816967585 0.229321925293 
0.163463426607 0.442379474644 0.294919649762 0.185538794467 
0.143775188732 0.461800062016 0.307866708011 0.189603365494 
0.143085394518 0.442147802536 0.29476520169 0.176541991759 
0.143630193874 0.430593228385 0.287062152257 0.162353129633 
0.139590449931 0.447925198757 0.298616799171 0.163447931 
0.14432031411 0.421649969673 0.281099979782 0.150242344634 
0.144213442838 0.443701141641 0.295800761094 0.155001460699 
0.153446701666 0.444364377288 0.296242918192 0.156088270525 
0.162615144723 0.429756284142 0.286504189428 0.155109904194 
0.185654396871 0.455800628523 0.303867085682 0.177621500975 
0.200771852499 0.452694421042 0.301796280694 0.177665807161 
0.223493774906 0.428452643166 0.285635095444 0.167262126372 
0.322246304672 0.574251932791 0.382834621861 0.0930592042269 
0.362003646395 0.61274746393 0.408498309287 0.0822574420158 
0.549745525014 0.686121738801 0.457414492534 0.0538125469791 
0.716015576081 0.742303530224 0.494869020149 0.0471853320683 
0.857063971354 0.749784670225 0.499856446817 0.0463628740532 
0.8754445776 0.717171209564 0.478114139709 0.0499074738591 
0.915440480063 0.655745069974 0.437163379982 0.0674019196869 
0.93669587532 0.640474750214 0.426983166809 0.0731174555782 
0.958438357255 0.619936915781 0.413291277187 0.0838110341705 
0.962249191887 0.617873439901 0.411915626601 0.0917731587975 
0.9590855747 0.626557532328 0.417705021552 0.108912591572 
0.952000109454 0.653523077012 0.435682051341 0.111154301837 
0.9373739753 0.698772945272 0.465848630182 0.118521683258 
0.907543577561 0.790049659349 0.526699772899 0.128747070495 
0.888174947432 0.87095127469 0.580634183126 0.142564349522 
0.868924365377 0.946778552881 0.631185701921 0.139523406247 
0.786219535204 1.00911602626 0.672744017504 0.129708735049 
0.700000696425 1.09985637075 0.733237580503 0.118490343162 
0.625178728747 1.17403124368 0.782687495784 0.106300518064 
0.56987945402 1.21590345131 0.810602300871 0.0940387921771 
0.421507140332 1.32055490438 0.880369936254 0.0647529931973 
0.221198867225 1.40111822343 0.934078815617 0.0192619771655 
-1.73929763595e-15 1.48684565669 0.991230437791 -0.0399542550591 
1.47220448024e-21 1.53222024763 1.02148016509 -0.0605360051476 
-2.6099025621e-21 1.5869911354 1.05799409027 -0.0831222522893 
1.19594461031e-21 1.62003229602 1.08002153068 -0.0989268270794 
-3.78568387292e-19 1.65146826503 1.10097884336 -0.109569397876 
0.967675130286 1.58109060681 1.05406040454 -0.104603746272 
1.00664231744 1.58657442265 1.05771628177 -0.185597254626 
1.05158671246 1.5904576134 1.0603050756 -0.270578962117 
1.07945636922 1.59462156282 1.06308104188 -0.30897816248 
1.11399253631 1.59426482621 1.06284321747 -0.370848485066 
1.13211414306 1.6041984434 1.06946562894 -0.355735548956 
1.14859590612 1.60857611203 1.07238407469 -0.360146325824 
1.16115915848 1.61258224411 1.07505482941 -0.363393329317 
1.16708381024 1.61314984112 1.07543322741 -0.364186004062 
1.17142846498 1.61435815495 1.07623876997 -0.365922956555 
1.17147812972 1.61455169445 1.0763677963 -0.365987018568 
1.17136228078 1.61398268357 1.07598845572 -0.365902099891 
1.17139613657 1.61422549218 1.07615032812 -0.365999803 
1.17101409304 1.61276151425 1.07517434283 -0.365689680967 
1.17091569966 1.61247111364 1.07498074243 -0.365663294632 
1.17083411852 1.61230579194 1.07487052796 -0.365716711599 
1.17073507242 1.61188863683 1.07459242456 -0.365695529042 
1.17082415125 1.61226899549 1.07484599699 -0.365832512095 
1.17095029851 1.61264471902 1.07509647935 -0.366015529392 
1.17308234923 1.61137381032 1.07424920688 -0.368282653895 
1.17322387037 1.61206322834 1.07470881889 -0.368503455887 
1.17314700158 1.61182782036 1.07455188024 -0.368503570927 
1.17312042554 1.61168403472 1.07445602315 -0.368489290393 
1.169811399 1.61177661175 1.07451774117 -0.369419614437 
1.16343485087 1.60975289318 1.07316859545 -0.369050416084 
1.1301161901 1.59930981383 1.06620654255 -0.362578880219 
1.09333919948 1.59099741083 1.06066494056 -0.32868640409 
1.03220668425 1.58652676677 1.05768451118 -0.237564266618 
0.9742182109 1.58034690901 1.05356460601 -0.107291400008 
0.918242812483 1.55326638057 1.03551092038 0.0417971911035 
0.870630163515 1.47364132588 0.982427550585 0.170006255076 
0.719291556785 1.41766832848 0.945112218988 0.129587555143 
0.591197123757 1.19023921272 0.793492808483 0.102111526318 
0.760273338374 1.02670657761 0.684471051738 0.0959922129092 
0.852868134183 0.908611464706 0.605740976471 0.0784651490904 
0.925055084261 0.78508372226 0.523389148173 0.0581889128255 
0.9946192875 0.607912698982 0.405275132654 0.0190056971141 
1.03767272635 0.543299163892 0.362199442594 0.00729902969744 
0.992828686914 0.407935621015 0.271957080676 0.00243588741624 
1.01597629025 0.390422397181 0.260281598121 -0.00202609698149 
1.01314780809 0.391304845781 0.260869897187 0.00822621317153 
1.01314780809 0.391304845781 0.260869897187 0.00822621317153 
0.986536564426 0.406509729171 0.271006486114 0.0172625115153 
0.953486281299 0.42866107093 0.285774047287 0.0167784812719 
0.930214042652 0.450672494224 0.300448329482 0.0185748601161 
0.981231601685 0.592882316083 0.395254877388 0.0254324522764 
0.965834636576 0.612772126769 0.40851475118 0.0232323050536 
0.941631545046 0.646143923074 0.430762615383 0.0213536304702 
0.92316598334 0.673932431151 0.449288287434 0.0196292158824 
0.914475049101 0.687765395787 0.458510263858 0.0139619493339 
0.770361823916 0.664107942545 0.442738628364 0.00887383502091 
0.616267375562 0.598987257126 0.399324838084 0.00844171870321 
0.524325325666 0.555380344582 0.370253563055 0.015567266579 
0.418677071058 0.510051665421 0.340034443614 0.0329906941505 
0.366371619507 0.512186873794 0.341457915862 0.0488819365378 
0.326031387166 0.501077062601 0.334051375067 0.0742483147458 
0.277488682876 0.527036288563 0.351357525709 0.0894714622228 
0.237504144982 0.554831358956 0.369887572637 0.106684586693 
0.192703198129 0.574083258117 0.382722172078 0.115826035068 
0.152648513131 0.478796633624 0.319197755749 0.198263831207 
0.121973145058 0.481425369466 0.32095024631 0.19823084483 
0.105534217542 0.468121138507 0.312080759005 0.188334333232 
0.0985050741636 0.468206187711 0.312137458474 0.187248865203 
0.0965805394234 0.486940967937 0.324627311958 0.189582020017 
0.104171823429 0.477171006432 0.318114004288 0.182169916069 
0.112461235126 0.446839562818 0.297893041879 0.164309223799 
0.116913696454 0.460051921862 0.306701281241 0.166153117906 
0.120499387944 0.461316255817 0.307544170545 0.166552956776 
0.116098201149 0.504035719373 0.336023812915 0.185115644215 
0.103453119112 0.535618501765 0.357079001177 0.201761872442 
0.105863395091 0.558889453717 0.372592969145 0.217563094088 
0.115847076316 0.568510223671 0.379006815781 0.22957782758 
0.110282259019 0.578132973764 0.38542198251 0.363460996914 
0.121687796282 0.590815508236 0.39387700549 0.37039919688 
0.132493407986 0.625290788952 0.416860525968 0.391973904558 
0.141277251359 0.637735710236 0.425157140157 0.402998879392 
0.159652962387 0.645438922288 0.430292614858 0.409317819501 
0.183619554179 0.633458973998 0.422305982665 0.406430707067 
0.188560323875 0.637562798413 0.425041865608 0.410941140627 
0.218058825678 0.628867804036 0.419245202691 0.410399903386 
0.259557314394 0.624365712615 0.41624380841 0.413021698793 
0.304885768776 0.614520705674 0.409680470449 0.410710246408 
0.35939228595 0.610435378203 0.406956918802 0.410335777504 
0.41892845377 0.585115872717 0.390077248478 0.395253324044 
0.537692535769 0.683286963989 0.45552464266 0.285180824828 
0.626589582029 0.695415347835 0.46361023189 0.261644210374 
0.640951363093 0.676691079826 0.45112738655 0.261245939063 
0.72160804323 0.703583860621 0.469055907081 0.245039550051 
0.748714086158 0.668108775515 0.445405850343 0.245296340439 
0.83401120435 0.688976378006 0.459317585337 0.226547265612 
0.855953650157 0.649403769441 0.432935846294 0.220620383503 
0.868812145367 0.634977096173 0.423318064115 0.219834879056 
0.894021213852 0.599787557763 0.399858371842 0.213891686962 
0.906499392428 0.589416002431 0.392944001621 0.213199736355 
0.919503065004 0.58219792198 0.388131947986 0.216622174801 
0.934777815064 0.566835218601 0.377890145734 0.207133200179 
0.946620855816 0.557089472231 0.371392981488 0.201569627747 
0.965248342262 0.533350242978 0.355566828652 0.186322260255 
0.966078604646 0.531496509881 0.354331006587 0.182853791299 
0.982022089289 0.510462775687 0.340308517125 0.174138313045 
0.985910224838 0.505236891994 0.336824594663 0.172255988648 
1.003033672 0.484697771439 0.323131847626 0.169787716873 
1.01937199312 0.45964256403 0.30642837602 0.163175183316 
1.03395850281 0.43117502614 0.287450017427 0.156167037876 
0.99070686629 0.283409948006 0.188939965337 0.168958211505 
0.990155146753 0.286064011352 0.190709340901 0.175603574938 
0.991245510497 0.28379405977 0.189196039847 0.168009835582 
0.991245510497 0.28379405977 0.189196039847 0.168009835582 
1.01112770579 0.270071245856 0.180047497237 0.154627795064 
1.01415935698 0.264799866183 0.176533244122 0.143463593197 
1.0397710801 0.24258290876 0.161721939173 0.127197732959 
1.0397710801 0.24258290876 0.161721939173 0.127197732959 
1.0397710801 0.24258290876 0.161721939173 0.127197732959 
1.04124828661 0.236499326955 0.15766621797 0.113656966069 
0.985215336658 7.09252547876e-18 4.72835031917e-18 0.135423055109 
0.980343070524 -8.02128467005e-24 -5.34752311337e-24 0.113321557812 
0.984085550937 1.15745111098e-22 7.71634073984e-23 0.0907534040059 
0.990843910232 -8.81544786465e-23 -5.8769652431e-23 0.0717851955642 
0.992680341878 -2.27548373179e-23 -1.51698915453e-23 0.0616870540449 
0.989111284289 -4.03987731739e-24 -2.69325154493e-24 0.0536566127362 
0.989908205886 6.66839463609e-23 4.44559642406e-23 0.0417831267454 
0.989908205886 6.66839463609e-23 4.44559642406e-23 0.0417831267454 
0.9844991059 0.00101646764344 0.000677645095628 0.0409637989339 
0.977728431174 0.00259283602057 0.00172855734705 0.0418113543067 
0.966327197981 0.00687019141284 0.00458012760856 0.0490556980259 
0.966327197981 0.00687019141284 0.00458012760856 0.0490556980259 
0.935442156325 0.0188786087194 0.0125857391463 0.0593287844311 
0.932179706983 0.0198606903173 0.0132404602115 0.0516602717005 
0.913804709119 0.0292412262434 0.0194941508289 0.0649587217156 
0.917352265498 0.0290153149653 0.0193435433102 0.0602633722787 
0.881444696245 0.0459623874795 0.030641591653 0.0789098440124 
0.878101390861 0.0509661394097 0.0339774262731 0.0839958200281 
0.868573101034 0.0616211290006 0.041080752667 0.10370458655 
0.855708226665 0.0723579435421 0.0482386290281 0.113354996944 
0.84577923355 0.0882955205682 0.0588636803788 0.139650213779 
0.956402439792 0.391611812144 0.261074541429 0.0852850283317 
0.954620517517 0.393399720213 0.262266480142 0.0913357761687 
0.938390535798 0.40433433962 0.269556226413 0.0955234722369 
0.939058143451 0.404782222217 0.269854814811 0.100096510505 
0.927770284914 0.416766879016 0.27784458601 0.108110725009 
0.920197578841 0.426735621305 0.284490414203 0.11318881059 
0.920197578841 0.426735621305 0.284490414203 0.11318881059 
0.918663811841 0.429055506452 0.286037004301 0.116554683803 
0.905519800992 0.44470931451 0.29647287634 0.127806563189 
0.899900975278 0.45712867972 0.304752453146 0.137208766218 
0.891622679813 0.470692771832 0.313795181221 0.146411173948 
0.8707158624 0.497211349007 0.331474232671 0.160611505473 
0.918194814142 0.582478018692 0.388318679128 0.157477797421 
0.899793741095 0.605206309513 0.403470873009 0.16266361789 
0.8980435207 0.607525684352 0.405017122902 0.165512556237 
0.894450974946 0.609353643163 0.406235762109 0.162837191796 
0.887960568618 0.612527960319 0.408351973546 0.158824778011 
0.860016750809 0.645228698812 0.430152465875 0.153903125185 
0.717872927891 0.595679834679 0.397119889786 0.168097237037 
0.594045067523 0.570804343552 0.380536229035 0.190852446108 
0.54362400631 0.60674667265 0.404497781767 0.196440064104 
0.463735664068 0.590888427026 0.393925618017 0.23255199569 
0.42358495341 0.607957929977 0.405305286651 0.233450054665 
0.390691248515 0.555601085317 0.370400723544 0.279197082658 
0.350033575007 0.574594535605 0.383063023736 0.286668112801 
0.296071959331 0.603213451374 0.402142300916 0.300395705328 
0.265844332957 0.449916451727 0.299944301151 0.523598775598 
0.236155459616 0.471865183837 0.314576789225 0.523598367456 
0.206035735193 0.499926504888 0.333284336592 0.52359727233 
0.167258797186 0.565009324173 0.376672882782 0.416167777624 
0.134958266568 0.575330282051 0.383553521367 0.422235766345 
0.108019186804 0.610074530661 0.406716353774 0.367963637954 
0.0794535309777 0.610216011114 0.406810674076 0.301276561076 
0.0400757402712 0.605186631625 0.403457754417 0.220649789039 
0.0267841117327 0.581291578846 0.38752771923 0.207810689476 
0.0110598170364 0.582516106665 0.38834407111 0.136616625553 
2.9524055186e-20 0.518506169907 0.345670779938 0.110942064615 
2.9524055186e-20 0.518506169907 0.345670779938 0.110942064615 
-1.5044090906e-19 0.466364081196 0.310909387464 0.0977581970603 
2.40272930254e-22 0.417588009935 0.278392006624 0.166187621779 
3.60187784182e-22 0.391296863314 0.260864575542 0.166393915571 
0.000232995083646 0.345485605094 0.23032373673 0.160515118269 
0.00420694474104 0.34573571107 0.230490474047 0.159360431687 
0.00205081891626 0.360037314054 0.240024876036 0.146561103017 
0.00205081891626 0.360037314054 0.240024876036 0.146561103017 
0.00197507145683 0.397164845182 0.264776563455 0.147227473819 
0.00259608990269 0.416700188097 0.277800125398 0.155998054875 
0.00802925189603 0.415114864411 0.276743242941 0.155600634012 
0.0120019278586 0.405992962793 0.270661975195 0.113894074454 
0.00814617689346 0.476630307434 0.317753538289 0.114384315268 
0.00404404341803 0.526026386775 0.35068425785 0.117134886392 
0.00608414495353 0.540521900233 0.360347933489 0.115998789109 
0.00300467949703 0.593270529186 0.395513686124 0.126714301413 
0.00429098790473 0.649688073883 0.433125382588 0.14702362396 
0.0087535855863 0.642412476608 0.428274984405 0.252249431568 
0.0356659877706 0.659223417388 0.439482278258 0.262771853661 
0.0478565301 0.680660181449 0.4537734543 0.277964163243 
0.0725395094214 0.636606971642 0.424404647761 0.356285187199 
0.0849407931312 0.647270552277 0.431513701518 0.364039427603 
0.09911954324 0.661780822918 0.441187215279 0.375416576766 
0.133395275578 0.607477951645 0.404985301097 0.463725245798 
0.171764201125 0.592561612832 0.395041075221 0.449064747033 
0.189002312913 0.605297284942 0.403531523295 0.456674631259 
0.200012192984 0.613323223686 0.408882149124 0.46248119362 
0.226052521143 0.613609448301 0.409072965534 0.464772237987 
0.247117896489 0.598318927265 0.398879284843 0.457488442669 
0.264295994161 0.577766362159 0.385177574773 0.445432654295 
0.267324758474 0.569370124685 0.379580083123 0.442201535081 
0.271328503897 0.54964189652 0.366427931013 0.430406375458 
0.281255253588 0.513322226278 0.342214817518 0.405823691937 
0.27464495 0.495415007182 0.330276671455 0.395317866381 
0.258722554396 0.476667074823 0.317778049882 0.383569727606 
0.261009839748 0.451340618364 0.300893745576 0.36489592235 
0.264461334396 0.426736673444 0.28449111563 0.345646894583 
0.26603177222 0.398244776066 0.265496517377 0.322736769839 
0.267178671358 0.39503161806 0.26335441204 0.318259638582 
0.272087122543 0.385381846779 0.256921231186 0.307741002462 
0.271310873892 0.391146460528 0.260764307019 0.309496060729 
0.278701168813 0.368079563914 0.245386375943 0.291129456666 
0.282260428794 0.369241169257 0.246160779505 0.290966415282 
0.275733599406 0.36143476521 0.24095651014 0.281989215573 
0.274190524019 0.371877647113 0.247918431409 0.284974996703 
0.268530852263 0.372326409737 0.248217606491 0.28449373765 
0.267790895901 0.369047197548 0.246031465032 0.278238180458 
0.263194613964 0.381015508459 0.254010338972 0.280651136912 
0.265875600096 0.372727254892 0.248484836595 0.272122572474 
0.263280231505 0.3698503885 0.246566925667 0.268307013876 
0.261985435089 0.382583972069 0.255055981379 0.274143640438 
0.271525102153 0.367164969044 0.244776646029 0.260252186359 
0.261784733873 0.366532355062 0.244354903375 0.259019003225 
0.255888780962 0.393968871392 0.262645914262 0.224085850179 
0.25094090724 0.395472653814 0.263648435876 0.224849828339 
0.255244495068 0.38862222432 0.25908148288 0.220621153069 
0.260810902365 0.369196089469 0.246130726313 0.207763000032 
0.265541074534 0.356139431228 0.237426287485 0.199603631675 
0.269821468965 0.356703214141 0.23780214276 0.200242129133 
0.321248830613 0.340099926393 0.226733284262 0.192122543483 
0.3694680072 0.29702030532 0.19801353688 0.163983067757 
0.448237689637 0.175270869993 0.116847246662 0.212050069542 
0.512796147338 0.129432724335 0.08628848289 0.173450037481 
0.583697586532 -3.47014888288e-20 -2.31343258859e-20 0.162457927041 
0.648372048236 -9.99395818936e-23 -6.66263879291e-23 0.123585009586 
0.762994195961 -4.09623080113e-23 -2.73082053408e-23 0.096444494199 
0.860547931639 5.20488335074e-07 3.46992223382e-07 0.0845599269591 
0.961780357194 -1.71924313723e-24 -1.14616209149e-24 0.0750034430726 
1.07511484123 1.38281196289e-22 9.21874641924e-23 0.0627136952044 
1.14991022486 3.07959073731e-22 2.05306049154e-22 0.0532878417218 
1.21861281846 -1.46530218449e-22 -9.76868122994e-23 0.0423213375673 
1.27157409666 -1.95531429962e-23 -1.30354286642e-23 0.0280432420249 
1.31215092822 9.72431637498e-22 6.48287758332e-22 0.0226678166319 
1.34676525718 -1.31568604922e-21 -8.7712403281e-22 0.023772110091 
1.3685507499 1.51425378012e-21 1.00950252008e-21 0.0302176973042 
1.42682883257 -5.59329963312e-22 -3.72886642208e-22 0.0296688854573 
1.46071744358 1.7760864302e-21 1.18405762013e-21 0.0395185713885 
1.49564096167 1.07701710286e-22 7.18011401906e-23 0.0343595766685 
1.51417368888 4.24563204289e-22 2.83042136193e-22 0.0296037110115 
1.54548139808 9.1360097112e-22 6.0906731408e-22 0.0185976887086 
1.54209236228 6.63294736826e-22 4.42196491217e-22 0.0256600846156 
1.54643162693 -8.34245506251e-22 -5.56163670834e-22 0.0196586672957 
1.55258001812 2.06291779619e-21 1.37527853079e-21 0.0192847193026 
1.55353474774 6.73661047399e-22 4.49107364933e-22 0.0176367859777 
1.55286043504 3.03084296585e-22 2.02056197723e-22 0.0191171724162 
1.5602858344 7.23254705898e-22 4.82169803932e-22 0.0139340388779 
1.5642696678 6.53196431654e-22 4.3546428777e-22 0.0162710258261 
1.57079632679 1.155493485e-21 7.70328989997e-22 0.00795825024133 
1.57079632679 1.8014860127e-21 1.20099067514e-21 0.00937589978135 
1.57079632679 9.09268302674e-22 6.06178868449e-22 0.00419433373941 
1.57079632679 -6.96444735978e-22 -4.64296490652e-22 -0.001732853992 
1.57079632679 1.02702488046e-21 6.84683253643e-22 -0.00144496378808 
1.57079632679 -1.05664300026e-21 -7.04428666842e-22 -0.000606538261221 
1.57079632679 1.53584500593e-21 1.02389667062e-21 -0.0108399814016 
1.57079632679 7.83175017993e-22 5.22116678662e-22 -0.0103315083384 
1.57079632679 -8.87419544458e-22 -5.91613029638e-22 -0.0007453647657 
1.57079632679 7.93372683821e-22 5.28915122548e-22 0.00446223392072 
1.57079632679 3.11267402772e-21 2.07511601848e-21 0.00548966272011 
1.57079632679 3.11267402772e-21 2.07511601848e-21 0.00548966272011 
1.57079632679 -1.94010697657e-21 -1.29340465105e-21 0.0156356710509 
1.57079632679 3.47204923201e-22 2.31469948801e-22 0.00920392388198 
1.57079632679 -1.56430606639e-21 -1.04287071092e-21 0.00999968650687 
1.57079632679 1.39789459742e-22 9.31929731613e-23 0.00599485110858 
1.57079632679 6.78439143658e-22 4.52292762439e-22 0.0107598710745 
1.57079632679 -4.75115902915e-22 -3.16743935276e-22 0.012113594186 
1.57079632679 -1.88872872528e-21 -1.25915248352e-21 0.0168180698642 
1.56754855231 1.06885062534e-21 7.12567083559e-22 0.0161741330391 
1.54818482236 1.70125322769e-23 1.13416881846e-23 0.018015311171 
1.48702410441 1.0373394577e-21 6.91559638469e-22 0.0300973643795 
1.44828109718 2.85314020394e-22 1.90209346929e-22 0.0293487750725 
1.38069340809 -4.64006302708e-22 -3.09337535139e-22 0.0347314304344 
1.32613100684 7.83486713898e-22 5.22324475932e-22 0.0441423411815 
1.28424537727 1.02011076034e-22 6.80073840226e-23 0.0447412475272 
1.11344149988 -2.39191699639e-17 -1.59461133093e-17 0.057144056449 
1.01694527115 0.0243681993366 0.0162454662244 0.067013312204 
0.952605233074 0.0436743903527 0.0291162602351 0.0676741785253 
0.904295557184 0.0606401365351 0.04042675769 0.064881048318 
0.869357631738 0.0784356349479 0.0522904232986 0.0749775226938 
0.846370661339 0.0929291975949 0.0619527983966 0.0754606317197 
0.980296766809 0.501420710342 0.334280473561 0.0390714612081 
0.953620919928 0.527040919882 0.351360613255 0.0382955183808 
0.970771165941 0.604788631606 0.403192421071 0.0321899384588 
0.944011970647 0.640029231366 0.426686154244 0.0306499581054 
0.919231375878 0.67575068448 0.45050045632 0.0249230422688 
0.830127301766 0.679906111143 0.453270740762 0.0180000416925 
0.774528877925 0.659820979243 0.439880652828 0.0179033339809 
0.601242540344 0.589157021815 0.392771347877 0.0195172062921 
0.455317084878 0.577076667402 0.384717778268 0.0306012005005 
0.361604076001 0.564514715559 0.376343143706 0.0399765735718 
0.276460009623 0.519994824537 0.346663216358 0.0495956370125 
0.214987972896 0.527176004617 0.351450669745 0.0583136271297 
0.193007948749 0.487717420113 0.325144946742 0.0656503819432 
0.118018702694 0.471324523408 0.314216348939 0.0431402543387 
0.0564225512857 0.444975614758 0.296650409839 0.0289817215015 
0.028489713565 0.416467025656 0.277644683771 -0.0249885616613 
0.0139861037217 0.434376531481 0.289584354321 -0.0209152092587 
0.0079999334759 0.395425331315 0.263616887543 -0.0163366489231 
0.0112362127183 0.394511894539 0.263007929693 -0.0161044848709 
0.00920643569569 0.375239049096 0.250159366064 -0.0121248795208 
0.00936446723659 0.407291880595 0.271527920397 -0.0175647374889 
0.00936446723659 0.407291880595 0.271527920397 -0.0175647374889 
0.0122621193907 0.376208295475 0.250805530317 -0.0192632766313 
0.0202743425296 0.375279473229 0.250186315486 -0.0194041981791 
0.0263889466837 0.415537431832 0.277024954555 -0.0621351714254 
0.0450479143411 0.365954368393 0.243969578929 -0.0643413740321 
0.0686052678743 0.362613656174 0.241742437449 -0.0634429545112 
0.0921354801636 0.31967154234 0.21311436156 -0.0684187018536 
0.120964340232 0.282198005185 0.188132003456 -0.0663872777628 
0.140989842704 0.279446920693 0.186297947129 -0.0647696559489 
0.160322456202 0.211690535302 0.141127023535 -0.0146326521256 
0.181760640814 0.208673720298 0.139115813532 -0.0140346506699 
0.211265175503 0.185582341873 0.123721561249 -0.0297687000072 
0.296772333901 0.109538628087 0.0730257520579 -0.0402888930307 
0.314269974818 0.133369509178 0.0889130061188 -0.0368266634679 
0.368182107477 0.145319335814 0.0968795572091 0.0163284195811 
0.426266845781 0.158946008205 0.10596400547 0.0505442145115 
0.544431405379 0.19386315931 0.129242106207 0.0212541728047 
0.640195545738 0.167474363712 0.111649575808 0.0169430779456 
0.817034600141 0.255745061221 0.170496707481 0.0056564947936 
0.893720768185 0.224351195689 0.149567463793 0.0116119905935 
0.968625441754 0.193271263695 0.12884750913 0.0119202703931 
1.06506167994 0.153515127885 0.10234341859 0.014508943075 
1.12074316164 0.129933383491 0.086622255661 0.0112348735392 
1.17118052771 0.109122252694 0.0727481684629 0.00595653565914 
1.19903394933 0.0968405721808 0.0645603814539 0.00499116926982 
1.21386085426 4.1617227094e-18 2.77448180627e-18 -0.003852387257 
1.24334022906 -2.60121914108e-22 -1.73414609405e-22 -0.00281385130704 
1.29415132427 0.0272382575244 0.0181588383496 -0.00357211164462 
1.2975668791 2.69422525411e-18 1.79615016941e-18 -0.00420695516351 
1.32310986123 0.0287359545882 0.0191573030588 -0.0098702635873 
1.33468146802 0.0368411059385 0.0245607372924 -0.0119378157516 
1.3379724407 0.0357422950614 0.0238281967076 -0.0121074784464 
1.35073008296 0.046544402703 0.031029601802 -0.00696492877826 
1.36209861074 0.0574004284604 0.0382669523069 -0.00890200470249 
1.39797179193 0.1195455388 0.0796970258667 -0.0119617023692 
1.39202851598 0.0931640000567 0.0621093333711 -0.0139417371104 
1.39284005455 0.0927292999258 0.0618195332839 -0.0122935683868 
1.39776830208 0.106040441873 0.0706936279153 -0.00974950854379 
1.38617228279 0.0801246395828 0.0534164263885 -0.00774812902842 
1.4131200383 0.139113048111 0.0927420320739 -0.0106377131177 
1.39426596832 0.112803191095 0.0752021273967 -0.00906246003762 
1.43032264419 0.185906978329 0.123937985553 -0.00674318352768 
1.41415118857 0.150989702801 0.100659801867 -0.00785892878504 
1.40712267053 0.13841509294 0.092276728627 -0.0104446039539 
1.42774829066 0.173197625602 0.115465083734 -0.0116119334795 
1.4093767618 0.14583926421 0.0972261761401 -0.00962556167092 
1.40444949088 0.136471381899 0.090980921266 -0.00745651730112 
1.38847803178 0.099488418607 0.0663256124046 -0.0064023953696 
1.42094785848 0.169475083397 0.112983388931 -0.0112100439534 
1.40742867796 0.147459074974 0.0983060499827 -0.00650650798547 
1.41578053079 0.16928790927 0.11285860618 -0.00678452565559 
1.40425237601 0.150935933835 0.10062395589 -0.00791304065097 
1.39907271359 0.152662103199 0.101774735466 -0.00810856877162 
1.37063154286 0.138890400133 0.0925936000884 -0.00864353335 
1.32467214176 0.0830364462999 0.0553576308666 -0.0101595868829 
1.26557926675 0.0155188478599 0.0103458985733 -0.00438576149872 
1.25114606839 0.0205668225049 0.0137112150032 -0.00260269408044 
1.22582161346 0.0279606868598 0.0186404579065 -6.75947482269e-05 
1.21821832367 0.0297424305046 0.0198282870031 0.0017614284443 
1.17552403002 -1.42718900026e-18 -9.51459333509e-19 0.00451301081217 
1.11112067107 0.0154795608804 0.0103197072536 0.0319532130028 
1.05747657776 0.0293211735739 0.0195474490493 0.0386947678175 
0.982244878224 0.0534540620519 0.0356360413679 0.0528734090044 
0.930963398279 0.0729495045288 0.0486330030192 0.0661698195981 
0.985120441281 0.393870995803 0.262580663869 0.0491712460569 
0.934476018327 0.430069160533 0.286712773688 0.0508267621813 
0.923498038579 0.442185411861 0.294790274574 0.0476943643526 
0.968120273184 0.557453182856 0.371635455237 0.0442219111948 
0.940992644264 0.588347460245 0.392231640163 0.0407896560495 
0.916429251226 0.619805110644 0.413203407096 0.0390930652699 
0.883758909655 0.663111317886 0.442074211924 0.0352112988002 
0.681667951935 0.561320280206 0.374213520137 0.0386394456118 
0.514641604906 0.471025944255 0.31401729617 0.0559211424436 
0.363153300876 0.309159189812 0.206106126541 0.111915835566 
0.277153644309 0.336504453448 0.224336302299 0.126159206345 
0.195380638643 0.377877098106 0.251918065404 0.135743515156 
0.12128966778 0.424145042008 0.282763361339 0.126765622779 
0.0917873959967 0.323029668145 0.215353112097 -0.250139697452 
0.0638348102301 0.313774793251 0.2091831955 -0.157446422734 
0.0474262081964 0.268244283667 0.178829522445 -0.0983508700821 
0.0386963350795 0.241134808641 0.160756539094 -0.0766511664917 
0.0354161097114 0.258274378609 0.172182919073 -0.0871241896953 
0.0381953117471 0.258008952627 0.172005968418 -0.0861857122517 
0.0410764706819 0.247102289814 0.164734859876 -0.0750632176092 
0.0407990407081 0.251642448492 0.167761632328 -0.0853952719465 
0.0445846890947 0.265732095252 0.177154730168 -0.0878542065892 
0.0502131377648 0.254118585702 0.169412390468 -0.0876054676942 
0.0531545411816 0.276923309236 0.18461553949 -0.088601260895 
0.059679612706 0.243861868097 0.162574578731 -0.0755606788554 
0.0677298390223 0.265860444786 0.177240296524 -0.0718935473484 
0.0950161672385 0.331862521588 0.221241681058 -0.0776956853118 
