0.0 0.0 0.0 0.0 
8.41570444229e-21 -9.61183973149e-22 -6.40789315433e-22 -0.0207850719798 
8.41570444229e-21 -9.61183973149e-22 -6.40789315433e-22 -0.0207850719798 
8.41570444229e-21 -9.61183973149e-22 -6.40789315433e-22 -0.0207850719798 
8.41570444229e-21 -9.61183973149e-22 -6.40789315433e-22 -0.0207850719798 
8.41570444229e-21 -9.61183973149e-22 -6.40789315433e-22 -0.0207850719798 
3.2461676337e-21 -1.07028116086e-21 -7.13520773906e-22 -0.0240817212198 
3.2461676337e-21 -1.07028116086e-21 -7.13520773906e-22 -0.0240817212198 
3.2461676337e-21 -1.07028116086e-21 -7.13520773906e-22 -0.0240817212198 
3.2461676337e-21 -1.07028116086e-21 -7.13520773906e-22 -0.0240817212198 
-6.12676941443e-21 -1.02209734648e-21 -6.81398230989e-22 -0.013228604754 
-1.5222424823e-22 1.84503956736e-21 1.23002637824e-21 -0.00894670246882 
2.54263149039e-21 4.14263621408e-21 2.76175747605e-21 -0.00603829699653 
0.00535144273058 4.88201642506e-22 3.2546776167e-22 -0.00545694774466 
0.0122871381723 0.0322619278606 0.0215079519071 -0.00615675884441 
0.0204418091638 0.0894013340209 0.0596008893473 -0.00765098451444 
0.0263002783889 0.114604961828 0.0764033078852 -0.000706184599809 
0.0315588590051 0.139648655766 0.0930991038438 -0.00137028634586 
0.0260788791747 0.158282861716 0.105521907811 0.000997003399319 
0.0226090367468 0.159339985589 0.10622665706 0.00748347655455 
0.0211557052887 0.121318010164 0.0808786734429 0.0152961035493 
0.0231774930676 0.0973053760701 0.0648702507134 0.0141542872075 
0.0197435377138 0.119690396608 0.0797935977386 0.0167973091964 
0.0187093444362 0.123528773572 0.0823525157144 0.0176350816343 
0.0146898359001 0.147437717668 0.0982918117788 0.0209379639065 
0.0147234975304 0.104503992923 0.0696693286153 0.0222330217788 
0.0109436549774 0.104783953967 0.0698559693112 0.0207804472989 
0.00748352271168 0.0794177530027 0.0529451686684 0.0211894961224 
0.00410816640068 0.080124063898 0.0534160425987 0.0216899263933 
0.00345078826233 0.115520699656 0.0770137997704 0.0222496701692 
0.00490969937581 0.144971909218 0.096647939479 0.0189548141493 
0.0105577738616 0.10079414525 0.0671960968334 0.0163121935533 
0.0121684408094 0.108912676892 0.0726084512614 0.0161304766193 
0.00829836122679 0.0922139954472 0.0614759969648 0.0158411953204 
0.00446743212385 0.100151926465 0.066767950977 0.0140448828896 
0.00573932813528 0.0803295948302 0.0535530632201 0.0133141175212 
0.00647310075164 0.0896546103648 0.0597697402432 0.0117256618371 
0.00844734933462 0.0674282593135 0.0449521728757 0.00981503658076 
0.00505123752592 0.0918030720852 0.0612020480568 0.00700434264921 
0.000552765659561 0.0591528885307 0.0394352590205 0.00819466583249 
-1.60390867592e-19 0.0497371219582 0.0331580813055 0.00723112364883 
0.000572027345515 0.0321153546832 0.0214102364555 0.00825030539251 
0.00131331856372 0.0414685874198 0.0276457249465 0.00831507309845 
0.00184996915632 0.0410201434658 0.0273467623106 0.00443222347274 
0.00213795811932 0.0249760265145 0.016650684343 0.004387926369 
0.00242088864014 0.0123232387064 0.00821549247094 0.00292924450088 
0.00207785602238 -8.91147201377e-19 -5.94098134251e-19 0.00325747262786 
5.80304083301e-19 0.0350832621943 0.0233888414629 0.000927940514534 
4.47701806069e-21 0.0173583680949 0.0115722453966 -0.00109446173514 
0.00107610428152 0.00284341569584 0.0018956104639 -0.00150040610164 
3.61527790692e-23 -5.7272568162e-22 -3.8181712108e-22 -2.76869648495e-11 
0.00650531702589 2.28798493326e-22 1.52532328884e-22 0.00114380639089 
0.00755989119158 0.00763306308026 0.00508870872017 -0.00305217839643 
0.019632061469 0.0343717953065 0.0229145302043 -8.7047593494e-05 
0.0553229745898 0.0243458582409 0.0162305721606 -0.00134284732541 
0.106440050977 0.081436190594 0.0542907937293 -0.013497938807 
0.173569029231 0.10883362762 0.0725557517469 -0.0383703234606 
0.236191490102 0.153021906041 0.102014604027 -0.0756991758645 
0.302943553112 0.142155593145 0.0947703954299 -0.0719312978263 
0.395590233845 0.201105239967 0.134070159978 0.127544321939 
0.577382012802 0.44144488113 0.29429658742 0.0271364252965 
0.652673830787 0.405633142311 0.270422094874 0.0305573775031 
0.740719801528 0.364263549436 0.242842366291 0.0322727725068 
0.819550879709 0.326793781957 0.217862521305 0.0308056136007 
0.847155279994 0.0549241117675 0.0366160745116 0.0403653833347 
0.951464496385 0.0215465155802 0.0143643437201 0.0292654843564 
1.04237918509 4.54934095595e-19 3.03289397063e-19 0.0178848341614 
1.12239265879 -3.97450497325e-22 -2.64966998217e-22 0.0136154634346 
1.2108920601 1.44932850949e-23 9.66219006329e-24 0.01101854083 
1.27890204942 1.61246417735e-22 1.07497611823e-22 0.00383459880594 
1.33882430585 3.47912742607e-22 2.31941828404e-22 -0.000991083952142 
1.37878620662 -8.46130273095e-22 -5.6408684873e-22 -0.00254628368106 
1.41159985966 -1.93098132399e-22 -1.28732088266e-22 -0.00436963879861 
1.43738557881 -2.83567006893e-22 -1.89044671262e-22 -0.00688043365611 
1.4602756526 6.01838587356e-22 4.01225724904e-22 -0.00766724768007 
1.47135277323 1.50402361478e-22 1.00268240985e-22 -0.00823285331061 
1.47773261634 8.72095548769e-22 5.81397032513e-22 -0.00729700084715 
1.47532352315 -1.60958936914e-21 -1.07305957943e-21 -0.00736549437121 
1.48111926894 -8.42592413541e-22 -5.61728275694e-22 -0.00859663774893 
1.48180469035 -1.76282521648e-21 -1.17521681099e-21 -0.00995807622907 
1.47975490074 7.70313267361e-22 5.13542178241e-22 -0.0112412409845 
1.47962694392 -7.94298834216e-22 -5.29532556144e-22 -0.00994581211087 
1.48340510431 8.93144569191e-22 5.95429712794e-22 -0.0104283338189 
1.48361503798 -4.97345935864e-22 -3.31563957243e-22 -0.0125100623299 
1.47258318736 6.98753692253e-22 4.65835794835e-22 -0.0104707312166 
1.47237710867 -9.5701652635e-23 -6.38011017566e-23 -0.0103471493732 
1.47329025553 -7.71901219546e-23 -5.14600813031e-23 -0.00999167184263 
1.46399034444 2.21308449655e-21 1.47538966437e-21 -0.0110331981901 
1.46304469529 2.51195833786e-22 1.6746388919e-22 -0.0109139081356 
1.45834745536 3.38362378238e-22 2.25574918826e-22 -0.0091228391659 
1.44641133208 -1.75853799711e-21 -1.17235866474e-21 -0.00683837030603 
1.4386957506 -5.4957552016e-23 -3.66383680107e-23 -0.00464149971448 
1.41866083241 1.07088789219e-21 7.13925261458e-22 -0.00310536926756 
1.42178136718 1.50343849056e-21 1.00229232704e-21 -0.00739136218377 
1.42329336271 1.0114817076e-21 6.743211384e-22 -0.00623823870162 
1.40902028496 -1.96606161342e-22 -1.31070774228e-22 -0.00421583145555 
1.39509450521 6.69821812808e-22 4.46547875205e-22 -0.00547772840189 
1.37060595443 3.55927038904e-21 2.37284692603e-21 -0.00302802169358 
1.35084865351 -9.61062572876e-22 -6.40708381917e-22 -0.000370159220019 
1.29852594959 2.32382938269e-22 1.54921958846e-22 0.00724029631651 
1.26378689807 -2.87551130431e-22 -1.91700753621e-22 0.00909379698934 
1.20894334814 -1.92674706552e-19 -1.28449804368e-19 0.0176277822956 
1.15899069707 -3.12987780141e-19 -2.08658520094e-19 0.0205956665935 
1.08589592992 2.61028121982e-18 1.74018747988e-18 0.0268914085013 
1.01987647534 -2.16145659082e-18 -1.44097106055e-18 0.0241400963014 
0.932866850724 9.89589907534e-18 6.59726605022e-18 0.0249908103564 
0.841915317207 0.0268311063497 0.0178874042331 0.029498541599 
0.698694865958 0.0707010051632 0.0471340034421 0.0295547761522 
0.509766722236 2.24255677036e-16 1.49503784691e-16 -0.0103927259816 
0.401412580375 -8.02258931925e-18 -5.3483928795e-18 -0.226943501185 
0.272276799965 -1.00738731502e-16 -6.71591543349e-17 -0.0421701680971 
0.21170735311 -5.0466179397e-18 -3.3644119598e-18 -0.0265495602342 
0.172029256809 7.00539857998e-22 4.67026571999e-22 -0.0256588745602 
0.149632950914 -1.91064673635e-21 -1.2737644909e-21 -0.0130562317428 
0.131631990258 1.90798189492e-21 1.27198792995e-21 -0.0119456495389 
0.127209769045 2.52888180895e-21 1.68592120597e-21 -0.01096300604 
0.116838341461 2.29529702557e-22 1.53019801704e-22 -0.0102174654395 
0.107725152452 5.10892227052e-21 3.40594818035e-21 -0.0114595807501 
0.103607485681 2.10891115113e-21 1.40594076742e-21 -0.012867152788 
0.109446026658 3.31839339143e-21 2.21226226095e-21 -0.0145502450761 
0.112925321198 -2.41955716661e-21 -1.61303811107e-21 -0.0165613019643 
0.112925321198 -2.41955716661e-21 -1.61303811107e-21 -0.0165613019643 
0.10398043539 1.54034482773e-21 1.02689655182e-21 -0.0176948754138 
0.106259893687 1.98913341782e-21 1.32608894521e-21 -0.0189571508328 
0.11774084647 5.94547909873e-22 3.96365273249e-22 -0.0183916329584 
0.119686566443 8.1241519533e-22 5.4161013022e-22 -0.017862597118 
0.119686566443 8.1241519533e-22 5.4161013022e-22 -0.017862597118 
0.114390364694 -8.49434452801e-22 -5.66289635201e-22 -0.0171565597039 
0.11645289088 -4.99605779064e-23 -3.33070519376e-23 -0.0156607403304 
0.124463107837 -7.8429516134e-24 -5.22863440893e-24 -0.0157931411964 
0.142949168107 2.55206747505e-22 1.7013783167e-22 -0.0153206898239 
0.155045400852 3.28573280592e-22 2.19048853728e-22 -0.0150243972783 
0.185094517377 6.23629204011e-22 4.15752802674e-22 -0.0149704285575 
0.226656021594 -1.7008011409e-21 -1.13386742727e-21 -0.0163982761761 
0.29695274031 -5.03304549782e-23 -3.35536366521e-23 -0.0627894568889 
0.400770381241 5.97352425801e-22 3.98234950534e-22 -0.202141523948 
0.496135061323 6.86116824032e-06 4.57411216022e-06 0.0955480580823 
0.631029527191 2.68834288086e-06 1.79222858724e-06 0.0904230601007 
0.76278977937 1.79283684833e-06 1.19522456555e-06 0.0706111974549 
0.890599591794 -7.34933524731e-23 -4.89955683154e-23 0.0585270025885 
0.979565412116 5.52032471905e-23 3.68021647937e-23 0.056400075965 
1.05065383501 7.86714291625e-22 5.24476194416e-22 0.055909500763 
1.11928699838 1.64585745749e-22 1.097238305e-22 0.0452322091282 
1.16533713572 1.10570334882e-21 7.37135565883e-22 0.0408005341981 
1.18696925501 -1.07882491278e-22 -7.19216608518e-23 0.0435859962439 
1.19637761592 9.03225882221e-22 6.02150588147e-22 0.0403520121614 
1.20801706802 1.0244771393e-21 6.82984759533e-22 0.0445617812641 
1.22537196393 -2.12335275448e-23 -1.41556850299e-23 0.040253270796 
1.23882200912 3.97234882937e-22 2.64823255291e-22 0.0384557151813 
1.23882200912 3.97234882937e-22 2.64823255291e-22 0.0384557151813 
1.23882200912 3.97234882937e-22 2.64823255291e-22 0.0384557151813 
1.23442430356 -8.67694569145e-23 -5.78463046096e-23 0.0422744170946 
1.23442430356 -8.67694569145e-23 -5.78463046096e-23 0.0422744170946 
1.23442430356 -8.67694569145e-23 -5.78463046096e-23 0.0422744170946 
1.23442430356 -8.67694569145e-23 -5.78463046096e-23 0.0422744170946 
1.21753591132 6.80773966645e-22 4.53849311096e-22 0.0470490094122 
1.21753591132 6.80773966645e-22 4.53849311096e-22 0.0470490094122 
1.21372504497 7.24511025602e-22 4.83007350401e-22 0.0422855883628 
1.1991334071 7.3084955891e-22 4.87233039273e-22 0.0458984681924 
1.1991334071 7.3084955891e-22 4.87233039273e-22 0.0458984681924 
1.1991334071 7.3084955891e-22 4.87233039273e-22 0.0458984681924 
1.19992360249 1.21475687457e-22 8.09837916378e-23 0.0420413944008 
1.20424736986 -1.25436328443e-22 -8.36242189617e-23 0.0364956136303 
1.21086020819 -1.59579771556e-21 -1.06386514371e-21 0.0362591513361 
1.20465387744 -2.35220686005e-23 -1.5681379067e-23 0.0394861687161 
1.19158058849 -1.46538874117e-22 -9.76925827448e-23 0.0399200966373 
1.19347228016 -1.40126984005e-22 -9.34179893366e-23 0.0364498391134 
1.20449348017 2.4880623977e-22 1.65870826513e-22 0.0378955589635 
1.20726664515 1.02449217483e-21 6.82994783223e-22 0.0336380707952 
1.20941453963 -5.1664863904e-22 -3.44432426026e-22 0.0363003527491 
1.20119799691 3.9296464653e-22 2.6197643102e-22 0.041125530967 
1.20119799691 3.9296464653e-22 2.6197643102e-22 0.041125530967 
1.20184454368 9.36627706439e-22 6.24418470959e-22 0.03804492495 
1.20501431291 -5.12294544789e-22 -3.41529696526e-22 0.033930042777 
1.20501431291 -5.12294544789e-22 -3.41529696526e-22 0.033930042777 
1.20294042034 -3.7208690535e-22 -2.480579369e-22 0.0369256559435 
1.20294042034 -3.7208690535e-22 -2.480579369e-22 0.0369256559435 
1.2028803024 1.05299656352e-22 7.01997709015e-23 0.0413231056504 
1.2028803024 1.05299656352e-22 7.01997709015e-23 0.0413231056504 
1.22790019429 1.30824145832e-22 8.72160972215e-23 0.0420040948167 
1.25472672234 7.67171027986e-23 5.11447351991e-23 0.039376861214 
1.27294328624 -6.30066784078e-22 -4.20044522718e-22 0.0430745205656 
1.31770983 7.38581746045e-22 4.92387830697e-22 0.0366331336518 
1.38659104162 2.48140539887e-21 1.65427026591e-21 0.0270097860195 
1.43549109234 1.27929465226e-21 8.52863101504e-22 0.0216577655257 
1.46775593094 1.11232178983e-22 7.41547859888e-23 0.0196703618253 
1.49000635501 1.01460702193e-22 6.76404681283e-23 0.0157681581303 
1.5126066075 -2.49808348807e-21 -1.66538899205e-21 0.0117689586637 
1.52953519503 2.22254283457e-22 1.48169522305e-22 0.0094164722074 
1.52895440086 4.04893102575e-22 2.6992873505e-22 0.0102437354814 
1.54239674757 9.06206949294e-22 6.04137966196e-22 0.00898599916664 
1.54408235513 -1.22053900338e-21 -8.13692668923e-22 0.0093816779582 
1.54457750979 6.04996907353e-22 4.03331271568e-22 0.00794538284484 
1.55075535173 2.27333587711e-22 1.51555725141e-22 0.00918489714949 
1.5377017728 1.2867337463e-21 8.5782249753e-22 0.0101534191934 
1.53753979046 -8.10608524522e-22 -5.40405683015e-22 0.00898191203755 
1.53790377258 1.28779359765e-21 8.58529065097e-22 0.0119754757739 
1.54465548806 1.66610856882e-22 1.11073904588e-22 0.00769760410878 
1.54465548806 1.66610856882e-22 1.11073904588e-22 0.00769760410878 
1.54125240426 8.07617553453e-22 5.38411702302e-22 0.00738207269403 
1.53867449653 -9.65754207286e-22 -6.43836138191e-22 0.00633967487772 
1.5332333785 1.08428348234e-21 7.22855654894e-22 0.00927805099416 
1.53574861697 2.09782865509e-21 1.39855243673e-21 0.0130615908704 
1.52837803608 2.9586343162e-22 1.97242287747e-22 0.0129141570597 
1.5288448538 -1.76764835462e-21 -1.17843223641e-21 0.0105190581014 
1.52682658592 -6.54704273907e-24 -4.36469515938e-24 0.0102130441132 
1.52623646689 -2.66695313896e-22 -1.77796875931e-22 0.00789956457092 
1.5199528025 1.8103284957e-21 1.2068856638e-21 0.00846229578072 
1.51357140737 -2.31877550516e-21 -1.54585033678e-21 0.0103907904522 
1.51845221866 7.43986143876e-22 4.95990762584e-22 0.00811996709872 
1.51376493403 -1.66555030377e-22 -1.11036686918e-22 0.00787627700423 
1.51653564612 3.25888283914e-22 2.17258855943e-22 0.002804568221 
1.51590003996 7.1291807913e-22 4.7527871942e-22 0.00161868935134 
1.50440113243 1.48895382132e-21 9.92635880878e-22 0.00139828754423 
1.49850136297 4.19348230986e-22 2.79565487324e-22 0.00278079391846 
1.48867429749 -7.96624436589e-23 -5.31082957726e-23 0.00305566984358 
1.48671072742 -9.72468750222e-22 -6.48312500148e-22 0.00321938303159 
1.48568393304 -1.14113829285e-22 -7.607588619e-23 0.00192121940091 
1.48129336785 -5.82659762109e-22 -3.88439841406e-22 0.00232710653556 
1.47577519037 -4.67098747183e-22 -3.11399164789e-22 0.000316778366327 
1.47513242445 7.86234863416e-22 5.2415657561e-22 -0.00125520545478 
1.46619289395 3.45310174622e-22 2.30206783081e-22 0.000103977805237 
1.46717686391 1.03733721986e-21 6.9155814657e-22 -0.00402879098719 
1.45762561856 1.9703563965e-21 1.313570931e-21 -0.00333955464431 
1.43694447506 5.79304364648e-22 3.86202909765e-22 -0.0013895342933 
1.41715580924 1.46223614145e-21 9.74824094303e-22 -0.00089805014169 
1.37553994757 4.9958641464e-22 3.3305760976e-22 0.00646951452766 
1.31532598757 -3.87808645711e-22 -2.58539097141e-22 0.0138904074258 
1.24887303319 9.54669856615e-22 6.36446571077e-22 0.0101193514402 
1.16438963037 1.566808977e-18 1.044539318e-18 0.0087838590276 
1.0804533686 1.03174549351e-17 6.87830329009e-18 0.0028245890751 
1.01801037994 0.0133382370693 0.0088921580462 -0.00237287278946 
0.970567043369 0.0242458095236 0.0161638730157 -0.00697585373431 
0.941798445282 0.0316891078633 0.0211260719089 -0.0138557940204 
0.925028356257 0.0361855207073 0.0241236804716 -0.0126823084552 
0.918987060074 0.0379994908514 0.0253329939009 -0.0185206284313 
0.91147846281 0.0404063695668 0.0269375797112 -0.0189859145293 
0.91147846281 0.0404063695668 0.0269375797112 -0.0189859145293 
0.910434608105 0.0405834890939 0.0270556593959 -0.0158201258741 
0.910434608105 0.0405834890939 0.0270556593959 -0.0158201258741 
0.910434608105 0.0405834890939 0.0270556593959 -0.0158201258741 
0.911859032417 0.0399600283662 0.0266400189108 -0.0206743327234 
0.915822077524 0.0387336764742 0.0258224509828 -0.0216656688299 
0.918938127965 0.0374837797427 0.0249891864951 -0.0203062032924 
0.907715705158 0.039837901083 0.026558600722 -0.0151798942004 
0.921905403475 0.0351777370172 0.0234518246781 -0.0169998438211 
0.921218785935 0.0348528514418 0.0232352342945 -0.0121779508222 
0.921218785935 0.0348528514418 0.0232352342945 -0.0121779508222 
0.921218785935 0.0348528514418 0.0232352342945 -0.0121779508222 
0.928603030078 0.032282432368 0.0215216215787 -0.0118162306921 
0.936640812967 0.0294235126817 0.0196156751212 -0.0149888830533 
0.947931780827 0.0253146826269 0.0168764550846 -0.016361456296 
0.939495383413 0.0265863795647 0.0177242530431 -0.0186543106026 
0.939192552144 0.0255062638686 0.0170041759124 -0.014663809477 
0.934092616439 0.025612666078 0.0170751107187 -0.0132274704929 
0.937376686125 0.0234937844312 0.0156625229541 -0.0133850640788 
0.930880872269 0.0242216832604 0.0161477888403 -0.0100492072036 
0.935294781744 0.0219047029683 0.0146031353122 -0.0107530065595 
0.928057116218 0.0225391671339 0.0150261114226 -0.007448886089 
0.928057116218 0.0225391671339 0.0150261114226 -0.007448886089 
0.928057116218 0.0225391671339 0.0150261114226 -0.007448886089 
0.928057116218 0.0225391671339 0.0150261114226 -0.007448886089 
0.925724801502 0.0227904485065 0.0151936323376 -0.0128535384548 
0.903202818044 0.0289536499193 0.0193024332795 -0.010719914893 
0.84215367984 0.0474336550289 0.0316224366859 -0.00817342456278 
0.853910875772 0.339324924847 0.226216616564 -0.00587379506986 
0.753836577274 0.388499181507 0.258999454338 -0.00672681038223 
0.486382082493 0.148685045155 0.0991233634365 -0.0087402276326 
0.306473887438 0.0681463223548 0.0454308815699 0.0167142001039 
0.17380017103 2.37973697136e-19 1.58649131424e-19 -0.00180655828017 
0.102336966856 6.50521303491e-18 4.33680868994e-18 0.00185353497033 
0.0558260456247 1.08167851393e-21 7.21119009286e-22 0.00545719824695 
0.0235473007076 -1.68849923876e-21 -1.12566615917e-21 0.00804756344723 
0.00342652047393 4.93090933908e-22 3.28727289272e-22 0.0105377631503 
-8.67361737988e-19 -2.87313302598e-22 -1.91542201732e-22 0.0108190322103 
-8.67361737988e-19 -2.87313302598e-22 -1.91542201732e-22 0.0108190322103 
2.42295709183e-21 2.32915265409e-21 1.55276843606e-21 0.01466504689 
2.42295709183e-21 2.32915265409e-21 1.55276843606e-21 0.01466504689 
-2.91980118853e-21 -2.27689915983e-21 -1.51793277322e-21 0.0196925092935 
-2.91980118853e-21 -2.27689915983e-21 -1.51793277322e-21 0.0196925092935 
-2.91980118853e-21 -2.27689915983e-21 -1.51793277322e-21 0.0196925092935 
5.51410951149e-21 1.26594120605e-21 8.43960804031e-22 0.0236559019746 
5.51410951149e-21 1.26594120605e-21 8.43960804031e-22 0.0236559019746 
5.51410951149e-21 1.26594120605e-21 8.43960804031e-22 0.0236559019746 
5.51410951149e-21 1.26594120605e-21 8.43960804031e-22 0.0236559019746 
5.51410951149e-21 1.26594120605e-21 8.43960804031e-22 0.0236559019746 
5.51410951149e-21 1.26594120605e-21 8.43960804031e-22 0.0236559019746 
5.51410951149e-21 1.26594120605e-21 8.43960804031e-22 0.0236559019746 
5.51410951149e-21 1.26594120605e-21 8.43960804031e-22 0.0236559019746 
5.51410951149e-21 1.26594120605e-21 8.43960804031e-22 0.0236559019746 
5.51410951149e-21 1.26594120605e-21 8.43960804031e-22 0.0236559019746 
5.51410951149e-21 1.26594120605e-21 8.43960804031e-22 0.0236559019746 
5.51410951149e-21 1.26594120605e-21 8.43960804031e-22 0.0236559019746 
5.51410951149e-21 1.26594120605e-21 8.43960804031e-22 0.0236559019746 
5.51410951149e-21 1.26594120605e-21 8.43960804031e-22 0.0236559019746 
5.51410951149e-21 1.26594120605e-21 8.43960804031e-22 0.0236559019746 
0.00349098241001 2.94797823976e-22 1.96531882651e-22 0.0233438392454 
0.00349098241001 2.94797823976e-22 1.96531882651e-22 0.0233438392454 
0.0 2.7901236093e-21 1.8600824062e-21 0.0224215252153 
0.0 2.7901236093e-21 1.8600824062e-21 0.0224215252153 
0.0 2.7901236093e-21 1.8600824062e-21 0.0224215252153 
0.0 2.7901236093e-21 1.8600824062e-21 0.0224215252153 
2.77833286684e-21 4.57329060436e-21 3.04886040291e-21 0.0200040790534 
0.00663414940018 9.45791623312e-22 6.30527748874e-22 0.0205148460106 
0.0270573239227 -2.50752926041e-21 -1.67168617361e-21 0.0186119251497 
0.0858096083543 2.65509533046e-21 1.77006355364e-21 0.0140422817916 
0.1592906156 -1.00246872549e-22 -6.68312483663e-23 0.00792050817087 
0.258891160856 0.0985874293402 0.0657249528935 -0.0384808827919 
0.374145648965 0.158690069855 0.105793379903 0.0372003719279 
0.585335350394 0.431133512307 0.287422341538 0.0157102836693 
0.808753255249 0.539236431279 0.359490954186 0.0283922206451 
0.885175137387 0.473727003062 0.315818002042 0.0451718265303 
0.847600926831 0.163644763857 0.109096509238 0.0857082344191 
0.910176302148 0.144250950317 0.0961673002114 0.0939418504519 
0.922884977534 0.137537058379 0.0916913722527 0.110746196728 
0.916189352226 0.136474257717 0.0909828384783 0.128527984808 
0.866203186656 0.152249557777 0.101499705185 0.155737872402 
0.862740158626 0.521625206163 0.347750137442 0.125552526767 
0.834786592823 0.690491852884 0.460327901923 0.127567450222 
0.759026044545 0.838182844786 0.558788563191 0.126650008703 
0.713306624753 0.98430978937 0.656206526247 0.110169143309 
0.575995259286 1.10519119523 0.73679413015 0.0710574673613 
0.479034433292 1.19547725959 0.796984839725 0.0213434681461 
0.38924947086 1.29895765152 0.865971767682 -0.0542077382066 
0.763031973782 1.34703913616 0.898026090775 -0.0119028357469 
0.946659377315 1.37723718953 0.918158126351 0.034748402097 
1.06476794804 1.39848046038 0.932320306922 0.0793719830116 
1.13686764229 1.41836836104 0.945578907363 0.0986082691545 
1.18357278636 1.43845695233 0.958971301554 0.0803358017953 
1.20854474373 1.45368385714 0.969122571428 0.0297907074607 
1.22901960977 1.46437704786 0.976251365241 -0.00270706155334 
1.24981865217 1.46913756509 0.979425043396 -0.0314039710742 
1.26724219058 1.4721784434 0.981452295602 -0.0517199547229 
1.28104320427 1.47561386597 0.98374257731 -0.0558885998817 
1.28889534856 1.47588459804 0.98392306536 -0.0776430146757 
1.29713584015 1.47521340684 0.983475604558 -0.0801627113691 
1.30057308096 1.47540182789 0.983601218596 -0.0935867546978 
1.30461293547 1.47579858265 0.983865721767 -0.0944083608585 
1.30882578392 1.47515740433 0.983438269556 -0.0954669191891 
1.30912060516 1.4762147553 0.984143170199 -0.0955784922349 
1.31174428507 1.47606191481 0.984041276543 -0.0960453062827 
1.31179697806 1.4762380485 0.984158698998 -0.0960389012852 
1.31177276363 1.47614177402 0.984094516013 -0.0959869627365 
1.31183744291 1.47660710811 0.984404738738 -0.096001819312 
1.31163073687 1.47586806454 0.983912043024 -0.0959257648544 
1.30834654098 1.47592123587 0.983947490582 -0.0952426069471 
1.30593915003 1.47511190587 0.983407937244 -0.0942875012037 
1.30134075704 1.47455077717 0.983033851447 -0.0924096790148 
1.29477900535 1.47253996908 0.981693312717 -0.0899159366172 
1.28559630931 1.46992531006 0.979950206706 -0.0670169605516 
1.27288444957 1.46485367504 0.976569116697 -0.0453304548416 
1.25865261299 1.45766998148 0.971779987656 -0.0218269343211 
1.2392860558 1.44220768304 0.961471788696 0.0208783726177 
1.21336851938 1.42206988139 0.948046587596 0.057891349973 
1.17228388407 1.39330049285 0.928866995236 0.0740076093309 
1.10822879631 1.36710547376 0.911403649173 0.0433300998376 
1.03028136866 1.33859507697 0.89239671798 0.0109806005398 
0.933927513675 1.30685524967 0.871236833112 -0.0166204258763 
0.786984234349 1.26638025372 0.844253502478 -0.0429540721715 
0.540828140873 1.20458256514 0.803055043425 -0.0735729540826 
0.575876961358 1.12152272898 0.747681819317 -0.0540560421683 
0.652505716132 1.03379553758 0.689197025054 -0.0318603708478 
0.736790055764 0.924375817912 0.616250545274 -0.014872618087 
0.807969051012 0.799395552287 0.532930368191 -0.00538462848285 
0.864975322484 0.661260254987 0.440840169991 -0.00115363779102 
0.862457351104 0.390742406717 0.260494937811 0.000120709431742 
0.884146021771 0.063131257392 0.042087504928 0.00884095295781 
0.962219406647 0.0385852603874 0.0257235069249 -0.00727067307217 
0.991247493715 0.0256136056241 0.0170757370827 -0.0245822256965 
0.980312937528 0.0226006163381 0.0150670775587 -0.0283083094131 
0.972042566157 0.0203996070361 0.0135997380241 -0.0310366183144 
0.96102547811 0.021077481458 0.0140516543053 -0.0340176221751 
0.935371036334 0.0267242512553 0.0178161675036 -0.0278655127926 
0.861992840972 0.0485897654635 0.0323931769756 -0.0320963608082 
0.880958339838 0.374146604798 0.249431069865 -0.0266038743978 
0.904869718774 0.533023802221 0.355349201481 -0.0244382846695 
0.860317031979 0.573535803445 0.382357202297 -0.0305067101868 
0.815560199431 0.616939377586 0.411292918391 -0.0349461300224 
0.483515292015 0.0398453449119 0.0265635632746 -0.295057963981 
0.435504957818 0.0891011121747 0.0594007414498 -0.331809118214 
0.393196944128 0.128572119592 0.0857147463944 -0.360044525312 
0.361399888415 0.16731155995 0.111541039967 -0.382477628228 
0.338733545076 0.195183550023 0.130122366682 -0.394546461188 
0.321353958504 0.219952597579 0.146635065053 -0.40014507703 
0.266972031844 0.267642876788 0.178428584525 -0.280063263364 
0.251452114281 0.272529909442 0.181686606295 -0.284747482169 
0.241579899376 0.296409102966 0.197606068644 -0.282095359496 
0.23068244884 0.297845675869 0.198563783913 -0.283548554229 
0.221908407233 0.304650251677 0.203100167785 -0.283427798006 
0.207264513471 0.333045630928 0.222030420619 -0.271227326357 
0.207264513471 0.333045630928 0.222030420619 -0.271227326357 
0.207264513471 0.333045630928 0.222030420619 -0.271227326357 
0.198521813253 0.335129596025 0.223419730683 -0.271352853524 
0.198521813253 0.335129596025 0.223419730683 -0.271352853524 
0.198521813253 0.335129596025 0.223419730683 -0.271352853524 
0.188806058225 0.341614043403 0.227742695602 -0.270160463217 
0.178352217239 0.364161287405 0.242774191603 -0.249070419328 
0.178352217239 0.364161287405 0.242774191603 -0.249070419328 
0.178352217239 0.364161287405 0.242774191603 -0.249070419328 
0.178352217239 0.364161287405 0.242774191603 -0.249070419328 
0.178352217239 0.364161287405 0.242774191603 -0.249070419328 
0.178352217239 0.364161287405 0.242774191603 -0.249070419328 
0.0396612005962 -2.21782097996e-17 -1.47854731998e-17 0.0526432100407 
0.0352071899046 -2.19999738261e-22 -1.46666492174e-22 0.0349674889605 
0.0260894169364 -8.69672218779e-22 -5.79781479186e-22 0.00465938884295 
0.0170264149893 -2.70373858724e-22 -1.8024923915e-22 -0.030307855438 
0.0147963623732 8.81058556355e-22 5.87372370903e-22 -0.0635043532892 
0.00762816364141 8.26409816217e-22 5.50939877478e-22 -0.0975264800322 
0.00544488405044 2.25254459298e-22 1.50169639532e-22 -0.130388637256 
1.24511738083e-19 -6.71508202145e-23 -4.47672134763e-23 -0.159881733806 
-6.41773808543e-22 -1.29709434398e-23 -8.64729562651e-24 -0.184793243667 
1.41353683436e-21 0.026548690974 0.017699127316 -0.210778520124 
-8.64724089911e-22 0.0247033433904 0.0164688955936 -0.222944974465 
1.59926516445e-21 0.0242968058576 0.0161978705718 -0.23269679359 
-1.22203704738e-21 0.0226580476033 0.0151053650689 -0.236173889731 
-3.27439047266e-22 0.0207946016834 0.0138630677889 -0.243590233652 
-3.27439047266e-22 0.0207946016834 0.0138630677889 -0.243590233652 
-2.69818157899e-20 -2.45239762373e-18 -1.63493174915e-18 -0.240920945325 
-2.69818157899e-20 -2.45239762373e-18 -1.63493174915e-18 -0.240920945325 
6.08356245783e-22 0.0350068958755 0.0233379305837 -0.256295922442 
6.08356245783e-22 0.0350068958755 0.0233379305837 -0.256295922442 
6.08356245783e-22 0.0350068958755 0.0233379305837 -0.256295922442 
-1.23185687157e-22 0.0382248526462 0.0254832350975 -0.249645371298 
-1.23185687157e-22 0.0382248526462 0.0254832350975 -0.249645371298 
-1.40902964471e-21 0.0399485408486 0.0266323605658 -0.246031278093 
-1.40902964471e-21 0.0399485408486 0.0266323605658 -0.246031278093 
-2.73323807127e-22 0.00147880829343 0.000985872195618 -0.223887308598 
4.14578211525e-22 0.00464759030636 0.00309839353757 -0.21402276225 
-1.42945439837e-22 0.00639702900132 0.00426468600088 -0.202550319292 
5.411268392e-22 0.00767726544489 0.00511817696326 -0.189544617022 
2.46924359352e-21 0.01101135364 0.00734090242667 -0.165175704209 
2.9398856091e-20 5.20417042793e-18 3.46944695195e-18 -0.134631149418 
-1.39626351517e-20 2.16840434497e-19 1.44560289665e-19 -0.10347125512 
2.40148375652e-21 2.98614764065e-22 1.99076509377e-22 -0.0728088929379 
5.87604881653e-21 2.16576426853e-21 1.44384284568e-21 -0.045803808792 
3.55580784208e-21 2.7427122504e-21 1.8284748336e-21 -0.0195567258273 
-3.59269912198e-21 -8.4281706793e-23 -5.61878045287e-23 0.00495908073009 
-1.46482949345e-21 -9.7246646813e-22 -6.48310978753e-22 0.0189429810028 
-2.04957091709e-23 6.89190706193e-22 4.59460470795e-22 0.0307397565229 
2.35207388362e-22 2.67783622734e-21 1.78522415156e-21 0.0376665365583 
-2.40532812568e-21 2.45809031282e-21 1.63872687521e-21 0.0444858112615 
-1.05996815129e-21 7.54510198221e-22 5.03006798814e-22 0.051015167094 
-1.05996815129e-21 7.54510198221e-22 5.03006798814e-22 0.051015167094 
-1.05996815129e-21 7.54510198221e-22 5.03006798814e-22 0.051015167094 
1.786955505e-21 2.88486200353e-21 1.92324133568e-21 0.05971559924 
1.786955505e-21 2.88486200353e-21 1.92324133568e-21 0.05971559924 
1.786955505e-21 2.88486200353e-21 1.92324133568e-21 0.05971559924 
1.786955505e-21 2.88486200353e-21 1.92324133568e-21 0.05971559924 
1.786955505e-21 2.88486200353e-21 1.92324133568e-21 0.05971559924 
1.786955505e-21 2.88486200353e-21 1.92324133568e-21 0.05971559924 
1.786955505e-21 2.88486200353e-21 1.92324133568e-21 0.05971559924 
1.786955505e-21 2.88486200353e-21 1.92324133568e-21 0.05971559924 
7.39563058358e-21 7.03070034609e-22 4.68713356406e-22 0.0655024647937 
7.39563058358e-21 7.03070034609e-22 4.68713356406e-22 0.0655024647937 
7.39563058358e-21 7.03070034609e-22 4.68713356406e-22 0.0655024647937 
7.39563058358e-21 7.03070034609e-22 4.68713356406e-22 0.0655024647937 
7.39563058358e-21 7.03070034609e-22 4.68713356406e-22 0.0655024647937 
7.39563058358e-21 7.03070034609e-22 4.68713356406e-22 0.0655024647937 
7.39563058358e-21 7.03070034609e-22 4.68713356406e-22 0.0655024647937 
7.39563058358e-21 7.03070034609e-22 4.68713356406e-22 0.0655024647937 
7.39563058358e-21 7.03070034609e-22 4.68713356406e-22 0.0655024647937 
7.39563058358e-21 7.03070034609e-22 4.68713356406e-22 0.0655024647937 
7.39563058358e-21 7.03070034609e-22 4.68713356406e-22 0.0655024647937 
7.39563058358e-21 7.03070034609e-22 4.68713356406e-22 0.0655024647937 
7.39563058358e-21 7.03070034609e-22 4.68713356406e-22 0.0655024647937 
7.39563058358e-21 7.03070034609e-22 4.68713356406e-22 0.0655024647937 
7.39563058358e-21 7.03070034609e-22 4.68713356406e-22 0.0655024647937 
7.39563058358e-21 7.03070034609e-22 4.68713356406e-22 0.0655024647937 
-2.28969899953e-21 -1.15100307433e-21 -7.67335382889e-22 0.0515491828773 
-3.95932052578e-21 4.81232220359e-22 3.20821480239e-22 0.0237866249162 
1.50994265142e-21 -2.04527955125e-23 -1.36351970083e-23 -0.0113683626674 
-8.13596848918e-21 0.0995203568951 0.0663469045968 -0.0602937819723 
-3.55141439441e-22 0.098348526893 0.0655656845953 -0.100097283393 
1.16471870847e-20 0.0966620261911 0.0644413507941 -0.140582076456 
-3.64463599922e-21 0.169937916414 0.113291944276 -0.203489631164 
-2.55605049779e-21 0.155091509115 0.10339433941 -0.230351038348 
2.7467660943e-21 0.145877419152 0.0972516127682 -0.248589973467 
2.32324233768e-22 0.13882190454 0.0925479363599 -0.258314815347 
4.063838936e-21 0.132646832121 0.0884312214138 -0.267596467263 
4.063838936e-21 0.132646832121 0.0884312214138 -0.267596467263 
4.063838936e-21 0.132646832121 0.0884312214138 -0.267596467263 
-2.27943802442e-21 0.126040531036 0.0840270206908 -0.271596456665 
-2.27943802442e-21 0.126040531036 0.0840270206908 -0.271596456665 
-2.27943802442e-21 0.126040531036 0.0840270206908 -0.271596456665 
-2.27943802442e-21 0.126040531036 0.0840270206908 -0.271596456665 
-2.27943802442e-21 0.126040531036 0.0840270206908 -0.271596456665 
-2.27943802442e-21 0.126040531036 0.0840270206908 -0.271596456665 
-2.27943802442e-21 0.126040531036 0.0840270206908 -0.271596456665 
-2.27943802442e-21 0.126040531036 0.0840270206908 -0.271596456665 
8.69222264784e-21 0.0825946156626 0.0550630771084 -0.255611917219 
8.69222264784e-21 0.0825946156626 0.0550630771084 -0.255611917219 
-3.88492529814e-21 0.0521556928457 0.0347704618971 -0.240514355889 
-3.88492529814e-21 0.0521556928457 0.0347704618971 -0.240514355889 
-3.88492529814e-21 0.0521556928457 0.0347704618971 -0.240514355889 
-3.97507353109e-21 0.0537557237531 0.0358371491687 -0.232758693355 
-6.32780224943e-23 0.0542782945786 0.0361855297191 -0.217496085135 
1.00927774603e-22 0.0318688309018 0.0212458872679 -0.189335289884 
2.12213548615e-21 0.0388492316912 0.0258994877941 -0.163099231407 
5.99072659102e-20 -8.61920521726e-18 -5.74613681151e-18 -0.111914074624 
2.0859012718e-21 -2.40072627112e-22 -1.60048418075e-22 -0.0751320923212 
-9.86555811832e-22 -1.2231740297e-21 -8.15449353133e-22 -0.0481184843292 
0.00536630949638 -5.48747930438e-22 -3.65831953625e-22 -0.0239555626233 
0.0112830111582 3.0598678956e-21 2.0399119304e-21 -0.00349898080135 
0.0160711300388 1.03725634093e-21 6.91504227287e-22 0.0102802244612 
0.0126101660723 -3.6910379254e-22 -2.46069195026e-22 0.018718854458 
0.0218080310123 9.63275991126e-22 6.42183994084e-22 0.0224664788966 
0.0244679980144 -4.06877634085e-22 -2.71251756056e-22 0.0311961602073 
0.0192266695519 4.42453318098e-22 2.94968878732e-22 0.0331027971626 
0.0243346784728 -2.23502173581e-21 -1.49001449054e-21 0.0351451496492 
0.0173611094901 3.21581864296e-21 2.14387909531e-21 0.037961268335 
0.0118723125423 1.54324270407e-21 1.02882846938e-21 0.0385797475026 
0.0118723125423 1.54324270407e-21 1.02882846938e-21 0.0385797475026 
0.00786537215388 -2.49077041563e-21 -1.66051361042e-21 0.0398474193459 
0.00786537215388 -2.49077041563e-21 -1.66051361042e-21 0.0398474193459 
0.00786537215388 -2.49077041563e-21 -1.66051361042e-21 0.0398474193459 
0.00786537215388 -2.49077041563e-21 -1.66051361042e-21 0.0398474193459 
0.0113976742002 2.65708655889e-22 1.77139103926e-22 0.0396131915097 
0.0155370934572 4.82095053314e-21 3.2139670221e-21 0.0400053945653 
0.0155370934572 4.82095053314e-21 3.2139670221e-21 0.0400053945653 
0.0155370934572 4.82095053314e-21 3.2139670221e-21 0.0400053945653 
0.0119427147717 -1.23157958782e-21 -8.21053058545e-22 0.0406992917977 
0.0119427147717 -1.23157958782e-21 -8.21053058545e-22 0.0406992917977 
0.00686692150318 2.0083898573e-22 1.33892657153e-22 0.0421582653432 
0.00686692150318 2.0083898573e-22 1.33892657153e-22 0.0421582653432 
0.00686692150318 2.0083898573e-22 1.33892657153e-22 0.0421582653432 
0.0110205759705 -2.14168235368e-21 -1.42778823579e-21 0.0391518133582 
0.0189130871503 1.18247028089e-21 7.88313520591e-22 0.035771485095 
0.0325426179198 2.52802584934e-21 1.68535056623e-21 0.0337072677281 
0.0504230038343 6.63692503844e-22 4.42461669229e-22 0.0318537715892 
0.0781560024899 -2.49197042122e-21 -1.66131361415e-21 0.0294951321277 
0.115344288078 2.55287804151e-21 1.70191869434e-21 0.0279204781394 
0.181157003038 2.01022547989e-21 1.34015031993e-21 0.0258508958786 
0.263837764136 1.71112397343e-21 1.14074931562e-21 0.0238375399601 
0.345931742568 -2.68664512706e-22 -1.79109675137e-22 -0.0286966973594 
0.46270099851 -9.89178892703e-22 -6.59452595136e-22 -0.2099105295 
0.536859515344 -6.23725884066e-23 -4.15817256044e-23 -0.0342864658979 
0.655836524727 -4.2993970296e-23 -2.8662646864e-23 0.0287777501326 
0.832684666335 0.215385772681 0.14359051512 0.0188381914192 
0.888758558942 0.195114434563 0.130076289708 0.0276675323341 
0.882446861353 0.19745255643 0.13163503762 0.040384342721 
0.856849638343 0.207574082177 0.138382721452 0.0503518760172 
0.862387833885 0.450296118053 0.300197412035 0.0454380322943 
0.84121429149 0.676353176819 0.450902117879 0.0447562557405 
0.735755560002 0.842402485594 0.561601657062 0.0315240887846 
0.67405250983 1.02604936999 0.684032913329 0.0111178698908 
0.539895084469 1.14434138491 0.762894256604 -0.0283238309553 
0.760115054511 1.23255487737 0.821703251577 -0.0181326967345 
0.963113207474 1.29190563057 0.86127042038 0.0174373835114 
1.09588322474 1.33440102828 0.889600685521 0.0599678843948 
1.18099204032 1.36628040437 0.910853602913 0.0921388369974 
1.21716150172 1.39498295971 0.929988639809 0.0791434605607 
1.2453601134 1.41388018558 0.942586790384 0.0682463322847 
1.2562722103 1.42900310392 0.952668735947 0.0214595724279 
1.26831219922 1.43834165855 0.958894439036 -0.00659870027938 
1.27733360182 1.4438110027 0.962540668464 -0.0269687716941 
1.28307823842 1.44704752622 0.964698350815 -0.0465453414366 
1.28987217759 1.44912618916 0.966084126105 -0.0491164449475 
1.2949545704 1.44999216947 0.966661446316 -0.0520241214417 
1.29449401319 1.45101381682 0.967342544545 -0.0691687640784 
1.29499788262 1.45312102451 0.968747349671 -0.0693540953164 
1.29863360798 1.45317095232 0.96878063488 -0.0714680670689 
1.30199628336 1.4524186164 0.968279077597 -0.0735368303738 
1.30201792146 1.45258218748 0.968388124986 -0.0736047432904 
1.30209365873 1.45270948694 0.968472991292 -0.0736718244727 
1.3021252092 1.45285807289 0.968572048591 -0.0737177747276 
1.30209225838 1.45267498172 0.968449987813 -0.0737440472235 
1.30032797485 1.45309140464 0.968727603091 -0.0744317211109 
1.30004772858 1.45183448745 0.967889658298 -0.0743764599934 
1.29971392344 1.45051482107 0.967009880715 -0.0742812097535 
1.29951253431 1.44987940191 0.966586267939 -0.074232926978 
1.29929270827 1.44902729253 0.966018195018 -0.0741734948154 
1.29643362764 1.44942746835 0.966284978898 -0.0732459196073 
1.29417789399 1.45102225747 0.967348171648 -0.0731385562737 
1.29399325163 1.45050367524 0.96700245016 -0.0730910375018 
1.29372835943 1.44964109303 0.966427395352 -0.0730295331792 
1.28935509577 1.44991904901 0.966612699343 -0.0726725977824 
1.28447695938 1.45040897922 0.96693931948 -0.0722558133141 
1.27210401669 1.45075097368 0.967167315784 -0.0694263360236 
1.25614515406 1.45014440228 0.966762934851 -0.0642890662053 
1.24022894822 1.44765195207 0.965101301378 -0.0250551193372 
1.21965080504 1.43866560715 0.959110404768 0.0192117795087 
1.1995258305 1.42420914885 0.949472765901 0.0664978198696 
1.17742775237 1.38833427751 0.925556185006 0.121945463511 
1.10039533157 1.34364944253 0.89576629502 0.0929771707982 
0.948294791833 1.2857210174 0.857147344931 0.0304838711419 
0.688950750235 1.21283268291 0.808555121941 -0.0222977220471 
0.606973207155 1.08432870373 0.722885802484 -0.0224947571711 
0.721033362084 0.945024634827 0.630016423218 -0.00873137930291 
0.816276547826 0.77737294364 0.518248629093 -0.00594239755157 
0.897446620289 0.601867026991 0.401244684661 -0.0118754236827 
0.878205714438 0.237250839041 0.158167226027 -0.0265007712027 
0.934450217106 0.0217496294381 0.0144997529587 -0.042523033813 
1.01417677909 3.83169230569e-20 2.55446153713e-20 -0.0550538069912 
1.07534283693 -3.20601767382e-24 -2.13734511588e-24 -0.0603278986638 
1.10971345031 9.76017465726e-23 6.50678310484e-23 -0.0616109736476 
1.13710536819 6.82299354678e-07 4.54866236452e-07 -0.0636313566615 
1.14955387467 1.65285760782e-06 1.10190507188e-06 -0.0659650447678 
1.19149903087 0.127424353843 0.0849495692284 -0.0530495544787 
1.1979742862 0.125622739815 0.0837484932103 -0.0533401692869 
1.19079289314 0.126366833751 0.0842445558342 -0.0525120715519 
1.19054608515 0.126273909082 0.0841826060544 -0.0546353676112 
1.14610261965 5.03455406783e-18 3.35636937855e-18 -0.0662241697866 
1.15744510791 0.000359470500992 0.000239647000661 -0.0659185362177 
1.15054579404 0.00305603075966 0.00203735383978 -0.0633577839485 
1.13896391791 0.00593485318919 0.00395656879279 -0.0610388394385 
1.13761181297 0.00591800514193 0.00394533676128 -0.05854029749 
1.13530463408 0.00612852453185 0.00408568302123 -0.0538732489123 
1.12748688778 0.00836468658932 0.00557645772621 -0.0552554978534 
1.1198342834 0.00891442345129 0.00594294896753 -0.0519790140885 
1.11177687726 0.0102895122118 0.00685967480788 -0.051730121944 
1.10273111678 0.0116999227303 0.00779994848687 -0.0513369782986 
1.09378905481 0.0128127259365 0.00854181729098 -0.0495840052641 
1.08243120527 0.0137306997999 0.00915379986658 -0.0466111533298 
1.06032183365 0.0170813350641 0.0113875567094 -0.0457946219213 
1.01038139539 0.0322099722611 0.0214733148407 -0.0555958683072 
0.941858609936 0.0498102315533 0.0332068210355 -0.0396970853436 
0.841245897713 0.0781482396613 0.0520988264409 -0.0148551703253 
0.876752546955 0.496355043727 0.330903362484 -0.00382965537147 
0.851417422306 0.674354451495 0.44956963433 0.00616419623742 
0.766741388393 0.804423264608 0.536282176405 0.0131154848171 
0.709082071598 0.953679998133 0.635786665422 0.00889282388406 
0.606651905609 1.07556060517 0.717040403447 -0.00552047877624 
0.51266316744 1.18703738958 0.791358259722 -0.0385779908458 
0.847791953886 1.25474606876 0.83649737917 0.00272162295437 
0.976190253953 1.29856646815 0.865710978765 0.0276127904944 
1.06697947043 1.33947942206 0.892986281375 0.0462907810366 
1.14411554017 1.37581349426 0.917208996173 0.0630129859099 
1.19089788659 1.40870175967 0.939134506447 0.0444317770728 
1.21522757022 1.43363140866 0.955754272439 -0.000964432221353 
1.23884599163 1.44871406503 0.96580937669 -0.0529506955062 
1.25806701458 1.45759195937 0.97172797291 -0.0967765871102 
1.27252805737 1.46222640182 0.974817601215 -0.133704734593 
1.28421174793 1.46441098258 0.976273988384 -0.157891507636 
1.2921874668 1.46662289223 0.977748594817 -0.174478557962 
1.2979603037 1.47044973743 0.980299824955 -0.177331525692 
1.29753747448 1.47225529648 0.981503530988 -0.194250341471 
1.30054318292 1.47363736348 0.982424908984 -0.195819135219 
1.300703137 1.47373798418 0.982491989454 -0.205831210906 
1.3033528328 1.47367876928 0.982452512856 -0.206796799966 
1.30357086069 1.47437422144 0.982916147625 -0.20694895905 
1.30381661995 1.47463474282 0.983089828546 -0.215589039132 
1.30395384058 1.47530658321 0.983537722139 -0.215694703245 
1.30395384058 1.47530658321 0.983537722139 -0.215694703245 
1.30408331499 1.47600549121 0.984003660806 -0.215801286647 
1.30606691049 1.47600849518 0.984005663452 -0.216166300407 
1.30618485259 1.47638190908 0.984254606054 -0.216229923658 
1.30635775089 1.47685859367 0.984572395779 -0.216328633207 
1.3084249063 1.47672806573 0.98448537715 -0.217316709966 
1.30858935534 1.47765084555 0.985100563703 -0.217509325225 
1.30716857072 1.475903371 0.983935580666 -0.229222327349 
1.30557739397 1.47699218302 0.984661455345 -0.229211975733 
1.30385806098 1.47803835044 0.985358900293 -0.228837564939 
1.30365463296 1.47688754218 0.984591694785 -0.228634607897 
1.30390784214 1.47798894885 0.985325965897 -0.228806418062 
1.30393840595 1.47843255046 0.98562170031 -0.228850910838 
1.30396355953 1.47877770234 0.985851801559 -0.22888536284 
1.30393654243 1.47843543444 0.985623622961 -0.228823009016 
1.30554891418 1.47741356111 0.984942374072 -0.228244426864 
1.30564141758 1.47792167678 0.985281117856 -0.22829134123 
1.30559010652 1.47779096579 0.985193977196 -0.228235811569 
1.3037033156 1.47904106423 0.986027376151 -0.227968184388 
1.30068901822 1.47982484133 0.986549894219 -0.227263438526 
1.2952670138 1.4779312324 0.985287488263 -0.225295117974 
1.28199660271 1.47636505938 0.984243372919 -0.202698026621 
1.25138120322 1.46397399669 0.975982664459 -0.127789793819 
1.22010267938 1.42692791267 0.951285275116 0.0129784446908 
1.14440997852 1.34387939881 0.895919599206 0.0542262554438 
0.986131140894 1.26259050661 0.841727004404 -0.0122447793674 
0.742413440368 1.15125669536 0.767504463572 -0.0591751292642 
0.707441196056 0.998787433849 0.665858289233 -0.0570915979352 
0.802693082583 0.84242889343 0.561619262287 -0.0473824728597 
0.863849975002 0.676479293268 0.450986195512 -0.0494444579424 
0.884121894829 0.453071477821 0.302047651881 -0.0588461632329 
0.920780109698 0.212480863132 0.141653908755 -0.0738903106739 
0.999362694315 0.184109944575 0.12273996305 -0.0730474253871 
1.04935495141 0.165212515349 0.110141676899 -0.0702767298016 
1.09123424732 0.151249469702 0.100832979801 -0.0713577553561 
1.1142999766 0.143848531037 0.0958990206911 -0.0706782640132 
1.13509691898 0.138709436661 0.0924729577743 -0.0715774535422 
1.14588336308 0.137091216971 0.0913941446474 -0.0703641160286 
1.14608684564 0.137207288415 0.0914715256103 -0.0685146180748 
1.15655579754 0.136259878519 0.0908399190125 -0.0690980597387 
1.15569979415 0.136971745485 0.0913144969899 -0.06798365134 
1.15002846652 0.139324660405 0.0928831069364 -0.0693432456729 
1.14729168132 0.140623523195 0.0937490154635 -0.0686345253779 
1.14544024673 0.142107075863 0.0947380505755 -0.0688966317222 
1.14891867807 0.142306020775 0.0948706805164 -0.0704149116597 
1.15883196855 0.140888651354 0.0939257675694 -0.0688479677333 
1.22108719411 0.295656387478 0.197104258318 -0.0544746553315 
1.22108719411 0.295656387478 0.197104258318 -0.0544746553315 
1.16628860404 0.18748568424 0.12499045616 -0.0646713259444 
1.17060607547 0.186834567777 0.124556378518 -0.065939387325 
1.16737151277 0.187242935859 0.124828623906 -0.0656229196693 
1.17049007559 0.186323623939 0.124215749293 -0.0637168423815 
1.16381991551 0.187974458691 0.125316305794 -0.0632262980708 
1.15649949457 0.190213288707 0.126808859138 -0.059254935487 
1.13689504126 0.197026649784 0.131351099856 -0.0560194161116 
1.07381010322 0.218566563686 0.145711042457 -0.0525895025907 
0.927748563019 0.27463172009 0.183087813394 -0.0465434951074 
0.650118878272 8.31386024571e-16 5.54257349714e-16 -0.11341939171 
0.491404712825 7.59030031664e-18 5.06020021109e-18 -0.256156493166 
0.384507256134 0.0746176094411 0.0497450729607 -0.286038662103 
0.188532007472 3.67489468951e-17 2.44992979301e-17 0.0136899356531 
0.123643896587 -6.08088116741e-22 -4.05392077827e-22 0.0146345208745 
0.0872666932511 1.65021477779e-21 1.1001431852e-21 0.0151396652162 
0.055936010648 1.16093526303e-21 7.73956842018e-22 0.0157091289351 
0.037400356049 -2.2163457746e-21 -1.47756384973e-21 0.0162179863511 
0.0260011942052 2.01983793841e-21 1.34655862561e-21 0.0152248726683 
0.0144538986452 2.28080038104e-21 1.52053358736e-21 0.0143533937657 
0.00596201582449 3.23187333259e-21 2.15458222172e-21 0.013831226062 
0.00267188544183 1.26126725431e-21 8.40844836209e-22 0.0126977809152 
0.00770876343668 -3.93856242067e-21 -2.62570828045e-21 0.012800701997 
0.00538318836255 -3.83505242537e-21 -2.55670161692e-21 0.0148654287971 
0.00790534779904 -4.56116284157e-22 -3.04077522771e-22 0.0156477551375 
0.00955261465083 8.16986674939e-22 5.44657783293e-22 0.019487549329 
0.00955261465083 8.16986674939e-22 5.44657783293e-22 0.019487549329 
0.0149265093608 1.3302481717e-21 8.8683211447e-22 0.0208760618145 
0.0149265093608 1.3302481717e-21 8.8683211447e-22 0.0208760618145 
0.0178418581759 -5.37080371419e-22 -3.58053580946e-22 0.0240633881099 
0.0178418581759 -5.37080371419e-22 -3.58053580946e-22 0.0240633881099 
0.015926620456 -8.76084867294e-23 -5.84056578196e-23 0.0217513646005 
0.0225585919103 -2.59565143299e-21 -1.73043428866e-21 0.0207167866794 
0.0225817532028 -1.67975400389e-21 -1.1198360026e-21 0.0163714442509 
0.0216736109246 -3.33051255521e-22 -2.22034170347e-22 0.0128842055055 
0.0187243523643 3.33756381513e-21 2.22504254342e-21 0.000390613218712 
0.0136606275186 -4.43505098956e-22 -2.95670065971e-22 -0.0161404447993 
0.016070030005 -1.47596745398e-21 -9.83978302652e-22 -0.0327009901796 
0.0146247623009 8.67955440324e-22 5.78636960216e-22 -0.0538274489439 
0.013873217109 2.05385407493e-22 1.36923604995e-22 -0.0777059229679 
0.0064385169715 -1.25036774924e-22 -8.33578499491e-23 -0.105402604907 
1.10068133969e-18 0.0310852935195 0.020723529013 -0.134427390196 
-2.89160500877e-22 0.0542342580467 0.0361561720312 -0.161267420278 
7.53948919002e-22 0.0927652926321 0.0618435284214 -0.193695165619 
9.54080093278e-22 0.113691884939 0.0757945899592 -0.221126250139 
2.71157936779e-21 0.108089917553 0.0720599450351 -0.243181802969 
4.434117061e-21 0.104512553781 0.069675035854 -0.257250793532 
1.15978427115e-21 0.130424013908 0.0869493426056 -0.285931517041 
1.77535350792e-21 0.12610921026 0.0840728068402 -0.300397003842 
5.81623364944e-22 0.120064255531 0.080042837021 -0.313237951268 
3.49002229245e-22 0.110966342835 0.0739775618903 -0.326750764568 
4.24818849555e-22 0.0788468813899 0.0525645875933 -0.32112589653 
-2.02803437161e-22 0.0693348531763 0.0462232354508 -0.332225290617 
1.63421314208e-21 0.0167840453588 0.0111893635725 -0.316658362558 
8.38587305439e-25 0.013034094997 0.00868939666467 -0.324848731055 
-1.65327628417e-23 0.00996261443215 0.00664174295477 -0.331548565843 
0.00692389360334 0.00324027617009 0.00216018411339 -0.339305872519 
0.0101195710692 0.00189746698036 0.00126497798691 -0.344831943805 
0.0167528099351 0.000678971755008 0.000452647836672 -0.343709534588 
0.0211618762105 -4.95796670655e-20 -3.3053111377e-20 -0.34682832473 
0.0184083749571 0.00102415581917 0.000682770546116 -0.348904968864 
0.0274159308155 0.00160231896933 0.00106821264622 -0.352742894998 
0.0319293152388 0.000505229860698 0.000336819907132 -0.352259502995 
0.0328976524706 0.00301043059521 0.00200695373014 -0.34852639868 
0.0342194354735 0.00526006053589 0.00350670702393 -0.343758308943 
0.0389031160805 0.00700888018993 0.00467258679328 -0.334670947104 
0.027334437595 0.0153173733543 0.0102115822362 -0.326506807353 
0.0257445583728 0.0202372560064 0.0134915040043 -0.320348354664 
0.0219452004799 0.0292644029779 0.0195096019853 -0.311356528335 
0.0275473023306 0.0317474935288 0.0211649956858 -0.301546535898 
0.0220523226852 0.0420750179899 0.0280500119933 -0.28608787699 
0.019438314009 0.0484935830612 0.0323290553741 -0.275526214563 
0.0152244787182 0.0212205374278 0.0141470249519 -0.243066732301 
0.017886259722 -3.41731326008e-18 -2.27820884006e-18 -0.212951143628 
0.0147336189586 0.00583759769091 0.00389173179394 -0.196591302249 
0.0135786467868 0.00963159416402 0.00642106277601 -0.175756674914 
0.0123360089749 4.92138767363e-18 3.28092511575e-18 -0.150180692155 
0.00663895611096 5.40864982406e-19 3.60576654937e-19 -0.126405955056 
0.00919612596443 -8.92001681462e-22 -5.94667787642e-22 -0.0924427748945 
0.00949923762911 1.41872946815e-21 9.45819645433e-22 -0.0679343806137 
0.011074845361 3.62404594454e-22 2.41603062969e-22 -0.0501859057817 
0.0103226408417 2.54462062066e-22 1.69641374711e-22 -0.0359263616449 
0.00929584563672 -1.65685204934e-21 -1.10456803289e-21 -0.0254958391474 
0.0127951381874 4.07106992119e-21 2.71404661413e-21 -0.0154989836475 
0.0110461786124 2.59206667629e-21 1.72804445086e-21 -0.00939277444765 
0.0145188597031 -3.49101740686e-22 -2.32734493791e-22 -0.00374686931767 
0.00470488906693 2.00229233517e-21 1.33486155678e-21 -0.00308855886419 
0.00842675759174 2.99766681564e-21 1.99844454376e-21 -0.00312612693197 
0.00842675759174 2.99766681564e-21 1.99844454376e-21 -0.00312612693197 
0.00666468477725 3.42113824496e-22 2.28075882998e-22 -0.0027837165068 
0.00666468477725 3.42113824496e-22 2.28075882998e-22 -0.0027837165068 
0.00274788935863 8.159195693e-22 5.43946379533e-22 -0.00167069764598 
0.00040162823735 1.31273102302e-21 8.75154015347e-22 -0.00162357323658 
1.08420217249e-19 -8.83640528337e-22 -5.89093685558e-22 -0.00155679873221 
1.08420217249e-19 -8.83640528337e-22 -5.89093685558e-22 -0.00155679873221 
1.72332911106e-21 2.0263033357e-21 1.35086889047e-21 0.00204692781375 
5.81337387977e-07 -2.58537525586e-22 -1.72358350391e-22 0.0056509714425 
5.81337387977e-07 -2.58537525586e-22 -1.72358350391e-22 0.0056509714425 
2.75285707858e-21 4.82366015794e-21 3.21577343863e-21 0.00565101112197 
2.75285707858e-21 4.82366015794e-21 3.21577343863e-21 0.00565101112197 
1.14946756294e-21 1.28037935931e-21 8.53586239538e-22 -0.00332355835679 
1.75496045503e-21 3.04054647427e-23 2.02703098285e-23 -0.0114399250776 
6.59343642345e-21 2.17179511248e-21 1.44786340832e-21 -0.0188546833075 
-3.29217281389e-21 -6.59481629639e-23 -4.39654419759e-23 -0.0223106740631 
-3.35677439999e-21 1.05891406176e-21 7.05942707842e-22 -0.0336292528524 
4.09016422201e-21 0.019566898872 0.013044599248 -0.0605496892591 
4.82524283681e-21 0.0803432712405 0.053562180827 -0.0991782660682 
8.04415804059e-21 0.129394679822 0.0862631198814 -0.150621831017 
5.79439248718e-23 0.121102039106 0.0807346927372 -0.185257950657 
2.61100950189e-21 0.112764804971 0.0751765366475 -0.218028017223 
-2.5299494465e-21 0.101732502008 0.0678216680054 -0.239970164558 
9.03445926863e-22 0.093899293567 0.0625995290447 -0.257564529983 
2.64939331157e-21 0.0842095238032 0.0561396825355 -0.273619033141 
3.83018133599e-21 0.0772429708405 0.0514953138936 -0.281220478699 
-3.35493444432e-21 0.0696615979087 0.0464410652725 -0.288285666607 
5.64662202954e-21 0.0446745734031 0.0297830489354 -0.283090775594 
5.50805839689e-21 0.0415109953938 0.0276739969292 -0.286246604231 
4.62376324984e-21 0.0132081098581 0.00880540657206 -0.274929369987 
8.39972183873e-21 0.013822974514 0.00921531634268 -0.279962122595 
8.39972183873e-21 0.013822974514 0.00921531634268 -0.279962122595 
8.39972183873e-21 0.013822974514 0.00921531634268 -0.279962122595 
8.39972183873e-21 0.013822974514 0.00921531634268 -0.279962122595 
-3.2713472729e-22 0.0131352180047 0.00875681200314 -0.286511384463 
-3.2713472729e-22 0.0131352180047 0.00875681200314 -0.286511384463 
-3.2713472729e-22 0.0131352180047 0.00875681200314 -0.286511384463 
2.87362717947e-21 0.0120549283599 0.00803661890661 -0.290736496954 
2.87362717947e-21 0.0120549283599 0.00803661890661 -0.290736496954 
8.0346531089e-21 0.0475360619675 0.0316907079783 -0.301690960711 
-3.64611902967e-21 0.0494137435458 0.0329424956972 -0.296262648668 
-3.64611902967e-21 0.0494137435458 0.0329424956972 -0.296262648668 
-1.86227853693e-21 0.0520595872256 0.0347063914837 -0.286627794312 
-1.96189627051e-21 0.0585618736279 0.0390412490852 -0.280736084504 
-8.93183985384e-21 0.064416557321 0.0429443715474 -0.273041089788 
4.53994223786e-21 0.0384565378573 0.0256376919048 -0.251177569302 
5.23118500287e-22 0.0435516893235 0.029034459549 -0.240584545877 
5.18986573002e-21 0.0515768134356 0.0343845422904 -0.217288526623 
5.4394518872e-22 0.0583851250459 0.0389234166973 -0.195972224914 
-6.95867971743e-21 0.065503367792 0.0436689118613 -0.173867901032 
4.49226361535e-21 0.0693444447862 0.0462296298575 -0.148896317435 
1.11100355914e-20 4.06949041772e-19 2.71299361181e-19 -0.101505336086 
1.20136741139e-20 0.00427421351614 0.00284947567743 -0.0756237492929 
-6.66904268155e-20 -2.29392442866e-18 -1.52928295244e-18 -0.049096087294 
8.87933556455e-21 -7.90449031464e-22 -5.26966020976e-22 -0.0321229389188 
-6.48428247479e-22 1.2055633895e-21 8.03708926332e-22 -0.0209859583805 
5.84059632045e-21 -1.75930993897e-21 -1.17287329265e-21 -0.0125958076361 
5.84059632045e-21 -1.75930993897e-21 -1.17287329265e-21 -0.0125958076361 
-9.9975750577e-21 2.0643295298e-22 1.37621968653e-22 -0.00526182719835 
-9.9975750577e-21 2.0643295298e-22 1.37621968653e-22 -0.00526182719835 
-8.51203354329e-23 8.24130048791e-22 5.49420032527e-22 -8.0265095002e-05 
-8.51203354329e-23 8.24130048791e-22 5.49420032527e-22 -8.0265095002e-05 
-8.51203354329e-23 8.24130048791e-22 5.49420032527e-22 -8.0265095002e-05 
-8.51203354329e-23 8.24130048791e-22 5.49420032527e-22 -8.0265095002e-05 
-8.51203354329e-23 8.24130048791e-22 5.49420032527e-22 -8.0265095002e-05 
-2.36085303106e-21 4.35510264271e-22 2.90340176181e-22 0.00489951491619 
-2.36085303106e-21 4.35510264271e-22 2.90340176181e-22 0.00489951491619 
-2.36085303106e-21 4.35510264271e-22 2.90340176181e-22 0.00489951491619 
-2.36085303106e-21 4.35510264271e-22 2.90340176181e-22 0.00489951491619 
-2.36085303106e-21 4.35510264271e-22 2.90340176181e-22 0.00489951491619 
-2.36085303106e-21 4.35510264271e-22 2.90340176181e-22 0.00489951491619 
-2.36085303106e-21 4.35510264271e-22 2.90340176181e-22 0.00489951491619 
-2.36085303106e-21 4.35510264271e-22 2.90340176181e-22 0.00489951491619 
-2.36085303106e-21 4.35510264271e-22 2.90340176181e-22 0.00489951491619 
-2.36085303106e-21 4.35510264271e-22 2.90340176181e-22 0.00489951491619 
-2.36085303106e-21 4.35510264271e-22 2.90340176181e-22 0.00489951491619 
-2.36085303106e-21 4.35510264271e-22 2.90340176181e-22 0.00489951491619 
-2.36085303106e-21 4.35510264271e-22 2.90340176181e-22 0.00489951491619 
-2.36085303106e-21 4.35510264271e-22 2.90340176181e-22 0.00489951491619 
0.040236878492 8.17886473082e-22 5.45257648721e-22 0.0112218971765 
0.0982855862444 1.96472679284e-21 1.30981786189e-21 0.00729814769833 
0.181962006459 2.1439764635e-21 1.42931764233e-21 0.00188822199813 
0.2907936508 -1.02866257044e-21 -6.85775046958e-22 -0.0397804255531 
0.439971541291 -2.87869004427e-22 -1.91912669618e-22 -0.0401042730882 
0.66169443765 0.00985098260712 0.00656732173808 0.102532738861 
0.892919929302 7.16019044997e-20 4.77346029998e-20 0.0835384430853 
1.06135753135 -2.96147624091e-22 -1.97431749394e-22 0.0793416589293 
1.2036355776 1.59749738044e-21 1.06499825363e-21 0.0628372190075 
1.32286061481 1.7059921813e-22 1.13732812087e-22 0.0499766608265 
1.39685404503 -2.47974240062e-22 -1.65316160041e-22 0.0428182254499 
1.44806091639 4.10382063609e-22 2.73588042406e-22 0.0367480391252 
1.48213169893 2.102458479e-21 1.401638986e-21 0.0313962476612 
1.50952039148 3.4780734094e-21 2.31871560627e-21 0.0254005336269 
1.52879326208 -5.47441493066e-22 -3.64960995377e-22 0.0231476974986 
1.53508020531 1.77638021171e-21 1.18425347448e-21 0.0219717096757 
1.53493760427 -1.38602170332e-21 -9.24014468882e-22 0.0201158203307 
1.53209402803 -5.56455659694e-22 -3.70970439796e-22 0.0200405529061 
1.53828461583 1.09401782452e-21 7.29345216348e-22 0.0163840045292 
1.54238336251 8.98703023439e-22 5.99135348959e-22 0.0159019219189 
1.54238336251 8.98703023439e-22 5.99135348959e-22 0.0159019219189 
1.54032014181 -1.91188937599e-22 -1.27459291732e-22 0.016117130769 
1.53519922666 1.84592752997e-21 1.23061835331e-21 0.0168535633321 
1.54108227247 1.81388660398e-21 1.20925773599e-21 0.0183330093463 
1.53603525794 1.71335895264e-21 1.14223930176e-21 0.0171237598241 
1.52843505517 6.25625143104e-22 4.17083428736e-22 0.0173828770501 
1.51535393227 9.90040624095e-22 6.6002708273e-22 0.0176059834671 
1.51535393227 9.90040624095e-22 6.6002708273e-22 0.0176059834671 
1.51535393227 9.90040624095e-22 6.6002708273e-22 0.0176059834671 
1.51308237486 4.26395150599e-22 2.84263433733e-22 0.0181956375873 
1.50551651555 6.1582533592e-22 4.10550223947e-22 0.0185464726691 
1.49625984413 8.32934305032e-22 5.55289536688e-22 0.0215568132101 
1.49625984413 8.32934305032e-22 5.55289536688e-22 0.0215568132101 
1.48744658974 1.04720525753e-21 6.98136838353e-22 0.0215682495429 
1.47985497681 1.16254789289e-21 7.75031928596e-22 0.0235040690259 
1.47613538569 -1.93334210676e-21 -1.28889473784e-21 0.025810106595 
1.4687465031 -1.21752037115e-22 -8.11680247434e-23 0.0263700079452 
1.44959147522 1.29595320734e-21 8.63968804896e-22 0.0309160718059 
1.41436864561 -3.26948354588e-22 -2.17965569725e-22 0.0398587117877 
1.37109251655 -1.04504685336e-21 -6.96697902241e-22 0.0525912016158 
1.30458795094 8.14774941466e-22 5.43183294311e-22 0.0759747737365 
1.19207257153 4.08839249864e-22 2.72559499909e-22 0.117240982024 
1.0671441692 -1.07638673631e-17 -7.17591157539e-18 0.178650441904 
0.961164566649 0.0347586605514 0.0231724403676 0.235687259871 
0.899170632662 0.268960526239 0.179307017492 0.21263514896 
0.801798802214 0.315675495984 0.210450330656 0.238528796575 
0.675935918144 0.376415955499 0.250943970333 0.268679961702 
0.582446811054 0.423759832896 0.282506555264 0.29827064489 
0.510590096815 0.451142814215 0.300761876143 0.318681346285 
0.468969839384 0.296974933316 0.197983288878 0.523598775598 
0.43161185191 0.336521529055 0.224347686037 0.523598775598 
0.398879507122 0.372742899204 0.248495266136 0.523598767125 
0.388350854809 0.380983543684 0.253989029122 0.523598505332 
0.381277583929 0.381971465002 0.254647643335 0.523598775598 
0.364615631031 0.406208864568 0.270805909712 0.523302883108 
0.34780139073 0.446359391559 0.297572927706 0.48641587445 
0.342615427025 0.446360716939 0.297573811293 0.487073443207 
0.336711460502 0.452119819522 0.301413213015 0.492081414386 
0.337624065897 0.446300611103 0.297533740736 0.486112129507 
0.337624065897 0.446300611103 0.297533740736 0.486112129507 
0.337624065897 0.446300611103 0.297533740736 0.486112129507 
0.339419630849 0.454516248767 0.303010832511 0.491683339122 
0.327890858403 0.469335172731 0.312890115154 0.505699419195 
0.330793368564 0.477227357346 0.318151571564 0.511716911402 
0.324277238326 0.493943321416 0.32929554761 0.523598775598 
0.308459261029 0.545701821089 0.363801214059 0.523598775598 
0.289040866568 0.60853971134 0.405693140893 0.523598775598 
0.26972752988 0.682445019879 0.454963346586 0.521472742696 
0.448933207424 0.919633778045 0.613089185363 0.276725579118 
0.447226194292 0.966989427843 0.644659618562 0.288813325767 
0.498751485952 1.02963938743 0.686426258286 0.293470310417 
0.496160466409 1.08782783539 0.725218556927 0.313111668409 
0.43806261635 1.15449477604 0.769663184029 0.332725022331 
0.389127359734 1.21853157544 0.81235438363 0.340479456568 
0.342671385561 1.27617790672 0.850785271148 0.338172225783 
0.290281269007 1.32264781636 0.881765210906 0.325526622941 
0.291881025253 1.35192420819 0.901282805462 0.318351529359 
0.177758181756 1.39776936188 0.931846241256 0.283058958208 
0.0912681621613 1.438612113 0.959074741998 0.247756471083 
0.0160885886199 1.46826376587 0.978842510578 0.213773682394 
-9.08135966926e-18 1.49554908723 0.997032724817 0.185930245681 
-3.2083859529e-20 1.51493630469 1.00995753646 0.164512877543 
3.27130097069e-19 1.53299940206 1.02199960137 0.144435298346 
2.20615998896e-20 1.55143368098 1.03428912065 0.127424845973 
-1.76696108693e-21 1.56398336347 1.04265557565 0.113922120587 
1.47225596222e-21 1.5728453111 1.04856354073 0.104840730928 
2.69726791534e-21 1.58087879592 1.05391919728 0.0964962885342 
1.56895706418e-21 1.58855176796 1.05903451198 0.088339065978 
-4.21239661231e-22 1.59389430778 1.06259620519 0.0819814277929 
7.14456459829e-22 1.59861335011 1.06574223341 0.0776900837563 
1.35426410959e-22 1.60227389164 1.06818259443 0.0777027203692 
4.37356226656e-22 1.60569342815 1.07046228544 0.0735075492662 
4.40662044114e-22 1.60702451572 1.07134967715 0.0735032957236 
-9.9862484758e-22 1.60814871535 1.07209914357 0.0734419477525 
-4.64260158071e-22 1.60947275821 1.07298183881 0.0733912343304 
3.43057623484e-22 1.60993597494 1.07329064996 0.0732687883702 
-8.77847165614e-22 1.61137529262 1.07425019508 0.0731895939235 
-6.83525826161e-23 1.61311888314 1.07541258876 0.0672905297812 
-2.11004049254e-22 1.61817492507 1.07878328338 0.0624346321782 
1.00076386197e-21 1.62936896587 1.08624597725 0.0491893400966 
0.49080881714 1.59535435536 1.06356957024 0.184083211928 
0.549798948722 1.61001521427 1.07334347618 0.161644566936 
0.615852174851 1.62785416235 1.08523610823 0.113234300656 
0.725855989781 1.64179823478 1.09453215652 0.019795223597 
0.856422474882 1.64171262974 1.09447508649 -0.120969628608 
0.951979574157 1.64270824617 1.09513883078 -0.18601459762 
1.01534435322 1.64503579076 1.09669052718 -0.213215893039 
1.05926788115 1.6494694708 1.09964631386 -0.219228708605 
1.08928602971 1.65314469496 1.10209646331 -0.223518610361 
1.11064510997 1.65602061782 1.10401374521 -0.226865138213 
1.12505565692 1.6585328917 1.10568859447 -0.229187043038 
1.13474286886 1.66053495367 1.10702330245 -0.230289301111 
1.14225100962 1.66113863166 1.10742575444 -0.230871261539 
1.14699801247 1.6616882774 1.10779218494 -0.231365569161 
1.15049959223 1.66222808461 1.1081520564 -0.23133331496 
1.15049810936 1.66213156455 1.1080877097 -0.231348196212 
1.15057693677 1.66253699688 1.10835799792 -0.231407209448 
1.14871393237 1.66185333414 1.10790222276 -0.230835135728 
1.14306146716 1.66224358365 1.1081623891 -0.229715402842 
1.13019409905 1.66202287813 1.10801525209 -0.226602326617 
1.10425425067 1.65978150222 1.10652100148 -0.221683624265 
1.05720786146 1.65001023669 1.10000682446 -0.212740665735 
0.979941429472 1.63397995876 1.08931997251 -0.169612484772 
0.868908831704 1.60314545821 1.06876363881 -0.0143612286829 
0.79986375882 1.51819411335 1.0121294089 0.181508988094 
0.648665945093 1.44638582727 0.964257218182 0.14720463268 
0.194259327704 1.38577217109 0.92384811406 0.0487615911412 
0.367676739905 1.26475155192 0.843167701281 0.1106162406 
0.471559963014 1.15299769685 0.768665131232 0.133998370557 
0.473638092608 1.06385462116 0.709236414106 0.136525472641 
0.313421661413 0.951729757556 0.634486505037 0.167072142937 
0.14203828261 0.630774184436 0.420516122957 0.523598775598 
0.149241119078 0.610000567671 0.406667045114 0.508627005895 
0.141522640826 0.638308071212 0.425538714141 0.42752330044 
0.132874131873 0.629030641164 0.419353760776 0.420877807783 
0.124184044887 0.637733236024 0.425155490683 0.372876534057 
0.116024764864 0.634351412723 0.422900941815 0.370120437559 
0.106022891893 0.631859191933 0.421239461288 0.36672266555 
0.0926376093365 0.634640813731 0.423093875821 0.364057073103 
0.0809564640094 0.655268869476 0.436845912984 0.341822955152 
0.0729584909878 0.648841738324 0.432561158883 0.33659061728 
0.0646805754574 0.651303688035 0.43420245869 0.333651230871 
0.0646805754574 0.651303688035 0.43420245869 0.333651230871 
0.0617185294642 0.643738751482 0.429159167655 0.321856326842 
0.0617185294642 0.643738751482 0.429159167655 0.321856326842 
0.0531913580529 0.652909241232 0.435272827488 0.320083652519 
0.0531913580529 0.652909241232 0.435272827488 0.320083652519 
0.057497809137 0.644253925397 0.429502616931 0.308722065056 
0.057497809137 0.644253925397 0.429502616931 0.308722065056 
0.057497809137 0.644253925397 0.429502616931 0.308722065056 
0.0456274964099 0.653741115583 0.435827410389 0.309300508374 
0.0359737357578 0.670056865124 0.446704576749 0.312678455826 
0.0359737357578 0.670056865124 0.446704576749 0.312678455826 
0.0359737357578 0.670056865124 0.446704576749 0.312678455826 
0.0432215883914 0.660548492592 0.440365661728 0.304324830263 
0.0318341502291 0.668118491212 0.445412327475 0.305621206154 
0.0318341502291 0.668118491212 0.445412327475 0.305621206154 
0.0318341502291 0.668118491212 0.445412327475 0.305621206154 
0.0318341502291 0.668118491212 0.445412327475 0.305621206154 
0.0220750681707 0.669982325956 0.446654883971 0.303205465094 
0.0220750681707 0.669982325956 0.446654883971 0.303205465094 
0.0220750681707 0.669982325956 0.446654883971 0.303205465094 
0.0321646686096 0.634656944712 0.423104629808 0.273055865954 
0.0321646686096 0.634656944712 0.423104629808 0.273055865954 
0.0401563341311 0.633440551099 0.422293700732 0.268395107942 
