0.0 0.0 0.0 0.0 
2.5183473112e-21 2.87403638396e-21 1.91602425597e-21 -0.035672160556 
2.5183473112e-21 2.87403638396e-21 1.91602425597e-21 -0.035672160556 
2.5183473112e-21 2.87403638396e-21 1.91602425597e-21 -0.035672160556 
-8.44545287745e-21 9.1497733633e-23 6.09984890887e-23 -0.0402291168541 
-8.44545287745e-21 9.1497733633e-23 6.09984890887e-23 -0.0402291168541 
-8.44545287745e-21 9.1497733633e-23 6.09984890887e-23 -0.0402291168541 
-8.44545287745e-21 9.1497733633e-23 6.09984890887e-23 -0.0402291168541 
-8.44545287745e-21 9.1497733633e-23 6.09984890887e-23 -0.0402291168541 
-8.44545287745e-21 9.1497733633e-23 6.09984890887e-23 -0.0402291168541 
3.17511892742e-21 4.19732574468e-22 2.79821716312e-22 -0.0307429708259 
5.6165177756e-21 -1.28273379418e-22 -8.55155862788e-23 -0.019987824396 
4.12066077558e-21 -1.19606365836e-21 -7.97375772237e-22 -0.0129265559459 
0.00558477412299 1.42824463291e-21 9.52163088609e-22 -0.00701245428494 
0.00517713687125 0.0120430241056 0.00802868273709 -0.00395977437714 
0.0100871603954 0.0807930077424 0.0538620051616 -0.0021590310426 
0.0161342769142 0.098884878389 0.0659232522593 0.0016513665292 
0.0203318230929 0.0757489307743 0.0504992871829 0.0042806325889 
0.0135268998543 0.116305038224 0.0775366921495 0.00616383612082 
0.0103280205601 0.123213172457 0.0821421149716 0.00857738356654 
0.00951408894872 0.103190940661 0.068793960441 0.0117647554202 
0.0148382643406 0.0301506060805 0.0201004040536 0.0131081960595 
0.00868638437578 0.0762919773491 0.0508613182327 0.0150811025532 
0.00707051480601 0.0690784470439 0.0460522980293 0.0169974773572 
2.38370940205e-18 0.130092925374 0.0867286169162 0.0182076302335 
0.00111829883325 0.0708181429098 0.0472120952732 0.0171864959387 
4.37256051474e-18 0.0925628505987 0.0617085670658 0.0172415041457 
4.01072675215e-22 0.0869445156486 0.0579630104324 0.0172875154814 
1.5406974013e-20 0.133139631255 0.08875975417 0.0177091528337 
1.5406974013e-20 0.133139631255 0.08875975417 0.0177091528337 
1.83250435646e-21 0.157455715063 0.104970476709 0.0150331608557 
-2.5399385881e-18 0.0850406382253 0.0566937588169 0.0129507157985 
4.62719050895e-21 0.0714282655155 0.047618843677 0.01284691971 
8.44521354933e-21 0.0806401568465 0.0537601045643 0.0101457849125 
8.44521354933e-21 0.0806401568465 0.0537601045643 0.0101457849125 
-5.53102904328e-21 0.0506559004239 0.0337706002826 0.0098137594621 
7.83836713046e-21 0.0953247009583 0.0635498006389 0.00795413369331 
1.85958070709e-18 0.0426533922493 0.0284355948329 0.00699719586242 
-6.05342733387e-21 0.114614567477 0.0764097116512 0.00753329875353 
-3.68232495385e-21 0.118826224934 0.0792174832893 0.00440760943914 
-1.4126444659e-22 0.103947499973 0.0692983333151 0.00274711436687 
1.21602575984e-20 0.0463108791275 0.0308739194183 0.00283812032317 
4.25559979954e-21 0.0835546136702 0.0557030757802 0.00172686938101 
9.41008668799e-21 0.0742300692515 0.0494867128343 0.00216302972626 
1.20900711575e-20 0.0127213993801 0.00848093292005 0.00330937656538 
-4.8828663321e-21 0.0371465466157 0.0247643644105 0.000637295981863 
7.87713401548e-21 0.0149138623935 0.00994257492903 0.000148807089308 
5.54267597989e-21 0.0524399499776 0.0349599666517 -0.00121996671906 
-1.62377278367e-21 0.00248588169224 0.00165725446149 -0.000689108321228 
-9.70374494147e-22 0.0 0.0 7.52344499399e-05 
-9.70374494147e-22 0.0 0.0 7.52344499399e-05 
0.00285005192616 -4.17591009734e-22 -2.78394006489e-22 -0.000140087382547 
0.00104623214453 -9.68163441955e-23 -6.45442294636e-23 2.48593391181e-05 
0.00301533096422 0.0491489549349 0.0327659699566 -0.000649135629924 
0.0440469401436 -1.48654610141e-19 -9.91030734277e-20 -0.000124720281495 
0.092513583313 0.0543919764913 0.0362613176609 -0.00249018946751 
0.150628780478 0.0313559767325 0.0209039844883 -0.00551029492285 
0.208627457737 0.159235058611 0.106156705741 -0.0255310243502 
0.290187340894 0.244153235968 0.162768823979 0.0252646072636 
0.421764759428 0.398313049777 0.265542033185 0.00522877871895 
0.59479404874 0.535264712739 0.356843141826 0.00438260096002 
0.788703008088 0.650581189798 0.433720793199 0.00727729527383 
0.851307663618 0.575955062592 0.383970041728 0.0058577325574 
0.802076997861 0.353296860688 0.235531240458 0.0104241775727 
0.850745078842 0.109646091478 0.0730973943189 0.0113358015235 
0.96012405569 0.0785091203183 0.0523394135455 0.00708347832051 
1.03222928453 -6.13883354453e-17 -4.09255569635e-17 0.00678378298272 
1.11973794586 2.79609945172e-22 1.86406630115e-22 0.00371153497218 
1.2162948563 0.00516564399294 0.00344376266196 0.0013505537915 
1.28747577371 0.00688505063265 0.0045900337551 -0.000569205342978 
1.35666915428 0.0344452802626 0.0229635201751 -0.00129857001996 
1.38390819987 -2.30016633675e-17 -1.5334442245e-17 -0.000684158675775 
1.41930813283 2.58994121878e-22 1.72662747918e-22 -0.0017689030323 
1.44413836596 6.35790734884e-23 4.23860489922e-23 -0.001639816316 
1.4690969946 -9.98103112307e-22 -6.65402074872e-22 -0.00242557784105 
1.47692016585 2.74360635303e-22 1.82907090202e-22 -0.0026368139373 
1.48370555797 1.69411592079e-21 1.12941061386e-21 -0.00272020640192 
1.4794326643 1.7095216875e-21 1.139681125e-21 -0.00258377552314 
1.485981086 -1.45545479416e-21 -9.70303196108e-22 -0.00310508113017 
1.488095897 -1.24412580239e-23 -8.29417201592e-24 -0.00337303226142 
1.48013987576 -9.52335573244e-22 -6.34890382163e-22 -0.00255450634841 
1.4805856882 2.2660623295e-21 1.51070821966e-21 -0.00232757986879 
1.48844051434 7.01988735013e-22 4.67992490009e-22 -0.00352051015289 
1.48665673729 -1.65547388719e-21 -1.10364925813e-21 -0.00391046661353 
1.47590381169 -4.78192960774e-22 -3.18795307183e-22 -0.0030555837448 
1.48037292849 1.28993784389e-21 8.59958562592e-22 -0.00433381297068 
1.48265419417 -8.55049488152e-23 -5.70032992102e-23 -0.00439673157732 
1.46445472765 2.42484699957e-22 1.61656466638e-22 -0.00207638377217 
1.46601387858 1.68659587861e-21 1.12439725241e-21 -0.00224545256235 
1.46296953671 1.30377311302e-21 8.69182075348e-22 -0.00250942521074 
1.45027752071 4.95817402949e-22 3.30544935299e-22 -0.00150902498785 
1.4451403474 1.76844839467e-22 1.17896559645e-22 -0.00150657145532 
1.41341918652 1.17410769552e-21 7.8273846368e-22 0.00248474320754 
1.41483807274 2.78199884679e-22 1.85466589786e-22 0.000973010035231 
1.42911282597 5.22804301913e-22 3.48536201275e-22 -0.00261893555202 
1.41663770958 2.67257236108e-22 1.78171490738e-22 -0.00267416961482 
1.40033227356 -7.80777678611e-22 -5.20518452407e-22 -0.00171629962564 
1.36957519374 2.00720125273e-22 1.33813416849e-22 0.000588223558292 
1.35454482363 -1.98855673927e-22 -1.32570449284e-22 -0.00123885312569 
1.29255764364 6.16857083345e-19 4.11238055563e-19 0.00287475477123 
1.25907050948 -2.18081638496e-22 -1.45387758997e-22 0.0010615192072 
1.20109634598 6.41031853778e-19 4.27354569185e-19 0.00476852669254 
1.14634566837 -1.89294418187e-18 -1.26196278791e-18 0.00947251999075 
1.06094954524 -1.51409969295e-18 -1.0093997953e-18 0.01278483302 
1.0017476041 0.00947665890878 0.00631777260585 0.00919901564827 
0.920015065249 0.028270863921 0.018847242614 0.0084028361823 
0.831788473793 0.0513140149552 0.0342093433035 0.00830023848661 
0.800391764302 0.395640462192 0.263760308128 0.00247394839356 
0.498362944836 -8.6264475749e-17 -5.75096504994e-17 0.0292352873042 
0.364072867267 -5.81510273721e-17 -3.87673515814e-17 0.0266270698318 
0.264841643523 -3.54899537119e-18 -2.36599691413e-18 -0.0446753719854 
0.20705584139 -8.61157541164e-20 -5.74105027443e-20 -0.0260989692252 
0.171611802392 3.13783492006e-23 2.09188994671e-23 -0.0264339270894 
0.151449182249 -1.37493236847e-21 -9.16621578979e-22 -0.0255859757553 
0.131239410253 -9.58336929851e-22 -6.38891286568e-22 -0.024589106539 
0.125513010312 1.50964418679e-21 1.00642945786e-21 -0.0226294726375 
0.112049022676 -1.3776241895e-21 -9.1841612633e-22 -0.0215448030014 
0.101942758271 1.74706764837e-21 1.16471176558e-21 -0.0204184132027 
0.0961458189237 1.57615290946e-21 1.05076860631e-21 -0.0195322776929 
0.100576105409 -1.42044352306e-21 -9.46962348705e-22 -0.0189828009311 
0.100576105409 -1.42044352306e-21 -9.46962348705e-22 -0.0189828009311 
0.100576105409 -1.42044352306e-21 -9.46962348705e-22 -0.0189828009311 
0.0913639498411 8.44377090679e-22 5.62918060453e-22 -0.0193341769537 
0.0913639498411 8.44377090679e-22 5.62918060453e-22 -0.0193341769537 
0.10825250905 2.25016874029e-21 1.50011249353e-21 -0.0196081894679 
0.10825250905 2.25016874029e-21 1.50011249353e-21 -0.0196081894679 
0.112561655912 3.84219953001e-22 2.56146635334e-22 -0.0192593328441 
0.104696875556 9.08301584915e-22 6.05534389943e-22 -0.0191848803397 
0.103509871377 3.4756348895e-21 2.31708992633e-21 -0.0188061576421 
0.11254128918 5.11079287452e-22 3.40719524968e-22 -0.0182634514092 
0.1335788855 -1.87531482638e-21 -1.25020988425e-21 -0.0173920022309 
0.144128232498 -1.52235132924e-21 -1.01490088616e-21 -0.016863416381 
0.176372134567 -3.9983509486e-23 -2.66556729906e-23 -0.0163046742724 
0.219217351114 -4.47029235922e-22 -2.98019490614e-22 -0.0161987313481 
0.28805495951 7.96121346342e-22 5.30747564228e-22 -0.0163927258802 
0.379176803329 6.64411665378e-22 4.42941110252e-22 -0.0165482737305 
0.484658176444 0.0100090093438 0.0066726728959 0.0689554307798 
0.676166936457 0.208485115344 0.138990076896 0.016877277376 
0.790775991085 0.176991972841 0.11799464856 0.0230130775011 
0.914571097104 0.139987627179 0.0933250847862 0.0206068666118 
0.989594564743 0.115044666855 0.0766964445699 0.0223872389396 
1.03522540756 -3.7359643715e-18 -2.49064291433e-18 0.023554437592 
1.11093509496 1.25681908706e-22 8.37879391376e-23 0.0145385142721 
1.14812160912 4.88741527041e-22 3.25827684694e-22 0.0162494514396 
1.17161481219 -2.79556974611e-22 -1.86371316407e-22 0.0164487407102 
1.17720811831 -2.25466640847e-22 -1.50311093898e-22 0.019944054057 
1.1901929066 3.96724428818e-22 2.64482952546e-22 0.0179165612455 
1.20769775393 1.81821495073e-22 1.21214330048e-22 0.0158625763608 
1.21996386623 -3.87307321713e-22 -2.58204881142e-22 0.014970984226 
1.22616432999 5.42704452369e-22 3.61802968246e-22 0.0141953891405 
1.22616432999 5.42704452369e-22 3.61802968246e-22 0.0141953891405 
1.21825294274 7.26397767475e-23 4.84265178317e-23 0.0167962431657 
1.21825294274 7.26397767475e-23 4.84265178317e-23 0.0167962431657 
1.22463044755 -4.65524381941e-23 -3.10349587961e-23 0.0109466915772 
1.21740240127 8.06321074496e-22 5.37547382998e-22 0.0152718163928 
1.20474978855 2.9607271885e-22 1.97381812566e-22 0.0161886034902 
1.20474978855 2.9607271885e-22 1.97381812566e-22 0.0161886034902 
1.19880178957 2.1710182474e-22 1.44734549827e-22 0.0126878911586 
1.1779456579 5.74622909239e-22 3.83081939493e-22 0.0211014998401 
1.18321069104 -2.22417011315e-22 -1.48278007544e-22 0.0147323349137 
1.18321069104 -2.22417011315e-22 -1.48278007544e-22 0.0147323349137 
1.18321069104 -2.22417011315e-22 -1.48278007544e-22 0.0147323349137 
1.19184887433 5.85349017614e-22 3.90232678409e-22 0.00993102206821 
1.19184887433 5.85349017614e-22 3.90232678409e-22 0.00993102206821 
1.18693109812 3.75012123476e-22 2.50008082317e-22 0.0138518299988 
1.17302114294 2.69223303033e-22 1.79482202022e-22 0.0175801071649 
1.18108120208 2.43683372762e-22 1.62455581842e-22 0.0126005588564 
1.19266153016 1.2033918449e-21 8.02261229936e-22 0.0118138272838 
1.19266153016 1.2033918449e-21 8.02261229936e-22 0.0118138272838 
1.19827232928 -2.06252793813e-22 -1.37501862542e-22 0.00909891378298 
1.18550518083 3.12052503146e-22 2.08035002098e-22 0.0165194981695 
1.18550518083 3.12052503146e-22 2.08035002098e-22 0.0165194981695 
1.18717803966 5.96098394187e-22 3.97398929458e-22 0.0121350497915 
1.19443414738 4.64679247683e-22 3.09786165122e-22 0.00891482904321 
1.1866041227 5.54414475714e-22 3.69609650476e-22 0.0123824905983 
1.1866041227 5.54414475714e-22 3.69609650476e-22 0.0123824905983 
1.17641697756 5.09338326209e-23 3.3955888414e-23 0.0127449052435 
1.18255651137 5.56492923488e-23 3.70995282325e-23 0.013010415672 
1.19045952625 -1.27395070628e-22 -8.49300470851e-23 0.0139790825033 
1.20652416352 4.88171477893e-22 3.25447651929e-22 0.0151055659145 
1.23345042734 -1.86626560346e-22 -1.24417706897e-22 0.0146966844323 
1.2399384004 4.09188621522e-22 2.72792414348e-22 0.0208707327481 
1.2922916412 2.93078927147e-22 1.95385951431e-22 0.0162616925881 
1.3629832398 5.40022510925e-22 3.60015007284e-22 0.0130493194825 
1.4142008797 -1.51728926717e-24 -1.01152617811e-24 0.0105541799654 
1.44820483346 4.72040018829e-22 3.14693345886e-22 0.0092379510846 
1.47401741374 1.26524399251e-21 8.43495995004e-22 0.00825463983555 
1.50449145304 -8.18954819088e-22 -5.45969879392e-22 0.00508758224823 
1.52351443697 1.12402021506e-21 7.49346810043e-22 0.00362426587747 
1.51764017378 1.81239823659e-21 1.20826549106e-21 0.00588041761217 
1.53980677669 -8.46765037663e-23 -5.64510025108e-23 0.00303461650834 
1.53980677669 -8.46765037663e-23 -5.64510025108e-23 0.00303461650834 
1.53745402991 -7.03151822162e-22 -4.68767881441e-22 0.00419868235251 
1.54835066347 -7.70537961174e-22 -5.13691974116e-22 0.00159636438717 
1.52967053199 -1.2313533636e-21 -8.20902242399e-22 0.00480085907118 
1.52958434712 1.97847792319e-23 1.31898528212e-23 0.00395678281196 
1.54321035748 1.2390870777e-21 8.260580518e-22 0.00086436596911 
1.54753109423 4.72936595173e-22 3.15291063449e-22 -0.000136995202746 
1.54686365687 -5.27335587218e-23 -3.51557058145e-23 -0.000852622711389 
1.54531814832 -1.19684497635e-21 -7.97896650899e-22 -0.00165424071601 
1.53726038185 5.97852622969e-22 3.98568415312e-22 -0.00046198183566 
1.53361243426 6.09837456632e-22 4.06558304421e-22 -7.69523526671e-05 
1.53345726468 4.65952261883e-23 3.10634841255e-23 -0.000832241819313 
1.52403110562 1.00148454486e-21 6.67656363243e-22 0.000140111582718 
1.52714603786 1.47798380568e-21 9.85322537119e-22 -0.000821912912683 
1.52714603786 1.47798380568e-21 9.85322537119e-22 -0.000821912912683 
1.52408777823 1.58141794225e-21 1.05427862817e-21 -0.000245583757642 
1.51514001047 -1.06728588638e-22 -7.11523924252e-23 0.000781993855825 
1.51134670257 6.21982717865e-22 4.14655145243e-22 0.00205812025571 
1.51454231804 2.21014728833e-21 1.47343152555e-21 -0.000515847172105 
1.51404992122 9.44060037556e-22 6.29373358371e-22 -0.001890840873 
1.51740071631 1.34972202593e-21 8.99814683955e-22 -0.00380871386946 
1.5175076295 3.00260857541e-22 2.00173905028e-22 -0.00471412820916 
1.50279171745 3.65540022992e-22 2.43693348661e-22 -0.00397081336291 
1.50202485279 1.42795631499e-21 9.5197087666e-22 -0.00596465230986 
1.48884205325 8.17539034796e-22 5.45026023197e-22 -0.00558544703013 
1.48426674502 3.82662331844e-22 2.5510822123e-22 -0.00733778016545 
1.48593896508 3.95305992451e-22 2.635373283e-22 -0.00949262320007 
1.48803487325 3.2929437298e-22 2.19529581987e-22 -0.0101328189507 
1.48363723437 5.02343084145e-22 3.3489538943e-22 -0.0119589435694 
1.48306349788 1.44153209964e-21 9.6102139976e-22 -0.01294591834 
1.47569517294 -2.58644828144e-22 -1.72429885429e-22 -0.0119826514454 
1.47608572535 6.83965446192e-22 4.55976964128e-22 -0.0138119877604 
1.46740030006 3.30232747568e-22 2.20155165046e-22 -0.0151099858879 
1.44871958472 1.30454159509e-21 8.69694396725e-22 -0.0137917526633 
1.41807028529 -3.46664998569e-22 -2.31109999046e-22 -0.0125851573435 
1.37637545244 7.13702137362e-22 4.75801424908e-22 -0.0111518018184 
1.3143363816 -3.56462512789e-22 -2.37641675193e-22 -0.00807698526862 
1.24895101294 3.17574355464e-22 2.11716236976e-22 -0.0103823164896 
1.1704341411 2.84605127631e-18 1.89736751754e-18 -0.0150128029045 
1.09299485891 4.91640859688e-18 3.27760573126e-18 -0.0192609680264 
1.02751918941 2.21504771034e-18 1.47669847356e-18 -0.0248559032529 
0.972757856604 0.0123591601576 0.0082394401051 -0.0274780330317 
0.951738077944 0.0174233420687 0.0116155613791 -0.0329752710486 
0.9349369239 0.0217181217582 0.0144787478388 -0.0364235941416 
0.925962091293 0.0241597399853 0.0161064933235 -0.0396103526891 
0.920533172483 0.0254973798057 0.0169982532038 -0.039984471048 
0.916451726919 0.0264916192844 0.0176610795229 -0.0403161095294 
0.912613624836 0.0273189609836 0.0182126406558 -0.0395048743534 
0.90773330898 0.0282990394251 0.0188660262834 -0.0373400198983 
0.911366441324 0.0272202832201 0.0181468554801 -0.0370025045602 
0.905316199518 0.0287023900016 0.0191349266677 -0.0372860237683 
0.915542264277 0.0261228669115 0.0174152446076 -0.0396189635318 
0.915542264277 0.0261228669115 0.0174152446076 -0.0396189635318 
0.893395829255 0.0310509017376 0.0207006011584 -0.0319104865144 
0.915038185587 0.0255637839636 0.0170425226424 -0.0355503473383 
0.9225854202 0.0234693491283 0.0156462327522 -0.0366116435757 
0.9225854202 0.0234693491283 0.0156462327522 -0.0366116435757 
0.9225854202 0.0234693491283 0.0156462327522 -0.0366116435757 
0.932815452655 0.0206883617439 0.0137922411626 -0.037644980695 
0.938696956291 0.018825709801 0.0125504732007 -0.0362950330969 
0.944000256239 0.0173295325919 0.0115530217279 -0.0373193255377 
0.925525120875 0.021285335335 0.0141902235566 -0.0324782366751 
0.929684395475 0.0197425536974 0.0131617024649 -0.0315566396772 
0.921864658247 0.0211789189619 0.0141192793079 -0.0298289255411 
0.929095446307 0.0189651964444 0.0126434642963 -0.0304446249728 
0.923120910413 0.0199675642207 0.0133117094805 -0.0287800845688 
0.929410106949 0.0180441454116 0.0120294302744 -0.0301244081636 
0.914041479211 0.021224306377 0.0141495375847 -0.0257686544757 
0.925749158368 0.0179494407858 0.0119662938572 -0.0280531771442 
0.919333808111 0.0190736946277 0.0127157964185 -0.0271772330337 
0.922407373187 0.0179451140984 0.011963409399 -0.028304681207 
0.927188248775 0.0165469102217 0.0110312734812 -0.0304168218539 
0.898446271741 0.0237119897822 0.0158079931881 -0.0279565038204 
0.836151682791 0.0403119113662 0.0268746075775 -0.0278914530172 
0.815773656305 0.274180270549 0.182786847033 -0.0204166876566 
0.710869952761 0.31260805759 0.208405371727 -0.0210508343048 
0.461229870222 0.0506951848541 0.0337967899027 -0.0897917123647 
0.306405873586 0.0989247650191 0.0659498433461 -0.092478669547 
0.165869223076 -5.86419661685e-17 -3.90946441123e-17 0.0128226171912 
0.0907371878226 -2.8552286938e-18 -1.90348579587e-18 0.0134334297362 
0.0476389222026 -5.11273349256e-23 -3.40848899504e-23 0.013246179156 
0.0122808318851 1.19954535781e-21 7.99696905208e-22 0.00630732092494 
8.67361737988e-19 -1.34867812686e-21 -8.99118751238e-22 0.00637533777771 
8.67361737988e-19 -1.34867812686e-21 -8.99118751238e-22 0.00637533777771 
8.67361737988e-19 -1.34867812686e-21 -8.99118751238e-22 0.00637533777771 
8.67361737988e-19 -1.34867812686e-21 -8.99118751238e-22 0.00637533777771 
8.67361737988e-19 -1.34867812686e-21 -8.99118751238e-22 0.00637533777771 
8.67361737988e-19 -1.34867812686e-21 -8.99118751238e-22 0.00637533777771 
8.67361737988e-19 -1.34867812686e-21 -8.99118751238e-22 0.00637533777771 
8.67361737988e-19 -1.34867812686e-21 -8.99118751238e-22 0.00637533777771 
2.96747334966e-21 2.37792919843e-22 1.58528613229e-22 0.0151011232046 
2.96747334966e-21 2.37792919843e-22 1.58528613229e-22 0.0151011232046 
2.96747334966e-21 2.37792919843e-22 1.58528613229e-22 0.0151011232046 
2.96747334966e-21 2.37792919843e-22 1.58528613229e-22 0.0151011232046 
2.96747334966e-21 2.37792919843e-22 1.58528613229e-22 0.0151011232046 
2.96747334966e-21 2.37792919843e-22 1.58528613229e-22 0.0151011232046 
2.96747334966e-21 2.37792919843e-22 1.58528613229e-22 0.0151011232046 
2.96747334966e-21 2.37792919843e-22 1.58528613229e-22 0.0151011232046 
2.96747334966e-21 2.37792919843e-22 1.58528613229e-22 0.0151011232046 
2.96747334966e-21 2.37792919843e-22 1.58528613229e-22 0.0151011232046 
2.96747334966e-21 2.37792919843e-22 1.58528613229e-22 0.0151011232046 
2.96747334966e-21 2.37792919843e-22 1.58528613229e-22 0.0151011232046 
2.96747334966e-21 2.37792919843e-22 1.58528613229e-22 0.0151011232046 
2.96747334966e-21 2.37792919843e-22 1.58528613229e-22 0.0151011232046 
2.96747334966e-21 2.37792919843e-22 1.58528613229e-22 0.0151011232046 
2.96747334966e-21 2.37792919843e-22 1.58528613229e-22 0.0151011232046 
2.96747334966e-21 2.37792919843e-22 1.58528613229e-22 0.0151011232046 
2.96747334966e-21 2.37792919843e-22 1.58528613229e-22 0.0151011232046 
2.96747334966e-21 2.37792919843e-22 1.58528613229e-22 0.0151011232046 
2.96747334966e-21 2.37792919843e-22 1.58528613229e-22 0.0151011232046 
2.96747334966e-21 2.37792919843e-22 1.58528613229e-22 0.0151011232046 
2.96747334966e-21 2.37792919843e-22 1.58528613229e-22 0.0151011232046 
2.96747334966e-21 2.37792919843e-22 1.58528613229e-22 0.0151011232046 
0.0122976093381 -1.2796785829e-21 -8.53119055267e-22 0.0152163440398 
0.076330468741 2.87568243254e-22 1.91712162169e-22 0.0134689827397 
0.146274282093 2.19181254063e-23 1.46120836042e-23 0.0110444601171 
0.239783775853 0.107177118261 0.071451412174 0.0153113844786 
0.365847486421 0.194054803701 0.129369869134 -0.0142469203934 
0.776262029555 0.71567345096 0.477115633974 0.00374060018526 
0.840971056384 0.616136796263 0.410757864175 0.00982092211057 
0.801345253458 0.354078466157 0.236052310771 0.0219402139087 
0.877247363774 0.319928456788 0.213285637859 0.0321276659463 
0.878683179478 0.0457783751711 0.0305189167807 0.0546448611737 
0.895435255935 0.0417747903606 0.0278498602404 0.0566362566096 
0.895435255935 0.0417747903606 0.0278498602404 0.0566362566096 
0.846977919093 0.0541927495865 0.0361284997243 0.0665190035028 
0.752102887843 0.0908509329781 0.0605672886521 0.0855560666613 
0.725204128217 0.562217560468 0.374811706979 0.203693636156 
0.602665180125 0.714345895633 0.476230597088 0.276372044582 
0.479467029896 0.871931693057 0.581287795371 0.287129447514 
0.518895065446 1.11549550895 0.743663672632 0.0216022401382 
0.410838470314 1.21113935343 0.807426235621 -0.0150818931239 
0.276541949085 1.31497110953 0.876647406356 -0.0507550558058 
0.729395146116 1.36094714475 0.907298096501 -0.0194577402211 
0.903618829098 1.39381947448 0.929212982986 0.0111223714826 
1.02134141043 1.41586449154 0.943909661029 0.0627887189192 
1.12066368804 1.42243998299 0.948293321996 0.209853160339 
1.19627810016 1.40685253053 0.93790168702 0.426824458541 
1.17819480313 1.46366436164 0.975776241091 -0.130532231255 
1.18454085232 1.4594447927 0.972963195133 -0.30366298355 
1.19642153664 1.44946489899 0.966309932657 -0.404752463566 
1.20036903127 1.42731735227 0.951544901512 -0.523598775598 
1.21307590817 1.44339720537 0.962264803578 -0.494049956985 
1.23937073467 1.46776306621 0.97850871081 -0.385462708615 
1.25087401681 1.46844018785 0.978960125236 -0.372565188496 
1.26064434957 1.4734880691 0.982325379403 -0.345079106147 
1.26663255166 1.4761644573 0.984109638197 -0.331452415 
1.27134802266 1.47619344385 0.984128962565 -0.326808100533 
1.27429021574 1.47869672704 0.985797818024 -0.317304475474 
1.2771627804 1.47951401209 0.98634267473 -0.311401676958 
1.27764388502 1.48027368754 0.986849125025 -0.310515521932 
1.27926547987 1.48012724088 0.986751493917 -0.308125866915 
1.27802813291 1.48089495391 0.987263302605 -0.307653538613 
1.27667783821 1.47853660188 0.985691067921 -0.316145978778 
1.27409120326 1.47713698728 0.984757991522 -0.32163243837 
1.2688034954 1.4758084916 0.983872327735 -0.330477022925 
1.26003727578 1.47321159466 0.982141063105 -0.349615900003 
1.24349740917 1.46044312143 0.973628747618 -0.411319411598 
1.21641576481 1.42909716442 0.952731442947 -0.523598775598 
1.20381696554 1.42039438313 0.946929588753 -0.519856757843 
1.21481677629 1.45330081739 0.968867211591 -0.304520982958 
1.2121505583 1.45408504737 0.969390031579 -0.0810703309626 
1.24383503316 1.36254462289 0.908363081927 0.523598775598 
1.13761603752 1.4060737379 0.937382491933 0.105216082887 
1.06255464921 1.38201376322 0.921342508811 0.0301543383132 
0.982380006259 1.35286607885 0.901910719234 -0.00100385663394 
0.883704172732 1.32068438793 0.880456258618 -0.0183437725611 
0.722226226041 1.28028281912 0.853521879414 -0.0331341000966 
0.394750062778 1.21623691086 0.810824607242 -0.0547627573612 
0.491679906392 1.1316707647 0.754447176468 -0.0461762408545 
0.584523945051 1.03951592261 0.693010615073 -0.0378578337443 
0.680206364596 0.919453361161 0.612968907441 -0.0338690592876 
0.737238574502 0.755961648039 0.503974432026 -0.0392193682262 
0.823503306425 0.617230037327 0.411486691551 -0.0215288079091 
0.826818497016 0.242926610557 0.161951073705 -0.0361258921375 
0.939491773028 0.2039881546 0.135992103066 -0.0366205776113 
0.98638999266 7.38660589823e-17 4.92440393215e-17 -0.0446778334539 
1.01084544638 5.61317478919e-24 3.74211652612e-24 -0.0471810232877 
0.992871225541 9.03360773523e-23 6.02240515682e-23 -0.0452957888886 
0.981025715926 9.76285865497e-23 6.50857243665e-23 -0.0471793259592 
0.967771959973 0.000676841358856 0.000451227572571 -0.0491253025614 
0.947223112649 0.00429607108891 0.0028640473926 -0.049387719346 
0.866421160304 0.0247755514932 0.0165170343288 -0.0498724335573 
0.831059570807 0.236371527649 0.157581018433 -0.0429229039283 
0.76485497228 0.259453071609 0.172968714406 -0.0471782160878 
0.619147440518 0.0261578636621 0.0174385757748 -0.113810035962 
0.526589989319 0.0181883981801 0.0121255987868 -0.178955225487 
0.44860153336 0.053070518986 0.0353803459907 -0.26246575679 
0.411307863603 0.0463380737272 0.0308920491515 -0.443803092372 
0.37739347323 0.0654226001491 0.0436150667661 -0.523598775598 
0.330206375766 0.109399532309 0.0729330215393 -0.523598775598 
0.300018015216 0.135659397203 0.0904395981353 -0.523598775598 
0.273710773375 0.160796271266 0.107197514177 -0.523598775598 
0.267672648853 0.158188885516 0.105459257011 -0.523598775598 
0.250678765007 0.175336618873 0.116891079249 -0.523598775598 
0.230627502803 0.198956197209 0.132637464806 -0.523598775598 
0.223637394674 0.198629520548 0.132419680366 -0.523598775598 
0.211071726652 0.219369406843 0.146246271229 -0.523598775598 
0.197366937743 0.237504203694 0.158336135796 -0.523598775598 
0.203222800728 0.234451957637 0.156301305091 -0.523598775598 
0.195615551043 0.233419921307 0.155613280871 -0.523598775598 
0.18593405683 0.250107718572 0.166738479048 -0.523598775598 
0.196720138364 0.23121115022 0.154140766813 -0.523598775598 
0.196720138364 0.23121115022 0.154140766813 -0.523598775598 
0.180613991156 0.252612674824 0.168408449883 -0.523598775598 
0.165647460048 0.273760572875 0.182507048584 -0.523598775598 
0.165647460048 0.273760572875 0.182507048584 -0.523598775598 
0.165647460048 0.273760572875 0.182507048584 -0.523598775598 
0.165647460048 0.273760572875 0.182507048584 -0.523598775598 
0.162552025804 0.271176994663 0.180784663109 -0.523598775598 
0.171803648246 0.255909786431 0.170606524287 -0.523598775598 
0.154364766643 0.278735544034 0.185823696023 -0.523598775598 
0.147089595565 0.276632085272 0.184421390181 -0.523598775598 
0.121668817147 0.294566812582 0.196377875055 -0.523598775598 
0.0854403488797 0.32527540253 0.216850268353 -0.523598775598 
0.0752677224985 0.318866491492 0.212577660995 -0.523598775598 
0.0691682115301 0.300923041634 0.200615361089 -0.523598775598 
0.0570801276291 0.295980453465 0.19732030231 -0.523598775598 
0.0393127837434 0.302386935755 0.201591290503 -0.523598775598 
0.0310932256432 0.298344482374 0.198896321583 -0.523598775598 
0.0161635884104 0.306631586601 0.204421057734 -0.523598775598 
0.0110527394778 0.304237817781 0.202825211854 -0.523598775598 
0.00677619623553 0.302532159511 0.20168810634 -0.523598775598 
0.0100721971548 0.29223755242 0.194825034947 -0.523598775598 
0.0127074812709 0.282806897252 0.188537931502 -0.523598775598 
0.0197569511511 0.269904615361 0.179936410241 -0.523598775598 
0.0262961541131 0.259823953438 0.173215968959 -0.523598775598 
0.011372896295 0.281225922131 0.187483948087 -0.523598775598 
0.00108013763678 0.296345013695 0.197563342463 -0.523598775598 
0.00862901966101 0.285565546037 0.190377030691 -0.523598775598 
0.00694250323292 0.286027524571 0.190685016381 -0.523598775598 
0.00331828561068 0.294269291145 0.19617952743 -0.523598775598 
0.00331828561068 0.294269291145 0.19617952743 -0.523598775598 
0.00593565258578 0.295155126586 0.196770084391 -0.523598775598 
0.0121139306919 0.287187773871 0.191458515914 -0.523598775598 
0.0253693346772 0.270848138856 0.180565425904 -0.523598775598 
0.0286264062993 0.272676033683 0.181784022455 -0.523598775598 
0.0309824162234 0.275186821989 0.183457881326 -0.523598775598 
0.0270994722552 0.291234437987 0.194156291991 -0.523598775598 
0.0323061978314 0.295411430742 0.196940953828 -0.523598775598 
0.0250924658815 0.325869478467 0.217246318978 -0.523598775598 
0.0341079776642 0.331218170112 0.220812113408 -0.523598775598 
0.0424949277153 0.336043163432 0.224028775622 -0.523598775598 
0.0502629522427 0.340445574323 0.226963716215 -0.523598775598 
0.0630045239721 0.343860103359 0.229240068906 -0.523598775598 
0.0815488964392 0.326839198189 0.217892798793 -0.523598775598 
0.0863109032449 0.32996644073 0.219977627153 -0.523598775598 
0.079542738035 0.349482870396 0.232988580264 -0.523598775598 
0.079542738035 0.349482870396 0.232988580264 -0.523598775598 
0.0857634356106 0.351844176427 0.234562784285 -0.523598775598 
0.0857634356106 0.351844176427 0.234562784285 -0.523598775598 
0.0857634356106 0.351844176427 0.234562784285 -0.523598775598 
0.0857634356106 0.351844176427 0.234562784285 -0.523598775598 
0.0950617003893 0.351341307358 0.234227538238 -0.523598775598 
0.109699269921 0.32119404348 0.21412936232 -0.523598775598 
0.109699269921 0.32119404348 0.21412936232 -0.523598775598 
0.109699269921 0.32119404348 0.21412936232 -0.523598775598 
0.109699269921 0.32119404348 0.21412936232 -0.523598775598 
0.116122240723 0.319980664289 0.213320442859 -0.523598775598 
0.116122240723 0.319980664289 0.213320442859 -0.523598775598 
0.109108374522 0.32065406776 0.213769378506 -0.523598775598 
0.0924938049375 0.350927102305 0.233951401537 -0.523598775598 
0.0924938049375 0.350927102305 0.233951401537 -0.523598775598 
0.0924938049375 0.350927102305 0.233951401537 -0.523598775598 
0.0924938049375 0.350927102305 0.233951401537 -0.523598775598 
0.0924938049375 0.350927102305 0.233951401537 -0.523598775598 
0.0924938049375 0.350927102305 0.233951401537 -0.523598775598 
0.0924938049375 0.350927102305 0.233951401537 -0.523598775598 
0.0924938049375 0.350927102305 0.233951401537 -0.523598775598 
0.0862218503592 0.352103607151 0.2347357381 -0.523598775598 
0.0862218503592 0.352103607151 0.2347357381 -0.523598775598 
0.0862218503592 0.352103607151 0.2347357381 -0.523598775598 
0.0709169851361 0.380379815127 0.253586543418 -0.523598775598 
0.0849169772686 0.35995162083 0.23996774722 -0.523598775598 
0.0849169772686 0.35995162083 0.23996774722 -0.523598775598 
0.0849169772686 0.35995162083 0.23996774722 -0.523598775598 
0.0849169772686 0.35995162083 0.23996774722 -0.523598775598 
0.0717092151372 0.357905900158 0.238603933439 -0.523598775598 
0.0298691465369 0.404878305738 0.269918870492 -0.523598775598 
5.95947684738e-18 0.425471707922 0.283647805281 -0.523598775598 
9.66276864342e-22 0.415892467343 0.277261644895 -0.523598775598 
4.7900328887e-21 0.388353895398 0.258902596932 -0.523598775598 
4.97391303131e-21 0.365140815847 0.243427210564 -0.523598775598 
2.6438422283e-21 0.349411094952 0.232940729968 -0.523598775598 
5.83173968061e-21 0.327804850696 0.21853656713 -0.523598775598 
-4.8665275338e-21 0.317069436058 0.211379624039 -0.523598775598 
-4.8665275338e-21 0.317069436058 0.211379624039 -0.523598775598 
8.83234726746e-21 0.300304058521 0.20020270568 -0.523598775598 
8.83234726746e-21 0.300304058521 0.20020270568 -0.523598775598 
8.83234726746e-21 0.300304058521 0.20020270568 -0.523598775598 
8.83234726746e-21 0.300304058521 0.20020270568 -0.523598775598 
8.83234726746e-21 0.300304058521 0.20020270568 -0.523598775598 
8.83234726746e-21 0.300304058521 0.20020270568 -0.523598775598 
-6.11596087972e-21 0.291595268062 0.194396845375 -0.523598775598 
-6.11596087972e-21 0.291595268062 0.194396845375 -0.523598775598 
-6.11596087972e-21 0.291595268062 0.194396845375 -0.523598775598 
-6.11596087972e-21 0.291595268062 0.194396845375 -0.523598775598 
-6.11596087972e-21 0.291595268062 0.194396845375 -0.523598775598 
-6.11596087972e-21 0.291595268062 0.194396845375 -0.523598775598 
-2.37943335877e-21 0.283491217444 0.188994144963 -0.523598775598 
-2.37943335877e-21 0.283491217444 0.188994144963 -0.523598775598 
-2.37943335877e-21 0.283491217444 0.188994144963 -0.523598775598 
4.97616011784e-21 0.290858708847 0.193905805898 -0.523598775598 
4.97616011784e-21 0.290858708847 0.193905805898 -0.523598775598 
-2.03633609947e-21 0.298917277982 0.199278185321 -0.523598775598 
3.38613627353e-21 0.316208834699 0.210805889799 -0.523598775598 
-4.54445938459e-21 0.340594617677 0.227063078452 -0.523598775598 
0.00637343115659 0.345549479974 0.230366319983 -0.523598775598 
0.0268390053112 0.352169278206 0.234779518804 -0.523598775598 
0.0736794717528 0.303856198932 0.202570799288 -0.523598775598 
0.105019272736 0.278270098081 0.185513398721 -0.523598775598 
0.112945824695 0.28276919526 0.18851279684 -0.523598775598 
0.118489372706 0.285875751056 0.190583834037 -0.523598775598 
0.120906801538 0.289679136477 0.193119424318 -0.523598775598 
0.125832447591 0.290634920104 0.193756613403 -0.523598775598 
0.149279254465 0.256558103439 0.171038735626 -0.523598775598 
0.149279254465 0.256558103439 0.171038735626 -0.523598775598 
0.149279254465 0.256558103439 0.171038735626 -0.523598775598 
0.149279254465 0.256558103439 0.171038735626 -0.523598775598 
0.132484604176 0.286277773752 0.190851849168 -0.523598775598 
0.132484604176 0.286277773752 0.190851849168 -0.523598775598 
0.132484604176 0.286277773752 0.190851849168 -0.523598775598 
0.132484604176 0.286277773752 0.190851849168 -0.523598775598 
0.132484604176 0.286277773752 0.190851849168 -0.523598775598 
0.132484604176 0.286277773752 0.190851849168 -0.523598775598 
0.132484604176 0.286277773752 0.190851849168 -0.523598775598 
0.151749266415 0.255785665689 0.170523777126 -0.523598775598 
0.151749266415 0.255785665689 0.170523777126 -0.523598775598 
0.151749266415 0.255785665689 0.170523777126 -0.523598775598 
0.151749266415 0.255785665689 0.170523777126 -0.523598775598 
0.145800323177 0.257364644313 0.171576429542 -0.523598775598 
0.132653852745 0.280911223883 0.187274149255 -0.523598775598 
0.132653852745 0.280911223883 0.187274149255 -0.523598775598 
0.132653852745 0.280911223883 0.187274149255 -0.523598775598 
0.132653852745 0.280911223883 0.187274149255 -0.523598775598 
0.13537678478 0.283154704006 0.188769802671 -0.523598775598 
0.143316049892 0.285309215386 0.190206143591 -0.523598775598 
0.151458639222 0.287333455429 0.191555636953 -0.523598775598 
0.179966082735 0.256762843533 0.171175229022 -0.523598775598 
0.213681663715 0.224047458889 0.149364972592 -0.523598775598 
0.280897603185 0.14716875112 0.0981125007464 -0.523598775598 
0.355796607486 0.0649461282725 0.0432974188483 -0.504198963936 
0.40763608929 0.0048057942017 0.00320386280113 -0.399961563797 
0.462709237248 1.53092441243e-19 1.02061627495e-19 -0.287447486657 
0.544241188487 3.177540363e-22 2.118360242e-22 -0.0532391059744 
0.663299438005 -1.51448858308e-22 -1.00965905539e-22 0.010726899143 
0.77011827623 0.000750406001461 0.000500270667641 0.0207228003728 
0.861098470764 0.0779258104476 0.0519505402984 0.021609646187 
0.859546553001 0.0788811417451 0.0525874278301 0.032394411477 
0.850503720075 0.0816536464867 0.0544357643245 0.0344161461232 
0.770001621347 0.105721051494 0.0704807009959 0.0456443153846 
0.791489171617 0.611631823249 0.407754548832 0.0341156513483 
0.727187098081 0.846184803199 0.564123202132 0.0244995503591 
0.604056249731 1.02526136414 0.683507576096 0.00992549397606 
0.48031049085 1.1499170146 0.766611343069 -0.00919476559581 
0.631479981578 1.24476323626 0.829842157508 -0.00961842561387 
0.889381024078 1.30501821493 0.870012143286 0.0138699317638 
1.03781238809 1.3497038852 0.899802590135 0.0505954835882 
1.13812324411 1.37750771073 0.918338473819 0.12059692374 
1.21446038583 1.38171693853 0.92114462569 0.30781092692 
1.26757849394 1.35601327537 0.904008850246 0.523598775598 
1.27803956909 1.37765594925 0.918437299501 0.522530282039 
1.23912319127 1.44827985812 0.965519905413 -0.132551874833 
1.24138508761 1.4486645993 0.96577639953 -0.222807150111 
1.24540294666 1.44768913595 0.965126090631 -0.266915465099 
1.24650341234 1.44705075824 0.964700505492 -0.301431815257 
1.25253599333 1.44758416193 0.965056107954 -0.302669284758 
1.25598426699 1.44891768098 0.965945120654 -0.303834548558 
1.24885435628 1.44532844102 0.963552294011 -0.353519689344 
1.25049152508 1.44581284999 0.963875233328 -0.35393355353 
1.25205779772 1.44597340585 0.963982270568 -0.354334965374 
1.25444101795 1.44507239532 0.963381596878 -0.354670259298 
1.25456669239 1.44574995927 0.96383330618 -0.354793302376 
1.25406769288 1.44618682463 0.964124549756 -0.354966419051 
1.2540258719 1.44594203893 0.963961359284 -0.354935316929 
1.25285012169 1.44618482077 0.964123213849 -0.354940130897 
1.25318437739 1.44378559339 0.962523728925 -0.354577882601 
1.25192302648 1.4428120514 0.961874700933 -0.354017450979 
1.25070382716 1.44240468431 0.96160312287 -0.353459562837 
1.25158933099 1.44090246522 0.960601643483 -0.352814539297 
1.24941266573 1.44163469741 0.961089798276 -0.35214656552 
1.24618687974 1.44353606016 0.962357373438 -0.35164457349 
1.24602639084 1.44268865397 0.961792435982 -0.351477353994 
1.25064571151 1.44600679264 0.964004528428 -0.316313898674 
1.24804097517 1.44544013808 0.963626758717 -0.315690969243 
1.24202937518 1.44635731001 0.964238206674 -0.314670695393 
1.22999510725 1.44644886082 0.964299240546 -0.312282833082 
1.22632972872 1.4520691886 0.968046125731 -0.238357602063 
1.21615914768 1.45422415187 0.969482767912 -0.149782687973 
1.24563706158 1.39351304453 0.929008696354 0.469998888125 
1.23486692038 1.35826211869 0.905508079124 0.523598775598 
1.16485365422 1.376581625 0.917721083332 0.302456098499 
1.03621768773 1.35795352475 0.905302349834 0.0944402000201 
0.873688528937 1.30031836012 0.866878906749 0.0270726897362 
0.527946593196 1.22809463453 0.818729756352 -0.00886211314797 
0.525335533624 1.0905286057 0.727019070469 -0.00702569718862 
0.663651315008 0.946660895796 0.631107263864 0.0055274575739 
0.765401076267 0.753120317005 0.502080211337 -0.00581997747082 
0.799504171533 0.479429691995 0.319619794663 -0.0153117962219 
0.857924106256 0.124512534679 0.0830083564527 -0.0280000376037 
0.9678184771 0.0934758279232 0.0623172186154 -0.0355734927587 
1.03921667144 3.22865746009e-17 2.15243830673e-17 -0.0438490501366 
1.09897475023 -2.20169770738e-22 -1.46779847159e-22 -0.0448139762279 
1.13066078939 6.74504437121e-22 4.49669624748e-22 -0.0455005350089 
1.20667433766 0.166386456332 0.110924304221 -0.035849979262 
1.23504388911 0.206101494565 0.137400996377 -0.0339764332801 
1.23765088606 0.199448496411 0.132965664274 -0.0339033436853 
1.24034572463 0.197812311576 0.131874874384 -0.0334956202394 
1.19853944789 0.0978029540731 0.065201969382 -0.037476570716 
1.2026872037 0.107086539145 0.0713910260969 -0.0369322277529 
1.16057036651 4.0508208441e-17 2.7005472294e-17 -0.0421201450504 
1.22499459558 0.168537840145 0.112358560096 -0.033727890076 
1.2168271323 0.154711757092 0.103141171395 -0.0331318489778 
1.17617575777 0.0515467633684 0.0343645089123 -0.0377862303816 
1.16565848436 0.0238047585288 0.0158698390192 -0.0387295144087 
1.19645884353 0.12759640417 0.0850642694469 -0.0333177951262 
1.17399941104 0.0810206507163 0.0540137671442 -0.0347296407049 
1.14090069208 -1.44893125524e-17 -9.65954170159e-18 -0.0389139278075 
1.13189489347 -2.1381317654e-18 -1.42542117693e-18 -0.0386075835238 
1.12768024015 -6.32726291587e-19 -4.21817527724e-19 -0.0394801013566 
1.12135654258 -2.80650638862e-18 -1.87100425908e-18 -0.040850474439 
1.10941019648 2.47685422737e-18 1.65123615158e-18 -0.0396859990654 
1.08468585456 1.81812964754e-18 1.2120864317e-18 -0.0381740789081 
1.0645866189 4.69528666483e-19 3.13019110989e-19 -0.0383935949289 
0.993461399441 0.0103140517079 0.0068760344719 -0.0372166246832 
0.886347016645 0.0330249882891 0.0220166588594 -0.0264163414108 
0.777239502603 0.0622159480243 0.0414772986829 -0.0197745383774 
0.796308439428 0.571910119815 0.38127341321 -0.0074536950336 
0.7581703066 0.775391781036 0.516927854024 0.00214031038765 
0.675934418662 0.932828377705 0.621885585137 0.0039179847089 
0.569034146479 1.06322631693 0.708817544618 -0.000412853269158 
0.449487192207 1.17784272277 0.785228481847 -0.0104247360572 
0.704648173809 1.2556798664 0.837119910932 0.00155301509415 
0.877906819037 1.30218753306 0.868125022037 0.0196726706688 
0.991484171049 1.34746975631 0.898313170872 0.0465175769847 
1.09766388111 1.38272532093 0.921816880622 0.108299663566 
1.19479621933 1.38820463281 0.925469755204 0.311650561478 
1.24817051278 1.37165912052 0.91443941368 0.523598775598 
1.21383622771 1.45478623481 0.969857489873 -0.148454500903 
1.21924995322 1.45212089793 0.968080598621 -0.313469440267 
1.22269751363 1.44523739345 0.963491595635 -0.414599153576 
1.22127353264 1.42657878933 0.95105252622 -0.523598775598 
1.22830755029 1.43348194797 0.955654631978 -0.523598775598 
1.2307344331 1.44066789024 0.960445260163 -0.523598775598 
1.23256381689 1.44545770483 0.963638469885 -0.523598775598 
1.23472920642 1.44764824428 0.965098829517 -0.523598775598 
1.23610558092 1.44925577697 0.966170517983 -0.523598775598 
1.2382369502 1.44932669258 0.966217795053 -0.523598775598 
1.23879843827 1.45020585322 0.966803902144 -0.523598775598 
1.23809657925 1.4524541164 0.96830274427 -0.523598775598 
1.23882748723 1.45308470868 0.968723139123 -0.523598775598 
1.24056863269 1.45236213277 0.968241421846 -0.523598775598 
1.24038484651 1.45337482207 0.968916548047 -0.523598775598 
1.24107348354 1.45431095812 0.969540638744 -0.523598775598 
1.24429751541 1.45870114864 0.972467432429 -0.507229319347 
1.2468793926 1.46141328576 0.974275523838 -0.496076502683 
1.24921115675 1.46326135923 0.97550757282 -0.487848932948 
1.25108124928 1.46784383951 0.978562559676 -0.470813419529 
1.25049923614 1.46541295301 0.976941968674 -0.477953932673 
1.25143043814 1.46823325892 0.978822172613 -0.468301424812 
1.25195936609 1.47161851056 0.98107900704 -0.457666056119 
1.24912847267 1.46491876102 0.976612507349 -0.482173194699 
1.25065831815 1.4697016956 0.9798011304 -0.466404704961 
1.25169533456 1.47223241098 0.981488273984 -0.45731500362 
1.25263961231 1.47352813271 0.982352088474 -0.452686622301 
1.25220517866 1.47254316618 0.981695444118 -0.456850116329 
1.25099326494 1.468792159 0.979194772668 -0.471063549221 
1.25154799606 1.47171408967 0.981142726448 -0.462846300801 
1.25108643899 1.47046899814 0.980312665428 -0.46758570656 
1.25113326294 1.4732879984 0.982191998933 -0.458113848389 
1.24683128161 1.47396066697 0.982640444645 -0.46113082344 
1.23180102625 1.45692238994 0.97128159329 -0.523598775598 
1.21913670836 1.4485249229 0.965683281934 -0.523598775598 
1.20723047952 1.45025531482 0.96683687655 -0.381920806458 
1.25648555043 1.36043688494 0.90695792329 0.523598775598 
1.09092511772 1.35514360536 0.903429070243 0.0770688750844 
0.908356834696 1.27656298006 0.85104198671 0.000644474761575 
0.471772622337 1.15147850592 0.767652337282 -0.0417760332769 
0.623987563589 0.99423959877 0.66282639918 -0.0363405051215 
0.735280816484 0.82054463578 0.547029757186 -0.0356693932965 
0.815155876824 0.6369257755 0.424617183667 -0.0389389266497 
0.819154932144 0.30803654006 0.205357693373 -0.0536063313994 
0.896054828738 0.0915144812587 0.0610096541725 -0.0643938369802 
0.982686390405 0.0664092480881 0.0442728320587 -0.0612363928654 
1.02426198714 -2.75771609284e-17 -1.83847739523e-17 -0.0656467271918 
1.14526842542 0.238922096217 0.159281397478 -0.0436922053297 
1.17165167177 0.250976531923 0.167317687949 -0.0424939291142 
1.20856845963 0.291130282062 0.194086854708 -0.039291204979 
1.21939839681 0.295816223878 0.197210815919 -0.0383420442212 
1.21550762782 0.27790313047 0.185268753647 -0.0390649178866 
1.2410509065 0.308261435909 0.205507623939 -0.0375977130059 
1.2228747196 0.276943431395 0.184628954264 -0.0390364148358 
1.19706936698 0.232264632811 0.15484308854 -0.0406371900429 
1.20142063428 0.236478804169 0.157652536112 -0.04057494241 
1.2074413646 0.248045692727 0.165363795152 -0.0402405301033 
1.19783329231 0.23341595363 0.155610635753 -0.0402004334923 
1.2491395983 0.315312283673 0.210208189115 -0.0371647979786 
1.27082864214 0.345099417063 0.230066278042 -0.0364612522941 
1.27608522818 0.351799445497 0.234532963665 -0.0371066784361 
1.20741277011 0.243822743952 0.162548495968 -0.0421012059086 
1.23181318569 0.285607731776 0.190405154518 -0.0404237967734 
1.20248321911 0.23018336695 0.153455577967 -0.0435954835833 
1.23895014032 0.293971126924 0.195980751283 -0.0394359765122 
1.21687893942 0.257614078413 0.171742718942 -0.0406212986913 
1.23282488679 0.309674266153 0.206449510769 -0.0376510811865 
1.22501323846 0.338193892483 0.225462594989 -0.0354225753531 
1.15774846334 0.363694123264 0.242462748843 -0.033710027597 
1.13037715211 0.571863480078 0.381242320052 -0.0201953152822 
1.21432700953 0.763920364815 0.50928024321 -0.00535818003184 
1.29743280713 0.876888936255 0.58459262417 0.00854205723957 
1.37124381396 0.934869351684 0.623246234456 0.0193590572784 
1.37623288472 0.972319629576 0.648213086384 0.0284201505824 
1.39776165163 0.991568026703 0.661045351135 0.0341298197278 
1.41853432838 1.00139592959 0.66759728639 0.0371751487366 
1.41202020244 1.01321749289 0.675478328595 0.0406360434919 
1.41629498948 1.01811107872 0.678740719149 0.0425102219227 
1.42234216995 1.02099621624 0.680664144157 0.0433158827132 
1.41504648424 1.02554882376 0.683699215838 0.0444304805027 
1.40522528107 1.02962372805 0.686415818701 0.0448388081748 
1.40246681757 1.03100216671 0.687334777808 0.0452213642111 
1.41653414774 1.02730474818 0.684869832123 0.0435038537015 
1.41473151298 1.02748555348 0.684990368985 0.0429939826164 
1.41648058131 1.02660595588 0.684403970586 0.0422102554078 
1.41575661876 1.02666795959 0.684445306394 0.0415986940298 
1.40914396353 1.02778742597 0.685191617314 0.0412453552819 
1.41353371081 1.0256486094 0.683765739597 0.0398095391487 
1.40963694949 1.02525841969 0.683505613126 0.0394346747055 
1.40005402639 1.0260971331 0.684064755401 0.0389383248561 
1.40003528099 1.02498688037 0.683324586911 0.0383555916376 
1.3878909517 1.02724698474 0.68483132316 0.0390440041378 
1.39950944492 1.02369162924 0.682461086158 0.0390685091616 
1.40324011182 1.02261312206 0.681742081372 0.0396117940202 
1.39718582205 1.02299648853 0.681997659021 0.0407384650434 
1.40622862345 1.02273746588 0.681824977253 0.0448812973094 
1.39713561745 1.02581450189 0.683876334593 0.0504905127066 
1.39819192145 1.02513528023 0.683423520157 0.0556151642772 
1.38778114477 1.02682443325 0.684549622166 0.0626557924305 
1.38614111421 1.02688047736 0.684586984909 0.0708027455053 
1.38593676645 1.02807366792 0.685382445281 0.0798009324794 
1.37070853981 1.03296817643 0.688645450952 0.0893797750871 
1.37092060042 1.03439874793 0.689599165289 0.0977348253359 
1.36827121304 1.03638487518 0.690923250121 0.106419316444 
1.37007248827 1.03698563898 0.691323759318 0.115426773875 
1.37962480475 1.03652294467 0.691015296444 0.123245419133 
1.38243177364 1.03692674638 0.691284497586 0.130869832876 
1.3838931472 1.03786143238 0.691907621586 0.137365401653 
1.38129411319 1.03840314429 0.692268762858 0.143136415999 
1.38449614837 1.03493211852 0.689954745677 0.14658876244 
1.38384637737 1.03090032364 0.687266882427 0.150250331131 
1.38766845933 1.02604648696 0.684030991307 0.152587142846 
1.38456879563 1.02297637071 0.681984247142 0.154849845881 
1.39165307643 1.0159488573 0.6772992382 0.15420942213 
1.38704606751 1.01375650393 0.67583766929 0.155318105828 
1.38119656302 1.01165926697 0.674439511314 0.155879410207 
1.38442235953 1.00816507217 0.672110048111 0.155716948823 
1.38006555939 1.00639186229 0.670927908197 0.155859646344 
1.37915574066 1.00561035418 0.670406902786 0.155591333245 
1.3796811895 1.00386675345 0.669244502298 0.154717190174 
1.37384232596 1.00477267763 0.669848451756 0.154853667098 
1.37896815438 1.00205280709 0.668035204727 0.152823149921 
1.38668715024 0.999564920912 0.666376613941 0.149818172529 
1.37966206344 1.00152703492 0.667684689944 0.14853284383 
1.37641413036 1.00350161434 0.669001076225 0.145671787006 
1.38355788115 1.00372674508 0.669151163388 0.142224459841 
1.36961518954 1.00909594805 0.672730632033 0.141412558134 
1.36718722473 1.01153203207 0.674354688044 0.139029205671 
1.3642367749 1.01406165012 0.676041100079 0.135574321714 
1.36901255232 1.01445161366 0.676301075774 0.131418245346 
1.36098861853 1.01911973499 0.679413156659 0.127641290364 
1.35929560091 1.02080657039 0.68053771359 0.123228290395 
1.36628503742 1.02163205935 0.681088039565 0.117471284724 
1.38404006997 1.01879136256 0.679194241704 0.109947138176 
1.37685289586 1.02226945838 0.68151297225 0.104841338808 
1.37837954085 1.02375749899 0.682504999324 0.0981793546394 
1.37692610525 1.02612968209 0.684086454726 0.0919023021395 
1.3768096685 1.02868685483 0.685791236551 0.0855654397888 
1.38230619718 1.02872223009 0.685814820062 0.0765345767529 
1.38660241957 1.02961899723 0.686412664822 0.0689870579629 
1.39460639568 1.02825420206 0.685502801376 0.0625261448482 
1.3960847993 1.02821762625 0.685478417498 0.0582196074679 
1.396827313 1.02827524491 0.685516829941 0.0551189015083 
1.40389241721 1.02695532613 0.684636884089 0.0524276656993 
1.40584580103 1.02667878577 0.684452523847 0.0499422437723 
1.40978093463 1.02541081072 0.683607207149 0.0481340669239 
1.39196810973 1.03063118772 0.68708745848 0.0482446034131 
1.40485269419 1.02672559591 0.684483730608 0.046778316042 
1.40928049027 1.02614692251 0.684097948343 0.0465190836051 
1.41075746201 1.02552236835 0.683681578897 0.0461605914019 
1.40227074652 1.02801386962 0.685342579745 0.0464663571077 
1.39821092381 1.02950066699 0.686333777994 0.0469105330345 
1.39855779652 1.03010999321 0.686739995476 0.0474570050246 
1.39125888273 1.03299557958 0.688663719721 0.0477540307154 
1.39408017654 1.03222555906 0.68815037271 0.0475401569448 
1.40348792519 1.03019870505 0.686799136703 0.0467815328718 
1.41055602062 1.02803555193 0.685357034623 0.0459785539142 
1.41484554244 1.02718902142 0.684792680949 0.0456308449399 
1.4081918713 1.02939462671 0.686263084472 0.0465097872805 
1.40695059354 1.02956016406 0.686373442707 0.0470780102705 
1.40703169072 1.03018659006 0.68679106004 0.0493006597299 
1.3956807317 1.03413539057 0.689423593717 0.0528456004663 
1.38845920079 1.0368587266 0.691239151066 0.0553535618703 
1.39443277578 1.03590820106 0.690605467371 0.0568973203315 
1.39201258053 1.03741646344 0.69161097563 0.0613116360959 
1.37624743958 1.04274666908 0.695164446055 0.0708790280769 
1.36488511067 1.04626939517 0.697512930116 0.0829799162553 
1.3609253215 1.04657623677 0.697717491178 0.0953161985127 
1.3611492008 1.04576903335 0.697179355565 0.1071616176 
1.36590208862 1.04336200716 0.695574671438 0.118635351114 
1.37829823706 1.03897537466 0.692650249772 0.128242532962 
1.38440881668 1.03690822992 0.691272153282 0.136911639052 
1.3954151216 1.03434578363 0.689563855756 0.142706597224 
1.40751171053 1.03042563805 0.686950425364 0.146798796119 
1.41094330817 1.02919538433 0.686130256218 0.151497903146 
1.41753739723 1.02730211402 0.684868076017 0.154777956672 
1.424833193 1.02495456521 0.683303043473 0.156526894527 
1.42874905298 1.02409966675 0.682733111167 0.157113497775 
1.42804647368 1.02447289141 0.682981927607 0.158384869104 
1.43049352752 1.02397277199 0.682648514661 0.158561369556 
1.4281825646 1.02433554101 0.682890360674 0.15914825452 
1.42959595433 1.022838371 0.681892247334 0.158570518454 
1.41880135961 1.02476609012 0.683177393416 0.159420787429 
1.42071716763 1.02304074091 0.682027160607 0.159236008846 
1.41716364636 1.02359796749 0.682398644996 0.15903750893 
1.41634152581 1.02295437209 0.681969581396 0.158444600696 
1.41642526599 1.02287156423 0.681914376154 0.156799401308 
1.40851792714 1.0252945239 0.683529682603 0.156440236641 
1.41346249286 1.02477001041 0.683180006942 0.154424318718 
1.41336000356 1.0256788907 0.683785927134 0.153423536123 
1.41206820716 1.02627043532 0.684180290213 0.151013804181 
1.4021674791 1.03016858937 0.686779059582 0.14769043826 
1.4012373476 1.03181098665 0.687873991097 0.144141489984 
1.41132578704 1.03007115152 0.686714101016 0.139171343754 
1.40312734613 1.03416878008 0.689445853384 0.135760906211 
1.40732507711 1.03579132596 0.69052755064 0.128368926546 
1.40427554538 1.0401545857 0.69343639047 0.122356548601 
1.39827119778 1.04436593494 0.696243956625 0.115720747078 
1.41031139712 1.04411430862 0.696076205744 0.10708856339 
1.42525447722 1.0426889158 0.695125943865 0.0966355742732 
1.41946170244 1.04695822242 0.697972148279 0.0883492149704 
1.42382641607 1.04743779635 0.698291864232 0.0793076223775 
1.42821892007 1.04781772573 0.698545150485 0.0731546794676 
1.43633438598 1.04565329216 0.697102194776 0.0685067605598 
1.44123073097 1.04470089585 0.696467263898 0.0654443163913 
1.4506023806 1.04148407311 0.694322715403 0.0620157956323 
1.44747891235 1.04140014234 0.69426676156 0.0602110748126 
1.43593508952 1.04425246265 0.696168308434 0.0596118845325 
1.42556864135 1.04715948878 0.698106325852 0.0593291259278 
1.41783286465 1.0487874194 0.699191612931 0.0586826738357 
1.43151413161 1.04402182213 0.696014548087 0.057269316482 
1.42325410888 1.04650551323 0.697670342153 0.0582025382932 
1.42819661438 1.04513902554 0.696759350359 0.0579574196961 
1.41502529661 1.04867658272 0.699117721814 0.0579865345986 
1.41537306847 1.04812841674 0.698752277824 0.0576090564389 
1.41543138034 1.0483735597 0.698915706464 0.0576730542428 
1.42610473279 1.04582109573 0.69721406382 0.0574531588832 
1.42068909333 1.04737789298 0.69825192865 0.0572170271187 
1.41191748259 1.05030348961 0.700202326408 0.0582678287825 
1.417435406 1.04782003513 0.698546690084 0.0577057619498 
1.42145144897 1.04655574444 0.697703829624 0.0576869845035 
1.43531050755 1.04297238204 0.695314921358 0.0567633189889 
1.43836008124 1.04169135843 0.694460905621 0.0561115774708 
1.44325560831 1.03947987991 0.692986586604 0.0547807737437 
1.44458255263 1.037272352 0.691514901334 0.0532858302165 
1.43409544204 1.03611644346 0.690744295643 0.0516942807704 
1.42630528268 1.02902675463 0.686017836422 0.0473759449676 
1.41979417973 1.01519733923 0.676798226152 0.0419378342566 
1.40011424069 0.997617975793 0.665078650528 0.0365872156349 
1.36821898636 0.971146229863 0.647430819909 0.0294274162861 
1.30742669133 0.934599440867 0.623066293911 0.0226075209531 
1.18737739585 0.863923295146 0.575948863431 0.0157021328428 
0.79831339263 0.464926326557 0.309950884371 0.0142099472663 
0.875904730871 0.0408834920977 0.0272556613985 0.0347789019385 
1.02785634787 0.000468694347895 0.000312462898596 0.0433142559211 
1.17485265316 3.15224386209e-20 2.10149590806e-20 0.0351380392561 
1.30190628942 6.2391986236e-23 4.15946574907e-23 0.0242028923914 
1.37742114513 5.18595260424e-22 3.45730173616e-22 0.0211403357332 
1.43209117889 1.68724714339e-21 1.12483142892e-21 0.0179857078622 
1.47195827558 9.24121448595e-23 6.1608096573e-23 0.0144793530273 
1.50057760821 1.16885781859e-21 7.79238545724e-22 0.0111919769486 
1.5244144657 1.47386816334e-21 9.82578775558e-22 0.00856808470416 
1.53038668912 3.51986661825e-21 2.3465777455e-21 0.00785493765438 
1.52130240085 9.87081890486e-22 6.58054593657e-22 0.0106921368385 
1.51833936063 9.51517932609e-22 6.34345288406e-22 0.0119060849402 
1.52137304929 5.99949978874e-22 3.99966652582e-22 0.00890596602878 
1.53137363149 1.33141016045e-21 8.87606773633e-22 0.00768646012967 
1.53137363149 1.33141016045e-21 8.87606773633e-22 0.00768646012967 
1.53137363149 1.33141016045e-21 8.87606773633e-22 0.00768646012967 
1.52880195251 -6.13972426373e-22 -4.09314950915e-22 0.00878533172936 
1.53653918454 1.0015580933e-22 6.67705395534e-23 0.00602892814581 
1.53670906259 4.18101745217e-22 2.78734496812e-22 0.0043965910076 
1.52690233595 1.63515283763e-21 1.09010189176e-21 0.0049011532976 
1.5087730814 5.97195855852e-22 3.98130570568e-22 0.00748534303807 
1.51184550576 -9.32123149513e-23 -6.21415433008e-23 0.00550133434715 
1.51386369361 -1.5322394774e-21 -1.02149298493e-21 0.0046399267373 
1.50852792645 1.78964254964e-22 1.19309503309e-22 0.00625847070585 
1.50485638485 -6.09697268819e-22 -4.0646484588e-22 0.00746416101305 
1.48945917107 -9.19658636367e-22 -6.13105757578e-22 0.0097862981951 
1.49958028249 7.5759892458e-22 5.0506594972e-22 0.00785606014385 
1.48214846662 7.90813142629e-22 5.27208761753e-22 0.0103645884067 
1.47445691789 1.83835634317e-21 1.22557089545e-21 0.0109535168451 
1.47131243868 1.37450996041e-21 9.16339973607e-22 0.0119050276208 
1.46088532497 3.03546098774e-22 2.0236406585e-22 0.013059232927 
1.44110571071 -1.12224365039e-21 -7.48162433592e-22 0.0134521581893 
1.40802915812 5.25612782058e-22 3.50408521372e-22 0.0171684645848 
1.36748431514 3.20380640542e-22 2.13587093695e-22 0.0247521081457 
1.3058587991 5.37231145584e-22 3.58154097056e-22 0.0377388551003 
1.17038895775 -3.7879961624e-19 -2.52533077494e-19 0.0739196701903 
1.03613964961 0.00923548416904 0.00615698944602 0.115735284783 
0.917807660408 0.0441784018207 0.0294522678804 0.163043966906 
0.849603238452 0.277903889261 0.185269259507 0.164009792276 
0.79201088774 0.438346231454 0.292230820969 0.150594770289 
0.761999951056 0.635812106868 0.423874737912 0.132062955202 
0.706485174476 0.700204879968 0.466803253312 0.12926890434 
0.374391206107 0.324612004059 0.216408002706 0.523598775598 
0.315550985145 0.378385488796 0.252256992531 0.523598775598 
0.269638493092 0.422535047586 0.281690031724 0.523598775598 
0.235611540212 0.454513899622 0.303009266415 0.523598775598 
0.227695553374 0.450225013676 0.300150009117 0.523598775598 
0.216526930513 0.456218731685 0.304145821123 0.523598775598 
0.201174176851 0.471791605261 0.314527736841 0.523598775598 
0.189297111834 0.482831000736 0.321887333824 0.523598775598 
0.185243476854 0.480614919046 0.32040994603 0.523598775598 
0.175315448845 0.492335497898 0.328223665265 0.523598775598 
0.181175302319 0.478914703716 0.319276469144 0.523598775598 
0.181175302319 0.478914703716 0.319276469144 0.523598775598 
0.181175302319 0.478914703716 0.319276469144 0.523598775598 
0.174809705213 0.498113216607 0.332075477738 0.523598775598 
0.159543325482 0.531254167645 0.354169445097 0.523598775598 
0.157277711551 0.544572557291 0.363048371528 0.523598310746 
0.163925980602 0.552270924461 0.368180616307 0.523598581358 
0.146976192766 0.603163765148 0.402109176766 0.519937274926 
0.162025761781 0.70838436191 0.472256241273 0.397374132186 
0.144730044076 0.766957594918 0.511305063279 0.415182505602 
0.0847329363897 0.787782296038 0.525188197359 0.523598775598 
0.0629461578426 0.845730631509 0.563820421006 0.523598775598 
0.028272957136 0.918547288766 0.612364859177 0.523598775598 
4.71278561535e-18 1.00210525122 0.668070167483 0.523598775598 
-1.04007252683e-19 1.10037218707 0.733581458049 0.477958730097 
0.304769709028 1.22731099362 0.818207329079 0.287912326165 
0.304371902308 1.28143266726 0.854288444837 0.284761559877 
0.242595391714 1.32957563135 0.88638375423 0.270141200524 
0.245135037887 1.36094708214 0.907298054757 0.257675483912 
0.18141442321 1.40439636326 0.936264242174 0.225377464904 
0.135801057065 1.44688610122 0.964590734147 0.186897562811 
0.100632167436 1.47573435598 0.983822903986 0.153117559209 
0.0608540649451 1.50720326317 1.00480217545 0.124029984738 
0.0314169616498 1.52871989187 1.01914659458 0.0997452802003 
0.114273974875 1.5416471282 1.02776475213 0.0966035593693 
0.259617440285 1.54530438764 1.03020292509 0.124174935354 
0.324272923569 1.54906252543 1.03270835029 0.142008456236 
0.362901135115 1.552053211 1.03470214067 0.158140630759 
0.391668099394 1.55429851108 1.03619900739 0.170758073718 
0.423269144967 1.55580473244 1.03720315496 0.191471443122 
0.444092012401 1.55605342017 1.03736894678 0.206855541769 
0.465372416394 1.55424322677 1.03616215118 0.227333134434 
0.490382144447 1.55024267161 1.03349511441 0.253901266434 
0.532346197838 1.53439989256 1.02293326171 0.316968703309 
0.533954612664 1.53549240513 1.02366160342 0.316339956353 
0.535054757284 1.53776281303 1.02517520869 0.316406150378 
0.534864588693 1.53920903397 1.02613935598 0.316954454605 
0.535865964516 1.53935686316 1.02623790877 0.316366780439 
0.536004411304 1.5404916646 1.02699444306 0.316654252269 
0.536583722766 1.54189871433 1.02793247622 0.316660979137 
0.539947064289 1.5458509335 1.030567289 0.315744564997 
0.542146749416 1.56339291906 1.04226194604 0.291186622974 
0.565162669519 1.58428799835 1.0561919989 0.261510007472 
0.59913308383 1.61137291242 1.07424860828 0.195014470604 
0.681050279473 1.52977069627 1.01984713085 -0.523598775598 
0.750615475079 1.55817845196 1.03878563464 -0.523598775598 
0.868813894479 1.63163345548 1.08775563699 -0.334433373617 
0.975303781194 1.65482040659 1.10321360439 -0.255134853967 
1.04361979592 1.66422468519 1.10948312346 -0.226543561881 
1.0896831719 1.67152189146 1.11434792764 -0.212148758154 
1.1213023873 1.67669822456 1.11779881637 -0.204274487903 
1.14453225355 1.67993684216 1.11995789477 -0.198305404517 
1.16027140384 1.68270231052 1.12180154034 -0.195408967643 
1.17074872887 1.68505025459 1.1233668364 -0.193299111175 
1.17840949294 1.68574461871 1.12382974581 -0.191936305162 
1.18311243433 1.68626291346 1.12417527564 -0.191282875564 
1.18678329426 1.6869483995 1.12463226633 -0.190706499071 
1.18720612684 1.68613019755 1.12408679836 -0.190114760989 
1.1871688422 1.68684688549 1.12456459033 -0.189980036712 
1.18510061516 1.68603336009 1.12402224006 -0.190123684535 
1.17928803459 1.68659588447 1.12439725631 -0.190295402254 
1.16680704207 1.68618697897 1.12412465265 -0.191139099066 
1.13948009405 1.68330245801 1.12220163868 -0.193134761701 
1.08885814495 1.67178111253 1.11452074169 -0.201697059203 
1.00199976357 1.64688250526 1.09792167017 -0.231519175048 
0.859227449731 1.55018853172 1.03345902115 -0.469085494886 
0.795627090593 1.42739851164 0.95159900776 -0.523598775598 
0.607087868399 1.46977347354 0.979848982357 0.117763771699 
0.174543789376 1.40890802736 0.939272018239 0.0476772231759 
0.319683487269 1.28868819541 0.859125463604 0.0967571193226 
0.438394345222 1.17724730959 0.784831539728 0.116534861379 
0.515031955812 1.10125154218 0.734167694789 0.114022206363 
0.230338614407 0.975756187793 0.650504125195 0.153349142735 
0.0457961967827 0.785833209542 0.523888806361 0.347725809635 
0.0385858127354 0.752131386707 0.501420924471 0.33207040332 
0.0234646666613 0.729596356053 0.486397570702 0.319445824678 
0.00852691896721 0.716642336686 0.477761557791 0.311580513418 
0.00508810828557 0.688065431212 0.458710287475 0.30079835079 
3.26096584918e-19 0.676613730527 0.451075820351 0.293800751278 
3.26096584918e-19 0.676613730527 0.451075820351 0.293800751278 
3.26096584918e-19 0.676613730527 0.451075820351 0.293800751278 
2.51975519543e-21 0.70938923125 0.472926154167 0.238531017012 
2.51975519543e-21 0.70938923125 0.472926154167 0.238531017012 
2.51975519543e-21 0.70938923125 0.472926154167 0.238531017012 
-6.03361545708e-22 0.682194716606 0.454796477737 0.223388964067 
-6.03361545708e-22 0.682194716606 0.454796477737 0.223388964067 
-6.03361545708e-22 0.682194716606 0.454796477737 0.223388964067 
-6.03361545708e-22 0.682194716606 0.454796477737 0.223388964067 
-6.03361545708e-22 0.682194716606 0.454796477737 0.223388964067 
-6.03361545708e-22 0.682194716606 0.454796477737 0.223388964067 
3.2618955854e-21 0.660377934521 0.440251956347 0.211143402835 
3.2618955854e-21 0.660377934521 0.440251956347 0.211143402835 
3.2618955854e-21 0.660377934521 0.440251956347 0.211143402835 
7.03090797171e-22 0.70866300082 0.472442000547 0.209866684342 
7.03090797171e-22 0.70866300082 0.472442000547 0.209866684342 
7.03090797171e-22 0.70866300082 0.472442000547 0.209866684342 
-1.52463297338e-21 0.683283912835 0.455522608557 0.195440394305 
4.23251674662e-21 0.70937818181 0.472918787873 0.194286981847 
4.23251674662e-21 0.70937818181 0.472918787873 0.194286981847 
4.23251674662e-21 0.70937818181 0.472918787873 0.194286981847 
4.23251674662e-21 0.70937818181 0.472918787873 0.194286981847 
4.23251674662e-21 0.70937818181 0.472918787873 0.194286981847 
4.23251674662e-21 0.70937818181 0.472918787873 0.194286981847 
4.23251674662e-21 0.70937818181 0.472918787873 0.194286981847 
3.171426309e-21 0.62054831928 0.41369887952 0.168094529229 
3.171426309e-21 0.62054831928 0.41369887952 0.168094529229 
3.171426309e-21 0.62054831928 0.41369887952 0.168094529229 
