0.0 0.0 0.0 0.0 
-7.61413956759e-21 1.83592594093e-21 1.22395062729e-21 -0.0309792127915 
-7.61413956759e-21 1.83592594093e-21 1.22395062729e-21 -0.0309792127915 
-4.99027040258e-22 0.000559842081403 0.000373228054269 -0.0346013751586 
-4.99027040258e-22 0.000559842081403 0.000373228054269 -0.0346013751586 
1.13894835518e-20 0.0334061162639 0.022270744176 -0.0384976930005 
-1.13601931568e-20 -3.67314400661e-18 -2.44876267108e-18 -0.034753517192 
-1.13601931568e-20 -3.67314400661e-18 -2.44876267108e-18 -0.034753517192 
-1.13601931568e-20 -3.67314400661e-18 -2.44876267108e-18 -0.034753517192 
-1.13601931568e-20 -3.67314400661e-18 -2.44876267108e-18 -0.034753517192 
-2.46140534777e-22 1.06406055138e-21 7.09373700922e-22 -0.0271310173891 
1.2027908411e-21 3.09672084862e-22 2.06448056575e-22 -0.0182018494655 
2.69862917782e-21 9.30057578624e-22 6.20038385749e-22 -0.0122724640225 
0.00855051321295 1.68933661481e-21 1.12622440987e-21 -0.00675621981673 
0.0110289083364 0.0470028631843 0.0313352421229 -0.00384417453781 
0.0167833430223 0.118735348043 0.0791568986954 -0.00192876285408 
0.0231167589298 0.137438072081 0.0916253813874 0.00227895151986 
0.0270707938333 0.113692493676 0.0757949957841 0.00512509193267 
0.0206636011814 0.155009735124 0.103339823416 0.0073140796657 
0.0174884134454 0.161826334393 0.107884222929 0.0100046313387 
0.0163750271063 0.141212919677 0.0941419464515 0.013397827084 
0.0208817741371 0.0657306659724 0.0438204439816 0.0144623564474 
0.0151590811305 0.113308415202 0.0755389434679 0.0168289432157 
0.0134038233002 0.105643110241 0.0704287401605 0.0188358756839 
0.00436546249674 0.163747136359 0.109164757573 0.0199558033797 
0.00739677906193 0.107302446504 0.0715349643357 0.0190040589639 
0.00293315501122 0.124546211402 0.0830308076011 0.01845991496 
0.000835786122055 0.115954599619 0.0773030664129 0.0177651306489 
-3.03296090852e-18 0.160693588686 0.107129059124 0.0183275062873 
-2.43603759057e-22 0.161050780128 0.107367186752 0.0176865453653 
-1.075308351e-20 0.184046012486 0.122697341657 0.0156271356753 
0.00496452905858 0.120148077507 0.0800987183377 0.0142366306178 
0.00381572508614 0.104815932732 0.069877288488 0.0138909064157 
0.000908009805012 0.110154979275 0.0734366528498 0.0106111979782 
-5.77557777679e-18 0.115456988831 0.0769713258871 0.0111066782896 
0.00142099317929 0.0805939915055 0.0537293276703 0.0102619075485 
0.000332898516031 0.124028453978 0.0826856359854 0.00828307760441 
0.00460792871969 0.0768368328746 0.0512245552497 0.00771447528999 
2.54623807884e-18 0.143610806892 0.0957405379277 0.00773391749584 
-1.19233486098e-21 0.157327422981 0.104884948654 0.00642400628199 
-8.38800245643e-21 0.134001782786 0.0893345218573 0.00274033010184 
4.59593013783e-21 0.0752060624469 0.0501373749646 0.00282578138487 
2.55565650121e-21 0.112859955627 0.0752399704179 0.00170111217606 
3.06170944282e-21 0.103376871342 0.0689179142279 0.00216048493381 
1.44907791912e-18 0.0400135490845 0.0266756993897 0.00332359522437 
1.19593099492e-22 0.0655034320947 0.0436689547298 0.000567644567401 
1.8222848506e-18 0.0424438045931 0.0282958697287 5.45244852113e-05 
-1.74285981719e-21 0.0815136133134 0.0543424088756 -0.00133436487585 
7.65738553795e-19 0.02979522262 0.0198634817466 -0.000795797866827 
-1.09939320596e-18 0.00697221626869 0.00464814417913 6.09211618357e-05 
1.73146301967e-07 1.15235273973e-06 7.68235159821e-07 4.5499868845e-08 
0.0058464060192 4.33801726062e-22 2.89201150708e-22 -0.000275242949622 
0.00408046878547 6.1237817654e-21 4.08252117693e-21 0.000144063430959 
0.00925224493191 0.0858060285276 0.0572040190184 -0.000304111548097 
0.0501932560065 0.0348496465033 0.0232330976689 0.000263418858518 
0.0999868077648 0.0936049318434 0.0624032878956 -0.00228172456299 
0.158685471833 0.0716055051693 0.0477370034462 -0.00579245310031 
0.220318039817 0.202504940777 0.135003293851 -0.0519796282396 
0.304381664587 0.289867558563 0.193245039042 0.0139457831162 
0.439622268101 0.431589392079 0.287726261386 0.00443742628676 
0.61496465687 0.555282284361 0.370188189574 0.0041862254024 
0.812542910051 0.664463479922 0.442975653281 0.00714732131638 
0.870665950332 0.589806916564 0.393204611043 0.00582083650267 
0.834275629989 0.412935917621 0.275290611747 0.00936775494386 
0.938367468939 0.353286227899 0.235524151933 0.00815053195596 
0.939060331769 -2.13712342111e-17 -1.4247489474e-17 0.00831964051608 
1.03143842259 3.35702338708e-22 2.23801559139e-22 0.00747180897081 
1.11847793245 6.19442621315e-22 4.12961747543e-22 0.00428587394688 
1.21338647197 -2.20678288631e-22 -1.47118859087e-22 0.00179858478035 
1.28399444969 6.07174263772e-22 4.04782842515e-22 -0.000196754577327 
1.34753745148 -9.83409594634e-23 -6.55606396423e-23 -0.00129863216107 
1.38153768778 -2.92389775645e-22 -1.94926517097e-22 -0.000295315428344 
1.41683286181 5.04312460128e-22 3.36208306752e-22 -0.00139876175007 
1.44159915739 -7.97531906827e-22 -5.31687937885e-22 -0.00128736967478 
1.46650615257 -6.26466664474e-22 -4.17644442983e-22 -0.00209173779676 
1.47429771425 1.14037925054e-21 7.60252833691e-22 -0.00229367902899 
1.48106371757 -2.97860542743e-22 -1.98573695162e-22 -0.00237837971325 
1.47678167255 3.67627657386e-22 2.45085104924e-22 -0.00222802216104 
1.48332473945 3.11478997623e-22 2.07652665082e-22 -0.002758715288 
1.48544385053 9.71142474831e-22 6.47428316554e-22 -0.00302561547406 
1.47748552888 -5.99813579154e-23 -3.99875719436e-23 -0.00219509936875 
1.4777366826 1.30103541282e-21 8.6735694188e-22 -0.00190818027865 
1.48579642556 4.61976749981e-22 3.07984499987e-22 -0.0031862022616 
1.48401773587 -1.54474927752e-22 -1.02983285168e-22 -0.00357615598095 
1.47326947487 -5.11806467813e-22 -3.41204311876e-22 -0.00269797780121 
1.47774187506 8.98525519313e-22 5.99017012875e-22 -0.00398613802627 
1.48002520408 1.46153499927e-21 9.74356666179e-22 -0.00405895480102 
1.46183016811 2.23463372186e-22 1.48975581457e-22 -0.00171326104101 
1.46339290249 1.85242245274e-22 1.23494830183e-22 -0.00188135149919 
1.46036358928 -4.23265420449e-22 -2.82176946966e-22 -0.00214192197756 
1.44768877423 -2.46364183449e-22 -1.64242788966e-22 -0.00113706839497 
1.44256722585 1.67223296045e-21 1.11482197363e-21 -0.00113400095332 
1.41086632292 -3.8408306774e-22 -2.56055378493e-22 0.00280141999063 
1.41157689727 4.82220403978e-23 3.21480269319e-23 0.00117790545144 
1.42658344612 4.55253349777e-22 3.03502233184e-22 -0.00221701917245 
1.41414525453 2.67383090717e-22 1.78255393812e-22 -0.0022572803014 
1.39787318959 -3.29330774909e-23 -2.19553849939e-23 -0.00129698693024 
1.36716515508 1.26297890932e-22 8.41985939545e-23 0.000985019799428 
1.3522192753 7.07856561221e-22 4.71904374148e-22 -0.000781097963162 
1.29040498519 8.45449300371e-19 5.63632866914e-19 0.00321610037078 
1.25709056107 1.91408000617e-22 1.27605333744e-22 0.00147188098161 
1.19937708742 8.71112557403e-19 5.80741704935e-19 0.00512408701681 
1.14502630495 6.50521303491e-19 4.33680868994e-19 0.00993313706332 
1.05999473075 9.10729824888e-18 6.07153216592e-18 0.0121334240226 
1.00126838482 0.00954262385 0.00636174923333 0.0097606750077 
0.920320490765 0.0287915884342 0.0191943922894 0.00933399937911 
0.832999700926 0.0526213070769 0.0350808713846 0.00960789411215 
0.833814762612 0.446915584643 0.297943723095 0.00267915420398 
0.501232966109 0.00269764462773 0.00179842975182 0.0350208938708 
0.367975481319 -1.65791577499e-17 -1.10527718333e-17 -0.0627334020161 
0.266568602314 -6.92037580978e-18 -4.61358387319e-18 -0.0251333300303 
0.209618603662 5.28428374339e-18 3.52285582893e-18 -0.0252144758379 
0.173910885139 1.96676908732e-21 1.31117939154e-21 -0.0118541935927 
0.153823032952 7.38889135881e-22 4.92592757254e-22 -0.0115459916663 
0.133739610786 3.00163983498e-21 2.00109322332e-21 -0.011520043556 
0.128393976815 -4.02530620997e-22 -2.68353747332e-22 -0.0109872714384 
0.114696794867 -1.2379688454e-22 -8.253125636e-23 -0.0111427175595 
0.104695656888 3.33920501167e-22 2.22613667445e-22 -0.0114450240233 
0.0989249503014 -1.02649151575e-21 -6.84327677166e-22 -0.0119852648401 
0.103290326671 -1.05315011145e-21 -7.021000743e-22 -0.0126195461426 
0.103290326671 -1.05315011145e-21 -7.021000743e-22 -0.0126195461426 
0.103290326671 -1.05315011145e-21 -7.021000743e-22 -0.0126195461426 
0.0941696221534 6.94354335591e-22 4.62902890394e-22 -0.0183127360976 
0.0941696221534 6.94354335591e-22 4.62902890394e-22 -0.0183127360976 
0.110942552854 -1.02741276788e-21 -6.84941845255e-22 -0.0181796654211 
0.110942552854 -1.02741276788e-21 -6.84941845255e-22 -0.0181796654211 
0.115368110852 -9.97751955154e-22 -6.65167970103e-22 -0.0173591569172 
0.107462311263 -6.47331441908e-22 -4.31554294605e-22 -0.017124297265 
0.106371671576 -1.17949929356e-21 -7.86332862374e-22 -0.0169256667347 
0.115325359059 -3.03462428367e-24 -2.02308285578e-24 -0.0165127214182 
0.136325595955 -2.75555392261e-21 -1.8370359484e-21 -0.0156068634874 
0.146906416344 -1.57151755283e-21 -1.04767836855e-21 -0.0151537685543 
0.179048069411 -3.21302657349e-21 -2.14201771566e-21 -0.0145979723999 
0.221891378956 -4.4045324342e-22 -2.93635495613e-22 -0.0145864513881 
0.290623580004 4.15412398969e-22 2.76941599313e-22 -0.0147779568471 
0.381530864464 4.87764855058e-22 3.25176570039e-22 -0.0147590029871 
0.499947591138 0.0717573592714 0.0478382395143 0.0361948298193 
0.930975793066 0.624547983962 0.416365322641 0.00920835866491 
0.837758167323 0.307033680605 0.204689120403 0.0165052413823 
0.882807988871 0.0178576190063 0.0119050793375 0.0242528264425 
0.960158235936 4.53435685224e-20 3.02290456816e-20 0.0258721694357 
1.03449093524 -1.51502608828e-22 -1.01001739219e-22 0.0233171001343 
1.10932653215 4.71749328694e-22 3.14499552462e-22 0.0130352002047 
1.14653068196 -1.92803895864e-22 -1.28535930576e-22 0.0164783856032 
1.16993978997 4.09182686409e-23 2.72788457606e-23 0.0153334866515 
1.17517491152 -4.55803171304e-22 -3.03868780869e-22 0.019108426152 
1.1882887089 7.89440466568e-23 5.26293644379e-23 0.0166778205164 
1.20593901322 1.62560662465e-22 1.08373774976e-22 0.0153174015093 
1.21805281426 -2.09450705847e-23 -1.39633803898e-23 0.0143421892625 
1.21805281426 -2.09450705847e-23 -1.39633803898e-23 0.0143421892625 
1.22889518927 3.30398632238e-22 2.20265754825e-22 0.0120023378073 
1.21752092952 1.05273222587e-21 7.01821483915e-22 0.0171561011455 
1.21752092952 1.05273222587e-21 7.01821483915e-22 0.0171561011455 
1.22232315196 2.12006293185e-22 1.4133752879e-22 0.0109608937859 
1.21559636575 -3.64124254997e-22 -2.42749503331e-22 0.0148392452315 
1.20291191598 7.72330317781e-22 5.14886878521e-22 0.0154711796375 
1.20291191598 7.72330317781e-22 5.14886878521e-22 0.0154711796375 
1.19715109215 -4.41090654808e-22 -2.94060436539e-22 0.0121370418507 
1.17670735728 1.54892706758e-22 1.03261804505e-22 0.0204055205041 
1.18117747942 1.99405652234e-22 1.32937101489e-22 0.0141207564734 
1.18117747942 1.99405652234e-22 1.32937101489e-22 0.0141207564734 
1.18117747942 1.99405652234e-22 1.32937101489e-22 0.0141207564734 
1.19001687599 5.67654111173e-22 3.78436074115e-22 0.00960603721516 
1.19001687599 5.67654111173e-22 3.78436074115e-22 0.00960603721516 
1.18549485267 -4.27546386271e-22 -2.85030924181e-22 0.0135621027299 
1.1713961479 2.60781072677e-22 1.73854048451e-22 0.016964183463 
1.17909020574 -1.49397128104e-22 -9.9598085403e-23 0.0120381745519 
1.19097478218 4.18701052179e-23 2.79134034786e-23 0.0117635053805 
1.19097478218 4.18701052179e-23 2.79134034786e-23 0.0117635053805 
1.19634046785 9.03648715412e-23 6.02432476941e-23 0.0089749832406 
1.18419354775 5.90924578289e-22 3.93949718859e-22 0.0162067332161 
1.18419354775 5.90924578289e-22 3.93949718859e-22 0.0162067332161 
1.1855041014 -7.03341175222e-22 -4.68894116815e-22 0.0119365348257 
1.19259973831 -8.4610712904e-23 -5.6407141936e-23 0.00881023749047 
1.18512029234 -7.67032124949e-22 -5.11354749966e-22 0.012335059561 
1.18512029234 -7.67032124949e-22 -5.11354749966e-22 0.012335059561 
1.17475339259 5.7927134075e-22 3.86180893833e-22 0.0123286778555 
1.17475339259 5.7927134075e-22 3.86180893833e-22 0.0123286778555 
1.18868467846 5.84937503688e-22 3.89958335792e-22 0.013815243671 
1.20473293535 -4.22747376301e-23 -2.81831584201e-23 0.0144055561534 
1.2314911204 7.29078682782e-22 4.86052455188e-22 0.0141458714612 
1.23763899816 7.19953915925e-22 4.79969277283e-22 0.0196840305769 
1.28998914285 -1.47076690937e-22 -9.80511272913e-23 0.0153405257504 
1.36038092633 2.79510412229e-22 1.86340274819e-22 0.0124462600744 
1.41141086688 7.72389498244e-22 5.14926332163e-22 0.0101685962451 
1.44530514183 -4.04761022633e-22 -2.69840681755e-22 0.00897654962785 
1.47104261634 7.09126536403e-22 4.72751024269e-22 0.00807544928056 
1.50149068521 1.26198600878e-21 8.41324005853e-22 0.00516974421633 
1.52048838514 -4.77033147394e-22 -3.18022098263e-22 0.00379537388141 
1.51457116805 -1.03381404311e-21 -6.89209362073e-22 0.00589164092133 
1.5367515243 -7.55902988905e-22 -5.03935325937e-22 0.00324390168342 
1.5367515243 -7.55902988905e-22 -5.03935325937e-22 0.00324390168342 
1.53442114136 5.3540717373e-22 3.5693811582e-22 0.00437901667361 
1.54528688352 9.66238820093e-22 6.44159213395e-22 0.00188302737609 
1.52657151032 -2.79274024241e-22 -1.86182682827e-22 0.00488440648227 
1.52657151032 -2.79274024241e-22 -1.86182682827e-22 0.00488440648227 
1.54015490726 -5.17498567719e-22 -3.44999045146e-22 0.00118623153393 
1.54447890444 2.90711099103e-22 1.93807399402e-22 0.000240920949829 
1.54385385136 -8.86156103857e-23 -5.90770735905e-23 -0.00044473020025 
1.54232864328 -3.35630471988e-22 -2.23753647992e-22 -0.00123121209604 
1.53423838111 9.40840057853e-22 6.27226705235e-22 -6.20484417992e-05 
1.53060119121 1.34958301246e-21 8.99722008309e-22 0.000332278439664 
1.53045108239 6.7479300654e-23 4.4986200436e-23 -0.000406210193347 
1.52100935045 -2.04118531627e-22 -1.36079021085e-22 0.000512502748815 
1.52413459432 1.52681162715e-21 1.0178744181e-21 -0.000390796847797 
1.52413459432 1.52681162715e-21 1.0178744181e-21 -0.000390796847797 
1.52110185073 6.61722758904e-22 4.41148505936e-22 0.000189124623504 
1.51212775779 -1.15424913268e-21 -7.69499421788e-22 0.00112356049986 
1.50840235862 1.3848836421e-21 9.23255761399e-22 0.00240041753396 
1.51154168114 6.44423067584e-22 4.29615378389e-22 -8.68099352888e-05 
1.51108691736 -1.39627687245e-22 -9.30851248299e-23 -0.00138186385126 
1.51442565888 9.03122649305e-23 6.02081766204e-23 -0.00320371843478 
1.51452215532 -1.48794829032e-21 -9.9196552688e-22 -0.00404460775165 
1.49981742575 -1.6244323147e-22 -1.08295487646e-22 -0.0032957796732 
1.49910634047 3.31900494262e-22 2.21266996174e-22 -0.00516106660193 
1.48589019363 -3.40779860477e-22 -2.27186573651e-22 -0.00474910764605 
1.48133342025 5.96231161868e-22 3.97487441245e-22 -0.00636944617805 
1.48289955097 -1.09866170235e-21 -7.32441134902e-22 -0.00842813549196 
1.48508735702 -3.73896829554e-23 -2.49264553036e-23 -0.00906650010413 
1.48072363494 3.07312067815e-22 2.04874711877e-22 -0.0107414503501 
1.48019229762 -1.31230729477e-21 -8.74871529849e-22 -0.0116554815877 
1.47253994354 1.24392263537e-21 8.29281756912e-22 -0.0114047957675 
1.47303396817 -5.69464024171e-22 -3.79642682781e-22 -0.0125386980224 
1.46452756981 -7.0588619756e-22 -4.70590798373e-22 -0.0136234608416 
1.44591285949 2.57389421779e-22 1.71592947852e-22 -0.0123157285076 
1.41533989678 -2.43159743981e-22 -1.62106495988e-22 -0.0110966117094 
1.37380398021 7.13854808169e-22 4.75903205446e-22 -0.00965891279856 
1.31200022687 1.67160114949e-21 1.11440076633e-21 -0.00673605963063 
1.24695474315 -4.2074985574e-22 -2.80499903826e-22 -0.00938225738657 
1.1689180211 -1.56030594545e-18 -1.04020396363e-18 -0.0133899253442 
1.0920655466 6.70488328578e-18 4.46992219052e-18 -0.0191946249692 
1.02691881718 -3.28367359976e-18 -2.18911573317e-18 -0.0232734802015 
0.972762786248 0.0124010443723 0.00826736291485 -0.0266469444655 
0.952045166788 0.0173268371984 0.0115512247989 -0.031742722173 
0.935422070732 0.0215536519482 0.0143691012988 -0.035253094266 
0.926580603549 0.0239013102979 0.0159342068653 -0.038309433158 
0.921121378752 0.025188198513 0.016792132342 -0.0385974009789 
0.917025465144 0.0261302171718 0.0174201447812 -0.0388387451957 
0.913182773786 0.0269078456014 0.0179385637343 -0.0378860344216 
0.908204371967 0.0278782632493 0.0185855088328 -0.0355383184612 
0.911850710011 0.0267079215113 0.0178052810075 -0.0351431803966 
0.905846960127 0.0281817214193 0.0187878142795 -0.0355273311427 
0.916079909317 0.025438541875 0.0169590279167 -0.0376568384544 
0.916079909317 0.025438541875 0.0169590279167 -0.0376568384544 
0.893779795308 0.0305467183879 0.0203644789252 -0.0300285399622 
0.915435093717 0.0247923572353 0.0165282381569 -0.0333005203621 
0.922911952225 0.022584537019 0.0150563580127 -0.0346886013991 
0.922911952225 0.022584537019 0.0150563580127 -0.0346886013991 
0.922911952225 0.022584537019 0.0150563580127 -0.0346886013991 
0.933064259845 0.0196382860459 0.0130921906973 -0.0358851828188 
0.938766960629 0.0176599482984 0.0117732988656 -0.0347115224119 
0.94407170837 0.0159726857106 0.0106484571404 -0.035865744157 
0.925474016624 0.0199805888086 0.0133203925391 -0.0310871729579 
0.929630065872 0.0182699457268 0.0121799638179 -0.0297815117191 
0.921774454709 0.019688827722 0.013125885148 -0.0281550910728 
0.928985301806 0.0173070719297 0.0115380479531 -0.0286734620717 
0.922908165153 0.0182947229905 0.0121964819936 -0.0271603258813 
0.929242767368 0.0161909709117 0.0107939806078 -0.0284373403188 
0.913791797019 0.0194585090947 0.0129723393964 -0.024170458652 
0.925532040904 0.0159730435949 0.0106486957299 -0.0262723464861 
0.919072433314 0.0170933124147 0.0113955416098 -0.0255233213178 
0.922150088187 0.015846703469 0.0105644689793 -0.0265985466518 
0.92693432387 0.0143085397361 0.00953902649072 -0.0288980071321 
0.898365730311 0.0216808408143 0.0144538938762 -0.02707536473 
0.83670021823 0.0388435170117 0.0258956780078 -0.0277657778546 
0.755052353859 0.0623284614796 0.0415523076531 -0.0295727917212 
0.692984390673 0.251651530707 0.167767687138 -0.0231559544938 
0.471471456599 0.0886665768039 0.0591110512026 -0.0627046652812 
0.313096429982 0.122140042639 0.0814266950926 -0.0743964736984 
0.168698723443 -8.02079835334e-17 -5.34719890223e-17 0.0124231815218 
0.0935082375655 -2.23225441993e-18 -1.48816961329e-18 0.0117258878709 
0.0503242338587 7.11892290342e-22 4.74594860228e-22 0.0110708311691 
0.0151284942553 -1.36528733971e-21 -9.10191559806e-22 0.00973919499829 
1.73472347598e-18 1.09302012238e-21 7.28680081586e-22 0.00829652488535 
1.73472347598e-18 1.09302012238e-21 7.28680081586e-22 0.00829652488535 
1.73472347598e-18 1.09302012238e-21 7.28680081586e-22 0.00829652488535 
1.73472347598e-18 1.09302012238e-21 7.28680081586e-22 0.00829652488535 
1.73472347598e-18 1.09302012238e-21 7.28680081586e-22 0.00829652488535 
1.73472347598e-18 1.09302012238e-21 7.28680081586e-22 0.00829652488535 
1.73472347598e-18 1.09302012238e-21 7.28680081586e-22 0.00829652488535 
1.73472347598e-18 1.09302012238e-21 7.28680081586e-22 0.00829652488535 
1.73472347598e-18 1.09302012238e-21 7.28680081586e-22 0.00829652488535 
1.73472347598e-18 1.09302012238e-21 7.28680081586e-22 0.00829652488535 
1.73472347598e-18 1.09302012238e-21 7.28680081586e-22 0.00829652488535 
-1.93052294769e-21 6.32771675954e-22 4.21847783969e-22 0.0134385455827 
-1.93052294769e-21 6.32771675954e-22 4.21847783969e-22 0.0134385455827 
-1.93052294769e-21 6.32771675954e-22 4.21847783969e-22 0.0134385455827 
-1.93052294769e-21 6.32771675954e-22 4.21847783969e-22 0.0134385455827 
-1.93052294769e-21 6.32771675954e-22 4.21847783969e-22 0.0134385455827 
-1.93052294769e-21 6.32771675954e-22 4.21847783969e-22 0.0134385455827 
-1.93052294769e-21 6.32771675954e-22 4.21847783969e-22 0.0134385455827 
-1.93052294769e-21 6.32771675954e-22 4.21847783969e-22 0.0134385455827 
-1.93052294769e-21 6.32771675954e-22 4.21847783969e-22 0.0134385455827 
-1.93052294769e-21 6.32771675954e-22 4.21847783969e-22 0.0134385455827 
-1.93052294769e-21 6.32771675954e-22 4.21847783969e-22 0.0134385455827 
-1.93052294769e-21 6.32771675954e-22 4.21847783969e-22 0.0134385455827 
-1.93052294769e-21 6.32771675954e-22 4.21847783969e-22 0.0134385455827 
-1.93052294769e-21 6.32771675954e-22 4.21847783969e-22 0.0134385455827 
-1.93052294769e-21 6.32771675954e-22 4.21847783969e-22 0.0134385455827 
-1.93052294769e-21 6.32771675954e-22 4.21847783969e-22 0.0134385455827 
-1.93052294769e-21 6.32771675954e-22 4.21847783969e-22 0.0134385455827 
-1.93052294769e-21 6.32771675954e-22 4.21847783969e-22 0.0134385455827 
-1.93052294769e-21 6.32771675954e-22 4.21847783969e-22 0.0134385455827 
-1.93052294769e-21 6.32771675954e-22 4.21847783969e-22 0.0134385455827 
0.015018306713 -1.20607646439e-22 -8.0405097626e-23 0.0136157683163 
0.0790952638404 -2.97753915476e-22 -1.98502610318e-22 0.0124546662941 
0.149180490892 -9.33581646337e-22 -6.22387764225e-22 0.0128188394651 
0.249953727995 0.149782276616 0.0998548510777 0.0306944041931 
0.381037383657 0.245738749543 0.163825833028 -0.0100191962284 
0.780713719103 0.713072161492 0.475381440995 0.00357221927104 
0.84587456451 0.615472651913 0.410315101275 0.00909213722807 
0.833829827699 0.419496561972 0.279664374648 0.0180133438172 
0.903598727545 0.379970102155 0.253313401437 0.026544419811 
0.878224481648 0.0387697396469 0.025846493098 0.0418090284147 
0.895062544443 0.0347223938383 0.0231482625589 0.0481031309363 
0.895062544443 0.0347223938383 0.0231482625589 0.0481031309363 
0.846869738414 0.0465786337221 0.0310524224814 0.056210046868 
0.752622938651 0.0813666476557 0.0542444317704 0.0743616576193 
0.803017047938 0.705881236847 0.470587491231 0.0495253182398 
0.719143658661 0.857255209588 0.571503473059 0.043951769345 
0.658107650215 0.991704704358 0.661136469572 0.0331530598178 
0.520724810777 1.11631034603 0.744206897354 0.0116034712823 
0.412296454871 1.21162838523 0.807752256823 -0.0126817880462 
0.280313473375 1.31670080646 0.877800537639 -0.0493444564272 
0.741213802702 1.36215612291 0.908104081937 -0.018330932924 
0.908569845929 1.39588986583 0.930593243885 0.0127199924552 
1.0260497292 1.41790774195 0.945271827965 0.0668343938654 
1.18424048411 1.39731717224 0.931544781495 0.306289246496 
1.16950013159 1.45087240678 0.967248271187 0.127476407168 
1.26423424736 1.36257011263 0.908380075084 -0.523598775598 
1.2804134878 1.3768782951 0.917918863401 -0.523598775598 
1.28444516782 1.40240715083 0.934938100557 -0.476438539897 
1.28071344498 1.43544161238 0.956961074921 -0.390979900859 
1.28310230412 1.45431398792 0.969542658617 -0.340209113763 
1.29001751818 1.46064058453 0.973760389683 -0.320426836868 
1.29852331025 1.46011479025 0.973409860168 -0.315804503531 
1.3019176478 1.4637463201 0.975830880066 -0.304813496106 
1.30458002678 1.46603739072 0.977358260482 -0.298525768588 
1.30811587716 1.46598408194 0.977322721296 -0.296027170731 
1.30869368736 1.46843253057 0.978955020379 -0.291131514025 
1.31012123502 1.46931907755 0.979546051698 -0.287617486569 
1.31031360613 1.47002453578 0.980016357188 -0.287381425999 
1.31138137126 1.4699509327 0.97996728847 -0.285740696576 
1.310020324 1.4707181526 0.9804787684 -0.285599202687 
1.31074677348 1.46823690786 0.978824605238 -0.290511823836 
1.30956415335 1.46687775921 0.977918506137 -0.293337399659 
1.30648585425 1.46565036785 0.977100245233 -0.297949204624 
1.302315921 1.46343683628 0.975624557523 -0.30749451995 
1.29935493477 1.45563354373 0.970422362488 -0.327318372398 
1.29399348406 1.44043349307 0.960288995382 -0.371257632639 
1.299631235 1.4054896721 0.936993114735 -0.462832604764 
1.30700128706 1.371526388 0.914350925334 -0.523598775598 
1.29052278527 1.35202014849 0.901346765659 -0.523598775598 
1.22335371669 1.4208596989 0.947239799269 0.208038520441 
1.14712326002 1.40637770687 0.937585137911 0.115361942471 
1.06626509517 1.3842838767 0.922855917797 0.0324432894378 
0.988312514884 1.35472185746 0.903147904976 0.000286030373648 
0.893947702984 1.32192584446 0.881283896306 -0.0173571816667 
0.741776176517 1.28091529871 0.85394353247 -0.0320081920864 
0.402945637895 1.21762171592 0.81174781061 -0.0530033349322 
0.500528120044 1.13272133264 0.755147555093 -0.0426993101057 
0.594653883505 1.04090385091 0.693935900607 -0.0301944174482 
0.693561976193 0.922932542473 0.615288361649 -0.0256956279298 
0.738391752297 0.759726284754 0.506484189836 -0.0226433075404 
0.828417854124 0.623009525882 0.415339683922 -0.0203861115172 
0.843593585194 0.305661128915 0.203774085943 -0.0239309041475 
0.95512652118 0.25940869092 0.17293912728 -0.0268556781819 
0.985831092267 -7.02811772664e-19 -4.68541181776e-19 -0.037976244841 
1.01032189568 1.54117254499e-23 1.02744836333e-23 -0.0409060398704 
0.992423537999 3.78489801443e-23 2.52326534295e-23 -0.0397473881675 
0.980847095292 1.14362970063e-22 7.6241980042e-23 -0.0422994742457 
0.967605474196 0.000197725037513 0.000131816691676 -0.0448949395673 
0.947310059735 0.00350395248936 0.00233596832624 -0.0459315278979 
0.867362623254 0.0243218890697 0.0162145927131 -0.0489989199668 
0.849701081021 0.281510906503 0.187673937669 -0.0373732707341 
0.786260492346 0.306864428904 0.204576285936 -0.0417551773484 
0.636129415152 0.0821162090771 0.0547441393848 -0.0889802708486 
0.536537447463 1.16909397923e-17 7.79395986152e-18 -0.197850599431 
0.46064821424 0.0533897890691 0.0355931927127 -0.23083896786 
0.40209324 0.0830850416764 0.0553900277842 -0.246709263395 
0.348538289805 0.125847358595 0.0838982390636 -0.231911625179 
0.225861062654 2.18340586938e-15 1.45560391292e-15 0.0525546133033 
0.189349301098 3.69034688015e-22 2.46023125343e-22 0.0525891037642 
0.160042306332 1.78471013513e-21 1.18980675675e-21 0.0513363088529 
0.145666598215 -1.45753869375e-21 -9.716924625e-22 0.0487505500156 
0.127793304477 3.46994163719e-22 2.31329442479e-22 0.0462154974734 
0.110082937357 5.88633799884e-22 3.92422533256e-22 0.0436503289973 
0.0978983353871 -1.99028463116e-21 -1.32685642077e-21 0.040836311779 
0.0895295099843 -1.72454015566e-21 -1.14969343711e-21 0.0389988235845 
0.0788560030412 -4.37847549745e-22 -2.91898366497e-22 0.037743876689 
0.0832320248541 8.62636567767e-22 5.75091045178e-22 0.0367397723965 
0.0722794586949 -4.97084656522e-23 -3.31389771015e-23 0.0362182096726 
0.0667133661303 -2.74572288055e-21 -1.83048192037e-21 0.0359043705067 
0.0667133661303 -2.74572288055e-21 -1.83048192037e-21 0.0359043705067 
0.0667133661303 -2.74572288055e-21 -1.83048192037e-21 0.0359043705067 
0.058419057658 9.03725851117e-23 6.02483900745e-23 0.0356332733208 
0.0484605922263 -8.20534460206e-23 -5.47022973471e-23 0.0351087591183 
0.0484605922263 -8.20534460206e-23 -5.47022973471e-23 0.0351087591183 
0.0484605922263 -8.20534460206e-23 -5.47022973471e-23 0.0351087591183 
0.0484605922263 -8.20534460206e-23 -5.47022973471e-23 0.0351087591183 
0.0433725616009 1.34340394206e-23 8.95602628039e-24 0.0329211134598 
0.0488702662721 1.68706215102e-21 1.12470810068e-21 0.0311620790547 
0.0393761383097 -1.24637753578e-21 -8.30918357187e-22 0.0278564423092 
0.034152725242 6.60867566075e-22 4.40578377383e-22 0.0111927041265 
0.0205413400671 7.08433901539e-22 4.72289267693e-22 -0.0124050480971 
6.32470644912e-19 4.81348922041e-23 3.20899281361e-23 -0.0384739335759 
5.23779444998e-22 -5.3378216193e-22 -3.5585477462e-22 -0.0622391918712 
2.70354954539e-22 -1.05992175201e-21 -7.06614501338e-22 -0.084454673097 
-2.03991356459e-21 -2.0373334329e-21 -1.3582222886e-21 -0.106402230422 
-2.96153513947e-21 -3.04800419983e-22 -2.03200279988e-22 -0.129136154567 
-2.64060402909e-21 -3.49466939557e-22 -2.32977959705e-22 -0.14578952323 
3.81908943342e-21 6.82567925804e-07 4.55045283869e-07 -0.15964511509 
3.05906986589e-22 0.000585092183069 0.000390061455379 -0.168688809372 
1.64797860082e-21 0.00375659023376 0.00250439348917 -0.177230528022 
1.64797860082e-21 0.00375659023376 0.00250439348917 -0.177230528022 
-7.02335365899e-21 0.00120201876326 0.000801345842175 -0.183186536241 
-1.50378877198e-21 2.71050543121e-19 1.80700362081e-19 -0.1832510547 
-1.50378877198e-21 2.71050543121e-19 1.80700362081e-19 -0.1832510547 
-1.50378877198e-21 2.71050543121e-19 1.80700362081e-19 -0.1832510547 
1.69607306249e-21 0.0275710766496 0.0183807177664 -0.193179414385 
1.69607306249e-21 0.0275710766496 0.0183807177664 -0.193179414385 
1.69607306249e-21 0.0275710766496 0.0183807177664 -0.193179414385 
1.69607306249e-21 0.0275710766496 0.0183807177664 -0.193179414385 
3.49325238316e-22 0.0273346457196 0.0182230971464 -0.187406096156 
3.49325238316e-22 0.0273346457196 0.0182230971464 -0.187406096156 
4.19014115902e-20 7.8062556419e-18 5.20417042793e-18 -0.174577120251 
-7.27229501886e-21 9.7224650879e-22 6.48164339193e-22 -0.168037868357 
5.57619608531e-21 -4.81826387606e-22 -3.21217591738e-22 -0.160136758277 
1.01155142476e-21 9.44228532403e-22 6.29485688269e-22 -0.151993708854 
1.05507872686e-21 4.28116456688e-22 2.85410971125e-22 -0.142474911776 
-2.83116500521e-21 -8.2531652572e-22 -5.50211017147e-22 -0.126015409904 
1.1853536796e-21 -1.05630345998e-21 -7.04202306654e-22 -0.10725029549 
6.63501750831e-21 4.08840587177e-22 2.72560391451e-22 -0.0837062844286 
7.12371104789e-21 3.96225871409e-22 2.64150580939e-22 -0.0632578929364 
3.07813986271e-21 -1.47024873917e-22 -9.80165826113e-23 -0.0452032273155 
7.58725972181e-22 1.0949345184e-21 7.29956345603e-22 -0.0273063893785 
2.79912218438e-21 -1.73329868614e-21 -1.15553245743e-21 -0.0125635328786 
1.66092151609e-21 -2.46111968649e-22 -1.64074645766e-22 -0.00106879342404 
-4.75634285716e-22 -2.30880312702e-22 -1.53920208468e-22 0.00681964783338 
-4.75634285716e-22 -2.30880312702e-22 -1.53920208468e-22 0.00681964783338 
5.94798784552e-21 7.50957194669e-22 5.0063812978e-22 0.0181733428587 
5.94798784552e-21 7.50957194669e-22 5.0063812978e-22 0.0181733428587 
5.94798784552e-21 7.50957194669e-22 5.0063812978e-22 0.0181733428587 
1.26078840175e-21 9.33092026234e-22 6.22061350823e-22 0.0251483991445 
1.26078840175e-21 9.33092026234e-22 6.22061350823e-22 0.0251483991445 
1.26078840175e-21 9.33092026234e-22 6.22061350823e-22 0.0251483991445 
1.26078840175e-21 9.33092026234e-22 6.22061350823e-22 0.0251483991445 
1.26078840175e-21 9.33092026234e-22 6.22061350823e-22 0.0251483991445 
1.26078840175e-21 9.33092026234e-22 6.22061350823e-22 0.0251483991445 
1.26078840175e-21 9.33092026234e-22 6.22061350823e-22 0.0251483991445 
1.26078840175e-21 9.33092026234e-22 6.22061350823e-22 0.0251483991445 
1.95830817971e-21 1.61515414569e-21 1.07676943046e-21 0.0333656661983 
1.95830817971e-21 1.61515414569e-21 1.07676943046e-21 0.0333656661983 
1.95830817971e-21 1.61515414569e-21 1.07676943046e-21 0.0333656661983 
1.95830817971e-21 1.61515414569e-21 1.07676943046e-21 0.0333656661983 
1.95830817971e-21 1.61515414569e-21 1.07676943046e-21 0.0333656661983 
1.95830817971e-21 1.61515414569e-21 1.07676943046e-21 0.0333656661983 
1.95830817971e-21 1.61515414569e-21 1.07676943046e-21 0.0333656661983 
1.95830817971e-21 1.61515414569e-21 1.07676943046e-21 0.0333656661983 
1.95830817971e-21 1.61515414569e-21 1.07676943046e-21 0.0333656661983 
1.95830817971e-21 1.61515414569e-21 1.07676943046e-21 0.0333656661983 
1.95830817971e-21 1.61515414569e-21 1.07676943046e-21 0.0333656661983 
1.95830817971e-21 1.61515414569e-21 1.07676943046e-21 0.0333656661983 
1.95830817971e-21 1.61515414569e-21 1.07676943046e-21 0.0333656661983 
1.95830817971e-21 1.61515414569e-21 1.07676943046e-21 0.0333656661983 
1.95830817971e-21 1.61515414569e-21 1.07676943046e-21 0.0333656661983 
1.95830817971e-21 1.61515414569e-21 1.07676943046e-21 0.0333656661983 
1.95830817971e-21 1.61515414569e-21 1.07676943046e-21 0.0333656661983 
1.40835066828e-22 2.4518827585e-22 1.63458850567e-22 0.0225955753892 
7.27330685117e-21 7.64101938615e-22 5.0940129241e-22 0.00359604383271 
4.01671300087e-21 2.50289884123e-23 1.66859922748e-23 -0.0231824178786 
-3.49462663094e-21 0.149414929261 0.0996099528407 -0.0715721897941 
7.37682403115e-21 0.139398303819 0.0929322025457 -0.101789613451 
-1.68857563064e-21 0.127692055798 0.0851280371989 -0.127403835325 
-5.42422117399e-21 0.12282695143 0.0818846342863 -0.150788291923 
-1.03453336969e-20 0.112894501354 0.075263000903 -0.169361754757 
8.97769502897e-21 0.109157890418 0.072771926945 -0.183123471433 
8.97769502897e-21 0.109157890418 0.072771926945 -0.183123471433 
1.20200381737e-20 0.106127204717 0.0707514698112 -0.199521601318 
1.20200381737e-20 0.106127204717 0.0707514698112 -0.199521601318 
1.20200381737e-20 0.106127204717 0.0707514698112 -0.199521601318 
1.20200381737e-20 0.106127204717 0.0707514698112 -0.199521601318 
1.20200381737e-20 0.106127204717 0.0707514698112 -0.199521601318 
1.20200381737e-20 0.106127204717 0.0707514698112 -0.199521601318 
1.20200381737e-20 0.106127204717 0.0707514698112 -0.199521601318 
1.49943054707e-21 0.19950564416 0.133003762773 -0.255026399303 
1.49943054707e-21 0.19950564416 0.133003762773 -0.255026399303 
1.49943054707e-21 0.19950564416 0.133003762773 -0.255026399303 
1.49943054707e-21 0.19950564416 0.133003762773 -0.255026399303 
1.49943054707e-21 0.19950564416 0.133003762773 -0.255026399303 
4.66443951708e-22 0.0459974953443 0.0306649968962 -0.1935891724 
4.66443951708e-22 0.0459974953443 0.0306649968962 -0.1935891724 
4.66443951708e-22 0.0459974953443 0.0306649968962 -0.1935891724 
1.36726249536e-21 0.0506114824662 0.0337409883108 -0.186109223958 
1.36726249536e-21 0.0506114824662 0.0337409883108 -0.186109223958 
-2.29217258871e-21 0.0484709235389 0.0323139490259 -0.169325829515 
-7.13567361479e-22 0.0490387359082 0.0326924906054 -0.155508938583 
3.80406716573e-21 0.0530356644365 0.0353571096243 -0.133788463789 
8.41109642069e-20 8.85278893517e-18 5.90185929011e-18 -0.0958481263377 
-2.94949112532e-21 1.00088419654e-21 6.67256131025e-22 -0.0718464458775 
1.91028575956e-21 1.33465002178e-21 8.89766681185e-22 -0.0516091100082 
-2.43589189152e-22 -1.38352302949e-22 -9.22348686324e-23 -0.0339111584963 
0.0041918534343 1.17632198415e-21 7.84214656101e-22 -0.0209648326724 
0.00816798300935 1.25383113884e-21 8.3588742589e-22 -0.0111784165362 
0.00453063242117 -7.00713910404e-23 -4.67142606936e-23 -0.00535074977424 
0.0141026945552 1.49774724144e-21 9.98498160962e-22 -0.00138793105357 
0.0261809765374 8.35232876336e-22 5.56821917557e-22 0.00256063977018 
0.0200398965629 2.89681878019e-21 1.93121252012e-21 0.00633404765407 
0.0278777188924 6.71804542792e-22 4.47869695195e-22 0.00933795488087 
0.0200709314044 -5.92282301214e-22 -3.94854867476e-22 0.0107858303019 
0.0142169282169 -1.51501775976e-21 -1.01001183984e-21 0.011412745889 
0.0142169282169 -1.51501775976e-21 -1.01001183984e-21 0.011412745889 
0.0104689341318 1.9191848538e-21 1.2794565692e-21 0.0118550342588 
0.0104689341318 1.9191848538e-21 1.2794565692e-21 0.0118550342588 
0.0104689341318 1.9191848538e-21 1.2794565692e-21 0.0118550342588 
0.0104689341318 1.9191848538e-21 1.2794565692e-21 0.0118550342588 
0.0181824581536 -6.47174751047e-22 -4.31449834031e-22 0.0120972040873 
0.0237529582001 -9.04035407032e-23 -6.02690271355e-23 0.0125804805342 
0.0237529582001 -9.04035407032e-23 -6.02690271355e-23 0.0125804805342 
0.0237529582001 -9.04035407032e-23 -6.02690271355e-23 0.0125804805342 
0.0237529582001 -9.04035407032e-23 -6.02690271355e-23 0.0125804805342 
0.0154258151288 1.09700112041e-21 7.3133408027e-22 0.0134991039102 
0.0101500545561 -2.72466937801e-22 -1.816446252e-22 0.0127836770921 
0.0101500545561 -2.72466937801e-22 -1.816446252e-22 0.0127836770921 
0.0101500545561 -2.72466937801e-22 -1.816446252e-22 0.0127836770921 
0.0163905206531 -5.95195260699e-22 -3.96796840466e-22 0.0112498940582 
0.0163905206531 -5.95195260699e-22 -3.96796840466e-22 0.0112498940582 
0.0351727169159 -2.68815837326e-22 -1.79210558218e-22 0.0104345794919 
0.0521201613783 -5.14018737428e-22 -3.42679158285e-22 0.00980352578961 
0.0825923617877 1.14751490498e-21 7.65009936652e-22 0.00836036433477 
0.119820222784 -4.14396224403e-22 -2.76264149602e-22 0.00755369943833 
0.18835062569 -6.686090745e-22 -4.45739383e-22 0.00630981066797 
0.272595586058 -1.36298481813e-22 -9.08656545417e-23 0.00595842010601 
0.353623868481 5.28665042519e-22 3.5244336168e-22 0.00563341713584 
0.446457750572 6.62279815637e-22 4.41519877091e-22 0.0048462689164 
0.545976640254 6.01078447482e-22 4.00718964988e-22 -0.0242803514517 
0.664607370083 5.67001763039e-22 3.78001175359e-22 0.0126851058356 
0.771277378815 0.00181225897777 0.00120817265184 0.0223739524615 
0.866613780634 0.094072101741 0.062714734494 0.0211080773485 
0.864794193857 0.095022028745 0.0633480191633 0.0301269359281 
0.855665313348 0.0978635403612 0.0652423602408 0.0317812704576 
0.775632571952 0.122875368132 0.0819169120879 0.0433915594451 
0.817715200378 0.639685707202 0.426457138134 0.0256266737957 
0.740422623453 0.85073970113 0.567159800753 0.0192390629654 
0.610269095818 1.02527816921 0.683518779475 0.00773755709912 
0.483543123896 1.14971160599 0.766474403994 -0.00949923729755 
0.662578261202 1.24485517571 0.82990345047 -0.00779873629329 
0.900559234094 1.30606111953 0.870707413023 0.0152509322202 
1.0449606057 1.35139899821 0.90093266547 0.0530864366883 
1.15156178401 1.37715143548 0.918100956984 0.129783438578 
1.29304330721 1.35047511695 0.900316744634 0.376519129468 
1.25357817366 1.40985474759 0.939903165057 0.225793705344 
1.23756934076 1.44360108672 0.962400724483 0.0564706570387 
1.24758901533 1.44033909893 0.960226065952 -0.203534592007 
1.32406723386 1.35906625023 0.906044166819 -0.523598775598 
1.33056430071 1.3628442385 0.908562825664 -0.523598775598 
1.33408553268 1.36637150747 0.910914338313 -0.523598775598 
1.33862865638 1.36733866865 0.911559112436 -0.523598775598 
1.34074273931 1.36905568043 0.912703786955 -0.523598775598 
1.34029894004 1.37185729243 0.914571528288 -0.523598775598 
1.34145930662 1.37244778647 0.914965190983 -0.523598775598 
1.34268519921 1.37269833716 0.915132224776 -0.523598775598 
1.34504723375 1.37182915821 0.91455277214 -0.523598775598 
1.34492039958 1.37254698068 0.915031320454 -0.523598775598 
1.34433812329 1.37302457809 0.915349718727 -0.523598775598 
1.34429562377 1.37279627857 0.915197519044 -0.523598775598 
1.34331082254 1.3730305304 0.915353686932 -0.523598775598 
1.34454018766 1.37047438735 0.913649591567 -0.523598775598 
1.34394042115 1.36934642127 0.912897614178 -0.523598775598 
1.3431128413 1.36880894777 0.912539298515 -0.523598775598 
1.3441874767 1.36720254137 0.911468360913 -0.523598775598 
1.34230211799 1.36778167935 0.911854452898 -0.523598775598 
1.33881713525 1.36963795343 0.913091968956 -0.523598775598 
1.33889232038 1.36875884842 0.912505898947 -0.523598775598 
1.33863455797 1.36744463896 0.911629759305 -0.523598775598 
1.33695950571 1.36667157191 0.911114381276 -0.523598775598 
1.33170942903 1.36735229805 0.911568198703 -0.523598775598 
1.32205971407 1.36676176469 0.911174509792 -0.523598775598 
1.31183910652 1.36383943651 0.909226291009 -0.523598775598 
1.29750470165 1.35814599757 0.905430665049 -0.523598775598 
1.28022881635 1.34591661549 0.897277743661 -0.523598775598 
1.21543185644 1.4173055757 0.944870383801 0.228024046627 
1.28070647181 1.32592795496 0.883951969974 0.428188853335 
1.04776346698 1.35897204478 0.90598136319 0.0990103734023 
0.885999301801 1.30128676319 0.867524508795 0.0286586521151 
0.582062679889 1.22840686042 0.818937906948 -0.0058281739633 
0.57781661869 1.09382233664 0.729214891096 -0.00522086298883 
0.675111271765 0.948053912927 0.632035941952 9.34360715274e-05 
0.78308025089 0.761969266315 0.507979510877 -0.00470049083128 
0.875132805805 0.584930617384 0.389953744922 -0.00860146874472 
0.865111513718 0.149155948116 0.099437298744 -0.0231565309626 
0.974251958077 0.115847563627 0.0772317090846 -0.0308306618113 
1.03886193737 9.8565446265e-18 6.571029751e-18 -0.0414397594462 
1.09830840535 -9.02611902237e-23 -6.01741268158e-23 -0.0433775453704 
1.12979349614 2.7758993304e-22 1.8505995536e-22 -0.044520650034 
1.18652389707 0.0943038266493 0.0628692177662 -0.039202916325 
1.21799807588 0.14835873501 0.0989058233398 -0.036272816564 
1.22059726905 0.141025596665 0.0940170644435 -0.0362307942446 
1.2234551115 0.139755197313 0.093170131542 -0.0357755420143 
1.1753673927 0.00870371009722 0.00580247339814 -0.0424035005006 
1.18027915041 0.0215099608406 0.0143399738937 -0.0414793285987 
1.15943277184 2.28600165327e-17 1.52400110218e-17 -0.0412209992062 
1.20643646672 0.102178936573 0.0681192910489 -0.0365324356702 
1.19744631434 0.0842813178981 0.0561875452654 -0.0361626472882 
1.16247486579 -3.14433557268e-18 -2.09622371512e-18 -0.0403677834948 
1.1587453682 7.58945055424e-21 5.05963370283e-21 -0.0395056420246 
1.17473250956 0.0465126531902 0.0310084354601 -0.0371255990878 
1.15277908393 -4.90819040299e-18 -3.27212693533e-18 -0.0389672102719 
1.13984693879 -1.49136706985e-18 -9.94244713235e-19 -0.0380419060469 
1.13087558408 1.13501526743e-19 7.56676844951e-20 -0.0378208538581 
1.12676647871 1.05727357954e-20 7.04849053025e-21 -0.0386995780169 
1.12045187848 -4.43646019585e-19 -2.95764013057e-19 -0.0398429111198 
1.10856230261 -5.42101086243e-20 -3.61400724162e-20 -0.0386499544654 
1.08394973848 3.98690460584e-19 2.6579364039e-19 -0.0365105177408 
1.06401010103 -5.7233231069e-20 -3.81554873793e-20 -0.0357916920537 
0.994480429258 0.0132652094342 0.00884347295612 -0.0305230175307 
0.887566328431 0.0368763072627 0.0245842048418 -0.0239840415686 
0.779296649096 0.0671285505321 0.0447523670214 -0.0177941054776 
0.823701252761 0.604104215529 0.402736143686 -0.00542585103113 
0.7742217843 0.782953889737 0.521969259824 0.00158751734136 
0.695902022861 0.93646841529 0.62431227686 0.00292910554071 
0.574472957564 1.06295976948 0.708639846318 -0.00116152126512 
0.451971109239 1.17772336876 0.785148912508 -0.0109416059882 
0.727854285257 1.2558580434 0.837238695597 0.00308617751609 
0.889734080456 1.30317321741 0.868782144943 0.0211429084251 
0.999253643196 1.34910131037 0.899400873578 0.0487755773339 
1.10918437739 1.3831341464 0.92208943093 0.115598400941 
1.26103956985 1.36568184202 0.910454561347 0.351980643772 
1.2140300304 1.43740051892 0.958267012616 0.141418525442 
1.29568386907 1.3577213469 0.905147564599 -0.523598775598 
1.31111462286 1.37245152392 0.914967682611 -0.523598775598 
1.32254561043 1.38202363577 0.921349090514 -0.523598775598 
1.33192235813 1.3880098455 0.925339897003 -0.523598775598 
1.3369607065 1.39378051193 0.929187007955 -0.523598775598 
1.32797557057 1.41498931183 0.943326207887 -0.482621505912 
1.32325867007 1.42863961633 0.952426410889 -0.453689901792 
1.32266911332 1.43465357256 0.95643571504 -0.439878584693 
1.3222561643 1.43885848549 0.959238990325 -0.430101188404 
1.32376023431 1.4397956066 0.959863737735 -0.426403588093 
1.32325801342 1.44238586406 0.961590576043 -0.419901293516 
1.32108494427 1.44704636147 0.964697574315 -0.410545576936 
1.32118590507 1.44868815189 0.965792101257 -0.406314898774 
1.32281317037 1.44815699981 0.965437999875 -0.405325245452 
1.32174892295 1.45077969681 0.967186464537 -0.398948793528 
1.32170085267 1.45298485427 0.968656569515 -0.393420499128 
1.3214808128 1.45497972204 0.969986481362 -0.387470885126 
1.32176800042 1.45591174591 0.970607830604 -0.384536258473 
1.32234483517 1.45654306094 0.971028707291 -0.382211035709 
1.32052489871 1.4589002633 0.972600175531 -0.377638751502 
1.32148349786 1.45755371091 0.971702473941 -0.378980371964 
1.32030583445 1.4590982987 0.972732199132 -0.376581976638 
1.31844811934 1.4611889308 0.974125953864 -0.373899655616 
1.32106725888 1.4574536904 0.971635793601 -0.380779077789 
1.3191493551 1.46008896705 0.973392644701 -0.377004277831 
1.31811148926 1.46161402972 0.974409353145 -0.37431617103 
1.31796876669 1.46239165717 0.974927771449 -0.372959777473 
1.31850252545 1.4617593071 0.974506204735 -0.374460473239 
1.32052321858 1.45947592528 0.972983950186 -0.378949986376 
1.31923163768 1.46125570814 0.974170472091 -0.377238671052 
1.31985307483 1.46050148935 0.973667659569 -0.37874712988 
1.31774432599 1.46235034822 0.974900232148 -0.375885592724 
1.31423822446 1.46325003785 0.975500025234 -0.377759193651 
1.31298068404 1.45494807158 0.969965381051 -0.398129591155 
1.30986998852 1.43274949137 0.95516632758 -0.453197679788 
1.30585292524 1.38139901729 0.920932678193 -0.523598775598 
1.23455492156 1.41969182377 0.946461215846 0.202791282899 
1.09948446347 1.35649770907 0.904331806045 0.0809238808997 
0.92071629694 1.27740650917 0.851604339447 0.00179181282692 
0.479481045513 1.15198136697 0.767987577983 -0.0417238380328 
0.635812499952 0.995420773029 0.663613848686 -0.0332392090644 
0.753579297297 0.826829519453 0.551219679636 -0.0308266611573 
0.829221299492 0.648078311974 0.432052207983 -0.0297076472258 
0.844409092655 0.366743390761 0.244495593841 -0.0428737780928 
0.89773608155 0.0907327032113 0.0604884688076 -0.0597145818688 
0.983925724092 0.0665066070679 0.0443377380453 -0.0588122366062 
1.02486328924 2.02203827157e-17 1.34802551438e-17 -0.0638838372409 
1.1205345951 0.160525964628 0.107017309752 -0.0482094164348 
1.15010558717 0.18437048785 0.122913658567 -0.0459841174986 
1.19152213496 0.242309775811 0.16153985054 -0.0414148311303 
1.2032894665 0.249943125687 0.166628750458 -0.0402467573861 
1.19851751679 0.227821912944 0.151881275296 -0.0412331803588 
1.22658212922 0.267749879067 0.178499919378 -0.0391703413056 
1.20629081316 0.227884857956 0.151923238638 -0.0411334816072 
1.17729350063 0.168747959896 0.112498639931 -0.0437444927878 
1.1820826528 0.174832351451 0.116554900967 -0.0435469289482 
1.18889399179 0.190167228727 0.126778152484 -0.0429412474198 
1.17822210741 0.170555150751 0.113703433834 -0.0432350700615 
1.23533957155 0.277047817415 0.184698544943 -0.038604932185 
1.2590231011 0.313731747723 0.209154498482 -0.0375514141555 
1.26462757194 0.3216862132 0.214457475467 -0.0381536725192 
1.18841924641 0.184115908551 0.122743939034 -0.0450262880736 
1.21575592846 0.238921098122 0.159280732081 -0.0424362399792 
1.18249523417 0.165733590942 0.110489060628 -0.0469474423745 
1.22367025712 0.25013699413 0.166757996087 -0.0412442340095 
1.19913388689 0.203205901887 0.135470601258 -0.0431130671727 
1.21797788588 0.268344247773 0.178896165182 -0.0392787896139 
1.21104783339 0.301374803721 0.200916535814 -0.0367822131913 
1.14104807326 0.322866953807 0.215244635872 -0.0353045934607 
1.12782846331 0.562965066988 0.375310044659 -0.0204367041395 
1.22566285294 0.764681132764 0.509787421843 -0.00523310291078 
1.31103777272 0.877621310345 0.585080873564 0.0088129021267 
1.38447965223 0.935444798503 0.623629865669 0.0197764994888 
1.38960325647 0.972917113166 0.648611408778 0.0289802062076 
1.4109721688 0.992180646596 0.661453764397 0.0347945024021 
1.43156304838 1.00201513075 0.668010087169 0.0379074814456 
1.42517381414 1.01385216528 0.675901443523 0.0414381350207 
1.42944573547 1.0187518537 0.679167902464 0.0433511299998 
1.43543747999 1.02163711894 0.681091412623 0.0441804187104 
1.42822915153 1.0261943987 0.684129599135 0.0453197660903 
1.41848888186 1.03027131601 0.686847544004 0.0457428063145 
1.41576536727 1.0316516861 0.687767790732 0.0461330808369 
1.42962617876 1.02794332003 0.685295546688 0.0443933331048 
1.42781281461 1.02812173204 0.685414488026 0.0438781207464 
1.42951112789 1.02723826822 0.684825512149 0.0430847172873 
1.4287616097 1.02729718367 0.684864789116 0.0424673942733 
1.42219012669 1.02841537874 0.685610252493 0.0421111794285 
1.42648367405 1.0262694497 0.684179633135 0.0406564406616 
1.42261711667 1.02587785644 0.683918570958 0.0402741447155 
1.41310899344 1.02671462456 0.684476416376 0.0397710888946 
1.41307640307 1.02560158112 0.683734387413 0.039178879513 
1.40107971708 1.02786633474 0.685244223157 0.039875153678 
1.41260779845 1.0243111806 0.682874120401 0.0398923902844 
1.41633532875 1.02323594313 0.682157295423 0.0404381878584 
1.41040304631 1.0236274574 0.682418304936 0.0415723329359 
1.4195681246 1.02339260784 0.68226173856 0.0457559345166 
1.4108756995 1.02651035242 0.684340234948 0.0514233077853 
1.41226725079 1.02587272348 0.683915148988 0.0565939086915 
1.40246469722 1.02763528885 0.685090192565 0.0637014582609 
1.40150910405 1.02778010243 0.685186734955 0.0719291371042 
1.40212893335 1.02907006858 0.68604671239 0.0810314354622 
1.38798769206 1.03410207285 0.689401381897 0.0907280366249 
1.38914110147 1.03563094975 0.690420633166 0.0991958143103 
1.38757841558 1.03772986594 0.691819910625 0.10800263616 
1.39057914228 1.03843956116 0.692293040774 0.117143054058 
1.40122558307 1.03801614795 0.692010765302 0.12510364169 
1.40520495509 1.03848700379 0.692324669196 0.132862758215 
1.40772953285 1.03946755137 0.692978367578 0.139484992141 
1.40611783013 1.04009975985 0.693399839901 0.145348806072 
1.40988383 1.03673311907 0.691155412714 0.148817696292 
1.40982297382 1.03288608383 0.688590722553 0.152464241516 
1.41399013391 1.02817061613 0.68544707742 0.154772980281 
1.41122195989 1.02528850637 0.683525670911 0.156993021442 
1.41807057682 1.01837941245 0.678919608303 0.156257398535 
1.41357997536 1.01635497696 0.67756998464 0.157310569569 
1.40773444553 1.01443285562 0.676288570413 0.157801306003 
1.41085761864 1.01100670374 0.674004469157 0.157592904397 
1.40643994103 1.00936592349 0.672910615657 0.157675640226 
1.4054532424 1.00861823105 0.672412154034 0.15738400047 
1.40578167152 1.00690252413 0.671268349423 0.156471955971 
1.39994532558 1.00786940131 0.671912934209 0.156588611428 
1.40469109473 1.00510633903 0.670070892685 0.154521338667 
1.4119002098 1.00250217817 0.668334785446 0.151490311898 
1.40467388914 1.00446257171 0.669641714471 0.150183664629 
1.40100183763 1.00633710975 0.670891406497 0.147308438261 
1.40764421709 1.00636708368 0.670911389117 0.143868936017 
1.39363725175 1.01173480105 0.674489867364 0.143058653004 
1.39088529947 1.01406836334 0.67604557556 0.140675726496 
1.3874506986 1.01647483781 0.677649891872 0.137207771162 
1.39162110894 1.01669908757 0.677799391713 0.133034152785 
1.38311157297 1.02124917255 0.680832781699 0.129246231918 
1.38081362915 1.02281335095 0.681875567298 0.124800067174 
1.38700667333 1.02343610641 0.682290737604 0.119015720399 
1.4036894577 1.02036245622 0.680241637482 0.111432796632 
1.39590046556 1.02374366886 0.682495779243 0.106283357245 
1.39661839565 1.02508966847 0.683393112316 0.0995643095332 
1.39445833705 1.02734347045 0.684895646969 0.0932344610386 
1.39365573326 1.0297849877 0.686523325136 0.0868478977459 
1.39821367778 1.02968637003 0.686457580019 0.0777282199863 
1.40178669357 1.03048287424 0.686988582829 0.0701126367438 
1.40919571531 1.0290463205 0.686030880334 0.0635865387926 
1.41033459507 1.02897013799 0.685980091994 0.059238000894 
1.4108487001 1.02900146894 0.686000979296 0.0561077830919 
1.41767067107 1.02765738844 0.685104925628 0.0533901921181 
1.41944565843 1.02736231081 0.684908207209 0.0508813424004 
1.42324059712 1.0260817649 0.684054509931 0.049053328456 
1.40556930188 1.03130569053 0.687537127018 0.0491749482199 
1.41826950573 1.02738865394 0.684925769292 0.0476870630042 
1.4226401927 1.0268068149 0.6845378766 0.0474262182987 
1.42408722158 1.02618008943 0.684120059617 0.0470625813619 
1.41568223482 1.0286744952 0.6857829968 0.047376083896 
1.41167568214 1.03016429944 0.686776199624 0.0478280650536 
1.41204351386 1.03077614637 0.687184097578 0.048382703529 
1.40480807306 1.03366359716 0.689109064773 0.0486902063594 
1.40759431673 1.03289172723 0.688594484821 0.0484729300941 
1.41687684264 1.03085795428 0.687238636189 0.0477051452208 
1.42384624043 1.02868928341 0.685792855604 0.0468900650782 
1.42807886627 1.02783986097 0.685226573977 0.0465385936657 
1.42152233023 1.03005101189 0.686700674595 0.0474306481051 
1.42032663824 1.03022028548 0.686813523654 0.04800415515 
1.42053559246 1.03085926842 0.68723951228 0.0502512437048 
1.40948964321 1.03483220016 0.689888133442 0.0538405784135 
1.40248496783 1.03757357581 0.691715717204 0.0563811403359 
1.4085151358 1.03662996202 0.691086641345 0.0579417970012 
1.4064328302 1.03816870759 0.692112471728 0.0624086616197 
1.39156774514 1.04358271918 0.695721812788 0.0720955993429 
1.38144424389 1.04723014951 0.69815343301 0.084347916484 
1.37887931717 1.0476860551 0.698457370067 0.0968359275487 
1.38058022359 1.04703214577 0.698021430516 0.10883444988 
1.38689290292 1.04477910803 0.696519405354 0.12046058457 
1.40067815131 1.04049638428 0.693664256186 0.130205231524 
1.40816113986 1.03852691346 0.692351275641 0.139011093298 
1.42012346461 1.03597393636 0.69064929091 0.144919963812 
1.43290268938 1.03205840708 0.688038938052 0.149084939273 
1.43717592667 1.03087071928 0.687247146184 0.153868399162 
1.44436645218 1.02897808356 0.68598538904 0.1572159684 
1.45197437538 1.02661754893 0.684411699287 0.159000553278 
1.45599820422 1.02573786036 0.683825240237 0.159607716791 
1.45554449005 1.02612082587 0.684080550577 0.160906908126 
1.4580239273 1.02560173063 0.68373448709 0.161093470428 
1.45582644336 1.02599313384 0.683995422561 0.161683496128 
1.45710773422 1.02452072389 0.683013815925 0.161074123346 
1.44647815432 1.02655835941 0.684372239604 0.161906216981 
1.44833418511 1.02486163089 0.683241087259 0.161696339902 
1.44474055132 1.02545279038 0.683635193586 0.161480926186 
1.44379090584 1.02483741264 0.683224941758 0.160858713221 
1.44356101742 1.02473603927 0.683157359516 0.159181763233 
1.43560388213 1.02719192018 0.684794613455 0.15881156757 
1.44017751965 1.02658566008 0.684390440053 0.156781668544 
1.439902602 1.02745420146 0.684969467641 0.155778888958 
1.43817313819 1.02801653679 0.68534435786 0.153328491382 
1.42771011214 1.03189045921 0.687926972805 0.149957083386 
1.42617010257 1.03345420621 0.688969470809 0.146368997538 
1.43537802162 1.03158247509 0.687721650062 0.141336735622 
1.42664407241 1.03563240897 0.690421605983 0.137890475292 
1.42963123541 1.03709910467 0.691399403114 0.130414210802 
1.42565779244 1.04134713391 0.694231422609 0.124345902941 
1.41868276933 1.0454768681 0.696984578735 0.117629220092 
1.42942800822 1.0450841189 0.696722745933 0.108889976052 
1.44290117045 1.04353581732 0.695690544877 0.0982943829292 
1.43611797618 1.04775250329 0.69850166886 0.0899047010582 
1.43944573241 1.0481790226 0.698786015064 0.0807414143853 
1.44317405977 1.04852598771 0.699017325139 0.0745111432282 
1.45080457638 1.04634196227 0.697561308183 0.0697969541003 
1.45539392206 1.04537754212 0.696918361414 0.0666941634006 
1.4644277909 1.04214985729 0.694766571529 0.0632133225028 
1.46118988942 1.04206578173 0.694710521153 0.0613814890899 
1.44967367377 1.04492246387 0.696614975914 0.0607777886492 
1.43934875316 1.047833106 0.698555404001 0.0604960160054 
1.43161916081 1.04946334882 0.699642232547 0.059842261227 
1.44512027458 1.0446899586 0.696459972402 0.0584003384934 
1.43698070136 1.04717928238 0.698119521583 0.0593495451287 
1.44187307819 1.04581010157 0.697206734379 0.0590992374474 
1.42878967213 1.04935309295 0.699568728631 0.0591340466272 
1.42911334706 1.04880433811 0.699202892072 0.0587493722721 
1.42917222778 1.0490492325 0.699366154997 0.0588155359606 
1.43975442743 1.0464912563 0.697660837533 0.0585904618499 
1.43435451676 1.04804920595 0.698699470635 0.0583541317708 
1.4257119615 1.05098064707 0.700653764714 0.0594244868964 
1.43116579485 1.04849502546 0.698996683643 0.058847767146 
1.43515692139 1.04722942886 0.698152952571 0.0588260477224 
1.44885455705 1.04363768598 0.695758457322 0.0578866088554 
1.45184259736 1.04235454708 0.694903031385 0.0572232129483 
1.456622066 1.04013920763 0.693426138423 0.0558700695678 
1.4578598034 1.03792965202 0.691953101346 0.0543475534715 
1.44738728038 1.03677626245 0.691184174969 0.0527222712262 
1.43949529264 1.02968004167 0.686453361115 0.0483178546694 
1.43290809915 1.01583605964 0.67722403976 0.0427639553047 
1.41335485601 0.998243262218 0.665495508145 0.0372912622762 
1.38172254759 0.971760925613 0.647840617076 0.0299857094064 
1.3215734415 0.935294752832 0.623529835221 0.0230214473416 
1.20260737209 0.865172983363 0.576781988908 0.0159367982363 
0.831537833584 0.506280751561 0.33752050104 0.013405828661 
0.877164912889 0.0425979054254 0.028398603617 0.0340579338535 
1.02777437291 0.000590658532981 0.000393772355321 0.0376098913074 
1.1728576804 -5.99457899165e-20 -3.99638599443e-20 0.0286095312058 
1.29947476486 5.98713351229e-22 3.99142234152e-22 0.0222399302224 
1.37462641679 6.70118874756e-23 4.46745916504e-23 0.0194890572539 
1.42909385959 1.16005283256e-21 7.7336855504e-22 0.0167125951894 
1.46886347365 9.83607190435e-22 6.55738126957e-22 0.0136395404692 
1.49743848381 7.34802986389e-25 4.89868657592e-25 0.0106988362301 
1.52124114294 2.75323193613e-22 1.83548795742e-22 0.00832797168702 
1.52720545568 2.8883906549e-22 1.92559376993e-22 0.00766618061461 
1.51806560368 -8.30617657115e-23 -5.53745104743e-23 0.0101844739931 
1.51508241009 7.97377150848e-23 5.31584767232e-23 0.0112927032084 
1.51977612035 1.5622745496e-21 1.0415163664e-21 0.00929985263269 
1.52814079422 4.18646531381e-22 2.79097687587e-22 0.00744855619464 
1.52814079422 4.18646531381e-22 2.79097687587e-22 0.00744855619464 
1.52814079422 4.18646531381e-22 2.79097687587e-22 0.00744855619464 
1.52558572503 2.58443687693e-21 1.72295791795e-21 0.00848732661498 
1.53331870265 5.92638194208e-22 3.95092129472e-22 0.00595163781583 
1.53348789537 -2.28545380965e-22 -1.5236358731e-22 0.00446431468134 
1.52373033922 1.0420553816e-21 6.94703587733e-22 0.00492538918883 
1.50559393387 7.60101954311e-22 5.06734636207e-22 0.00724480363843 
1.50859823572 1.18518193176e-21 7.90121287842e-22 0.00537299931038 
1.51084046505 1.21324247862e-22 8.08828319077e-23 0.0046829541536 
1.50541549766 5.75120425828e-24 3.83413617219e-24 0.00616526267867 
1.50179932261 7.95230252323e-22 5.30153501549e-22 0.0073535056277 
1.486323604 1.75735250642e-21 1.17156833761e-21 0.00932893222648 
1.4964753272 8.6704860056e-22 5.78032400373e-22 0.00763924003881 
1.47904705774 1.84331515534e-21 1.22887677023e-21 0.00987228559858 
1.47136999965 1.26324111032e-22 8.42160740215e-23 0.0103903388101 
1.46830288743 9.63572749314e-22 6.42381832876e-22 0.0113441908206 
1.4577779777 7.04438017062e-22 4.69625344708e-22 0.0122525953353 
1.43811365239 2.06882060482e-21 1.37921373654e-21 0.0126157151619 
1.40510638567 -7.78612984781e-23 -5.19075323187e-23 0.0158269546246 
1.36465007628 8.32336833061e-22 5.54891222041e-22 0.0223562540702 
1.3032876384 -2.44729521597e-22 -1.63153014398e-22 0.033760140801 
1.16876636552 2.63658486567e-19 1.75772324378e-19 0.0645300532599 
1.03624442475 0.00707326130625 0.0047155075375 0.101741195282 
0.924515385617 0.0371245664423 0.0247497109616 0.153865288681 
0.870705763767 0.32339941269 0.21559960846 0.136535706789 
0.767940122638 0.374326892595 0.24955126173 0.158744253524 
0.818025148355 0.68044458788 0.453629725253 0.122080590545 
0.775127014485 0.741555263563 0.494370175708 0.123759142289 
0.747775754969 0.786708730954 0.524472487303 0.123372596188 
0.727804807036 0.822777110437 0.548518073625 0.123404883769 
0.71328873619 0.850175118517 0.566783412344 0.123885000787 
0.702594133822 0.86965660908 0.57977107272 0.123654610518 
0.702594133822 0.86965660908 0.57977107272 0.123654610518 
0.698046699074 0.876314966018 0.584209977346 0.123099049404 
0.693483299572 0.884316157338 0.589544104892 0.124027535465 
0.688898037178 0.891286718777 0.594191145851 0.123079999399 
0.688898037178 0.891286718777 0.594191145851 0.123079999399 
0.684129638894 0.898247173329 0.598831448886 0.121347550094 
0.683838267206 0.891946875214 0.594631250143 0.117485418076 
0.680520644689 0.895935027888 0.597290018592 0.120321277226 
0.679403221247 0.890292552224 0.59352836815 0.118501095281 
0.675659441322 0.896148353506 0.597432235671 0.12349251972 
0.236800752547 0.556370956579 0.370913971053 0.404730643918 
0.238223300936 0.564048686297 0.376032457531 0.410505282377 
0.242647790578 0.570731260075 0.380487506717 0.415615175981 
0.23326601601 0.597337470374 0.398224980249 0.436703667986 
0.21763965043 0.635597791189 0.423731860793 0.465367586491 
0.19459845413 0.682634217089 0.455089478059 0.498781192108 
0.17044486269 0.739873262976 0.493248841984 0.511681972752 
0.602032899811 1.0423010669 0.69486737793 0.18338371016 
0.598571756163 1.083400185 0.722266790003 0.198181737813 
0.512991012946 1.1371856996 0.758123799734 0.215266735096 
0.451078707966 1.20026326815 0.800175512099 0.233049842818 
0.389913997508 1.26078878949 0.840525859659 0.241002284993 
0.333290795518 1.31510265122 0.876735100816 0.238187516078 
0.284264594888 1.35715831117 0.904772207448 0.229348739269 
0.281267272394 1.38504445232 0.923362968213 0.221751153627 
0.196796129409 1.42367333401 0.949115556007 0.19562000218 
0.14158731971 1.46048758775 0.973658391833 0.166616409299 
0.100236997588 1.48561857852 0.990412385677 0.13921289101 
0.0559351307612 1.5145902758 1.00972685053 0.115949658932 
0.023669596366 1.53457856674 1.02305237782 0.0951884898173 
0.14474013678 1.5444005947 1.02960039647 0.101777530183 
0.275549096012 1.54975655356 1.03317103571 0.127839216228 
0.34090688061 1.55376981086 1.03584654058 0.146467792247 
0.382329125568 1.55673562925 1.03782375283 0.164060665979 
0.414576850259 1.55863826472 1.03909217648 0.178751806467 
0.454482071738 1.55904897618 1.03936598412 0.204910958992 
0.485496797884 1.55729267273 1.03819511515 0.228436939493 
0.552469154178 1.54251981943 1.02834654629 0.294164798164 
0.555992790012 1.54642791853 1.03095194569 0.292088579698 
0.557283109929 1.55001797172 1.03334531448 0.291867015533 
0.558622472436 1.55104404642 1.03402936428 0.290823985551 
0.559593552725 1.55324878617 1.03549919078 0.290362028162 
0.54779563556 1.55853255455 1.03902170303 0.277329861457 
0.548673908863 1.55862573773 1.03908382515 0.276600933692 
0.548837775268 1.55972370217 1.03981580144 0.27676676427 
0.549510069518 1.56106002062 1.04070668041 0.276474452096 
0.552690977347 1.5647576202 1.0431717468 0.274539118899 
0.55120976588 1.57984979245 1.05323319497 0.249458450159 
0.56839747667 1.59863049855 1.0657536657 0.213406342885 
0.596809305196 1.62089798653 1.08059865769 0.149474793759 
0.801142307922 1.52761142489 1.01840761659 -0.523598775598 
0.840377121433 1.57339833108 1.04893222072 -0.4533138397 
0.910331981186 1.62511369532 1.08340913022 -0.315740134882 
0.990384456951 1.64846472943 1.09897648629 -0.254242005769 
1.04894313924 1.65919998945 1.1061333263 -0.2284466795 
1.08994538275 1.66735538281 1.11157025521 -0.214774330091 
1.11866725844 1.67304994903 1.11536663269 -0.207099982645 
1.13996491149 1.67670985063 1.11780656709 -0.201198747062 
1.15451785541 1.67968495288 1.11978996859 -0.198299992957 
1.1641604058 1.68218934165 1.1214595611 -0.196184208019 
1.17134915263 1.68298658641 1.12199105761 -0.194804818316 
1.17577275964 1.68355540368 1.12237026912 -0.19413747266 
1.17919246041 1.68428548584 1.12285699056 -0.193551719591 
1.17963741553 1.68350994135 1.1223399609 -0.19296260889 
1.17951541824 1.68423634318 1.12282422879 -0.1928325727 
1.17761737453 1.6834106554 1.12227377027 -0.192982616613 
1.1719666693 1.68395642842 1.12263761895 -0.193186030165 
1.16004861124 1.6834801333 1.12232008887 -0.194083298734 
1.13421449926 1.68045247593 1.12030165062 -0.196171969507 
1.08777206868 1.66838913842 1.11225942562 -0.204660986033 
1.01224496928 1.64193824743 1.09462549829 -0.232550134361 
0.93409077214 1.55821904756 1.03881269838 -0.39582994969 
0.850841974078 1.47959966079 0.986399773862 -0.404712640725 
0.622874958737 1.47214017118 0.981426780788 0.123086500217 
0.167968890683 1.4115871391 0.941058092734 0.0450902678545 
0.323160914199 1.29329337561 0.862195583742 0.0877945882431 
0.453556390011 1.18356252059 0.789041680396 0.107749182263 
0.53529206149 1.10718726715 0.738124844766 0.11116601116 
0.271141522159 0.991210780431 0.660807186954 0.143978996871 
0.137874310425 0.847015318567 0.564676879045 0.236326913785 
0.0854139336212 0.707979881598 0.471986587732 0.394317453203 
0.076259412817 0.692312909499 0.461541939666 0.384590496816 
0.0642635325826 0.68617965882 0.45745310588 0.379109425081 
0.0600013383692 0.668401657784 0.445601105189 0.36381975409 
0.0499854973024 0.674630766011 0.449753844007 0.317922315517 
0.0309950544752 0.683939739678 0.455959826452 0.321258474213 
0.0198517900992 0.687734663253 0.458489775502 0.319143229694 
0.00669730997132 0.692994829091 0.461996552727 0.316151882144 
0.00669730997132 0.692994829091 0.461996552727 0.316151882144 
2.16840434497e-19 0.693716014177 0.462477342784 0.31279439024 
-2.01556106614e-22 0.677193340835 0.451462227224 0.286475443215 
-2.01556106614e-22 0.677193340835 0.451462227224 0.286475443215 
-2.01556106614e-22 0.677193340835 0.451462227224 0.286475443215 
1.45198437796e-21 0.695498009947 0.463665339965 0.282004437073 
3.27677309619e-22 0.678873957111 0.452582638074 0.269774391788 
3.27677309619e-22 0.678873957111 0.452582638074 0.269774391788 
3.27677309619e-22 0.678873957111 0.452582638074 0.269774391788 
3.27677309619e-22 0.678873957111 0.452582638074 0.269774391788 
3.27677309619e-22 0.678873957111 0.452582638074 0.269774391788 
1.21077235456e-22 0.704119936148 0.469413290765 0.273958047755 
1.21077235456e-22 0.704119936148 0.469413290765 0.273958047755 
1.21077235456e-22 0.704119936148 0.469413290765 0.273958047755 
5.69375261057e-22 0.68191708799 0.454611391993 0.26324016394 
-6.29252699605e-23 0.701182802038 0.467455201359 0.266967260974 
-6.29252699605e-23 0.701182802038 0.467455201359 0.266967260974 
-6.29252699605e-23 0.701182802038 0.467455201359 0.266967260974 
-6.29252699605e-23 0.701182802038 0.467455201359 0.266967260974 
-6.29252699605e-23 0.701182802038 0.467455201359 0.266967260974 
-6.29252699605e-23 0.701182802038 0.467455201359 0.266967260974 
-6.29252699605e-23 0.701182802038 0.467455201359 0.266967260974 
1.19148518539e-21 0.622936025715 0.41529068381 0.231325714687 
1.19148518539e-21 0.622936025715 0.41529068381 0.231325714687 
1.19148518539e-21 0.622936025715 0.41529068381 0.231325714687 
