0.0 0.0 0.0 0.0 
-2.71415239103e-22 3.55490876011e-23 2.36993917341e-23 -0.00430394939847 
-2.71415239103e-22 3.55490876011e-23 2.36993917341e-23 -0.00430394939847 
-2.71415239103e-22 3.55490876011e-23 2.36993917341e-23 -0.00430394939847 
-2.71415239103e-22 3.55490876011e-23 2.36993917341e-23 -0.00430394939847 
-2.71415239103e-22 3.55490876011e-23 2.36993917341e-23 -0.00430394939847 
-2.71415239103e-22 3.55490876011e-23 2.36993917341e-23 -0.00430394939847 
-2.71415239103e-22 3.55490876011e-23 2.36993917341e-23 -0.00430394939847 
-2.71415239103e-22 3.55490876011e-23 2.36993917341e-23 -0.00430394939847 
-2.71415239103e-22 3.55490876011e-23 2.36993917341e-23 -0.00430394939847 
1.19999416348e-20 1.45460173533e-21 9.69734490222e-22 0.00394008404284 
2.59296030677e-21 1.87628278809e-21 1.25085519206e-21 0.00743260662023 
3.08085830018e-21 -1.00401176397e-21 -6.69341175981e-22 0.00196760354138 
2.55718331779e-21 1.02785305045e-21 6.85235366968e-22 -0.00285295220698 
0.0014225053496 0.0138815447056 0.0092543631371 -0.00836670558459 
0.0122633625757 0.0526912841508 0.0351275227672 -0.00946087203084 
0.0200563143887 0.0872421999098 0.0581614666066 -0.00572557111478 
0.0269846303636 0.12748041979 0.084986946527 -0.0084149881249 
0.0234886828541 0.129040721624 0.0860271477492 -0.00237014143238 
0.0220487280514 0.139541376579 0.0930275843858 0.00618774901162 
0.0214325835202 0.129838046498 0.0865586976654 0.0122164514139 
0.0233659199835 0.128981843761 0.0859878958405 0.0142395717137 
0.0224013473274 0.127394841294 0.0849298941962 0.0185257158392 
0.0206087457357 0.128407948452 0.0856052989682 0.0214159837176 
0.017641673699 0.129036215197 0.0860241434648 0.0260453416056 
0.0181316117066 0.11225513312 0.0748367554135 0.0291037411246 
0.0142616771437 0.112827292093 0.0752181947284 0.0293344593084 
0.0114942204377 0.0906579234542 0.0604386156361 0.0277471544482 
0.00815648691943 0.0927232700851 0.0618155133901 0.0249772537427 
0.00667652246674 0.121945051152 0.0812967007683 0.0208193052365 
0.00660518525517 0.124342583242 0.0828950554947 0.0134856065655 
0.0123236574983 0.115315941138 0.0768772940922 0.010260872747 
0.0131316201372 0.115133975891 0.0767559839276 0.00961946217763 
0.00883203009764 0.0942028969127 0.0628019312751 0.0117089897596 
0.00381277253237 0.0966952528321 0.064463501888 0.00701832879221 
0.00597119454785 0.0733051318475 0.0488700878983 0.00518884338416 
0.00550430644033 0.0739662024675 0.049310801645 0.00262172018919 
0.0073619403407 0.0622109550348 0.0414739700232 0.00306273162161 
0.0029580290918 0.0762594906838 0.0508396604559 0.000668420805915 
4.55129865678e-19 0.0550096897756 0.036673126517 0.00403854783149 
1.70671957244e-21 0.0368791267926 0.0245860845284 0.00550603527453 
-1.63617179326e-21 0.0218592975958 0.0145728650639 0.00678238391606 
5.9889413304e-22 0.027527501798 0.0183516678653 0.00552771837503 
-1.70227901633e-21 0.027624394432 0.0184162629547 0.000786593086718 
3.85723756052e-20 0.0127142762693 0.00847618417954 0.000433844812693 
7.65807934511e-22 0.00278732653781 0.00185821769188 -0.00041720807833 
1.69899493136e-20 9.93722155937e-19 6.62481437292e-19 -0.0010250964738 
9.59941963379e-22 0.0249424330681 0.016628288712 -0.00279128511752 
1.12676908229e-20 0.00449135374323 0.00299423582882 -0.00180070961283 
-4.74053562844e-20 5.31732458935e-19 3.54488305957e-19 -0.000184188237992 
-4.74053562844e-20 5.31732458935e-19 3.54488305957e-19 -0.000184188237992 
0.0018227329894 8.1816289707e-22 5.4544193138e-22 -0.00113774397296 
0.00255020988163 1.99137792472e-22 1.32758528314e-22 -0.00586905178986 
0.0128648090028 0.0087509012372 0.00583393415813 -0.0102447924504 
0.0491854317716 0.0231351192074 0.0154234128049 -0.0200085654101 
0.101043407676 0.0526100467093 0.0350733644729 -0.0436901451073 
0.170320254181 0.0930030480202 0.0620020320134 -0.0891159248682 
0.2220617395 0.0826700971501 0.0551133981001 -0.11305796624 
0.286564964108 0.0680526945109 0.0453684630073 -0.109452567494 
0.404993758741 0.220758550879 0.147172367252 0.145312483944 
0.498550412091 0.19418116933 0.129454112887 0.141211807804 
0.579925083479 0.1670018746 0.111334583067 0.133668109077 
0.666739593515 0.139252640972 0.0928350939813 0.126593934639 
0.751025311766 0.105892074861 0.0705947165737 0.114511625231 
0.856054941307 0.0593737967229 0.0395825311486 0.0940166775875 
0.951446794275 5.26475066744e-18 3.50983377829e-18 0.0784881360373 
1.05237743582 8.15734121005e-22 5.43822747337e-22 0.0544943914761 
1.13140372222 2.59942822494e-22 1.73295214996e-22 0.0469126380914 
1.22000615033 1.50404264456e-22 1.00269509637e-22 0.0349792043988 
1.28650412544 -2.7152424532e-22 -1.81016163546e-22 0.0236974974388 
1.34428534142 8.60379337889e-22 5.73586225259e-22 0.0157170709732 
1.38386200065 1.3359915014e-21 8.90661000936e-22 0.0120021870271 
1.41766808518 5.95893431491e-22 3.9726228766e-22 0.00644328582778 
1.44063738 4.04159405923e-22 2.69439603949e-22 0.00489038446244 
1.46034059919 7.11237948654e-22 4.74158632436e-22 0.00374028630196 
1.47171364327 1.57955760089e-22 1.05303840059e-22 -0.0002864777791 
1.47655613576 -3.16744753881e-22 -2.11163169254e-22 -0.000107075843805 
1.47581548584 3.9881158601e-22 2.65874390673e-22 -0.00142924892572 
1.47798956136 -1.28719168772e-22 -8.58127791816e-23 -0.0016862985106 
1.47746287593 -3.31356931639e-22 -2.20904621093e-22 -0.00300183548336 
1.47568741538 2.36711531312e-22 1.57807687541e-22 -0.00650886216467 
1.47426908684 -3.87051536659e-22 -2.58034357773e-22 -0.00466809274527 
1.47638051217 2.62790525655e-23 1.7519368377e-23 -0.00587900039413 
1.47546885353 2.42687415251e-24 1.61791610167e-24 -0.0068907277333 
1.46761565166 1.02297250014e-20 6.8198166676e-21 -0.00846879963303 
1.46623699579 6.61761907141e-23 4.41174604761e-23 -0.00931059895573 
1.4654216306 4.89350118452e-24 3.26233412301e-24 -0.00754421242049 
1.45657384248 1.60270866593e-21 1.06847244395e-21 -0.00707258492999 
1.45420347116 2.33181543476e-22 1.55454362317e-22 -0.00566011131716 
1.45101782231 3.324402257e-22 2.21626817133e-22 -0.006623170827 
1.43997198997 6.15322666386e-22 4.10215110924e-22 -0.00487114188941 
1.43157133873 1.17882170937e-22 7.85881139578e-23 -0.00155302641539 
1.41667682131 -7.79369673633e-22 -5.19579782422e-22 -0.0023353253303 
1.41471701585 -4.65022120079e-22 -3.10014746719e-22 -0.00272870512479 
1.41188092789 3.5368702503e-22 2.3579135002e-22 -0.00186025326172 
1.39689750321 5.67237098255e-20 3.78158065503e-20 0.0013480502576 
1.38251317262 1.72014662364e-21 1.14676441576e-21 0.00343634793157 
1.3618691705 -3.26505139299e-22 -2.17670092866e-22 0.00909541761581 
1.34637627245 8.96402358026e-23 5.97601572017e-23 0.0129893359124 
1.30338828979 2.63633205043e-20 1.75755470029e-20 0.0247678439005 
1.2711344002 1.92840575665e-21 1.28560383777e-21 0.0323114529292 
1.22301009835 6.92152910374e-22 4.61435273582e-22 0.0487858637737 
1.17628294422 -2.17352407658e-22 -1.44901605105e-22 0.0587163009087 
1.10856168138 -6.79408837325e-19 -4.52939224883e-19 0.0702155882236 
1.0349969858 1.71210762429e-17 1.14140508286e-17 0.0769576217065 
0.943523069702 -8.562588816e-18 -5.708392544e-18 0.0815735914721 
0.852594872869 0.0298189601587 0.0198793067725 0.0857555388648 
0.704504339177 0.0766556430078 0.0511037620052 0.0739474681415 
0.510363976291 2.49217355819e-16 1.66144903879e-16 -0.0144438546075 
0.385933072379 -1.51271230919e-17 -1.0084748728e-17 -0.251845492483 
0.3350906478 0.0407332303971 0.0271554869314 -0.362485416879 
0.307170795974 0.089927189637 0.059951459758 -0.446937851445 
0.296629873687 0.117348091675 0.0782320611164 -0.523598775598 
0.284388350843 0.134418252587 0.089612168391 -0.523598775598 
0.273326289792 0.148817610222 0.0992117401483 -0.523598775598 
0.269057364045 0.152887566412 0.101925044275 -0.523598775598 
0.260155734759 0.161634395659 0.107756263772 -0.523598775598 
0.249617599573 0.171666819534 0.114444546356 -0.523598775598 
0.244361425361 0.175104058829 0.11673603922 -0.523598775598 
0.246911963491 0.171551762004 0.114367841336 -0.523598775598 
0.2488868104 0.166718906542 0.111145937694 -0.523598775598 
0.247469218356 0.166183143754 0.110788762503 -0.523598775598 
0.238263869128 0.179406607648 0.119604405098 -0.523598775598 
0.24328660911 0.174055657055 0.116037104703 -0.523598775598 
0.254342655345 0.163815341062 0.109210227374 -0.523598775598 
0.255805945614 0.163999893876 0.109333262584 -0.523598775598 
0.260097627766 0.160304492448 0.106869661632 -0.523598775598 
0.255537663166 0.168343369181 0.112228912788 -0.523598775598 
0.253949404359 0.173443249913 0.115628833275 -0.523598775598 
0.256812048465 0.169479253914 0.112986169276 -0.523598775598 
0.271283099987 0.154996202094 0.103330801396 -0.517379927743 
0.274841565164 0.151029383406 0.100686255604 -0.48088534988 
0.289550372672 0.128050601828 0.085367067885 -0.445619739335 
0.30584848673 0.0873488174344 0.0582325449563 -0.379417564294 
0.333957147215 0.013657263259 0.00910484217266 -0.288874144268 
0.378262637243 -2.77444343063e-18 -1.84962895375e-18 -0.20413151842 
0.528952206539 0.0683140892627 0.0455427261751 0.14095133279 
0.665615602589 0.0492180391333 0.0328120260888 0.153030491827 
0.798481909681 0.00766634024663 0.00511089349775 0.148336184644 
0.931903672658 -1.20114672136e-19 -8.00764480908e-20 0.131527883139 
1.03144804224 4.64303771312e-22 3.09535847541e-22 0.120635429676 
1.10750334999 -9.84955499051e-22 -6.56636999367e-22 0.115019877708 
1.17623713487 -8.31801555097e-22 -5.54534370064e-22 0.106670900658 
1.22568110006 -6.36683209866e-22 -4.24455473244e-22 0.0982014927542 
1.25068600346 6.18813086734e-22 4.12542057822e-22 0.0982751980553 
1.26287193753 -7.61911163541e-22 -5.07940775694e-22 0.0965610619329 
1.27391055141 -1.10801579572e-21 -7.3867719715e-22 0.098894254911 
1.28859675714 4.12392803406e-22 2.74928535604e-22 0.0951549382776 
1.30145054206 2.36045292937e-22 1.57363528625e-22 0.0926023844471 
1.30145054206 2.36045292937e-22 1.57363528625e-22 0.0926023844471 
1.30145054206 2.36045292937e-22 1.57363528625e-22 0.0926023844471 
1.30145054206 2.36045292937e-22 1.57363528625e-22 0.0926023844471 
1.2989633806 -2.74423579673e-22 -1.82949053116e-22 0.0961453977707 
1.29838043733 -1.42851570091e-22 -9.52343800604e-23 0.0911443237526 
1.29838043733 -1.42851570091e-22 -9.52343800604e-23 0.0911443237526 
1.28186817789 6.06854096545e-22 4.04569397697e-22 0.0952002494659 
1.28186817789 6.06854096545e-22 4.04569397697e-22 0.0952002494659 
1.27873949245 1.86284789153e-22 1.24189859435e-22 0.090747543112 
1.26347997606 -9.44639960787e-23 -6.29759973858e-23 0.0945161498264 
1.26347997606 -9.44639960787e-23 -6.29759973858e-23 0.0945161498264 
1.26347997606 -9.44639960787e-23 -6.29759973858e-23 0.0945161498264 
1.26347997606 -9.44639960787e-23 -6.29759973858e-23 0.0945161498264 
1.26310479098 -2.82026406232e-22 -1.88017604155e-22 0.090101993831 
1.26310479098 -2.82026406232e-22 -1.88017604155e-22 0.090101993831 
1.26310479098 -2.82026406232e-22 -1.88017604155e-22 0.090101993831 
1.24795712371 -3.98358605636e-23 -2.65572403758e-23 0.0937973149705 
1.24878097691 -4.85494366052e-23 -3.23662910701e-23 0.0908200535325 
1.25986255996 -8.8033955619e-22 -5.8689303746e-22 0.0873369080623 
1.25986255996 -8.8033955619e-22 -5.8689303746e-22 0.0873369080623 
1.25986255996 -8.8033955619e-22 -5.8689303746e-22 0.0873369080623 
1.25768029395 8.91167108029e-23 5.94111405352e-23 0.0916202835044 
1.2577813871 -2.21380537206e-23 -1.47587024804e-23 0.0868164240684 
1.2577813871 -2.21380537206e-23 -1.47587024804e-23 0.0868164240684 
1.2577813871 -2.21380537206e-23 -1.47587024804e-23 0.0868164240684 
1.2577813871 -2.21380537206e-23 -1.47587024804e-23 0.0868164240684 
1.2577813871 -2.21380537206e-23 -1.47587024804e-23 0.0868164240684 
1.25247400183 -4.15034692166e-23 -2.76689794778e-23 0.0898510184462 
1.25290006911 -1.15421423126e-21 -7.69476154175e-22 0.0929023262721 
1.25540338635 5.17110716793e-22 3.44740477862e-22 0.0956526007801 
1.28232692571 -1.44691587965e-22 -9.64610586436e-23 0.091440596199 
1.30972631474 1.47763022648e-22 9.85086817654e-23 0.0883342505196 
1.33223722971 1.04665446412e-21 6.97769642748e-22 0.0850364208024 
1.37285609728 9.63290140881e-23 6.42193427254e-23 0.077268775717 
1.43793343024 -1.62703682743e-21 -1.08469121829e-21 0.0648690401525 
1.4829467733 -3.03892762968e-21 -2.02595175312e-21 0.0551891018566 
1.51389147959 -5.03202594693e-22 -3.35468396462e-22 0.0497322963947 
1.53424941146 -7.3222696144e-22 -4.88151307627e-22 0.0454429522807 
1.55375520584 1.2733484406e-21 8.48898960397e-22 0.0395193413012 
1.57024218287 8.78342527591e-22 5.8556168506e-22 0.0351486650678 
1.57032055122 3.32343634518e-21 2.21562423012e-21 0.0357980229813 
1.57079632679 -6.18648134576e-22 -4.12432089717e-22 0.0323636456875 
1.57079632679 -6.18648134576e-22 -4.12432089717e-22 0.0323636456875 
1.57079632679 -6.18648134576e-22 -4.12432089717e-22 0.0323636456875 
1.57079632679 9.84169288828e-22 6.56112859218e-22 0.0352097751605 
1.57079632679 7.32473937218e-22 4.88315958145e-22 0.0370135869952 
1.57079632679 -4.1027585639e-22 -2.73517237593e-22 0.0355057100433 
1.57079632679 -1.63812180217e-21 -1.09208120144e-21 0.0369446672843 
1.57079632679 -1.14974891232e-21 -7.6649927488e-22 0.0347385680346 
1.57079632679 -2.96652127388e-21 -1.97768084925e-21 0.0372969494573 
1.57076734513 -4.34071910877e-22 -2.89381273918e-22 0.0367126380461 
1.5676449562 -1.73189551049e-21 -1.15459700699e-21 0.0335523442359 
1.56277264162 8.57180784252e-22 5.71453856168e-22 0.0356631961205 
1.56277919458 2.23766817893e-22 1.49177878596e-22 0.0383169357669 
1.55670793288 -2.62877486196e-21 -1.75251657464e-21 0.0385212494713 
1.55675218329 3.20062450628e-21 2.13374967085e-21 0.0370877121864 
1.55383013769 2.1486831325e-21 1.43245542167e-21 0.0374711458175 
1.55139415447 -2.18599039426e-21 -1.45732692951e-21 0.0364331439936 
1.54840371446 -7.62370818959e-22 -5.08247212639e-22 0.035325854058 
1.54282594213 1.08341052714e-22 7.22273684758e-23 0.0375546060723 
1.54572628879 2.38184838138e-21 1.58789892092e-21 0.034680057118 
1.54034358364 1.50243220174e-22 1.00162146783e-22 0.0357818986818 
1.54055894219 -1.37593057648e-21 -9.17287050985e-22 0.0321432411048 
1.53634067791 -4.33838804171e-22 -2.89225869448e-22 0.0336577899821 
1.52714574991 -9.50786152349e-23 -6.338574349e-23 0.0336604525302 
1.52137853609 1.003289467e-21 6.68859644668e-22 0.0340611177185 
1.51006904642 -8.65225391082e-22 -5.76816927388e-22 0.0359149904354 
1.50523395079 7.66842767223e-22 5.11228511482e-22 0.0362306159427 
1.50197204164 -1.74619331257e-21 -1.16412887504e-21 0.0367992453236 
1.49706349227 2.17400229559e-21 1.44933486373e-21 0.0377534328223 
1.49232040054 4.73068416481e-22 3.1537894432e-22 0.0351021336559 
1.48821474908 -7.50398607469e-23 -5.00265738313e-23 0.0351727181886 
1.48045892593 1.86692450668e-21 1.24461633779e-21 0.0353989477937 
1.47754912175 -1.34674144923e-22 -8.97827632821e-23 0.0341914153064 
1.46550396047 4.89461406117e-22 3.26307604078e-22 0.0351804951154 
1.44670531057 2.10551489764e-21 1.40367659843e-21 0.0366994874038 
1.42677421961 -2.34253145131e-21 -1.56168763421e-21 0.0413482121999 
1.38705901876 -3.53972444913e-22 -2.35981629942e-22 0.0515842447609 
1.3323366289 -1.80339366659e-22 -1.20226244439e-22 0.0604627217045 
1.25968051855 1.09672839597e-21 7.31152263981e-22 0.0633496234051 
1.16463339334 -1.08222975608e-18 -7.21486504051e-19 0.0702539916794 
1.07378965568 2.12379113869e-17 1.41586075912e-17 0.0673411770407 
1.00840430065 0.0159599807194 0.0106399871462 0.0617522706298 
0.957499493335 0.0325321702951 0.0216881135301 0.0582852727794 
0.927664667359 0.0440926409826 0.0293950939884 0.0526247209444 
0.909341631443 0.0541215448599 0.0360810299066 0.0531829976648 
0.902434835935 0.0599245868683 0.0399497245789 0.046980885913 
0.895688049889 0.0686636543124 0.0457757695416 0.0513749951167 
0.90182150682 0.0705559578896 0.0470373052597 0.0443977148581 
0.900125108164 0.0760029471324 0.0506686314216 0.0519374330168 
0.900125108164 0.0760029471324 0.0506686314216 0.0519374330168 
0.900125108164 0.0760029471324 0.0506686314216 0.0519374330168 
0.901951683839 0.0784467687218 0.0522978458145 0.0460931273165 
0.901951683839 0.0784467687218 0.0522978458145 0.0460931273165 
0.911263696604 0.0801730900881 0.0534487267254 0.0489606565759 
0.904800087723 0.0852698206169 0.056846547078 0.0462204706054 
0.918670374132 0.0840464646716 0.0560309764477 0.0430801916872 
0.918212871381 0.08816071468 0.0587738097867 0.0488883660715 
0.918212871381 0.08816071468 0.0587738097867 0.0488883660715 
0.918212871381 0.08816071468 0.0587738097867 0.0488883660715 
0.92727988266 0.0889647477954 0.0593098318636 0.0462566025405 
0.934946376424 0.0889533974875 0.0593022649917 0.0411262435186 
0.944140285264 0.0892852850501 0.0595235233667 0.0450083264123 
0.941444399128 0.0919014895069 0.0612676596712 0.0413264412958 
0.942788598163 0.0930681765646 0.0620454510431 0.0463104063847 
0.942788598163 0.0930681765646 0.0620454510431 0.0463104063847 
0.942788598163 0.0930681765646 0.0620454510431 0.0463104063847 
0.942788598163 0.0930681765646 0.0620454510431 0.0463104063847 
0.942788598163 0.0930681765646 0.0620454510431 0.0463104063847 
0.941016213808 0.0947081659322 0.0631387772881 0.0518894700548 
0.941016213808 0.0947081659322 0.0631387772881 0.0518894700548 
0.939298710256 0.0963931803662 0.0642621202442 0.0553409621822 
0.937214012542 0.0974338973182 0.0649559315455 0.0518781817594 
0.937214012542 0.0974338973182 0.0649559315455 0.0518781817594 
0.914939581525 0.107156630721 0.0714377538138 0.0491170237697 
0.858239638716 0.13256205063 0.0883747004201 0.0571860291878 
0.962532612001 0.492096556163 0.328064370775 0.0255388472396 
0.893529923885 0.555519409185 0.37034627279 0.0207676598691 
0.571376458578 0.371789721099 0.247859814066 0.0266135035852 
0.344956591955 0.130025149461 0.0866834329738 0.401434314032 
0.258617102048 0.192867955592 0.128578637061 0.523598775598 
0.195094105293 0.237492287148 0.158328191432 0.523598775598 
0.152750912266 0.266550723949 0.177700482633 0.523598775598 
0.121202799917 0.291592648315 0.194395098877 0.523598775598 
0.10286950296 0.301707611464 0.201138407642 0.523598775598 
0.0966819579668 0.299420266224 0.199613510816 0.523598775598 
0.094243530406 0.29898487565 0.199323250433 0.523598775598 
0.0850449943757 0.311471270575 0.207647513717 0.522347698102 
0.0831988275568 0.309547764055 0.206365176036 0.522454875557 
0.0913887827806 0.290081107616 0.193387405078 0.522046322195 
0.0913887827806 0.290081107616 0.193387405078 0.522046322195 
0.0913887827806 0.290081107616 0.193387405078 0.522046322195 
0.0884017679121 0.290051935888 0.193367957259 0.522354024462 
0.0891876935588 0.292671829731 0.195114553154 0.522181412824 
0.0891876935588 0.292671829731 0.195114553154 0.522181412824 
0.0826035548764 0.305271641123 0.203514427415 0.521734139344 
0.0826035548764 0.305271641123 0.203514427415 0.521734139344 
0.0834099090104 0.307195605918 0.204797070612 0.521291902169 
0.0816500519504 0.307145112131 0.204763408087 0.521132959706 
0.0899603168014 0.295042370699 0.196694913799 0.521087189864 
0.0899603168014 0.295042370699 0.196694913799 0.521087189864 
0.0899603168014 0.295042370699 0.196694913799 0.521087189864 
0.0899603168014 0.295042370699 0.196694913799 0.521087189864 
0.0920819417757 0.29511130033 0.196740866886 0.521118349896 
0.0913001599021 0.29261259939 0.19507506626 0.521516775958 
0.0913001599021 0.29261259939 0.19507506626 0.521516775958 
0.0930907861499 0.292721708027 0.195147805351 0.521533642207 
0.0947733616735 0.29263031478 0.19508687652 0.521631452975 
0.0947733616735 0.29263031478 0.19508687652 0.521631452975 
0.0947733616735 0.29263031478 0.19508687652 0.521631452975 
0.0947733616735 0.29263031478 0.19508687652 0.521631452975 
0.0947733616735 0.29263031478 0.19508687652 0.521631452975 
0.0947733616735 0.29263031478 0.19508687652 0.521631452975 
0.0947733616735 0.29263031478 0.19508687652 0.521631452975 
0.0979448347182 0.293103283264 0.195402188843 0.521593228122 
0.119270284943 0.277513259842 0.185008839895 0.523598775598 
0.17164605882 0.24056593636 0.160377290907 0.523598775598 
0.241140550284 0.204184375342 0.136122916894 0.523598775598 
0.312782301689 0.168299389694 0.112199593129 0.508084795581 
0.391202482095 0.175569303738 0.117046202492 0.209218315491 
0.519682560203 0.210045216262 0.140030144175 0.146624934137 
0.658186156096 0.182260041597 0.121506694398 0.156722458669 
0.770848232848 0.158619724073 0.105746482715 0.171018351233 
0.857767572107 0.137543164399 0.0916954429325 0.183178582904 
0.9220119287 0.116101451857 0.0774009679047 0.190409867439 
0.93650129008 0.123428843547 0.0822858956977 0.223197606232 
0.924236072969 0.157441035686 0.104960690458 0.260452722114 
0.891918158162 0.289630003352 0.193086668902 0.267681176491 
0.794614152849 0.392993675213 0.261995783475 0.320867428607 
0.70327322641 0.526047695938 0.350698463959 0.34737317768 
0.843403246407 0.841687999494 0.561125332996 0.196417277123 
0.829025937449 0.991107280329 0.660738186886 0.153747531332 
0.760400787372 1.1160945724 0.744063048264 0.0947480764392 
0.71783602775 1.20240309353 0.801602062352 0.0404012098378 
0.745189689487 1.2912994768 0.860866317865 -0.0236740718194 
0.841838040126 1.34498165716 0.896654438107 -0.0499044972064 
0.944108933982 1.38037731711 0.920251544737 -0.060859209717 
1.02687692075 1.40519205905 0.936794706032 -0.0755512689566 
1.08677430855 1.42591507679 0.950610051196 -0.0953642593882 
1.13727754475 1.44187415129 0.961249434191 -0.119409561636 
1.17083432028 1.45288740522 0.968591603481 -0.142203227042 
1.19606437251 1.46155351748 0.974369011655 -0.158528069958 
1.21927720734 1.4656378794 0.977091919597 -0.173022052631 
1.23705038224 1.46885842726 0.979238951506 -0.183408678902 
1.25001420464 1.47188140435 0.981254269564 -0.190651394899 
1.26075975733 1.47253685292 0.98169123528 -0.196631935729 
1.26744599864 1.47241835877 0.981612239181 -0.200536640969 
1.27283395712 1.47290295404 0.981935302692 -0.203710833859 
1.27620915365 1.47340133812 0.982267558746 -0.205689706176 
1.27952909322 1.47299434957 0.981996233044 -0.207689879174 
1.28171029496 1.47334579204 0.98223052803 -0.20911815021 
1.28338399218 1.4732986316 0.982199087732 -0.210178815906 
1.28342592002 1.47350424433 0.982336162889 -0.210195381629 
1.2834289343 1.47338954404 0.982259696027 -0.210202296076 
1.28349955718 1.47370623312 0.982470822083 -0.210264463485 
1.2833566694 1.47302396492 0.982015976612 -0.210203295093 
1.28101032028 1.47271019697 0.981806797979 -0.209524967638 
1.2780254672 1.47218228168 0.981454854453 -0.208088550228 
1.27434537772 1.4713286916 0.980885794402 -0.206417127303 
1.26805774963 1.46936499129 0.979576660861 -0.203559513192 
1.25378398481 1.4661411181 0.977427412064 -0.201059618449 
1.23914908903 1.46121682919 0.974144552792 -0.191707876477 
1.22228517917 1.45474495224 0.969829968162 -0.181280768926 
1.19235858282 1.44164431163 0.961096207753 -0.16871296868 
1.1622407818 1.4248717744 0.94991451627 -0.144936051398 
1.11241643758 1.40066054775 0.933773698497 -0.12677458778 
1.0622057289 1.37477407458 0.916516049723 -0.113719821573 
1.00676253576 1.34624526336 0.897496842238 -0.103632340356 
0.943230951819 1.31456493219 0.876376621462 -0.1000462566 
0.875349470521 1.27254766739 0.84836511159 -0.0953766853569 
0.822162985633 1.21887811892 0.812585412611 -0.0873847252911 
0.815991353157 1.15532746736 0.770218311571 -0.0709075463017 
0.854757734845 1.0855617487 0.723707832464 -0.0465184211367 
0.909297388086 1.00139515519 0.667596770125 -0.0244071058989 
0.964335145036 0.909985769296 0.606657179531 -0.00836019133157 
0.982765278422 0.807239419214 0.538159612809 -0.00263208301158 
1.02007722915 0.699790288533 0.466526859022 0.0029347353802 
1.06752698237 0.60817114861 0.405447432407 0.00492885434041 
1.06939248548 0.490783483805 0.327188989203 0.00128956165725 
1.09851224093 0.462010384338 0.308006922892 -0.00297850060685 
1.09822147581 0.459252632167 0.306168421445 -0.00588594664316 
1.05862439434 0.389276516472 0.259517677648 -0.00593952092978 
1.05701802558 0.390417209437 0.260278139625 -0.00209203157727 
1.03951397972 0.403366325834 0.268910883889 0.00350453431362 
1.05149694302 0.525363654105 0.35024243607 0.00203961605513 
1.0490264176 0.610276148998 0.406850765999 -0.0038221886567 
1.05335878073 0.671398601888 0.447599067926 -0.00675072127488 
1.05113764067 0.715032507265 0.476688338177 -0.0130240512536 
1.03377766643 0.752326269721 0.50155084648 -0.0177701099336 
1.01754443884 0.789746637765 0.52649775851 -0.0231439981965 
1.00846092398 0.816553398229 0.544368932153 -0.0295502226411 
1.00156276351 0.838791862314 0.559194574876 -0.0322293266864 
0.996657066714 0.85682644624 0.571217630827 -0.0345009142004 
0.993883319118 0.869436961459 0.579624640972 -0.0364552673524 
0.992422581727 0.878693192868 0.585795461912 -0.0390527475781 
0.992471957173 0.884450159567 0.589633439711 -0.0414988031542 
0.991670997122 0.891851677028 0.594567784685 -0.0397637873597 
0.992760331438 0.89430917678 0.596206117853 -0.0440652294537 
0.993155264233 0.900132154331 0.600088102887 -0.0436547181771 
0.994521853864 0.905244431557 0.603496287705 -0.0450708302202 
0.995823510168 0.910486653176 0.606991102117 -0.0453345756031 
1.44584106434 0.963012498624 0.642008332416 0.0328772926595 
1.4454186053 0.964900820734 0.643267213823 0.0333575914584 
1.44525534242 0.967116245495 0.644744163664 0.0333913593748 
1.44525534242 0.967116245495 0.644744163664 0.0333913593748 
1.44585796614 0.96919002289 0.646126681927 0.0332648409744 
1.44632811253 0.970692950687 0.647128633791 0.0329441823112 
1.44611335212 0.972361112435 0.648240741624 0.0334880223972 
1.44611335212 0.972361112435 0.648240741624 0.0334880223972 
1.44611335212 0.972361112435 0.648240741624 0.0334880223972 
1.44611335212 0.972361112435 0.648240741624 0.0334880223972 
1.44611335212 0.972361112435 0.648240741624 0.0334880223972 
1.44611335212 0.972361112435 0.648240741624 0.0334880223972 
1.444229801 0.972314684071 0.64820978938 0.0393664640666 
1.44077530548 0.969326004747 0.646217336498 0.047461022968 
1.40386898462 0.966710868404 0.64447391227 0.0526198966132 
1.36662577715 0.963253061422 0.642168707615 0.0605725175924 
1.36261134968 0.957523325406 0.638348883604 0.0746152138202 
1.35673181419 0.951240870774 0.634160580516 0.0898653822787 
1.30790961698 0.944186600824 0.629457733883 0.0932022867354 
1.3037549902 0.938800106321 0.625866737548 0.104416163477 
1.2495733081 0.931990747184 0.62132716479 0.10310562795 
1.24644241182 0.929545550794 0.619697033862 0.112350735201 
1.24447425527 0.926445883481 0.617630588987 0.116199787884 
1.2425976798 0.925721786323 0.617147857549 0.119661864019 
1.23946455532 0.921333936356 0.614222624237 0.122381068076 
1.23759801311 0.920292223381 0.613528148921 0.125355945263 
1.23730745082 0.917299727623 0.611533151749 0.123788891045 
1.23586955397 0.914839019113 0.609892679409 0.12624566959 
1.23468156069 0.917277621805 0.611518414537 0.127685753179 
0.156480613671 0.472492733945 0.314995155964 0.523598775598 
0.156480613671 0.472492733945 0.314995155964 0.523598775598 
0.154611680712 0.470830562088 0.313887041392 0.523598775598 
0.154611680712 0.470830562088 0.313887041392 0.523598775598 
0.151946849565 0.470983842855 0.31398922857 0.523598775598 
0.150030472718 0.469844413717 0.313229609145 0.523598775598 
0.148967998206 0.46734200821 0.311561338807 0.523598775598 
0.154450423772 0.455888021257 0.303925347505 0.523598775598 
0.149290616845 0.452269604928 0.301513069952 0.523598775598 
0.143179500278 0.448424552774 0.298949701849 0.523598775598 
0.135689370253 0.443572850036 0.295715233358 0.523576185841 
0.12253841019 0.434890683119 0.28992712208 0.52282257257 
0.106938907553 0.423286359066 0.282190906044 0.521862362735 
0.0887260278041 0.409826405987 0.273217603992 0.520993162074 
0.0816541743591 0.381629730499 0.254419820333 0.51787531781 
0.0728700608938 0.359537992053 0.239691994702 0.51492457209 
0.0731325310562 0.324713803942 0.216475869294 0.512710441481 
0.0738066885984 0.289032081 0.192688054 0.512623248933 
0.0713983195832 0.267347212433 0.178231474955 0.512381789677 
0.0699632618092 0.24980554222 0.166537028147 0.510556648874 
0.0653466197239 0.246860634659 0.164573756439 0.511016459715 
0.0610149028547 0.243655911321 0.162437274214 0.511433791655 
0.0662245307505 0.223825992515 0.149217328344 0.508136936575 
0.0632930685389 0.222249962441 0.148166641627 0.508102997291 
0.0632930685389 0.222249962441 0.148166641627 0.508102997291 
0.0673267028249 0.205020890726 0.136680593817 0.503925259034 
0.0673267028249 0.205020890726 0.136680593817 0.503925259034 
0.065206935942 0.204364287461 0.136242858307 0.503541672982 
0.065206935942 0.204364287461 0.136242858307 0.503541672982 
0.065206935942 0.204364287461 0.136242858307 0.503541672982 
0.065206935942 0.204364287461 0.136242858307 0.503541672982 
0.0631524774744 0.203002508703 0.135335005802 0.503381751081 
7.63426596538e-17 1.22503135725e-16 8.16687571497e-17 0.150772556486 
7.63426596538e-17 1.22503135725e-16 8.16687571497e-17 0.150772556486 
7.63426596538e-17 1.22503135725e-16 8.16687571497e-17 0.150772556486 
7.63426596538e-17 1.22503135725e-16 8.16687571497e-17 0.150772556486 
7.63426596538e-17 1.22503135725e-16 8.16687571497e-17 0.150772556486 
7.63426596538e-17 1.22503135725e-16 8.16687571497e-17 0.150772556486 
7.63426596538e-17 1.22503135725e-16 8.16687571497e-17 0.150772556486 
7.63426596538e-17 1.22503135725e-16 8.16687571497e-17 0.150772556486 
7.63426596538e-17 1.22503135725e-16 8.16687571497e-17 0.150772556486 
7.63426596538e-17 1.22503135725e-16 8.16687571497e-17 0.150772556486 
7.63426596538e-17 1.22503135725e-16 8.16687571497e-17 0.150772556486 
7.63426596538e-17 1.22503135725e-16 8.16687571497e-17 0.150772556486 
7.63426596538e-17 1.22503135725e-16 8.16687571497e-17 0.150772556486 
7.63426596538e-17 1.22503135725e-16 8.16687571497e-17 0.150772556486 
1.31906938872e-22 -1.72222608334e-21 -1.14815072223e-21 0.155900751035 
1.31906938872e-22 -1.72222608334e-21 -1.14815072223e-21 0.155900751035 
1.31906938872e-22 -1.72222608334e-21 -1.14815072223e-21 0.155900751035 
6.83915624636e-21 2.47157807496e-21 1.64771871664e-21 0.129653179371 
1.95671129445e-20 7.17970642209e-20 4.78647094806e-20 0.0841100871454 
1.21241348323e-20 0.00933153469498 0.00622102312999 0.0266907981925 
6.24923421209e-21 0.0969416706377 0.0646277804251 -0.0383007407686 
-3.73487227894e-21 0.0956690329228 0.0637793552818 -0.0975481110159 
1.63749877572e-22 0.135191048478 0.0901273656522 -0.166393297223 
-2.63306273544e-21 0.12073753115 0.0804916874332 -0.211194871538 
1.30224424204e-22 0.10404365607 0.0693624373802 -0.246057520884 
2.05222984074e-21 0.0928441079474 0.0618960719649 -0.267708948509 
1.20514969903e-21 0.0824046086075 0.0549364057384 -0.281998210403 
-1.08391986912e-22 0.0737421192053 0.0491614128035 -0.293400950734 
-1.08391986912e-22 0.0737421192053 0.0491614128035 -0.293400950734 
2.00392094979e-21 0.0717254055022 0.0478169370015 -0.299001355401 
2.00392094979e-21 0.0717254055022 0.0478169370015 -0.299001355401 
2.00392094979e-21 0.0717254055022 0.0478169370015 -0.299001355401 
2.00392094979e-21 0.0717254055022 0.0478169370015 -0.299001355401 
2.00392094979e-21 0.0717254055022 0.0478169370015 -0.299001355401 
1.04229938985e-21 0.0678449365673 0.0452299577116 -0.302986291329 
1.04229938985e-21 0.0678449365673 0.0452299577116 -0.302986291329 
1.79418417965e-21 0.0609077772697 0.0406051848465 -0.309462744039 
1.79418417965e-21 0.0609077772697 0.0406051848465 -0.309462744039 
1.35523115857e-21 0.0250717826757 0.0167145217838 -0.289890046445 
1.35523115857e-21 0.0250717826757 0.0167145217838 -0.289890046445 
1.35523115857e-21 0.0250717826757 0.0167145217838 -0.289890046445 
1.35523115857e-21 0.0250717826757 0.0167145217838 -0.289890046445 
1.52768888126e-21 0.0274456134723 0.0182970756482 -0.282884873529 
2.20369453227e-21 0.029096172792 0.019397448528 -0.276426495053 
-4.10175363107e-21 0.0341450664162 0.0227633776108 -0.260844126485 
5.45861876005e-21 0.0103201567008 0.00688010446718 -0.221678535592 
-3.13160138158e-21 0.0226783560251 0.0151189040168 -0.187994842475 
1.02729562846e-19 1.94268073328e-17 1.29512048885e-17 -0.12336881518 
-4.07107825683e-21 -4.17638664191e-21 -2.78425776127e-21 -0.0726366923949 
-4.18250199302e-22 6.54338943178e-22 4.36225962118e-22 -0.0326451575784 
0.00222909468141 1.64491331933e-21 1.09660887955e-21 0.000628149842718 
0.00668271657221 -5.0431482528e-21 -3.3620988352e-21 0.0302466298297 
0.00873607491797 -1.85124772504e-21 -1.23416515003e-21 0.0523904898582 
0.00633390497908 1.25166279607e-22 8.34441864045e-23 0.0668963177907 
0.0119616705469 3.36873247207e-21 2.24582164805e-21 0.0792746410662 
0.0092261699052 6.43772508818e-21 4.29181672545e-21 0.0850011267837 
0.00651320429299 2.46875036972e-23 1.64583357981e-23 0.0889982473927 
0.0116931274121 2.46839213687e-21 1.64559475791e-21 0.0940436227119 
0.00550213875675 3.58464400302e-21 2.38976266868e-21 0.0967795326839 
0.00261861187231 -1.12384094323e-21 -7.4922729549e-22 0.0978156623001 
0.00261861187231 -1.12384094323e-21 -7.4922729549e-22 0.0978156623001 
0.00121273808538 7.69963412079e-22 5.13308941386e-22 0.101378808498 
0.00121273808538 7.69963412079e-22 5.13308941386e-22 0.101378808498 
-5.42101086243e-20 4.06774768039e-21 2.71183178693e-21 0.101606988532 
-5.42101086243e-20 4.06774768039e-21 2.71183178693e-21 0.101606988532 
-5.42101086243e-20 4.06774768039e-21 2.71183178693e-21 0.101606988532 
0.00369576362866 3.68963803451e-21 2.45975868967e-21 0.102578523274 
0.00172455136329 -3.01127766771e-21 -2.00751844514e-21 0.105082643661 
0.00172455136329 -3.01127766771e-21 -2.00751844514e-21 0.105082643661 
0.00172455136329 -3.01127766771e-21 -2.00751844514e-21 0.105082643661 
4.33680868994e-19 1.30880720401e-21 8.72538136009e-22 0.105513216735 
4.33680868994e-19 1.30880720401e-21 8.72538136009e-22 0.105513216735 
4.33680868994e-19 1.30880720401e-21 8.72538136009e-22 0.105513216735 
4.33680868994e-19 1.30880720401e-21 8.72538136009e-22 0.105513216735 
-2.43219281864e-21 -1.47386406342e-22 -9.82576042282e-23 0.100075707905 
0.00416527865483 4.17835622087e-21 2.78557081392e-21 0.0969556155854 
0.0175720246506 2.18708555902e-21 1.45805703935e-21 0.0939971864643 
0.0350699442903 -2.06960180597e-21 -1.37973453731e-21 0.0993630268317 
0.0620131765195 2.56470131099e-22 1.709800874e-22 0.102599976735 
0.098144361182 9.73292801695e-22 6.48861867797e-22 0.110067221971 
0.158161581279 -6.02814063598e-23 -4.01876042399e-23 0.132618689635 
0.234934701944 3.64731944322e-22 2.43154629548e-22 0.169765715777 
0.302480011776 -2.54206378796e-22 -1.69470919197e-22 0.158966807698 
0.38232397204 -1.49083797666e-21 -9.9389198444e-22 0.151000435085 
0.524682152137 0.0664316946522 0.0442877964348 -0.0994115908642 
0.685527732062 0.196838837393 0.131225891595 -0.0150542361549 
0.881064808237 0.379629424187 0.253086282791 0.00572704963486 
0.973746196083 0.43315705347 0.28877136898 0.0137141005419 
0.956599385673 0.45015238508 0.300101590054 0.0209257942395 
1.00433355217 0.562608992125 0.375072661417 0.026396141265 
0.95002114925 0.635510968757 0.423673979171 0.0288562961082 
0.959789274435 0.797263565572 0.531509043715 0.0271889231052 
0.922248255824 0.931753041835 0.621168694556 0.0118226099641 
0.828155820492 1.06656587146 0.711043914306 -0.0263559321991 
0.829367071633 1.16587420682 0.777249471215 -0.0568747306342 
0.840732272333 1.23893571764 0.825957145096 -0.0902073072121 
0.946955748284 1.29933441892 0.866222945947 -0.0992380230509 
1.03897787795 1.34432043423 0.896213622818 -0.112521378969 
1.1048133694 1.37750907814 0.918339385424 -0.132338560359 
1.14494638861 1.40135482104 0.934236547362 -0.158374875516 
1.17112506497 1.41759340234 0.945062268229 -0.18136460634 
1.19275911305 1.42857595107 0.95238396738 -0.199441123173 
1.20865843737 1.43648177286 0.95765451524 -0.212205060111 
1.22022864803 1.44127070101 0.960847134005 -0.221644098574 
1.2284565882 1.44423089606 0.96282059737 -0.228548276618 
1.23367839917 1.44646509811 0.964310065408 -0.232974285242 
1.2372161305 1.44779638624 0.965197590824 -0.235795090373 
1.23997487847 1.44904592247 0.966030614977 -0.238257276986 
1.24038315296 1.451073356 0.96738223733 -0.238600175613 
1.24307954249 1.45121288291 0.967475255275 -0.241158731333 
1.24536200095 1.4507643802 0.967176253465 -0.242873314314 
1.24543676564 1.45099457152 0.967329714347 -0.242938039372 
1.24664500951 1.45078037738 0.967186918252 -0.24366662091 
1.24664500951 1.45078037738 0.967186918252 -0.24366662091 
1.24770047602 1.45010688262 0.966737921745 -0.244844087024 
1.24770047602 1.45010688262 0.966737921745 -0.244844087024 
1.24526566121 1.44975902548 0.966506016988 -0.243555443596 
1.24498545899 1.44834451078 0.965563007184 -0.243346365867 
1.24363718855 1.44816030672 0.965440204479 -0.242492764135 
1.24348652958 1.44746359229 0.964975728192 -0.242382333843 
1.24145674498 1.44771052585 0.965140350565 -0.241117546943 
1.23986989091 1.44888625721 0.965924171475 -0.240662112865 
1.23819929213 1.44881968085 0.965879787236 -0.240154970847 
1.23801708084 1.44809258502 0.965395056683 -0.240060569369 
1.2344704322 1.44840737881 0.965604919205 -0.238669374623 
1.22988580518 1.44902459303 0.96601639535 -0.236851574667 
1.21520039342 1.44915388308 0.966102588718 -0.237963409814 
1.20267653029 1.44875279062 0.965835193745 -0.229010006853 
1.17840231042 1.44654648574 0.964364323828 -0.22180491384 
1.15357147789 1.44039530549 0.960263536992 -0.200309009652 
1.1255588929 1.43103897296 0.954025981974 -0.175871535145 
1.08671589341 1.40449845054 0.936332300359 -0.134015108159 
1.02240409078 1.36070754776 0.907138365172 -0.0997592603833 
0.926889200642 1.29633073996 0.864220493306 -0.0843768545094 
0.834537281694 1.22189232767 0.814594885116 -0.0783102106695 
0.826362278944 1.11818045177 0.745453634513 -0.0591622250862 
0.900160648933 1.0051428088 0.670095205867 -0.0378653062973 
0.978904487825 0.885010438728 0.590006959152 -0.0273262075503 
1.00897313583 0.758206820763 0.505471213842 -0.0312370651191 
1.05913547728 0.651747457047 0.434498304698 -0.0336543195483 
1.11294841234 0.575739620926 0.38382641395 -0.0351483889469 
1.16355885573 0.522225875562 0.348150583708 -0.0398940815905 
1.20156695398 0.489764478154 0.326509652102 -0.0423380921349 
1.22622653738 0.471614214827 0.314409476551 -0.0423361337199 
1.24731017321 0.459405202404 0.306270134936 -0.0424381990129 
1.28616784088 0.488244655385 0.325496436923 -0.0398450655997 
1.29037046258 0.484455373836 0.322970249224 -0.0398246508482 
1.29304641241 0.482054760368 0.321369840245 -0.0383426899049 
1.29170627267 0.482599546871 0.321733031247 -0.0367051840773 
1.29121440886 0.48306017682 0.32204011788 -0.0394373724868 
1.28252924908 0.486669362212 0.324446241474 -0.0382308732581 
1.28696458064 0.483535415113 0.322356943409 -0.0369290979927 
1.28576027534 0.484431099611 0.322954066407 -0.0346546400704 
1.27692404331 0.490288039147 0.326858692764 -0.0350811784844 
1.27692404331 0.490288039147 0.326858692764 -0.0350811784844 
1.27627555329 0.490326206656 0.326884137771 -0.0334662962464 
1.26980392304 0.49401311556 0.32934207704 -0.0328278152816 
1.26309478365 0.495122397158 0.330081598105 -0.033386162072 
1.2554564898 0.498675361456 0.332450240971 -0.0320142809897 
1.24825639462 0.503766067392 0.335844044928 -0.0306849742577 
1.2387491795 0.512583917185 0.341722611457 -0.0283299008093 
1.22906203825 0.521994492518 0.347996328346 -0.0259163559404 
1.21404477911 0.537407125656 0.358271417104 -0.0230209318197 
1.18787270752 0.572091637004 0.381394424669 -0.0216391132359 
1.14838457118 0.626151894267 0.417434596178 -0.012148117525 
1.10158783446 0.703254316095 0.46883621073 -0.00379431508893 
1.06739968728 0.778733525399 0.5191556836 0.00179261821553 
1.00366087484 0.851025610139 0.56735040676 0.00183882076077 
0.936603094824 0.937970901551 0.625313934367 -0.000262630316659 
0.85550563324 1.0394999266 0.692999951064 -0.0165900841463 
0.780617017404 1.13490360406 0.756602402706 -0.0454309573538 
0.785895823963 1.22012705181 0.813418034542 -0.0736834699442 
0.801050020811 1.27938952361 0.852926349075 -0.108743769628 
0.915933131516 1.31968480509 0.879789870058 -0.110009731593 
0.987936545796 1.35664771707 0.904431811382 -0.134942252339 
1.05453580764 1.38879943274 0.925866288495 -0.165561899198 
1.10633954186 1.41483202593 0.943221350623 -0.197768094527 
1.13865769747 1.43353776324 0.955691842159 -0.22807349889 
1.17062267057 1.44698163275 0.964654421834 -0.249354053897 
1.19151483581 1.45668230479 0.971121536529 -0.268266827835 
1.20654970729 1.46343469606 0.975623130709 -0.281861053425 
1.21817334242 1.46729444358 0.978196295719 -0.292637964766 
1.2261726319 1.47073248185 0.980488321231 -0.300233735915 
1.23064138516 1.4746803088 0.983120205865 -0.304903061227 
1.23312487564 1.47759319834 0.985062132224 -0.30815100487 
1.23476748147 1.47933095426 0.986220636172 -0.310897563125 
1.23315777953 1.48051633551 0.987010890339 -0.31561195352 
1.23479783868 1.48082498189 0.987216654597 -0.317411146001 
1.23579117262 1.48118040845 0.987453605634 -0.318341537386 
1.23604895049 1.48269707085 0.988464713901 -0.318633670493 
1.23618399918 1.48344765958 0.988965106385 -0.318829274682 
1.23661474797 1.48308770561 0.98872513707 -0.32066123288 
1.23669053491 1.48397417 0.989316113335 -0.320815645781 
1.23773961582 1.48402703814 0.98935135876 -0.322364704544 
1.23832340642 1.48416521907 0.989443479379 -0.323741519871 
1.23885439488 1.48434821104 0.98956547403 -0.325168492592 
1.23892968699 1.48495340132 0.989968934211 -0.325307014856 
1.23905634015 1.48560971557 0.990406477045 -0.325507888408 
1.23814879977 1.48533388406 0.990222589374 -0.328442040683 
1.23609315439 1.48662282863 0.991081885752 -0.327400766861 
1.2347377904 1.48752908298 0.991686055322 -0.326747976967 
1.23457884333 1.48669871581 0.991132477205 -0.326631603177 
1.23469599676 1.48759477094 0.991729847296 -0.326802670736 
1.23346067921 1.48828638333 0.992190922219 -0.326571176437 
1.23354415845 1.48849238587 0.992328257248 -0.326686544621 
1.23469807349 1.48784706096 0.991898040638 -0.327807958948 
1.23462748166 1.48704460899 0.991363072662 -0.32770660569 
1.2347442429 1.48758770968 0.991725139789 -0.327805610901 
1.2347442429 1.48758770968 0.991725139789 -0.327805610901 
1.23480923423 1.48793629321 0.991957528804 -0.327913055427 
1.23320968522 1.48795263305 0.991968422031 -0.327451705125 
1.22765335623 1.48652716635 0.991018110903 -0.324092578993 
1.2092873577 1.48245891616 0.988305944106 -0.321863960535 
1.17680723125 1.46599518804 0.977330125357 -0.292288795047 
1.12804975605 1.43128828975 0.954192193169 -0.237779706608 
1.06700477632 1.35544683589 0.90363122393 -0.152193519575 
0.98100309756 1.26782840493 0.845218936617 -0.124311151695 
0.922596551618 1.16312539765 0.775416931764 -0.107695956052 
0.92054179404 1.04493084414 0.696620562763 -0.0934123981056 
0.999569626586 0.932918185508 0.621945457005 -0.0715855103173 
1.05172773385 0.832018829596 0.554679219731 -0.0650682475327 
1.08206510346 0.738837911254 0.492558607503 -0.0640331349594 
1.12201401655 0.662760634637 0.441840423091 -0.0626148551565 
1.19722554681 0.638264833353 0.425509888902 -0.056735011849 
1.22063416458 0.60510631223 0.403404208153 -0.0568219381105 
1.24165156205 0.582487736798 0.388325157865 -0.0550311969537 
1.25692817389 0.568976075041 0.37931738336 -0.0546662107756 
1.30094289832 0.585822295152 0.390548196768 -0.0498378583803 
1.30550694232 0.580188600523 0.386792400348 -0.0486793078177 
1.30550694232 0.580188600523 0.386792400348 -0.0486793078177 
1.31023409959 0.575179776274 0.383453184182 -0.0465110205998 
1.31023409959 0.575179776274 0.383453184182 -0.0465110205998 
1.31023409959 0.575179776274 0.383453184182 -0.0465110205998 
1.30585843656 0.578402156185 0.385601437457 -0.0465654167317 
1.30522233371 0.578646253864 0.385764169243 -0.0450982058088 
1.3053168934 0.578682302116 0.38578820141 -0.0468299390595 
1.30891131533 0.576305776521 0.384203851014 -0.0472718921174 
1.3151400217 0.575283883668 0.383522589112 -0.046462918995 
1.31493391104 0.580542787868 0.387028525245 -0.0459333585653 
1.310151919 0.583899496951 0.389266331301 -0.0453790109467 
1.310151919 0.583899496951 0.389266331301 -0.0453790109467 
1.30923476257 0.583977161806 0.389318107871 -0.0423685054733 
1.30991432168 0.58295858637 0.38863905758 -0.0434716360395 
1.30922911592 0.582636788491 0.388424525661 -0.0415282455875 
1.30781106547 0.582826890001 0.388551260001 -0.0368683705947 
1.29787116812 0.591084106572 0.394056071048 -0.0316806972616 
1.25036641945 0.602395971562 0.401597314375 -0.0314333974817 
1.22557227475 0.688956379363 0.459304252909 -0.0204504513532 
1.23016778771 0.772486121263 0.514990747509 -0.00965574134599 
1.28166336636 0.847520699066 0.565013799377 0.00268788214831 
1.35980111196 0.897308512683 0.598205675122 0.0209508401407 
1.35747224136 0.923983928336 0.615989285558 0.0247511763993 
1.39589970474 0.941909346856 0.627939564571 0.0369033275092 
1.39551040783 0.949782454505 0.633188303003 0.0401643804194 
1.39544657421 0.957500730629 0.638333820419 0.0419940199187 
1.41625961632 0.96249630862 0.641664205746 0.0479225694476 
1.41622559256 0.96481099327 0.643207328847 0.0489615925012 
1.41630011539 0.967191751413 0.644794500942 0.0489000376367 
1.41593276394 0.969789390761 0.646526260508 0.0494313065788 
1.41552056664 0.97095815745 0.6473054383 0.0495228390949 
1.41560637776 0.969906918821 0.646604612547 0.0493933101464 
1.41560637776 0.969906918821 0.646604612547 0.0493933101464 
1.41560637776 0.969906918821 0.646604612547 0.0493933101464 
1.41572534887 0.971327255991 0.647551503994 0.0487254860164 
1.41508995994 0.972416994038 0.648277996026 0.049891228619 
1.41532578123 0.970590954922 0.647060636614 0.0486542993793 
1.41532578123 0.970590954922 0.647060636614 0.0486542993793 
1.41532578123 0.970590954922 0.647060636614 0.0486542993793 
1.41328213254 0.970726442398 0.647150961599 0.0508808800068 
1.37918707776 0.969780868965 0.64652057931 0.0428086362535 
1.37978798989 0.967726864975 0.645151243317 0.0421572917583 
1.37979296223 0.967629657223 0.645086438149 0.0450414039529 
1.37932961037 0.96717834312 0.64478556208 0.0476490248773 
1.37784020429 0.966680392212 0.644453594808 0.0545354368184 
1.37459343409 0.964068543914 0.642712362609 0.0626516315899 
1.37124762979 0.959832131631 0.639888087754 0.0688711267761 
1.32704423622 0.955225445945 0.636816963963 0.0670800467556 
1.32325796146 0.950793781496 0.633862520997 0.0782395130914 
1.3178796766 0.947253703678 0.631502469118 0.0904435792412 
1.21930182465 0.943289732864 0.628859821909 0.0827889079069 
1.2167874968 0.940532300907 0.627021533938 0.0928058979005 
1.21345206114 0.938386445157 0.625590963438 0.101318031414 
1.20950342536 0.934691799071 0.623127866048 0.108557383779 
1.20515983885 0.930098092099 0.620065394733 0.115992246259 
0.123993975179 0.499442767979 0.332961845319 0.523598775598 
0.128899916818 0.505035557003 0.336690371335 0.523598775598 
0.134622545247 0.511932509819 0.341288339879 0.523598775598 
0.142015295451 0.517914424172 0.345276282781 0.523598775598 
0.160746441827 0.510709565224 0.340473043482 0.523598775598 
0.175871904872 0.504598919433 0.336399279622 0.523598775598 
0.189928147391 0.499656325012 0.333104216674 0.523598775598 
0.209875807962 0.4861595579 0.324106371933 0.523598775598 
0.215573616917 0.48972777283 0.326485181887 0.523598775598 
0.228699746073 0.481801704939 0.321201136626 0.523598775598 
0.233641433594 0.484260505501 0.322840337 0.523598775598 
0.245080343878 0.474513044773 0.316342029849 0.523598775598 
0.245080343878 0.474513044773 0.316342029849 0.523598775598 
0.249469949679 0.474178557929 0.316119038619 0.523598775598 
0.249469949679 0.474178557929 0.316119038619 0.523598775598 
0.249469949679 0.474178557929 0.316119038619 0.523598775598 
0.25725444766 0.462053053454 0.30803536897 0.523598775598 
0.255321851305 0.46061596656 0.30707731104 0.523598775598 
0.251999748172 0.458388729365 0.305592486244 0.523598775598 
0.247063293413 0.453696010469 0.302464006979 0.523598775598 
0.241920966305 0.450927498718 0.300618332479 0.523598775598 
0.236439827462 0.447777937639 0.298518625093 0.523598775598 
0.220520927592 0.458166230133 0.305444153422 0.523598775598 
0.220656128937 0.441443586547 0.294295724365 0.523598775598 
0.203895378227 0.447830502602 0.298553668401 0.523598775598 
0.1963632727 0.443152619821 0.29543507988 0.523598775598 
0.186742004331 0.435256280831 0.290170853888 0.523111238632 
0.185774180374 0.41532478227 0.27688318818 0.523598775598 
0.175571131818 0.408998671948 0.272665781299 0.523598775598 
0.164141234364 0.40242039906 0.26828026604 0.523578593769 
0.152492179387 0.395354999959 0.263569999973 0.52344372722 
0.139165839224 0.387606755193 0.258404503462 0.523225187156 
0.122463711389 0.375011804247 0.250007869498 0.522645999936 
0.116971360609 0.350730751748 0.233820501165 0.520377204473 
0.10656402289 0.342622361414 0.228414907609 0.520536596557 
0.109320594542 0.318311102447 0.212207401632 0.517854944095 
0.102593170095 0.313741236666 0.209160824444 0.518126881215 
0.105632000203 0.296145731246 0.197430487498 0.515665548797 
0.102182122749 0.293931760704 0.195954507136 0.515755084428 
0.0998864949218 0.291415483831 0.194276989221 0.515761730835 
0.0969697762444 0.291267259344 0.194178172896 0.515326566207 
0.0969697762444 0.291267259344 0.194178172896 0.515326566207 
0.0969697762444 0.291267259344 0.194178172896 0.515326566207 
0.0969697762444 0.291267259344 0.194178172896 0.515326566207 
0.095334683787 0.289258074269 0.192838716179 0.515040835829 
0.095334683787 0.289258074269 0.192838716179 0.515040835829 
0.095334683787 0.289258074269 0.192838716179 0.515040835829 
0.0912225799285 0.288444800021 0.192296533347 0.514649286098 
0.0912225799285 0.288444800021 0.192296533347 0.514649286098 
0.0887372828031 0.288166016962 0.192110677975 0.513920037573 
0.0887372828031 0.288166016962 0.192110677975 0.513920037573 
0.0870934017123 0.285932916904 0.190621944602 0.513391188819 
0.0870934017123 0.285932916904 0.190621944602 0.513391188819 
0.0870934017123 0.285932916904 0.190621944602 0.513391188819 
0.0915130664919 0.289613790057 0.193075860038 0.511927599123 
0.0780318407918 0.318806635936 0.212537757291 0.501485994153 
-1.00224584053e-15 -3.15012148115e-15 -2.10008098743e-15 -0.00495184130183 
7.01132842281e-21 1.33533084534e-21 8.90220563562e-22 -0.0103035127547 
3.82488297766e-21 -7.54230648221e-22 -5.02820432148e-22 -0.0243991538394 
7.36620431991e-21 4.34005290923e-07 2.89336860615e-07 -0.0593707686375 
-2.43116051172e-22 0.0420823824646 0.028054921643 -0.105340960827 
4.34486561999e-21 0.0643529204896 0.042901946993 -0.154034208067 
7.95108259339e-22 0.0548001190527 0.0365334127018 -0.191543135167 
5.02914768885e-22 0.0447057755361 0.0298038503574 -0.226903930356 
1.73787091465e-21 0.0320797942308 0.0213865294872 -0.25737168285 
5.39495437224e-23 0.0226311103796 0.0150874069197 -0.279335268417 
2.18206131062e-21 0.0125423153685 0.008361543579 -0.297988258364 
1.24130655875e-21 0.00568254525308 0.00378836350206 -0.310249724554 
6.66587399943e-21 8.67361737988e-19 5.78241158659e-19 -0.319136119128 
-4.66450248051e-22 2.91998776843e-22 1.94665851229e-22 -0.331576815871 
1.40665763325e-21 5.84829189806e-23 3.89886126537e-23 -0.336480805546 
1.40665763325e-21 5.84829189806e-23 3.89886126537e-23 -0.336480805546 
4.37274353862e-22 1.04660958969e-23 6.97739726458e-24 -0.341818499697 
4.37274353862e-22 1.04660958969e-23 6.97739726458e-24 -0.341818499697 
4.37274353862e-22 1.04660958969e-23 6.97739726458e-24 -0.341818499697 
4.37274353862e-22 1.04660958969e-23 6.97739726458e-24 -0.341818499697 
-1.49692835621e-21 3.34407468108e-22 2.22938312072e-22 -0.346977609444 
-1.49692835621e-21 3.34407468108e-22 2.22938312072e-22 -0.346977609444 
1.26962618661e-21 7.38408723714e-22 4.92272482476e-22 -0.352306310888 
1.26962618661e-21 7.38408723714e-22 4.92272482476e-22 -0.352306310888 
1.26962618661e-21 7.38408723714e-22 4.92272482476e-22 -0.352306310888 
-5.96860063508e-22 -7.26770446561e-22 -4.84513631041e-22 -0.346753971882 
-5.96860063508e-22 -7.26770446561e-22 -4.84513631041e-22 -0.346753971882 
-3.20347607936e-22 -6.17150229463e-22 -4.11433486309e-22 -0.33856748542 
7.12777207281e-22 -3.13452784041e-22 -2.08968522694e-22 -0.331016790833 
2.84042643072e-21 0.00158912741803 0.00105941827869 -0.321279719821 
8.50011318646e-22 0.00558086585703 0.00372057723802 -0.310489166987 
8.43163514815e-22 0.00708537147865 0.00472358098577 -0.300063777441 
1.43825863627e-20 3.46944695195e-18 2.31296463464e-18 -0.279614956702 
-7.02972337404e-24 0.00871640650416 0.00581093766944 -0.25959637817 
4.13999928612e-22 0.0187795727036 0.0125197151358 -0.23691292548 
-3.12289847985e-21 0.0280242992499 0.0186828661666 -0.212239631741 
-3.80881657869e-21 0.00366373592452 0.00244249061635 -0.171866462444 
-9.35359964601e-21 3.39260235915e-19 2.2617349061e-19 -0.132929103416 
-8.03526250012e-20 -1.80182891316e-18 -1.20121927544e-18 -0.0948252353077 
6.38302905536e-21 8.85082476461e-22 5.90054984307e-22 -0.0600734145423 
-1.1834678678e-20 -6.02808554622e-22 -4.01872369748e-22 -0.0358327953593 
1.23872381327e-20 2.97680712767e-22 1.98453808512e-22 -0.020426289986 
-3.0273481729e-21 1.69147870736e-21 1.12765247157e-21 -0.00708630040276 
4.25359713273e-21 1.53315023287e-21 1.02210015524e-21 0.00197012725473 
3.5444857822e-21 -8.20628125595e-23 -5.47085417064e-23 0.00820708300722 
-1.82653098188e-21 9.24195624701e-22 6.16130416468e-22 0.012865606124 
5.670605474e-21 -1.68521989833e-21 -1.12347993222e-21 0.0169847169679 
5.670605474e-21 -1.68521989833e-21 -1.12347993222e-21 0.0169847169679 
5.670605474e-21 -1.68521989833e-21 -1.12347993222e-21 0.0169847169679 
5.670605474e-21 -1.68521989833e-21 -1.12347993222e-21 0.0169847169679 
5.670605474e-21 -1.68521989833e-21 -1.12347993222e-21 0.0169847169679 
5.670605474e-21 -1.68521989833e-21 -1.12347993222e-21 0.0169847169679 
-6.26224251672e-21 -5.48463767209e-22 -3.65642511473e-22 0.0224389493668 
-6.26224251672e-21 -5.48463767209e-22 -3.65642511473e-22 0.0224389493668 
-6.26224251672e-21 -5.48463767209e-22 -3.65642511473e-22 0.0224389493668 
-6.26224251672e-21 -5.48463767209e-22 -3.65642511473e-22 0.0224389493668 
-6.26224251672e-21 -5.48463767209e-22 -3.65642511473e-22 0.0224389493668 
-6.26224251672e-21 -5.48463767209e-22 -3.65642511473e-22 0.0224389493668 
-6.26224251672e-21 -5.48463767209e-22 -3.65642511473e-22 0.0224389493668 
5.02370439776e-21 -1.29112248532e-22 -8.60748323548e-23 0.0284813887002 
5.02370439776e-21 -1.29112248532e-22 -8.60748323548e-23 0.0284813887002 
5.02370439776e-21 -1.29112248532e-22 -8.60748323548e-23 0.0284813887002 
1.46731273108e-21 2.24244481707e-21 1.49496321138e-21 0.0342134323013 
1.46731273108e-21 2.24244481707e-21 1.49496321138e-21 0.0342134323013 
1.46731273108e-21 2.24244481707e-21 1.49496321138e-21 0.0342134323013 
0.0253422979221 2.67441839746e-21 1.7829455983e-21 0.0405009885197 
0.0813316299796 -6.84943760202e-22 -4.56629173468e-22 0.0366653809323 
0.161877056807 7.61395430568e-22 5.07596953712e-22 0.00212604110912 
0.335029834362 0.0681858077754 0.0454572051836 -0.301036862394 
0.436908762201 -5.10590089094e-19 -3.4039339273e-19 -0.0774667549358 
0.689912371863 0.0477879903812 0.0318586602541 0.151603138249 
0.937958836318 4.6895946419e-19 3.12639642793e-19 0.151542369549 
1.12847579119 1.21504392389e-21 8.10029282594e-22 0.141691050092 
1.27975517568 2.17877388657e-21 1.45251592438e-21 0.126637565432 
1.39516402118 -5.87009110349e-22 -3.913394069e-22 0.101911268518 
1.46643314157 -1.0009122831e-21 -6.67274855402e-22 0.0857001458535 
1.51226508987 1.55652393937e-21 1.03768262625e-21 0.0763698258449 
1.54077007289 9.58681133782e-22 6.39120755855e-22 0.0688492078033 
1.56233569357 1.64751780275e-21 1.09834520184e-21 0.0590551763294 
1.57079632679 9.60851980416e-22 6.40567986944e-22 0.0521489594045 
1.57079632679 2.29100954767e-21 1.52733969844e-21 0.0508839677976 
1.57079632679 6.10404816749e-22 4.06936544499e-22 0.0499469153729 
1.57079632679 6.10404816749e-22 4.06936544499e-22 0.0499469153729 
1.57079632679 1.6534658613e-21 1.1023105742e-21 0.0475523110445 
1.57079632679 1.3578971687e-22 9.05264779133e-23 0.0481169298271 
1.57079632679 -3.16670759775e-21 -2.1111383985e-21 0.0487227701351 
1.57079632679 5.5737605607e-22 3.7158403738e-22 0.0475451639696 
1.57079632679 -9.77754963706e-22 -6.51836642471e-22 0.0484158860491 
1.57079632679 -2.25788990288e-24 -1.50525993526e-24 0.0495690414671 
1.57079631917 3.04386584593e-21 2.02924389729e-21 0.048913202342 
1.56254422573 1.77777306667e-21 1.18518204445e-21 0.0509481380487 
1.55013961095 1.35446639881e-21 9.02977599208e-22 0.0524895534953 
1.54939856116 -7.71411399126e-22 -5.14274266084e-22 0.0534762061632 
1.54660076018 2.67376747871e-21 1.78251165247e-21 0.0519201544695 
1.54316859519 1.36083422737e-22 9.07222818244e-23 0.0506787448029 
1.53577973201 -1.40846358184e-21 -9.38975721228e-22 0.051041796932 
1.5285868875 1.92757116476e-21 1.28504744317e-21 0.0528501335005 
1.52797823082 2.54539436741e-21 1.69692957828e-21 0.0545288763402 
1.51852211326 -2.4598663406e-21 -1.63991089373e-21 0.0544266751621 
1.51164517259 4.68745402219e-21 3.12496934813e-21 0.057914238747 
1.50681262209 -6.56825460847e-22 -4.37883640565e-22 0.06218746931 
1.4988177123 8.55083336864e-22 5.70055557909e-22 0.0654888653941 
1.48056362075 7.72693812493e-22 5.15129208329e-22 0.069965570849 
1.4484210728 9.49459028377e-23 6.32972685585e-23 0.0812424807714 
1.40868901351 -9.88336946255e-22 -6.58891297504e-22 0.101584440498 
1.34672494521 -1.86822399373e-21 -1.24548266248e-21 0.13323183195 
1.23817478226 -1.42981905376e-21 -9.53212702506e-22 0.190254293827 
1.11505402246 9.22209443047e-18 6.14806295365e-18 0.265499293632 
1.00852400716 0.0529772399393 0.0353181599595 0.320599958479 
0.903523286378 0.122792088646 0.0818613924304 0.358025516153 
0.795626830126 0.19110162073 0.127401080487 0.381385683656 
0.664065482709 0.264464302611 0.176309535074 0.403558882249 
0.54942919584 0.271283083217 0.180855388811 0.523598775598 
0.482762164427 0.316727294291 0.211151529527 0.523598775598 
0.431826263265 0.352490337148 0.234993558099 0.523598775598 
0.395561455726 0.379666477374 0.253110984916 0.523598775598 
0.364868011124 0.405811346622 0.270540897748 0.523598775598 
0.358589904082 0.402473355411 0.268315570274 0.523598775598 
0.346530500634 0.408392093434 0.272261395623 0.523598775598 
0.332401936055 0.427761213745 0.285174142497 0.523598775598 
0.322129387627 0.435397894276 0.29026526285 0.523598775598 
0.318300551509 0.434220612352 0.289480408235 0.523598775598 
0.3082209963 0.444578786218 0.296385857479 0.523598775598 
0.3082209963 0.444578786218 0.296385857479 0.523598775598 
0.30628165763 0.442855603809 0.295237069206 0.523598775598 
0.30628165763 0.442855603809 0.295237069206 0.523598775598 
0.301248668556 0.456180763073 0.304120508715 0.523598775598 
0.289791162111 0.477079025604 0.318052683736 0.523598775598 
0.283810740613 0.49384922628 0.32923281752 0.523598775598 
0.273288392961 0.522685917697 0.348457278464 0.523598775598 
0.256774871976 0.569441160838 0.379627440559 0.523598775598 
0.23752624664 0.626721054465 0.41781403631 0.523598775598 
0.21683548571 0.686276368781 0.457517579187 0.523598775598 
0.196277722693 0.742891601723 0.495261067815 0.523598775598 
0.170952757711 0.807731175369 0.538487450246 0.523598775598 
0.132090430671 0.884999990265 0.58999999351 0.523598775598 
0.0809008777486 0.971605248529 0.647736832353 0.523598775598 
0.00769459004569 1.06231950802 0.708213005347 0.523598775598 
4.59935394148e-19 1.13580930659 0.757206204396 0.500284991673 
-1.81586723459e-20 1.21332384164 0.808882561093 0.442817807564 
0.0558934680655 1.26920060092 0.846133733946 0.384834069351 
0.0943196862126 1.31029251771 0.873528345141 0.350662575365 
0.0991958988135 1.35172851319 0.901152342129 0.317917592182 
0.105384983778 1.39288899459 0.928592663061 0.283876077798 
0.0727134025786 1.42832789511 0.952218596742 0.248404090816 
0.0442508885751 1.46257909899 0.975052732659 0.21340257839 
0.0106616835502 1.48955243436 0.993034956238 0.182450108253 
4.07415167034e-18 1.51264190674 1.00842793782 0.155101501305 
5.01835332775e-18 1.53276496816 1.02184331211 0.132737200881 
5.10956682286e-22 1.54707011487 1.03138007658 0.11606356631 
-2.6534739972e-20 1.55681839658 1.03787893105 0.103974483803 
-1.11245039732e-22 1.56567724122 1.04378482748 0.0935446686208 
2.75939952638e-20 1.57359854362 1.04906569575 0.0835522344958 
1.11562545419e-20 1.5796615098 1.0531076732 0.0764249850144 
-3.73921597954e-22 1.58435706598 1.05623804398 0.070460929351 
1.87731328214e-22 1.58813274489 1.05875516326 0.066239747099 
2.16677123451e-22 1.59145576368 1.06097050912 0.0663380658492 
2.33094815985e-24 1.59278685613 1.06185790408 0.0629787869192 
-2.0446174235e-22 1.59386230224 1.06257486816 0.0629690234441 
-6.1638612575e-22 1.59492789603 1.06328526402 0.0629074806663 
-2.29838971734e-23 1.59562957684 1.06375305123 0.0596049058002 
1.92084517358e-22 1.59731411189 1.06487607459 0.059643113772 
1.88331722795e-22 1.59967419491 1.06644946327 0.0559998480777 
-1.41241851815e-20 1.60544311322 1.07029540881 0.049609191753 
0.00391976783853 1.61779231771 1.07852821181 0.0317764367325 
0.441948288562 1.59136147166 1.06090764777 0.146269136883 
0.530088249124 1.60350553707 1.06900369138 0.136965397154 
0.614015812579 1.62001658408 1.08001105605 0.10308973566 
0.722449993934 1.63557211242 1.09038140828 0.0133783285054 
0.847690829297 1.6407273432 1.0938182288 -0.079612262093 
0.942730011026 1.64620278242 1.09746852162 -0.13529351214 
1.00443235286 1.65023482089 1.10015654726 -0.171765909798 
1.0503790042 1.65400702777 1.10267135185 -0.188249767943 
1.08252886617 1.65732032816 1.10488021877 -0.197947991251 
1.10335856581 1.66008597964 1.10672398642 -0.20807217146 
1.12044328869 1.66242403309 1.10828268872 -0.210180775305 
1.1300521722 1.6643242126 1.10954947507 -0.214389526411 
1.13770353447 1.66484853838 1.10989902559 -0.217169965466 
1.14258627562 1.6654686944 1.11031246293 -0.218991444207 
1.14616761877 1.66598573405 1.11065715604 -0.219704397643 
1.14617412946 1.66583398032 1.11055598688 -0.219694329698 
1.14625678702 1.66619912039 1.11079941359 -0.219696283103 
1.14467793566 1.66551980055 1.1103465337 -0.217601489768 
1.13946903476 1.66580250512 1.11053500341 -0.214132163521 
1.12725402076 1.66540141262 1.11026760841 -0.20738727237 
1.09989660992 1.66309485428 1.10872990285 -0.198616988678 
1.05257424966 1.65339512707 1.10226341804 -0.171923757487 
0.976339673737 1.63434129186 1.08956086124 -0.128531663682 
0.879895686691 1.5929888393 1.06199255953 -0.0177463054517 
0.793301376504 1.51451637165 1.0096775811 0.0950407703451 
0.666074267334 1.43271308522 0.955142056814 0.0839363775471 
0.585975046305 1.33623838841 0.890825592276 0.0897195635917 
0.572655008638 1.22425334537 0.816168896913 0.108027261959 
0.610235557883 1.11211165216 0.741407768105 0.122663959576 
0.522786845066 1.01218504475 0.674790029832 0.119414684054 
0.0517417193351 0.708634821608 0.472423214405 0.523598775598 
0.088968840353 0.635846678095 0.423897785397 0.523598775598 
0.099795160855 0.598233568466 0.398822378978 0.523598775598 
0.104561184427 0.572161359519 0.381440906346 0.522623948915 
0.102351735128 0.556373922842 0.370915948562 0.518412336646 
0.0952378376908 0.548894077369 0.365929384913 0.515776716962 
0.0906680029499 0.544480446652 0.362986964435 0.513571204062 
0.0861424691739 0.540882369113 0.360588246076 0.51124361562 
0.0810772509531 0.538473197144 0.35898213143 0.508686562875 
0.0787621360446 0.563826120162 0.375884080108 0.39250923164 
0.0738712583535 0.561741286508 0.374494191005 0.391243105498 
0.0692590036317 0.561247664835 0.37416510989 0.389955739584 
0.0692590036317 0.561247664835 0.37416510989 0.389955739584 
0.0662609917317 0.559342129565 0.372894753043 0.388403988318 
0.0662609917317 0.559342129565 0.372894753043 0.388403988318 
0.0572427069059 0.571068377516 0.380712251677 0.38502426183 
0.0572427069059 0.571068377516 0.380712251677 0.38502426183 
0.0625577328298 0.561125431963 0.374083621309 0.378328144604 
0.0625577328298 0.561125431963 0.374083621309 0.378328144604 
0.0556830324378 0.57203000571 0.38135333714 0.375427526113 
0.0491556384445 0.58533796596 0.39022531064 0.372667749904 
0.0431837950541 0.597752545405 0.398501696937 0.372128318923 
0.0431837950541 0.597752545405 0.398501696937 0.372128318923 
0.0431837950541 0.597752545405 0.398501696937 0.372128318923 
0.0431837950541 0.597752545405 0.398501696937 0.372128318923 
0.0431837950541 0.597752545405 0.398501696937 0.372128318923 
0.0431837950541 0.597752545405 0.398501696937 0.372128318923 
0.0392075200271 0.5963953323 0.3975968882 0.371198676323 
0.0392075200271 0.5963953323 0.3975968882 0.371198676323 
0.0341078610111 0.597201779794 0.398134519863 0.370260529049 
0.0341078610111 0.597201779794 0.398134519863 0.370260529049 
0.0264610572833 0.601066651998 0.400711101332 0.368329515976 
0.0388871574427 0.584581813613 0.389721209076 0.36366359042 
0.0350131058467 0.584403504067 0.389602336045 0.361727160502 
0.0398430068487 0.586510310357 0.391006873571 0.361895830691 
