0.0 0.0 0.0 0.0 
-6.02647532383e-21 8.35762436675e-22 5.57174957784e-22 -0.0243001291633 
-6.02647532383e-21 8.35762436675e-22 5.57174957784e-22 -0.0243001291633 
-6.02647532383e-21 8.35762436675e-22 5.57174957784e-22 -0.0243001291633 
-6.02647532383e-21 8.35762436675e-22 5.57174957784e-22 -0.0243001291633 
-6.02647532383e-21 8.35762436675e-22 5.57174957784e-22 -0.0243001291633 
-6.02647532383e-21 8.35762436675e-22 5.57174957784e-22 -0.0243001291633 
-6.02647532383e-21 8.35762436675e-22 5.57174957784e-22 -0.0243001291633 
-6.02647532383e-21 8.35762436675e-22 5.57174957784e-22 -0.0243001291633 
-6.02647532383e-21 8.35762436675e-22 5.57174957784e-22 -0.0243001291633 
4.39098731728e-21 1.10671536888e-21 7.37810245918e-22 -0.01528981059 
-2.58046101705e-23 -1.12589638401e-21 -7.5059758934e-22 -0.00987686946307 
5.29065919617e-21 -4.86020503373e-22 -3.24013668916e-22 -0.00621861387867 
0.00243855209043 7.81467943921e-22 5.20978629281e-22 -0.00613980245471 
0.00611143097369 6.30005889326e-07 4.20003926217e-07 -0.00657074286205 
0.0136482301717 0.0556368048986 0.0370912032658 -0.00805098705204 
0.0191727674453 0.0798629808959 0.053241987264 -0.00167146219823 
0.0240809818232 0.104208287984 0.0694721919896 -0.00232735432374 
0.0184694915527 0.122779260107 0.0818528400714 -0.000256068144965 
0.015061424413 0.123732211536 0.0824881410239 0.00556889029222 
0.0141657848059 0.087005439252 0.058003626168 0.0129580285758 
0.0164154599452 0.0633285826953 0.0422190551302 0.0121917769751 
0.012818856934 0.0854726820464 0.056981788031 0.0144158891883 
0.0117675425581 0.0892735441832 0.0595156961222 0.0151773087824 
0.0076157935931 0.112744151482 0.0751627676546 0.0187819276343 
0.00812345725039 0.0711199562713 0.0474133041808 0.0195406323713 
0.00435123598089 0.0713743401695 0.0475828934464 0.0181961404213 
0.00120653137975 0.0468085165482 0.0312056776988 0.0187931303769 
-5.33132801214e-19 0.0584525264036 0.0389683509357 0.0205965342429 
-6.65956414324e-22 0.0870191289018 0.0580127526012 0.0204485032235 
1.70614467935e-21 0.114160243923 0.0761068292819 0.0167924372142 
0.00393516010814 0.0671694694522 0.0447796463015 0.0141177467269 
0.00549469541855 0.0751929993248 0.0501286662166 0.0144039877152 
0.00177588310018 0.0587862056698 0.0391908037799 0.0137055637651 
-1.35474026774e-18 0.0696740299006 0.046449353267 0.0125674755952 
9.8677669483e-20 0.0481270882669 0.0320847255113 0.011682158957 
7.14396108893e-23 0.0562478233617 0.0374985489078 0.00993045647359 
0.00210249057862 0.0345079033528 0.0230052689018 0.00827732480268 
8.99912935522e-20 0.0604729265285 0.0403152843523 0.00580837818465 
-4.65890429143e-23 0.0349343540081 0.0232895693388 0.0078791293507 
-4.65890429143e-23 0.0349343540081 0.0232895693388 0.0078791293507 
3.52884772121e-22 0.0083734362799 0.00558229085327 0.00804679842014 
-1.14238584676e-21 0.0164389671065 0.0109593114043 0.00787466414531 
4.21636528745e-21 0.0160224076535 0.0106816051024 0.00405474106731 
-2.17282451324e-21 -6.02211166029e-20 -4.01474110686e-20 0.00406270396342 
-8.63999297699e-22 6.1354543104e-22 4.0903028736e-22 0.00273077858094 
-8.63999297699e-22 6.1354543104e-22 4.0903028736e-22 0.00273077858094 
2.64187472416e-21 0.011806834883 0.00787122325536 0.0010341729252 
2.4779401698e-20 1.62221673494e-18 1.0814778233e-18 -0.000877675663553 
2.4779401698e-20 1.62221673494e-18 1.0814778233e-18 -0.000877675663553 
-2.42692136856e-21 1.03455076983e-21 6.89700513219e-22 0.000386031224815 
0.0035624939771 -4.33393671339e-21 -2.88929114226e-21 0.000454133705441 
0.00385052101469 9.54170770093e-22 6.36113846729e-22 -0.00328669784355 
0.0132158669051 0.000295766138648 0.000197177425766 -0.00105129305059 
0.0496322617845 6.05031383224e-22 4.03354255483e-22 -0.00202025807502 
0.0986734666763 0.0460805770141 0.0307203846761 -0.0133002941946 
0.164746647687 0.0734540106512 0.0489693404341 -0.0341595128492 
0.227043951025 0.125972532997 0.083981688665 -0.0688006970831 
0.313378771331 0.232529907071 0.155019938048 0.0857588740457 
0.416033289188 0.311154579746 0.207436386497 0.0513255744568 
0.552054584458 0.400373588102 0.266915725401 0.0312914915026 
0.630930202201 0.369107749495 0.246071832997 0.0332299706425 
0.72191783824 0.331925009236 0.221283339491 0.0351723195957 
0.803119350602 0.296890891698 0.197927261132 0.0330770385291 
0.843802661642 0.0480420677583 0.0320280451722 0.0398313091757 
0.949067768786 0.0145673417836 0.00971156118904 0.027583718351 
1.0431116719 7.46977235872e-19 4.97984823915e-19 0.0166634384795 
1.12355594281 -2.59348997006e-22 -1.72899331337e-22 0.0125202358696 
1.21246481703 -1.75747594836e-22 -1.17165063224e-22 0.0100589209377 
1.28075763423 3.2498547492e-22 2.1665698328e-22 0.00292968045166 
1.3408724838 3.51055342722e-22 2.34036895148e-22 -0.00186092949734 
1.38097601852 -4.53859117896e-22 -3.02572745264e-22 -0.00339785214398 
1.41388824492 -1.92155270088e-22 -1.28103513392e-22 -0.00517504101378 
1.43973909436 -7.68397882195e-22 -5.12265254796e-22 -0.00765802504775 
1.46268378218 -1.89878487929e-22 -1.26585658619e-22 -0.00841264616405 
1.47379668342 -2.58172446668e-22 -1.72114964445e-22 -0.00901509609078 
1.48019726908 1.27386437666e-21 8.4924291777e-22 -0.0080695503416 
1.47779344704 -7.38766275745e-22 -4.92510850497e-22 -0.00816097787422 
1.48359743837 -3.13787033762e-23 -2.09191355842e-23 -0.00938553219104 
1.48427881163 -3.0342885905e-22 -2.02285906033e-22 -0.010728881663 
1.48224190117 8.32908715657e-22 5.55272477105e-22 -0.0120498271613 
1.48211048654 2.47523318023e-22 1.65015545348e-22 -0.010741631986 
1.48588406236 3.98498959299e-22 2.65665972866e-22 -0.0111919244163 
1.48609727976 -1.48267372284e-22 -9.88449148559e-23 -0.0132784030893 
1.47505355309 -5.63308494678e-22 -3.75538996452e-22 -0.011276114098 
1.47484113573 -5.46630371515e-22 -3.64420247677e-22 -0.0111371148081 
1.47573850205 -2.87000869944e-22 -1.91333913296e-22 -0.0107583347061 
1.46645562762 -4.73100277699e-22 -3.15400185133e-22 -0.0119818415659 
1.46548709749 1.92188581037e-22 1.28125720692e-22 -0.0117606242277 
1.46077297962 1.85158881677e-22 1.23439254451e-22 -0.00995574554351 
1.44881295626 1.68111468902e-21 1.12074312602e-21 -0.00769279653254 
1.44108354087 8.47184531851e-23 5.64789687901e-23 -0.00547555330467 
1.42103230061 5.40714174888e-22 3.60476116592e-22 -0.00397969214133 
1.4241413174 -7.35839633061e-22 -4.90559755374e-22 -0.00832691525821 
1.42563201128 -1.39184210758e-21 -9.27894738388e-22 -0.0071135660241 
1.41132812316 -9.42121564345e-23 -6.28081042897e-23 -0.00508988663642 
1.3973633412 1.35792533009e-22 9.0528355339e-23 -0.00639590782584 
1.37282764434 -3.54306020312e-22 -2.36204013542e-22 -0.00398397641651 
1.35301354528 3.99662469516e-22 2.66441646344e-22 -0.00127947821802 
1.30056314808 5.87584517994e-20 3.91723011996e-20 0.00651258053319 
1.26566934194 -1.67418702172e-22 -1.11612468115e-22 0.00836957329892 
1.21067113339 -1.59625576349e-19 -1.06417050899e-19 0.0173265381106 
1.16043017841 -1.74246039031e-18 -1.1616402602e-18 0.0203944821796 
1.08690336612 8.61411676311e-20 5.74274450874e-20 0.0270763922933 
1.0203654735 -1.27406609544e-18 -8.49377396962e-19 0.0251429349256 
0.938941459173 0.0201698382973 0.0134465588649 0.0226782700669 
0.846701281215 0.0463482736136 0.0308988490757 0.0254921466332 
0.702153244954 0.08903515366 0.0593567691067 0.0222136030024 
0.508499431228 6.17876593988e-16 4.11917729325e-16 -0.0605638519164 
0.398186149889 -1.83059291902e-17 -1.22039527935e-17 -0.277526935598 
0.337771248253 0.0731960516023 0.0487973677349 -0.402583960201 
0.302611493059 0.116156679515 0.0774377863433 -0.496953453037 
0.27745471246 0.143131477742 0.0954209851613 -0.523598775598 
0.26063264196 0.160424839762 0.106949893175 -0.523598775598 
0.24640365933 0.177535063801 0.118356709201 -0.523598775598 
0.244994671473 0.176399578915 0.117599719277 -0.523598775598 
0.234695290639 0.189454721269 0.126303147513 -0.523598775598 
0.221302041061 0.204809672838 0.136539781892 -0.523598775598 
0.215561652711 0.212929877431 0.141953251621 -0.523598775598 
0.220805824642 0.204881775062 0.136587850041 -0.523598775598 
0.222831298973 0.203643528979 0.135762352653 -0.523598775598 
0.22124028011 0.203740671942 0.135827114628 -0.523598775598 
0.20841617495 0.226152679541 0.150768453027 -0.523598775598 
0.20841617495 0.226152679541 0.150768453027 -0.523598775598 
0.225811335509 0.203887540954 0.135925027303 -0.523598775598 
0.226948791861 0.203987002188 0.135991334792 -0.523598775598 
0.226948791861 0.203987002188 0.135991334792 -0.523598775598 
0.218499920372 0.218658700546 0.145772467031 -0.523598775598 
0.220090839353 0.220098383242 0.146732255495 -0.523598775598 
0.226472076373 0.211761964317 0.141174642878 -0.523598775598 
0.245947684378 0.188785811603 0.125857207735 -0.523598775598 
0.253485873919 0.184974022874 0.123316015249 -0.523598775598 
0.282886755307 0.14918098666 0.0994539911069 -0.523598775598 
0.308078936104 0.11573639982 0.0771575998798 -0.45696678793 
0.346339092262 0.0547084031528 0.0364722687685 -0.347600128881 
0.395345914175 7.2864155408e-19 4.85761036054e-19 -0.221850168187 
0.492905633265 3.28709493905e-06 2.19139662603e-06 0.122149035116 
0.646647388006 0.0750228832503 0.0500152555002 0.05695070259 
0.772336516077 0.0444948769499 0.0296632512999 0.0588224336785 
0.892309578607 0.00996860578965 0.0066457371931 0.056157120467 
0.979185166967 9.30423333269e-20 6.20282222179e-20 0.0569570534973 
1.05093158283 1.20353138951e-22 8.02354259674e-23 0.0555140517568 
1.1197268011 -1.31161519103e-22 -8.74410127351e-23 0.0442768714032 
1.16647599299 -3.79157434872e-22 -2.52771623248e-22 0.0407342727986 
1.18881683471 7.67595940632e-22 5.11730627088e-22 0.0438295360046 
1.19907853072 -7.70292239155e-22 -5.13528159437e-22 0.0432974249751 
1.21065552879 4.34662963136e-22 2.89775308757e-22 0.0457048522454 
1.22723934509 -7.4939529305e-22 -4.99596862033e-22 0.0419041967222 
1.24077144752 6.00843816647e-22 4.00562544431e-22 0.0399300732905 
1.24077144752 6.00843816647e-22 4.00562544431e-22 0.0399300732905 
1.24077144752 6.00843816647e-22 4.00562544431e-22 0.0399300732905 
1.2362770449 -1.89476607181e-23 -1.26317738121e-23 0.0440282969662 
1.2362770449 -1.89476607181e-23 -1.26317738121e-23 0.0440282969662 
1.2362770449 -1.89476607181e-23 -1.26317738121e-23 0.0440282969662 
1.2362770449 -1.89476607181e-23 -1.26317738121e-23 0.0440282969662 
1.21936038352 -6.43620296878e-22 -4.29080197918e-22 0.0494615989491 
1.21936038352 -6.43620296878e-22 -4.29080197918e-22 0.0494615989491 
1.21540369832 3.95228149135e-22 2.63485432757e-22 0.0443224973909 
1.20084083971 4.5007233234e-22 3.0004822156e-22 0.048399311533 
1.20084083971 4.5007233234e-22 3.0004822156e-22 0.048399311533 
1.20084083971 4.5007233234e-22 3.0004822156e-22 0.048399311533 
1.20163923847 -2.28655205435e-22 -1.52436803624e-22 0.043846470474 
1.20605625909 2.10473724942e-22 1.40315816628e-22 0.037796276141 
1.2125570499 3.22186639318e-22 2.14791092878e-22 0.0372205003736 
1.20640506369 1.49336438695e-21 9.95576257967e-22 0.0407743905513 
1.193254287 -1.04301305052e-21 -6.9534203368e-22 0.041630979683 
1.19518573703 1.63250070001e-22 1.08833380001e-22 0.0377343190642 
1.20624080984 -2.21338680345e-22 -1.4755912023e-22 0.0389189037717 
1.20909480379 8.9230211876e-22 5.94868079173e-22 0.0345845476324 
1.21128206366 -1.33954718785e-21 -8.93031458564e-22 0.0373599083121 
1.202865275 -3.25060743381e-22 -2.16707162254e-22 0.0426216251213 
1.20381939253 6.79265226232e-22 4.52843484155e-22 0.0398857897405 
1.20381939253 6.79265226232e-22 4.52843484155e-22 0.0398857897405 
1.20673323242 -1.43107676872e-22 -9.54051179144e-23 0.0350159016577 
1.20673323242 -1.43107676872e-22 -9.54051179144e-23 0.0350159016577 
1.204553573 5.36316699941e-22 3.57544466627e-22 0.0381281801465 
1.204553573 5.36316699941e-22 3.57544466627e-22 0.0381281801465 
1.20454275214 6.97226938768e-23 4.64817959178e-23 0.0428441959609 
1.20454275214 6.97226938768e-23 4.64817959178e-23 0.0428441959609 
1.22974279187 4.40827024124e-23 2.93884682749e-23 0.0441486962816 
1.25681090464 8.34244475888e-22 5.56162983925e-22 0.041009113532 
1.27486105052 3.54557498494e-22 2.36371665663e-22 0.0457181847601 
1.32024579022 -8.3415251059e-22 -5.56101673727e-22 0.0384814314068 
1.38937536206 5.64319159371e-23 3.76212772914e-23 0.0280293741345 
1.43839317364 5.57161740947e-22 3.71441160632e-22 0.0222477369162 
1.47074695796 8.08896605973e-22 5.39264403982e-22 0.0201194076024 
1.49299241845 1.96555309446e-21 1.31036872964e-21 0.0159300214825 
1.51555765768 -7.93584787425e-22 -5.2905652495e-22 0.0116265544011 
1.53248084478 2.23027581931e-21 1.48685054621e-21 0.00911728749422 
1.53189095249 -1.10757227916e-21 -7.38381519438e-22 0.0100067111197 
1.54536406562 -3.04559429286e-22 -2.03039619524e-22 0.00867618496707 
1.54707696568 1.02237150694e-21 6.81581004626e-22 0.00906842273938 
1.54759901195 1.93769072482e-22 1.29179381654e-22 0.00759273731628 
1.55379296275 2.18767181566e-22 1.45844787711e-22 0.00877458858318 
1.54073665249 7.61500911183e-22 5.07667274122e-22 0.00995370507495 
1.54055841065 7.20290508258e-22 4.80193672172e-22 0.00870421645911 
1.54092885828 1.94675459168e-21 1.29783639445e-21 0.0118532710743 
1.54761861848 -1.05010793555e-22 -7.00071957037e-23 0.00731394996666 
1.54761861848 -1.05010793555e-22 -7.00071957037e-23 0.00731394996666 
1.54417772138 1.02063839333e-21 6.80425595553e-22 0.00698472586347 
1.54160049928 2.70119734291e-22 1.80079822861e-22 0.00587074280381 
1.5361979148 1.31347811786e-21 8.75652078572e-22 0.00898728663484 
1.53874758398 1.67892231728e-21 1.11928154485e-21 0.0129590387406 
1.53139658622 1.64967850227e-21 1.09978566818e-21 0.012828855994 
1.53187829209 1.96801375575e-21 1.3120091705e-21 0.0103040999486 
1.52976964059 5.29306995786e-22 3.52871330524e-22 0.00999882231946 
1.52914927672 1.71764230129e-21 1.14509486753e-21 0.0075282197138 
1.52286167001 4.23662048757e-22 2.82441365838e-22 0.008121108664 
1.51652172709 -1.14144886052e-21 -7.60965907011e-22 0.0101894456547 
1.52137237658 -1.52546583806e-21 -1.01697722537e-21 0.00776545391242 
1.51666556376 1.9851057336e-21 1.3234038224e-21 0.00753071683504 
1.51934628561 -8.34499175713e-22 -5.56332783809e-22 0.00211468533924 
1.51868160149 -2.55489328097e-23 -1.70326218732e-23 0.00086425947679 
1.50721203742 5.93125866181e-22 3.95417244121e-22 0.000600091887286 
1.50130832661 -1.54941373537e-21 -1.03294249025e-21 0.00206064043198 
1.49148569717 -4.65032215849e-22 -3.10021477233e-22 0.00235544629876 
1.48951185642 -3.29278651798e-22 -2.19519101199e-22 0.00250119443522 
1.48840149322 1.53974769586e-21 1.02649846391e-21 0.00113427993324 
1.48406489958 -4.82292630416e-22 -3.21528420277e-22 0.00155264061301 
1.4785103177 -5.68319939499e-22 -3.78879959666e-22 -0.000612772550447 
1.4778098229 2.04109827837e-21 1.36073218558e-21 -0.00229472505016 
1.46889961437 -4.79981004221e-22 -3.19987336147e-22 -0.000857433900463 
1.46994817583 8.76556428245e-22 5.84370952163e-22 -0.00524372383771 
1.46026534949 -1.08094018583e-21 -7.20626790552e-22 -0.00456721423689 
1.43954262662 7.96387695343e-22 5.30925130229e-22 -0.002515341439 
1.41971444998 7.17426759233e-22 4.78284506155e-22 -0.00201689663431 
1.37805606804 -3.65994105265e-22 -2.43996070177e-22 0.00594759461726 
1.31769263331 -1.06041141896e-21 -7.06940945971e-22 0.0140587529875 
1.25081836726 6.61604409788e-22 4.41069606525e-22 0.00985033588745 
1.16588526154 3.08904984816e-18 2.05936656544e-18 0.00777200884433 
1.08148716584 -8.60247343959e-18 -5.73498229306e-18 0.0014220891028 
1.01845437189 0.0133350955199 0.00889006367995 -0.00393828519802 
0.970614603837 0.024155368547 0.0161035790314 -0.00880951268682 
0.941507075356 0.0315826167381 0.0210550778254 -0.0158810402465 
0.924722077505 0.0360073339004 0.0240048892669 -0.0149182349984 
0.918480508328 0.0379092949835 0.0252728633224 -0.0209342348966 
0.91098105259 0.0402824711529 0.0268549807686 -0.0213973305203 
0.913879498252 0.0394816419534 0.0263210946356 -0.0214411347941 
0.910010696518 0.0404317615251 0.0269545076834 -0.0182112565172 
0.910010696518 0.0404317615251 0.0269545076834 -0.0182112565172 
0.910010696518 0.0404317615251 0.0269545076834 -0.0182112565172 
0.911490900765 0.0398524243022 0.0265682828681 -0.0233230166833 
0.915362944904 0.0387384961328 0.0258256640885 -0.0243183455359 
0.918577003543 0.0375341830082 0.0250227886722 -0.0229562297199 
0.907289386871 0.0397882696991 0.0265255131327 -0.0178030830433 
0.921594900371 0.0353004277595 0.0235336185063 -0.0196089640376 
0.920899686976 0.0349886922854 0.023325794857 -0.0145340762165 
0.920899686976 0.0349886922854 0.023325794857 -0.0145340762165 
0.920899686976 0.0349886922854 0.023325794857 -0.0145340762165 
0.928445825234 0.0325352053371 0.0216901368914 -0.0141433372724 
0.936570079714 0.0298678992061 0.0199119328041 -0.0172542668493 
0.947969604504 0.0260094823296 0.0173396548864 -0.0186887839234 
0.939509566713 0.0273395674979 0.0182263783319 -0.0208851124626 
0.939244116668 0.0263307564887 0.0175538376591 -0.0170001671254 
0.934253258585 0.0264794049977 0.0176529366651 -0.0155681384877 
0.937505139928 0.0245481120536 0.0163654080357 -0.0156972705878 
0.931072980111 0.0252839461168 0.0168559640779 -0.0123266636815 
0.935520599662 0.0231316893981 0.0154211262654 -0.0129757078629 
0.928303949492 0.0237645109506 0.0158430073004 -0.00968968264852 
0.928303949492 0.0237645109506 0.0158430073004 -0.00968968264852 
0.928303949492 0.0237645109506 0.0158430073004 -0.00968968264852 
0.928303949492 0.0237645109506 0.0158430073004 -0.00968968264852 
0.925952154402 0.0241034635366 0.016068975691 -0.0150997753489 
0.903269937162 0.0300969052142 0.0200646034762 -0.0128019828594 
0.84161717853 0.0479525476896 0.0319683651264 -0.00996936494903 
0.75804502497 0.0732117857911 0.048807857194 -0.00815350992494 
0.733618808016 0.35669362602 0.23779575068 -0.0077950249925 
0.468389852443 0.0875026790659 0.0583351193772 -0.00808089688237 
0.296081279262 0.0270402171432 0.0180268114288 0.00314806469245 
0.171014402307 4.90828524164e-18 3.27219016109e-18 -0.00286788656601 
0.0996619695172 -7.7847178194e-18 -5.1898118796e-18 0.00339882751399 
0.0531581379409 -2.64808352896e-21 -1.76538901931e-21 0.00652521208715 
0.020894776822 8.19130463758e-22 5.46086975839e-22 0.00896995647689 
0.000843754722757 4.39997468926e-21 2.93331645951e-21 0.0115029754291 
-1.08420217249e-19 1.95336831951e-21 1.30224554634e-21 0.0115816362403 
2.24786337314e-21 1.32574592895e-21 8.83830619303e-22 0.0160146557068 
2.24786337314e-21 1.32574592895e-21 8.83830619303e-22 0.0160146557068 
2.13895978224e-21 -1.64365557418e-25 -1.09577038279e-25 0.0215572423263 
2.13895978224e-21 -1.64365557418e-25 -1.09577038279e-25 0.0215572423263 
2.13895978224e-21 -1.64365557418e-25 -1.09577038279e-25 0.0215572423263 
-1.72234191003e-21 -5.03939701131e-22 -3.35959800754e-22 0.0266333229368 
-1.72234191003e-21 -5.03939701131e-22 -3.35959800754e-22 0.0266333229368 
-1.72234191003e-21 -5.03939701131e-22 -3.35959800754e-22 0.0266333229368 
-1.72234191003e-21 -5.03939701131e-22 -3.35959800754e-22 0.0266333229368 
-1.72234191003e-21 -5.03939701131e-22 -3.35959800754e-22 0.0266333229368 
-1.72234191003e-21 -5.03939701131e-22 -3.35959800754e-22 0.0266333229368 
-1.72234191003e-21 -5.03939701131e-22 -3.35959800754e-22 0.0266333229368 
-1.72234191003e-21 -5.03939701131e-22 -3.35959800754e-22 0.0266333229368 
-1.72234191003e-21 -5.03939701131e-22 -3.35959800754e-22 0.0266333229368 
-1.72234191003e-21 -5.03939701131e-22 -3.35959800754e-22 0.0266333229368 
-1.72234191003e-21 -5.03939701131e-22 -3.35959800754e-22 0.0266333229368 
-1.72234191003e-21 -5.03939701131e-22 -3.35959800754e-22 0.0266333229368 
-1.72234191003e-21 -5.03939701131e-22 -3.35959800754e-22 0.0266333229368 
-1.72234191003e-21 -5.03939701131e-22 -3.35959800754e-22 0.0266333229368 
-1.72234191003e-21 -5.03939701131e-22 -3.35959800754e-22 0.0266333229368 
-1.72234191003e-21 -5.03939701131e-22 -3.35959800754e-22 0.0266333229368 
-1.72234191003e-21 -5.03939701131e-22 -3.35959800754e-22 0.0266333229368 
-1.72234191003e-21 -5.03939701131e-22 -3.35959800754e-22 0.0266333229368 
-1.72234191003e-21 -5.03939701131e-22 -3.35959800754e-22 0.0266333229368 
-1.72234191003e-21 -5.03939701131e-22 -3.35959800754e-22 0.0266333229368 
-1.72234191003e-21 -5.03939701131e-22 -3.35959800754e-22 0.0266333229368 
-1.72234191003e-21 -5.03939701131e-22 -3.35959800754e-22 0.0266333229368 
1.70722366527e-22 -3.85437888281e-21 -2.56958592187e-21 0.0223135454611 
0.00423867809701 6.11694247932e-22 4.07796165288e-22 0.0228352124354 
0.0245539539945 2.1607218786e-22 1.4404812524e-22 0.0205099891106 
0.0831476234448 4.69434870927e-22 3.12956580618e-22 0.0151598219388 
0.156555651926 -2.53804237999e-22 -1.69202825333e-22 0.00821679546154 
0.247777609191 0.0570710117858 0.0380473411905 -0.0229303767283 
0.36608682689 0.134825962926 0.089883975284 0.00370658738351 
0.559167738192 0.386082302207 0.257388201471 0.0187001791806 
0.777087737866 0.505019868084 0.336679912056 0.0310151034213 
0.861552540336 0.441669138283 0.294446092189 0.0504871104862 
0.841748392486 0.15553993146 0.10369328764 0.0955874604614 
0.904258813464 0.137610537629 0.0917403584191 0.109934028846 
0.920087522906 0.131917617526 0.0879450783505 0.131746382756 
0.914054835609 0.135220496179 0.0901469974524 0.163086031006 
0.859125943455 0.164840865234 0.109893910156 0.204793577967 
0.806612881463 0.385842861558 0.257228574372 0.235340872098 
0.719003172518 0.482510514706 0.321673676471 0.321681511585 
0.566903863888 0.634934333501 0.423289555667 0.378712523723 
0.414299902351 0.813255452271 0.542170301514 0.373717561065 
0.572342824277 1.0982366102 0.732157740136 0.0940134183855 
0.481301131552 1.19443142071 0.796287613808 0.0289355456069 
0.379042423527 1.29728323217 0.864855488115 -0.0551825709649 
0.749469033433 1.34611450373 0.89740966915 -0.014664033466 
0.940642723546 1.37537328446 0.916915522976 0.0331087182012 
1.06269965851 1.39584081594 0.930560543958 0.0852636455094 
1.14114299538 1.414198992 0.942799328002 0.125116856158 
1.190504984 1.43411190644 0.956074604292 0.111986906264 
1.21361298335 1.44992124737 0.966614164913 0.0402585553843 
1.23258698679 1.46063784217 0.973758561449 -0.00269750586153 
1.25185689437 1.46551121452 0.977007476346 -0.0372469108542 
1.27236390513 1.46874269452 0.979161796349 -0.0442386230471 
1.27924586197 1.47218643243 0.981457621617 -0.0750814796766 
1.29060930925 1.47306974801 0.982046498676 -0.0790790972869 
1.29418859875 1.47234768821 0.981565125472 -0.0981526647354 
1.29980005682 1.47307718206 0.982051454704 -0.10016943892 
1.30366494335 1.47349449043 0.982329660289 -0.101698153442 
1.30765789703 1.47287714105 0.981918094034 -0.103427276103 
1.30794642997 1.47394120212 0.982627468078 -0.103536346504 
1.31045792178 1.47380039672 0.982533597812 -0.104428837921 
1.31050693143 1.4739730537 0.982648702463 -0.10442619434 
1.31048157704 1.47388155257 0.982587701716 -0.10438344039 
1.3105437431 1.47435106829 0.982900712194 -0.104392424008 
1.31033572253 1.47360630146 0.982404200971 -0.104332573525 
1.3070602083 1.4736444461 0.982429630731 -0.103499984433 
1.30465516098 1.47279444795 0.981862965302 -0.102577364676 
1.30014910152 1.47216495906 0.981443306043 -0.100585614542 
1.29360072585 1.47010262041 0.980068413608 -0.0978934083224 
1.28535440738 1.46683524641 0.977890164271 -0.0767203652376 
1.27384839947 1.46140379871 0.974269199139 -0.0533057205161 
1.26074787506 1.45404980962 0.969366539746 -0.0263592902856 
1.24349544123 1.4385251433 0.959016762202 0.0280252382977 
1.21843231758 1.41829633834 0.945530892229 0.0768116657525 
1.17509489324 1.38980898104 0.926539320694 0.0903765979494 
1.10482856914 1.36486362301 0.909909082006 0.043651897539 
1.02347650721 1.33693443222 0.891289621477 0.0087336922938 
0.922616812058 1.30578944274 0.870526295158 -0.0191046614366 
0.767388632897 1.26559772572 0.843731817148 -0.0455382538069 
0.520606461782 1.20203694693 0.801357964617 -0.0765007079022 
0.561088531726 1.11968107869 0.746454052458 -0.0583799635206 
0.640827531861 1.03271140529 0.688474270192 -0.0354048108976 
0.724639156634 0.922503841316 0.615002560878 -0.0154179300383 
0.792973693212 0.793190302191 0.528793534794 -0.00640774689202 
0.852106772765 0.649201724623 0.432801149749 -0.000470602383973 
0.831869539473 0.305544439751 0.203696293167 0.00128067668048 
0.880713680248 0.0491205196216 0.0327470130811 0.00874784421273 
0.960002799768 0.0254031721203 0.0169354480802 -0.00678012788257 
0.989420260249 0.0130106868011 0.0086737912007 -0.0276468823106 
0.978701668684 0.0113225497035 0.00754836646902 -0.0330106726945 
0.970297187245 0.0103596876621 0.00690645844142 -0.0355719711067 
0.958682862847 0.0117885928376 0.00785906189171 -0.0385299776969 
0.932846369487 0.0177419833996 0.011827988933 -0.0322219762612 
0.858700424998 0.0392474897039 0.0261649931359 -0.0346212906773 
0.854823491604 0.32568508837 0.217123392246 -0.0311494525833 
0.788367154471 0.35776746148 0.238511640987 -0.0366366421946 
0.722610189068 0.389051545617 0.259367697078 -0.0455852417504 
0.53352324275 0.0572168181224 0.0381445454149 -0.161397936869 
0.457211714091 0.0754401734137 0.0502934489424 -0.247451613653 
0.408858965379 0.0801177342876 0.0534118228584 -0.396005244154 
0.367773906235 0.10745882899 0.0716392193266 -0.485147118512 
0.332612141058 0.140817043796 0.0938780291975 -0.523598775598 
0.305349176093 0.165651014922 0.110434009948 -0.523598775598 
0.285377023591 0.185725279512 0.123816853008 -0.523598775598 
0.27378584929 0.194889350557 0.129926233705 -0.523598775598 
0.257198451327 0.213038412794 0.14202560853 -0.523598775598 
0.247521350943 0.222592486454 0.14839499097 -0.523598775598 
0.237095608031 0.230925882894 0.153950588596 -0.523598775598 
0.22995730144 0.241687309495 0.161124872997 -0.523598775598 
0.21455212612 0.260528831748 0.173685887832 -0.523598775598 
0.218742606041 0.259075187379 0.172716791586 -0.523598775598 
0.21493050625 0.258025966681 0.172017311121 -0.523598775598 
0.207076341239 0.270296136331 0.180197424221 -0.523598775598 
0.207076341239 0.270296136331 0.180197424221 -0.523598775598 
0.207076341239 0.270296136331 0.180197424221 -0.523598775598 
0.202373605794 0.271318470248 0.180878980165 -0.523598775598 
0.191433246598 0.290030847618 0.193353898412 -0.523598775598 
0.191433246598 0.290030847618 0.193353898412 -0.523598775598 
0.191433246598 0.290030847618 0.193353898412 -0.523598775598 
0.191433246598 0.290030847618 0.193353898412 -0.523598775598 
0.189431960114 0.288033646048 0.192022430699 -0.523598775598 
0.189431960114 0.288033646048 0.192022430699 -0.523598775598 
0.185320916003 0.286762042112 0.191174694741 -0.523598775598 
0.169188105583 0.296031164804 0.197354109869 -0.523598775598 
0.14615584236 0.303873231177 0.202582154118 -0.523598775598 
0.123209434237 0.30976239738 0.20650826492 -0.523598775598 
0.109237288832 0.302449753524 0.201633169016 -0.523598775598 
0.0937865153942 0.294314787178 0.196209858118 -0.523598775598 
0.08790465686 0.27052413999 0.18034942666 -0.522213177306 
0.00568695771156 1.34548001563e-18 8.96986677085e-19 -0.168463276249 
0.0054701004211 1.30953025162e-06 8.73020167743e-07 -0.194339159925 
0.00622763679707 0.0496554632249 0.03310364215 -0.231971634897 
0.0042226546779 0.0463244746048 0.0308829830699 -0.24296416935 
0.0 0.0449883224139 0.0299922149426 -0.248340463169 
0.00631715822592 0.0387667495328 0.0258444996886 -0.258111797386 
0.00369278295684 0.037177318856 0.0247848792374 -0.262948814178 
0.0102616064307 0.0345195863544 0.0230130575696 -0.265977559334 
0.0164271638333 0.0280908532221 0.0187272354814 -0.27252366185 
0.00729935801632 0.0289536508776 0.0193024339184 -0.274360466227 
0.00133464164917 0.0319864208797 0.0213242805864 -0.273065070577 
0.004572803266 0.0333236605499 0.0222157736999 -0.271257866756 
0.000360255349425 0.0356150509971 0.0237433673314 -0.270842123454 
6.35235474287e-05 0.0409353695625 0.027290246375 -0.264890856018 
6.35235474287e-05 0.0409353695625 0.027290246375 -0.264890856018 
6.35235474287e-05 0.0409353695625 0.027290246375 -0.264890856018 
0.00273231664444 0.0423657265312 0.0282438176875 -0.262314724802 
0.0086138175538 0.0418785700823 0.0279190467215 -0.259829145242 
0.00580036034363 0.0453795716906 0.0302530477937 -0.248036734247 
0.00305482582738 0.0453012214544 0.0302008143029 -0.233803521174 
2.81139743152e-18 0.0034796913868 0.00231979425787 -0.202539460666 
-2.00673963144e-21 0.010345800786 0.00689720052397 -0.179742246831 
3.86387523213e-20 2.55869162765e-18 1.70579441843e-18 -0.147295733461 
-3.13692051354e-21 4.7208689215e-19 3.14724594767e-19 -0.114633973263 
-1.02100663719e-21 1.22094241615e-21 8.13961610765e-22 -0.0824262124818 
-2.91609627731e-21 3.97647268697e-21 2.65098179131e-21 -0.0527191921718 
8.50879618976e-22 -4.81779680312e-23 -3.21186453541e-23 -0.0230513622755 
-3.81408978607e-22 3.4444890237e-21 2.2963260158e-21 0.00591570458971 
7.87060304272e-22 -1.18626190149e-21 -7.90841267663e-22 0.0232954177057 
-2.22818926808e-21 -2.26273235695e-21 -1.50848823797e-21 0.0380779857672 
6.80663500608e-22 8.18625043005e-22 5.4575002867e-22 0.0468378301606 
-3.29594966209e-22 2.59391579687e-21 1.72927719791e-21 0.0558163348116 
8.14842496756e-22 -7.1646648853e-23 -4.77644325687e-23 0.0647441161828 
8.14842496756e-22 -7.1646648853e-23 -4.77644325687e-23 0.0647441161828 
8.14842496756e-22 -7.1646648853e-23 -4.77644325687e-23 0.0647441161828 
3.17458770857e-22 -1.16819014236e-21 -7.78793428243e-22 0.0770656067449 
3.17458770857e-22 -1.16819014236e-21 -7.78793428243e-22 0.0770656067449 
3.17458770857e-22 -1.16819014236e-21 -7.78793428243e-22 0.0770656067449 
3.17458770857e-22 -1.16819014236e-21 -7.78793428243e-22 0.0770656067449 
3.17458770857e-22 -1.16819014236e-21 -7.78793428243e-22 0.0770656067449 
3.17458770857e-22 -1.16819014236e-21 -7.78793428243e-22 0.0770656067449 
3.17458770857e-22 -1.16819014236e-21 -7.78793428243e-22 0.0770656067449 
3.17458770857e-22 -1.16819014236e-21 -7.78793428243e-22 0.0770656067449 
4.95585379694e-22 -1.65909127368e-21 -1.10606084912e-21 0.0847738038324 
4.95585379694e-22 -1.65909127368e-21 -1.10606084912e-21 0.0847738038324 
4.95585379694e-22 -1.65909127368e-21 -1.10606084912e-21 0.0847738038324 
4.95585379694e-22 -1.65909127368e-21 -1.10606084912e-21 0.0847738038324 
4.95585379694e-22 -1.65909127368e-21 -1.10606084912e-21 0.0847738038324 
4.95585379694e-22 -1.65909127368e-21 -1.10606084912e-21 0.0847738038324 
4.95585379694e-22 -1.65909127368e-21 -1.10606084912e-21 0.0847738038324 
4.95585379694e-22 -1.65909127368e-21 -1.10606084912e-21 0.0847738038324 
4.95585379694e-22 -1.65909127368e-21 -1.10606084912e-21 0.0847738038324 
4.95585379694e-22 -1.65909127368e-21 -1.10606084912e-21 0.0847738038324 
4.95585379694e-22 -1.65909127368e-21 -1.10606084912e-21 0.0847738038324 
4.95585379694e-22 -1.65909127368e-21 -1.10606084912e-21 0.0847738038324 
4.95585379694e-22 -1.65909127368e-21 -1.10606084912e-21 0.0847738038324 
4.95585379694e-22 -1.65909127368e-21 -1.10606084912e-21 0.0847738038324 
4.95585379694e-22 -1.65909127368e-21 -1.10606084912e-21 0.0847738038324 
4.95585379694e-22 -1.65909127368e-21 -1.10606084912e-21 0.0847738038324 
-7.79579815016e-21 -4.12059755724e-22 -2.74706503816e-22 0.0668083235514 
7.35923802738e-21 -3.64809105815e-22 -2.43206070544e-22 0.0300157424919 
-5.38455667227e-21 -1.11175231832e-22 -7.41168212214e-23 -0.0140725461546 
1.04231150331e-20 0.0791073426313 0.0527382284209 -0.073957045509 
4.907488687e-21 0.0766450923237 0.0510967282158 -0.120304870908 
-3.60724884383e-20 0.372409292389 0.248272861593 -0.523598775598 
4.88471489042e-21 0.349646438261 0.233097625507 -0.523598775598 
2.32220760663e-21 0.322380526999 0.214920351333 -0.523598384739 
-1.82204004787e-21 0.30480580838 0.203203872253 -0.523598276798 
7.8284336741e-22 0.291529277726 0.194352851817 -0.523598102068 
-1.61334769217e-21 0.278760044123 0.185840029415 -0.523598103054 
-1.61334769217e-21 0.278760044123 0.185840029415 -0.523598103054 
-1.61334769217e-21 0.278760044123 0.185840029415 -0.523598103054 
2.67125559711e-21 0.268460238839 0.17897349256 -0.523598255797 
2.67125559711e-21 0.268460238839 0.17897349256 -0.523598255797 
2.67125559711e-21 0.268460238839 0.17897349256 -0.523598255797 
2.67125559711e-21 0.268460238839 0.17897349256 -0.523598255797 
2.67125559711e-21 0.268460238839 0.17897349256 -0.523598255797 
2.67125559711e-21 0.268460238839 0.17897349256 -0.523598255797 
2.67125559711e-21 0.268460238839 0.17897349256 -0.523598255797 
2.67125559711e-21 0.268460238839 0.17897349256 -0.523598255797 
4.45066356984e-21 0.189319111358 0.126212740905 -0.405679582233 
4.45066356984e-21 0.189319111358 0.126212740905 -0.405679582233 
4.45066356984e-21 0.189319111358 0.126212740905 -0.405679582233 
4.45066356984e-21 0.189319111358 0.126212740905 -0.405679582233 
-5.25165654656e-22 0.193308042221 0.128872028147 -0.399792651363 
-5.25165654656e-22 0.193308042221 0.128872028147 -0.399792651363 
4.55925523253e-23 0.2019530797 0.134635386467 -0.387248838389 
-4.4654025579e-22 0.21658354519 0.144389030127 -0.371851434289 
-7.15896915264e-19 0.238329626676 0.158886417784 -0.349936455737 
0.0226937595415 0.244308556067 0.162872370712 -0.340855748245 
0.0469315357587 0.25219478846 0.168129858973 -0.332733715588 
0.106648613329 0.293393520169 0.195595680113 -0.523598775598 
0.131110525374 0.282344793014 0.188229862009 -0.523598775598 
0.142894725007 0.28692298176 0.19128198784 -0.523598775598 
0.15100354434 0.289811346038 0.193207564025 -0.523598775598 
0.155493392864 0.291490805732 0.194327203821 -0.523598775598 
0.167702378995 0.27884181731 0.185894544874 -0.523598775598 
0.172073362819 0.278675844029 0.18578389602 -0.523598775598 
0.172073362819 0.278675844029 0.18578389602 -0.523598775598 
0.176535934352 0.277707969462 0.185138646308 -0.523598775598 
0.176535934352 0.277707969462 0.185138646308 -0.523598775598 
0.164141739463 0.292222132233 0.194814754822 -0.523598775598 
0.164141739463 0.292222132233 0.194814754822 -0.523598775598 
0.164141739463 0.292222132233 0.194814754822 -0.523598775598 
0.164141739463 0.292222132233 0.194814754822 -0.523598775598 
0.164141739463 0.292222132233 0.194814754822 -0.523598775598 
0.164141739463 0.292222132233 0.194814754822 -0.523598775598 
0.164141739463 0.292222132233 0.194814754822 -0.523598775598 
0.169391270106 0.290007868791 0.193338579194 -0.523598775598 
0.167545496877 0.286872313149 0.191248208766 -0.523598775598 
0.167545496877 0.286872313149 0.191248208766 -0.523598775598 
0.167545496877 0.286872313149 0.191248208766 -0.523598775598 
0.167545496877 0.286872313149 0.191248208766 -0.523598775598 
0.167545496877 0.286872313149 0.191248208766 -0.523598775598 
0.163319827839 0.287766850742 0.191844567162 -0.523598775598 
0.155419079857 0.302058413614 0.201372275743 -0.523598775598 
0.155419079857 0.302058413614 0.201372275743 -0.523598775598 
0.15935835968 0.302056826688 0.201371217792 -0.523598775598 
0.170195820592 0.29045223949 0.193634826327 -0.523598775598 
0.176900414858 0.292040679777 0.194693786518 -0.523598775598 
0.199602271445 0.266500582706 0.177667055137 -0.523598775598 
0.230633078747 0.234275399766 0.156183599844 -0.523598775598 
0.289028231004 0.166777384432 0.111184922955 -0.523598775598 
0.352741603627 0.0905179205241 0.0603452803494 -0.47004320427 
0.400901098495 0.0304302181004 0.0202868120669 -0.36857671625 
0.455442023673 8.92879710104e-18 5.95253140069e-18 -0.264139808055 
0.535280313705 -1.63010441592e-21 -1.08673627728e-21 -0.0635422283269 
0.654351417597 7.80854579103e-22 5.20569719402e-22 0.0246536850776 
0.762143410202 5.68155893268e-07 3.78770595512e-07 0.0317705683735 
0.82741519858 1.22009813993e-06 8.13398759955e-07 0.0413963854947 
0.821401672822 0.00808029639605 0.00538686426403 0.0618082841967 
0.851511842761 0.198677316959 0.13245154464 0.0545399560772 
0.770824231707 0.229838813452 0.153225875635 0.0786061668965 
0.817623758692 0.656753853652 0.437835902435 0.0532458330136 
0.757538470093 0.850177200147 0.566784800098 0.0382334052882 
0.644677154787 1.02355068379 0.682367122527 0.0112402006713 
0.533295566918 1.14417445219 0.762782968126 -0.0280307054732 
0.735043790636 1.23239344923 0.82159563282 -0.0213186317411 
0.951955604964 1.29097364985 0.860649099898 0.0151128847484 
1.08974238691 1.33259872871 0.888399152474 0.06012081858 
1.17962569975 1.36351818111 0.909012120738 0.103641691499 
1.21885869796 1.39178140297 0.927854268648 0.094256643614 
1.24892319756 1.41038538528 0.94025692352 0.086178609303 
1.26017165004 1.42534768195 0.950231787964 0.0291752237539 
1.27049879277 1.43479357428 0.956529049517 -0.0082214084004 
1.27818680444 1.4403694857 0.960246323797 -0.0337022968597 
1.28240951405 1.44382064834 0.96254709889 -0.0570085183738 
1.28925764084 1.44589531692 0.963930211278 -0.0599074063562 
1.29425003832 1.44679880856 0.964532539041 -0.0629988350136 
1.29219134715 1.4481720487 0.965448032469 -0.0821284606376 
1.29269492621 1.45028842614 0.966858950762 -0.0823015041171 
1.29634601517 1.45035472472 0.96690314981 -0.0846444410962 
1.29953372903 1.44964809702 0.966432064681 -0.0869138681179 
1.29955204708 1.44981664724 0.966544431496 -0.0869794581585 
1.29962542274 1.44994070861 0.966627139075 -0.087050809748 
1.29965436185 1.45009018399 0.966726789324 -0.0870946250152 
1.29961974439 1.44990745497 0.966604969982 -0.0871229208632 
1.29788109221 1.45033445125 0.966889634167 -0.0876105140746 
1.29759744059 1.44907726158 0.966051507719 -0.0875676863701 
1.29725403254 1.44775099682 0.965167331216 -0.087479871516 
1.29703865126 1.44711459134 0.964743060895 -0.0874313330029 
1.29680383598 1.44626136109 0.964174240724 -0.0873758356954 
1.29373369568 1.44670288206 0.964468588038 -0.0862101123058 
1.29160788832 1.44827829242 0.965518861616 -0.0859839428547 
1.29142255365 1.44776409801 0.965176065339 -0.0859394498807 
1.29115486458 1.44690232756 0.964601551705 -0.0858843655035 
1.28674493263 1.44719336726 0.964795578175 -0.0852913619443 
1.2819192289 1.44767520869 0.965116805792 -0.084671985065 
1.26979571498 1.44795298517 0.965301990113 -0.0811570930859 
1.25413741663 1.44727090492 0.96484726995 -0.0752682575559 
1.24074693866 1.44428074931 0.962853832872 -0.0325876167422 
1.22363341037 1.43498207364 0.956654715757 0.0264099269451 
1.20711280621 1.41954490158 0.94636326772 0.0967480978483 
1.18322240199 1.38270556836 0.921803712243 0.161445773328 
1.09471640082 1.34147597155 0.894317314368 0.0976982866644 
0.936204270629 1.28486849474 0.856578996495 0.0281928692691 
0.657210328757 1.21253275913 0.808355172755 -0.0257845241837 
0.598995363365 1.08430680587 0.722871203912 -0.0226129685357 
0.710901803988 0.944359950001 0.629573300001 -0.00886318210179 
0.799531928702 0.771037519011 0.514025012674 -0.00678548138306 
0.831062851459 0.528101863232 0.352067908821 -0.017404083878 
0.864307613551 0.198221884273 0.132147922848 -0.0327001648974 
0.970425017558 0.158921043225 0.10594736215 -0.0388342226903 
1.01388660433 1.21971253924e-18 8.13141692827e-19 -0.0591568888314 
1.07519346085 -1.60396044268e-23 -1.06930696179e-23 -0.0635379882354 
1.1097715815 7.43820215036e-24 4.95880143358e-24 -0.0642121329554 
1.13736207476 3.23710249268e-06 2.15806832846e-06 -0.0654592023083 
1.20289735155 0.184416351779 0.122944234519 -0.0499377903072 
1.20854868617 0.182891188519 0.121927459012 -0.0499169335903 
1.21509952651 0.181308045034 0.120872030023 -0.0501243164976 
1.20790887489 0.182325348333 0.121550232222 -0.0495466618173 
1.207671675 0.182262377959 0.121508251973 -0.0515585359905 
1.16386447494 0.0652201071349 0.0434800714233 -0.061065062766 
1.21023340996 0.182995425791 0.121996950528 -0.0500550390696 
1.2033551308 0.184258628787 0.122839085858 -0.048147054566 
1.16387859885 0.095987586301 0.0639917242006 -0.0539662102611 
1.16272881442 0.0959773437486 0.0639848958324 -0.0517901616506 
1.16077531269 0.0962005427859 0.0641336951906 -0.0475531438161 
1.15262510773 0.0984837130042 0.0656558086695 -0.0489670896796 
1.14465469526 0.0988261513428 0.0658841008952 -0.0463801744958 
1.10908838042 2.949333373e-19 1.96622224866e-19 -0.0556160121646 
1.10034595568 0.00243019684664 0.00162013123109 -0.0544650128694 
1.09171678561 0.00458059556576 0.00305373037717 -0.0526709104896 
1.08074516796 0.00649504901753 0.00433003267835 -0.0496830035723 
1.05867859439 0.0108099303238 0.00720662021585 -0.0489873354866 
1.00760201953 0.0263130886038 0.0175420590692 -0.0575777346026 
0.939538290717 0.0442988384266 0.0295325589511 -0.0439880112146 
0.838582119312 0.0717737250143 0.0478491500095 -0.0186471946644 
0.845635466678 0.44981330827 0.299875538847 -0.00560052882856 
0.830357208083 0.659529894799 0.439686596533 0.0069615358542 
0.785886068531 0.813783957184 0.542522638123 0.0176547884918 
0.728269729859 0.958055103472 0.638703402315 0.0132994858311 
0.601786482153 1.07592771963 0.717285146418 -0.0042643513788 
0.500924747052 1.18631678714 0.790877858092 -0.0385572714533 
0.829533902478 1.25450889966 0.83633926644 -0.000185674009308 
0.965889824673 1.29750401631 0.865002677541 0.025627943602 
1.06158703241 1.33757293644 0.891715290957 0.0466194403676 
1.14384668464 1.3729124749 0.915274983265 0.0711376118651 
1.19386429282 1.40525819016 0.93683879344 0.0553200220812 
1.21682753306 1.43026053867 0.95350702578 -0.00201747988033 
1.23654746382 1.44568411061 0.963789407072 -0.0660839342132 
1.25199738402 1.45546586906 0.970310579371 -0.113841876509 
1.26272367115 1.46156162477 0.974374416513 -0.150734306363 
1.27179703636 1.46508473153 0.976723154356 -0.173654777778 
1.28159893332 1.46865566223 0.979103774822 -0.17862376293 
1.28090833908 1.47218841954 0.981458946361 -0.199992975174 
1.28327688255 1.47560114994 0.983734099958 -0.20176355419 
1.28263685413 1.47685933291 0.984572888605 -0.212805519876 
1.28430500043 1.47800783689 0.985338557927 -0.213925306248 
1.28670574525 1.47798182867 0.98532121911 -0.215798571216 
1.28806009244 1.47824442432 0.985496282877 -0.217838064323 
1.28506231983 1.47965817649 0.98643878433 -0.225620361316 
1.28519552037 1.48035817738 0.986905451589 -0.22569877686 
1.28519552037 1.48035817738 0.986905451589 -0.22569877686 
1.28532398072 1.48108604436 0.987390696237 -0.225772832805 
1.28733578418 1.48108758561 0.987391723741 -0.226496514327 
1.28745426261 1.48147154287 0.987647695246 -0.226549052162 
1.2876319148 1.48196571581 0.987977143871 -0.226642249639 
1.28959016401 1.48191628289 0.987944188592 -0.22784018376 
1.28975276705 1.48287982355 0.988586549033 -0.227987834828 
1.28653557239 1.48215704026 0.988104693505 -0.23805295098 
1.28504991661 1.48327806217 0.988852041444 -0.237600953202 
1.28353892192 1.48430392524 0.989535950162 -0.236842505407 
1.28334181102 1.48309735927 0.988731572843 -0.236695355324 
1.28358640122 1.48425135135 0.989500900903 -0.236829038448 
1.28361545565 1.48472253301 0.989815022009 -0.236841925973 
1.28364150303 1.48507831143 0.990052207621 -0.236852350806 
1.28362319911 1.48470514873 0.989803432488 -0.23681654728 
1.28514270414 1.48363257413 0.989088382755 -0.236688931652 
1.28523896272 1.48416131033 0.989440873553 -0.236709744529 
1.28519698131 1.48402174291 0.989347828604 -0.236652155637 
1.28368510415 1.48522742926 0.99015161951 -0.235976779439 
1.28095078551 1.48594696837 0.990631312244 -0.234714088855 
1.27566074823 1.48387781466 0.989251876442 -0.232021858325 
1.26445614156 1.48015695059 0.986771300392 -0.21410167057 
1.24165438345 1.46295913781 0.975306091875 -0.146091697081 
1.22281510601 1.42345007871 0.948966719139 0.0169486003568 
1.14237081787 1.34137646464 0.894250976425 0.0588509384605 
0.973560372297 1.26180436268 0.841202908455 -0.0146091521691 
0.71555951066 1.14942012742 0.766280084948 -0.0619181181432 
0.687330756738 0.995353724445 0.66356914963 -0.0613997075444 
0.779411553486 0.834683403634 0.556455602422 -0.0532041126673 
0.845752821719 0.66401171408 0.442674476053 -0.0547245663012 
0.849717802658 0.394228730562 0.262819153708 -0.072082303046 
0.911792414702 0.193855482323 0.129236988215 -0.0830044991325 
0.991253834387 0.16622586908 0.110817246053 -0.0798670856096 
1.04218219064 0.148264214416 0.0988428096106 -0.0758777786929 
1.0849669485 0.135578399191 0.0903855994606 -0.0755305385677 
1.10885009134 0.129598337549 0.0863988916992 -0.074169702007 
1.18847417911 0.289422260678 0.192948173785 -0.0582046158897 
1.1980547873 0.285601714516 0.190401143011 -0.0581085460275 
1.19805909851 0.28530301105 0.190202007367 -0.0559996557033 
1.20759838928 0.282310723919 0.188207149279 -0.0565089007748 
1.20686114021 0.282440207242 0.188293471495 -0.0558055125671 
1.20034346803 0.28379810282 0.189198735213 -0.0566479766509 
1.19736125403 0.284283285957 0.189522190638 -0.0571773172918 
1.19662560095 0.284319785729 0.189546523819 -0.0563879741886 
1.19737860153 0.284043345592 0.189362230395 -0.0584267250054 
1.22417839932 0.318314293849 0.212209529233 -0.0537035124126 
1.22916781954 0.317109472671 0.211406315114 -0.0537116113335 
1.22916781954 0.317109472671 0.211406315114 -0.0537116113335 
1.1898770539 0.255454316177 0.170302877451 -0.0598319348481 
1.19428352382 0.254748492412 0.169832328275 -0.0609237319369 
1.19080928899 0.255176715608 0.170117810405 -0.060942642779 
1.19392847383 0.254089616826 0.169393077884 -0.0589990907313 
1.18718654522 0.255759088801 0.170506059201 -0.0587344959049 
1.18010093876 0.258092503246 0.172061668831 -0.0548525113422 
1.16106602603 0.265486582206 0.176991054804 -0.0516984707801 
1.09981086944 0.289229322404 0.192819548269 -0.0483492294235 
1.10491464259 0.553672262245 0.369114841496 -0.0257646538778 
1.21076618514 0.753971827436 0.502647884957 -0.00322864083751 
1.31340797651 0.862173700649 0.5747824671 0.0180610344035 
1.39511822994 0.918693794283 0.612462529522 0.0375041373596 
1.41333787287 0.9522956773 0.634863784867 0.0499906548595 
1.43752184023 0.971179046159 0.647452697439 0.0605655508519 
1.45514907438 0.980941266923 0.653960844615 0.0684337681178 
1.45477075456 0.990110311991 0.660073541327 0.0702985820409 
1.46084879876 0.995289038687 0.663526025791 0.0740204381267 
1.46676388451 0.997781816478 0.665187877652 0.07705020092 
1.46531697735 1.00105299383 0.667368662554 0.07881606056 
1.45781518665 1.00398608348 0.669324055652 0.0771796309338 
1.45631201967 1.00496235541 0.669974903604 0.0787120184768 
1.45836673518 1.00362614897 0.669084099312 0.0769879527481 
1.4584960631 1.00436156888 0.669574379251 0.077193161946 
1.4584960631 1.00436156888 0.669574379251 0.077193161946 
1.45860779184 1.00393619374 0.669290795826 0.0768386955892 
1.45820604163 1.00455392367 0.66970261578 0.07700261063 
1.4585206149 1.00289010302 0.668593402016 0.0743041190652 
1.45651987594 1.00274227504 0.668494850029 0.075581256554 
1.44772107968 1.00316909668 0.668779397789 0.0708209092174 
1.44663109754 1.00318072653 0.668787151019 0.0728039117243 
1.43293282225 1.00381844346 0.669212295641 0.0713187510551 
1.44225864905 1.0013184048 0.667545603197 0.0724139962701 
1.44198672623 1.00051435243 0.667009568287 0.0740626352141 
1.4403766399 1.00067497297 0.667116648649 0.076507472486 
1.43893090155 1.00029795082 0.666865300548 0.0816219731417 
1.42968623706 1.00056806705 0.667045378035 0.0865370832974 
1.42774423611 0.998026595833 0.665351063889 0.0916803530324 
1.41439425385 0.996834981594 0.664556654396 0.0965849400372 
1.41051955214 0.99447803043 0.66298535362 0.105134225503 
1.39895483918 0.993179578098 0.662119718732 0.113892257654 
1.38255208919 0.994372160338 0.662914773559 0.121271215615 
1.37965127298 0.993194251345 0.662129500897 0.129591601741 
1.37604598707 0.993094375722 0.662062917148 0.138900359197 
1.37324918884 0.99235302873 0.66156868582 0.146601534092 
1.37100757008 0.990170113153 0.660113408769 0.155509488674 
1.37041961896 0.988026783927 0.658684522618 0.160084779751 
1.36947853804 0.987323659501 0.658215773001 0.166930542522 
1.36780335696 0.985729106964 0.657152737976 0.173014573398 
1.36655268698 0.981305947929 0.654203965286 0.176876122393 
1.36476466717 0.975873011772 0.650582007848 0.18058778492 
1.3645088626 0.970612009731 0.647074673154 0.181657063763 
1.36301972049 0.96517674951 0.64345116634 0.183643858267 
1.36332776619 0.958947445897 0.639298297265 0.181592231708 
1.36105544328 0.954997913324 0.636665275549 0.185426597358 
1.35808408731 0.951835915043 0.634557276695 0.187366981424 
1.35771276456 0.948679050657 0.632452700438 0.186341769456 
1.34127638221 0.947355538218 0.631570358812 0.185204311768 
1.34160126567 0.945560980821 0.630373987214 0.183603160364 
1.34183859641 0.944602519334 0.629735012889 0.182794395698 
1.34142105773 0.945779380227 0.630519586818 0.183750744596 
1.34120540949 0.94351961652 0.62901307768 0.183170213756 
1.34143456561 0.94221757894 0.628145052627 0.182241488773 
1.34190577639 0.944615842461 0.629743894974 0.179740243055 
1.34244867487 0.945929238523 0.630619492349 0.176625545284 
1.34479733351 0.948097463717 0.632064975811 0.171326318031 
1.34444253822 0.952095532517 0.634730355012 0.172363809688 
1.34407973852 0.955405053432 0.636936702288 0.16967307267 
1.34356800477 0.9593156137 0.639543742467 0.167371625716 
1.34595252704 0.96124645489 0.640830969927 0.160574940132 
1.3465597001 0.96655112009 0.644367413393 0.157181153554 
1.34726224907 0.969683227006 0.646455484671 0.153845828306 
1.35102204003 0.972391971357 0.648261314238 0.145583622061 
1.3773919406 0.973220049292 0.648813366195 0.142894004397 
1.37836201678 0.977834129956 0.651889419971 0.138070839937 
1.38057596309 0.981744842324 0.65449656155 0.13128361443 
1.38355916537 0.98546351446 0.656975676307 0.123215507436 
1.38674416276 0.990430976471 0.660287317647 0.116786530339 
1.40735631957 0.993370415628 0.662246943752 0.108361999617 
1.41150013623 0.996327185251 0.664218123501 0.0994201231467 
1.42614475154 0.997312427887 0.664874951925 0.0965905508054 
1.42821412411 0.99893357077 0.665955713846 0.0916346301505 
1.42999128665 1.00057569001 0.667050460007 0.0886376326768 
1.44162151329 1.00050283214 0.667001888091 0.0866301079364 
1.44344753794 1.00081355384 0.667209035894 0.083583331176 
1.44591409547 1.00110301881 0.667402012542 0.0812939756321 
1.43686478083 1.00403697568 0.669357983784 0.081808662186 
1.44363819529 1.00257208998 0.668381393321 0.082615244839 
1.44363819529 1.00257208998 0.668381393321 0.082615244839 
1.44501673069 1.00228220068 0.668188133785 0.0849637814693 
1.44602131355 1.0031313247 0.668754216467 0.0821825864058 
1.44461597695 1.00412989677 0.669419931177 0.0837514583636 
1.44436679913 1.00498798532 0.669991990211 0.0840766024755 
1.44400232819 1.00688567928 0.671257119518 0.0843815259885 
1.44379036186 1.00644507183 0.670963381219 0.0841528427643 
1.44414727776 1.00587141926 0.670580946171 0.0837007038834 
1.45455537744 1.00489706056 0.669931373706 0.0832788890514 
1.45455537744 1.00489706056 0.669931373706 0.0832788890514 
1.45433561609 1.0062802623 0.6708535082 0.0838156954441 
1.45287943956 1.00568672236 0.670457814908 0.0853525237717 
1.45175129265 1.0050800403 0.6700533602 0.0869444250676 
1.43907141133 1.0074086582 0.671605772132 0.089346841004 
1.43593188122 1.00866342955 0.672442286367 0.0943179396946 
1.43591462247 1.00729897154 0.671532647691 0.0939339017056 
1.43293427805 1.00774873643 0.671832490951 0.0997542646896 
1.41094826711 1.00892770495 0.672618469967 0.106157872711 
1.40467692901 1.00796958263 0.671979721755 0.118512200174 
1.38552883576 1.00563466357 0.670423109049 0.127839855888 
1.3813546074 1.00098325125 0.6673221675 0.137914951102 
1.37744471557 0.995980496795 0.663986997864 0.148297668516 
1.38564616387 0.989620331522 0.659746887681 0.15718628324 
1.38431213583 0.986681150752 0.657787433834 0.164987312653 
1.3842113735 0.981845896879 0.654563931252 0.170564229465 
1.40140590118 0.977906486299 0.651937657533 0.179235421777 
1.40114056316 0.975579198617 0.650386132411 0.182085154428 
1.40264958893 0.973195464972 0.648796976648 0.185784867561 
1.41397264217 0.970707240603 0.647138160402 0.18992202074 
1.41451612565 0.969000463214 0.646000308809 0.188545156625 
1.41435602606 0.969896757309 0.646597838206 0.189599162726 
1.41435602606 0.969896757309 0.646597838206 0.189599162726 
1.41435329743 0.968792812214 0.645861874809 0.189583988273 
1.41428717333 0.967374426376 0.64491628425 0.189511534032 
1.41179685486 0.967081834528 0.644721223018 0.191870496802 
1.4116840527 0.965558014774 0.643705343183 0.191131644911 
1.41095826919 0.966285306033 0.644190204022 0.19156668638 
1.41042674137 0.964931446872 0.643287631248 0.191040681539 
1.40987780002 0.966030763608 0.644020509072 0.191272008895 
1.39574667371 0.969009358247 0.646006238832 0.188395540258 
1.39707132418 0.970516952208 0.647011301472 0.186923815698 
1.39788814426 0.969969521214 0.646646347476 0.185309009289 
1.39944945756 0.972350119982 0.648233413322 0.182644511515 
1.39901250185 0.975598489111 0.650398992741 0.183542560192 
1.39950639425 0.978403421083 0.652268947388 0.178746766279 
1.40256452139 0.978515785479 0.652343856986 0.171967185598 
1.40368044058 0.982041980696 0.654694653797 0.168227184013 
1.40800028675 0.987342024047 0.658228016031 0.160250371208 
1.41185595423 0.99299334178 0.661995561186 0.153981614586 
1.41493341674 0.998319529984 0.665546353323 0.147479346256 
1.42886855151 1.00144729943 0.667631532954 0.143019244519 
1.44965730628 1.00455710068 0.669704733787 0.135437179101 
1.45284256456 1.01070038007 0.673800253381 0.127657666988 
1.45855690858 1.01406438002 0.676042920016 0.116978994717 
1.4713064119 1.01526950504 0.676846336693 0.112251763942 
1.4756899991 1.01492563291 0.676617088607 0.105513421929 
1.48607275651 1.01512711368 0.676751409118 0.105525275497 
1.48931928624 1.01409206492 0.676061376615 0.102350723979 
1.48931928624 1.01409206492 0.676061376615 0.102350723979 
1.48909472807 1.01522405956 0.676816039706 0.102231379729 
1.47717582905 1.0176303722 0.678420248134 0.0982617933834 
1.47743799748 1.01762274935 0.678415166236 0.0957611022649 
1.48038936306 1.01568817829 0.677125452191 0.0930978325473 
1.47845128819 1.01697985768 0.677986571786 0.096454567725 
1.47872335167 1.01650923801 0.677672825338 0.0960687057899 
1.47199963795 1.01872242751 0.679148285005 0.0947336565659 
1.47199963795 1.01872242751 0.679148285005 0.0947336565659 
1.47199963795 1.01872242751 0.679148285005 0.0947336565659 
1.47442552345 1.0169993057 0.67799953713 0.0925620803423 
1.47341320791 1.01797652901 0.678651019339 0.0944690841154 
1.46473429587 1.01935676162 0.679571174412 0.0939284177939 
1.46773453342 1.01937015874 0.679580105829 0.0932180362202 
1.46864001963 1.01876881682 0.679179211216 0.0959996851901 
1.48187482841 1.01702897054 0.678019313693 0.0984237028158 
1.48211044071 1.01608525795 0.677390171965 0.0980073288207 
1.48469961552 1.01424608236 0.676164054904 0.0947757320486 
1.48647458625 1.0121355132 0.674757008801 0.0927322152295 
1.48624019131 1.01037981731 0.673586544872 0.0921580819174 
1.47244984095 1.00487298175 0.669915321166 0.0842796822152 
1.46384835637 0.993527889853 0.662351926569 0.0760256837095 
1.44159975126 0.977615326174 0.651743550783 0.0669527744603 
1.40299411269 0.95289589718 0.635263931453 0.0553806793715 
1.33698644114 0.915655133681 0.610436755788 0.0423338480693 
1.19893017666 0.840035219131 0.56002347942 0.0285746405923 
0.706980524565 0.189948773578 0.126632515719 0.0500149788833 
0.924815167217 0.121113106841 0.0807420712272 0.0655545256259 
1.06118367827 2.75908039884e-17 1.83938693256e-17 0.0849398744266 
1.20607976293 6.42159316244e-23 4.28106210829e-23 0.0713638796874 
1.32565480648 2.20167543348e-22 1.46778362232e-22 0.0536908351909 
1.40007761498 9.57788436592e-22 6.38525624395e-22 0.0458313486005 
1.45144043725 2.55718711186e-22 1.70479140791e-22 0.0390902935985 
1.48552185677 8.66631985975e-23 5.77754657317e-23 0.0331018826967 
1.51283417867 -2.93607150065e-22 -1.95738100043e-22 0.0264699124962 
1.53211069125 1.64867620164e-21 1.09911746776e-21 0.0239869382109 
1.5384108658 -1.18872729517e-21 -7.92484863448e-22 0.0227623018588 
1.53826661236 2.3772208408e-21 1.58481389387e-21 0.0208470728229 
1.53548493941 -1.16482437285e-21 -7.765495819e-22 0.0209513043592 
1.5415512417 3.55013828356e-22 2.36675885571e-22 0.0168149541573 
1.54562775877 -1.54050864208e-21 -1.02700576139e-21 0.0162804927463 
1.54562775877 -1.54050864208e-21 -1.02700576139e-21 0.0162804927463 
1.5435861486 1.77026585811e-22 1.18017723874e-22 0.0165171237623 
1.53847561326 4.54972114052e-22 3.03314742701e-22 0.0173449251173 
1.54437715479 6.58258713886e-22 4.38839142591e-22 0.0188930061487 
1.53927257909 1.1810568745e-21 7.8737124967e-22 0.0175615341499 
1.5316534122 -1.08446586016e-21 -7.22977240109e-22 0.0178515682891 
1.51857887654 -3.99151551354e-22 -2.66101034236e-22 0.0181725580782 
1.51857887654 -3.99151551354e-22 -2.66101034236e-22 0.0181725580782 
1.51857887654 -3.99151551354e-22 -2.66101034236e-22 0.0181725580782 
1.51614029602 -3.33306652206e-21 -2.22204434804e-21 0.0186386284993 
1.50868111737 -7.75541238498e-23 -5.17027492332e-23 0.0191172863581 
1.49949976762 1.0991376174e-21 7.32758411599e-22 0.0224705709243 
1.49949976762 1.0991376174e-21 7.32758411599e-22 0.0224705709243 
1.49064001092 -1.13948977381e-22 -7.59659849206e-23 0.0224424550404 
1.48307037161 3.85983814381e-22 2.57322542921e-22 0.0245840002099 
1.47939254301 4.00694335208e-21 2.67129556806e-21 0.0271057682893 
1.47199268625 7.66798206747e-22 5.11198804498e-22 0.0277566158206 
1.45286658483 8.04088854297e-22 5.36059236198e-22 0.0328152558555 
1.41770042078 2.46839111435e-22 1.64559407623e-22 0.0429416717943 
1.37444920984 3.33382434718e-22 2.22254956479e-22 0.0575493211003 
1.30766764912 -1.31059082687e-23 -8.73727217912e-24 0.0840469885577 
1.19335211182 -7.24019533197e-20 -4.82679688798e-20 0.132179155578 
1.06682622557 0.0170628826441 0.0113752550961 0.196591692605 
0.966143132667 0.120444338218 0.080296225479 0.235575474059 
0.876376762683 0.23503458338 0.156689722253 0.247847475663 
0.77298925976 0.290332108643 0.193554739095 0.269843176621 
0.639745838843 0.361966381965 0.24131092131 0.290476841962 
0.502775293397 0.318346365357 0.212230910238 0.448053161135 
0.427840153427 0.333866438205 0.22257762547 0.523598775598 
0.37132069143 0.380364995542 0.253576663694 0.523598775598 
0.332610032501 0.411782912493 0.274521941662 0.523598775598 
0.298728265033 0.442423416903 0.294948944602 0.523598775598 
0.287447029952 0.446320196967 0.297546797978 0.523598775598 
0.278118139869 0.451188955285 0.300792636857 0.523598775598 
0.262854310383 0.467094126363 0.311396084242 0.523598775598 
0.253751427557 0.475685954279 0.31712396952 0.523598775598 
0.250296788035 0.475615563205 0.317077042137 0.523598775598 
0.240868541376 0.486310545575 0.324207030383 0.523598775598 
0.24629518854 0.475253041014 0.316835360676 0.523598775598 
0.24629518854 0.475253041014 0.316835360676 0.523598775598 
0.24629518854 0.475253041014 0.316835360676 0.523598775598 
0.24020331098 0.49062030733 0.327080204887 0.523598775598 
0.228920452225 0.515100204722 0.343400136481 0.523598775598 
0.226918677633 0.529998225484 0.353332150322 0.523598775598 
0.221684764746 0.553739171891 0.369159447927 0.523598775598 
0.207013914701 0.604064864375 0.402709909583 0.522193352657 
0.188397108528 0.660699935189 0.44046662346 0.523598775598 
0.169224036579 0.721979837296 0.481319891531 0.523598775598 
0.149015771377 0.777830875657 0.518553917105 0.523598775598 
0.125705396952 0.839346878351 0.559564585567 0.523598775598 
0.0890200968233 0.915173410127 0.610115606751 0.523598775598 
0.0406686736158 0.997658978758 0.665105985839 0.523598775598 
1.16371798779e-16 1.0790741976 0.719382798397 0.523598775598 
4.51518309627e-19 1.17029889914 0.780199266093 0.458646409038 
0.128220951057 1.24857101191 0.832380674604 0.366526755393 
0.129201235598 1.29938792681 0.866258617874 0.339349402743 
0.131629705145 1.33543131738 0.890287544922 0.319370733853 
0.0820221794449 1.37896574956 0.919310499709 0.289166311843 
0.0230984342018 1.42272085694 0.948480571292 0.253188173511 
2.77878114473e-18 1.45293560487 0.968623736579 0.220709675757 
1.87567101609e-20 1.48323747067 0.98882498045 0.189272328905 
7.47572141381e-20 1.5052907722 1.00352718146 0.164472170565 
7.64087433606e-20 1.52527814639 1.01685209759 0.142398110653 
4.00825102736e-20 1.54500101194 1.03000067463 0.124019816655 
5.05213044037e-22 1.55835269181 1.03890179454 0.109963639608 
-1.36586689304e-21 1.56764560797 1.04509707198 0.100716512197 
3.61249984595e-22 1.57602082843 1.05068055229 0.0923958077855 
8.35199875261e-22 1.58397467528 1.05598311685 0.0843859909118 
2.68884666662e-21 1.58950967691 1.05967311794 0.0781861539362 
8.11948150503e-22 1.59434317517 1.06289545011 0.0739584192409 
-1.632356177e-21 1.59796700621 1.06531133748 0.074085336808 
-3.25810658131e-23 1.60151087156 1.06767391438 0.0698045298691 
-6.24836693323e-22 1.60282870476 1.06855246984 0.0698383939791 
-3.63438859712e-22 1.60394439427 1.06929626284 0.0698075710739 
-1.00367003901e-21 1.60526096743 1.07017397829 0.0697925237699 
1.27087935943e-22 1.6057270212 1.0704846808 0.0696759022418 
5.4564325462e-22 1.60715525308 1.07143683538 0.0696327096227 
1.37311810395e-21 1.60906007071 1.07270671381 0.0638067455295 
2.67976523226e-22 1.61420294416 1.07613529611 0.0590966462706 
-1.49423840169e-20 1.62558110825 1.08372073883 0.046270034686 
0.519308286188 1.57683911422 1.05122607615 0.241771816613 
0.565918965458 1.59676701259 1.06451134173 0.215028505583 
0.637722038928 1.61627296921 1.07751531281 0.18142146973 
0.734954835323 1.6376344048 1.09175626986 0.01704066579 
0.854823997362 1.63867544255 1.09245029503 -0.135505406035 
0.94442683926 1.64389934897 1.09593289931 -0.189639307849 
1.00685344415 1.64877286995 1.0991819133 -0.213038486206 
1.05247160396 1.6539711695 1.10264744633 -0.218821334507 
1.08433873185 1.65823763914 1.10549175943 -0.221512518426 
1.10536489526 1.6613375167 1.10755834446 -0.228373097594 
1.12196616799 1.66425733973 1.10950489315 -0.22684837974 
1.13166759973 1.66632864727 1.11088576484 -0.229564488601 
1.13937353607 1.66694621302 1.11129747535 -0.231016410405 
1.14442885543 1.66752102989 1.1116806866 -0.231659163382 
1.14839294554 1.66804374864 1.11202916576 -0.231455621437 
1.14838807026 1.66795571884 1.11197047923 -0.231443731869 
1.14846406524 1.6683860059 1.11225733727 -0.23144586558 
1.14648236313 1.66775213521 1.1118347568 -0.229997334175 
1.14123040655 1.66803108976 1.11202072651 -0.227823514357 
1.1286707546 1.66757866097 1.11171910731 -0.222939527089 
1.10295137428 1.66497179315 1.10998119544 -0.214821056657 
1.05242913438 1.65415795508 1.10277197005 -0.209298198557 
0.973498454804 1.63401698638 1.08934465758 -0.179001631792 
0.875340890072 1.59894301839 1.06596201226 -0.0232089826609 
0.819020810995 1.50059446653 1.00039631102 0.262471398198 
0.641055715832 1.44096992571 0.960646617141 0.152739820138 
0.210089680363 1.38262782237 0.921751881581 0.0543234088928 
0.365685250343 1.25842997476 0.838953316509 0.11902683367 
0.453293921201 1.14399192478 0.762661283186 0.142279364279 
0.455771023264 1.05503266334 0.703355108895 0.140984726613 
0.235691831443 0.919137416781 0.612758277854 0.194928383402 
0.0453240918862 0.707118524899 0.471412349932 0.523598775598 
0.0689772824487 0.690375717038 0.460250478025 0.436978405771 
0.067225993686 0.667270684567 0.444847123045 0.426676396315 
0.0566381371326 0.655684030545 0.43712268703 0.420131838543 
0.0567528916894 0.63569521723 0.423796811487 0.405939328057 
0.048422541524 0.631644689142 0.421096459428 0.401465768842 
0.0400945890378 0.628592957582 0.419061971721 0.396998912108 
0.0254671817381 0.644934711855 0.42995647457 0.379918295584 
0.0185197141773 0.641533535013 0.427689023342 0.374765186587 
0.017254683525 0.656362983598 0.437575322399 0.316832911933 
0.0115028270875 0.654962691119 0.436641794079 0.31511294636 
0.0115028270875 0.654962691119 0.436641794079 0.31511294636 
0.00746237432976 0.649363075507 0.432908717005 0.312176107452 
0.00746237432976 0.649363075507 0.432908717005 0.312176107452 
0.00746237432976 0.649363075507 0.432908717005 0.312176107452 
0.00746237432976 0.649363075507 0.432908717005 0.312176107452 
0.00282024981913 0.64480697227 0.429871314847 0.308939200392 
0.00282024981913 0.64480697227 0.429871314847 0.308939200392 
0.00282024981913 0.64480697227 0.429871314847 0.308939200392 
-2.01846395836e-18 0.65566251207 0.43710834138 0.305493922311 
7.12848344912e-23 0.67025212913 0.446834752753 0.303674668467 
7.12848344912e-23 0.67025212913 0.446834752753 0.303674668467 
7.12848344912e-23 0.67025212913 0.446834752753 0.303674668467 
8.33815292359e-23 0.657058717005 0.43803914467 0.296825118932 
-7.10930445517e-22 0.6701467967 0.446764531133 0.294910584719 
-7.10930445517e-22 0.6701467967 0.446764531133 0.294910584719 
-7.10930445517e-22 0.6701467967 0.446764531133 0.294910584719 
-7.10930445517e-22 0.6701467967 0.446764531133 0.294910584719 
-7.10930445517e-22 0.6701467967 0.446764531133 0.294910584719 
-7.10930445517e-22 0.6701467967 0.446764531133 0.294910584719 
-1.84183448509e-21 0.661912566025 0.441275044017 0.280717080527 
3.4972838203e-22 0.635098849021 0.423399232681 0.271763934193 
3.4972838203e-22 0.635098849021 0.423399232681 0.271763934193 
3.4972838203e-22 0.635098849021 0.423399232681 0.271763934193 
