0.0 0.0 0.0 0.0 
2.11758236814e-22 0.476456380868 0.317637587245 0.151955792771 
0.00475608771977 0.509258673833 0.339505782555 0.164993684705 
0.00400275048306 0.57003148941 0.38002099294 0.187333816539 
0.00795710078792 0.620969304488 0.413979536325 0.207119945035 
0.124070326173 0.81477426919 0.543182846127 0.0220079297325 
0.137527392431 0.848133406884 0.565422271256 0.0336873758704 
0.147901285417 0.876596041019 0.584397360679 0.0438225153502 
0.153070734177 0.896791450343 0.597860966895 0.0507102040173 
0.155416111755 0.908046081215 0.605364054143 0.0604724806999 
0.175655275107 0.915120712577 0.610080475051 0.0663676225072 
0.180534861081 0.916677388006 0.61111825867 0.0747379093671 
0.185154216375 0.915721122973 0.610480748649 0.0784843891922 
0.185783139409 0.920159344107 0.613439562738 0.0825278414256 
0.189539496011 0.918855066142 0.612570044095 0.0850900093397 
0.194261889171 0.910002152489 0.606668101659 0.0826395437032 
0.197606056057 0.905885952501 0.603923968334 0.0834145619027 
0.197606056057 0.905885952501 0.603923968334 0.0834145619027 
0.198419302446 0.901626794451 0.601084529634 0.0813995947756 
0.199761969344 0.895652065837 0.597101377224 0.0797917354301 
0.186877564547 0.887150615254 0.591433743503 0.0796578578552 
0.187413062009 0.883637942294 0.589091961529 0.0791788474851 
0.177304504515 0.872788357669 0.581858905113 0.080498534226 
0.178731788043 0.865903423714 0.577268949143 0.0769326124122 
0.172846075315 0.847298668959 0.564865779306 0.0805647479203 
0.173213523567 0.843609085072 0.562406056714 0.0791174089522 
0.166306334968 0.833216771779 0.555477847853 0.0748965080333 
0.16243180004 0.832208423605 0.554805615736 0.0729098432876 
0.165824671027 0.821771474436 0.547847649624 0.0673150107532 
0.159969047581 0.819867157636 0.54657810509 0.062112342418 
0.149045563634 0.812872089447 0.541914726298 0.0628877544745 
0.152540351391 0.804506121007 0.536337414005 0.0582003159831 
0.149013388983 0.803392674966 0.535595116644 0.0553879302599 
0.141470771833 0.81027165316 0.540181102107 0.0557000866023 
0.14219916545 0.806052061456 0.537368040971 0.0530839082297 
0.137010683354 0.809592013234 0.539728008822 0.0522951225371 
0.13739520102 0.805940445407 0.537293630271 0.0499079119259 
0.137844752851 0.795882192092 0.530588128061 0.0450451665102 
0.136863833999 0.798412659144 0.532275106096 0.0483306705702 
0.136863833999 0.798412659144 0.532275106096 0.0483306705702 
0.13381852849 0.804470562615 0.53631370841 0.0509679842774 
0.136434749321 0.801464611854 0.534309741236 0.0493123145769 
0.137428948521 0.800088911052 0.533392607368 0.0473989725758 
0.140035778449 0.796554530878 0.531036353918 0.0467321568787 
0.141079723773 0.793698988928 0.529132659286 0.0467282595383 
0.13959190685 0.794984031937 0.529989354625 0.0506108465503 
0.140631689172 0.791906249822 0.527937499881 0.0522227107352 
0.135821719592 0.781580110146 0.521053406764 0.0572994950831 
0.139155681688 0.776015801111 0.517343867408 0.0557751978148 
0.140934480641 0.771152311455 0.51410154097 0.0551952159731 
0.134163891868 0.757431918589 0.504954612392 0.0591284479214 
0.129880169998 0.763064544071 0.508709696047 0.062984874533 
0.134715422156 0.756100641455 0.504067094304 0.0623139197463 
0.12982013695 0.725907868917 0.483938579278 0.0627142607102 
0.123422342097 0.731897506186 0.487931670791 0.0638128464037 
0.118304855613 0.734376638835 0.48958442589 0.0633799217822 
0.117681758437 0.722541415064 0.481694276709 0.0586699028194 
0.110239815719 0.713287287377 0.475524858251 0.0621016701361 
0.105607411432 0.710134315575 0.47342287705 0.0580027062782 
0.0969666359468 0.703874493903 0.469249662602 0.0547543804585 
0.0872195183721 0.698442515997 0.465628343998 0.0516313889237 
0.0776431045027 0.691055803712 0.460703869141 0.0542984050403 
0.0753783506565 0.691777378275 0.46118491885 0.0534664680925 
0.0724576856585 0.679320444855 0.45288029657 0.0468184090799 
0.0682680112018 0.680481935266 0.453654623511 0.0475216373261 
0.0618963086843 0.661101249133 0.440734166089 0.0551744516865 
0.0639784318831 0.66052930008 0.44035286672 0.055725380999 
0.0615765699558 0.666492949877 0.444328633252 0.0597249144386 
0.0695276223056 0.658018942219 0.438679294813 0.0573298047982 
0.0767388458894 0.660955464969 0.440636976646 0.0629559152437 
0.089296657733 0.666449800683 0.444299867122 0.0714028942782 
0.1039424899 0.66841147391 0.445607649274 0.0731180370539 
0.124024822229 0.67463826698 0.449758844654 0.0679910944909 
0.146217699383 0.662172584987 0.441448389991 0.0675635213138 
0.169329134716 0.651165062659 0.434110041772 0.0688142996657 
0.208449662199 0.631307103519 0.420871402346 0.0709949505721 
0.262173437538 0.629052975275 0.419368650183 0.0667138352174 
0.313938468856 0.630883831078 0.420589220719 0.0710136158352 
0.387578305067 0.609156802614 0.406104535076 0.0759970787673 
0.463839048226 0.597076683809 0.398051122539 0.0832452333332 
0.52280845259 0.559108424984 0.372738949989 0.0958303749656 
0.589161630986 0.518151526037 0.345434350691 0.101828330739 
0.654068045537 0.479736765507 0.319824510338 0.103653652844 
0.720317715447 0.437454224508 0.291636149672 0.100497360872 
0.790052214164 0.392450645644 0.261633763763 0.0951852143848 
0.853228925556 0.350680006413 0.233786670942 0.0893448050962 
0.87971618339 0.231555338983 0.154370225989 0.0948681835442 
0.945153565108 0.201473902786 0.13431593519 0.0894627773368 
0.98130066922 0.0752016158634 0.0501344105756 0.0954506548312 
1.05479274296 0.0454403624448 0.0302935749632 0.0790168370417 
1.14404506237 4.06131361285e-18 2.70754240857e-18 0.0686657944241 
1.22176403387 -2.30863443603e-22 -1.53908962402e-22 0.059289624893 
1.28326083104 6.68703845593e-22 4.45802563728e-22 0.050184122208 
1.342530195 1.67158427511e-22 1.11438951674e-22 0.0424519675475 
1.40003455862 -3.50309470013e-22 -2.33539646675e-22 0.0382804533117 
1.43650901817 1.73976924337e-21 1.15984616225e-21 0.0361187832998 
1.46577295074 1.04849541658e-21 6.98996944386e-22 0.0340302872003 
1.4874583305 2.67267160853e-21 1.78178107235e-21 0.0307456349252 
1.50459004066 -2.30278070524e-22 -1.53518713683e-22 0.0282785961046 
1.51164800535 -4.99791145679e-22 -3.33194097119e-22 0.0234723375653 
1.51365864324 -1.67778548053e-21 -1.11852365369e-21 0.0178658125867 
1.52129986545 8.61039107459e-22 5.74026071639e-22 0.0123828026724 
1.53118471333 -6.79492409702e-22 -4.52994939802e-22 0.00951789408796 
1.53159943955 1.00761999285e-21 6.71746661897e-22 0.00612882434382 
1.53688778475 4.28610149182e-22 2.85740099455e-22 0.00330739808515 
1.5345864323 1.80267960172e-21 1.20178640115e-21 0.00148547603206 
1.52811311772 1.40646352538e-21 9.3764235025e-22 -0.000287765327517 
1.52176284415 9.5026473886e-22 6.33509825907e-22 0.00172089824412 
1.51802648226 1.34732845892e-21 8.98218972616e-22 -0.00125977488158 
1.51759611441 7.9945389961e-22 5.32969266407e-22 -0.00357348180028 
1.51324030726 -9.10693052113e-24 -6.07128701409e-24 -0.0047790965575 
1.51201096304 3.39684938738e-22 2.26456625825e-22 -0.0041523827668 
1.50973793037 1.40606056745e-22 9.37373711636e-23 -0.00493718950829 
1.50250921866 1.51990361627e-20 1.01326907752e-20 -0.00537944014402 
1.50460682726 -3.24474219084e-23 -2.16316146056e-23 -0.00732965330558 
1.49612335791 2.95695564123e-21 1.97130376082e-21 -0.0067061437193 
1.49992807705 -3.39239774966e-23 -2.26159849977e-23 -0.00683091042013 
1.48990109124 1.22439263112e-22 8.16261754083e-23 -0.00306817642596 
1.4951713397 -3.96875011354e-22 -2.64583340903e-22 -0.00457105991287 
1.49324982042 -8.3478796553e-22 -5.56525310354e-22 -0.00496547963353 
1.49005786445 -5.06188051558e-22 -3.37458701038e-22 -0.00237668187377 
1.48668247717 1.1771238047e-21 7.84749203134e-22 -0.000865942535639 
1.49338799582 5.77639088148e-23 3.85092725432e-23 -0.00292517901039 
1.48983907108 -8.44073093563e-23 -5.62715395709e-23 -0.00187961270223 
1.48875283189 3.60002916494e-22 2.40001944329e-22 -0.00248593009947 
1.48776076147 8.28019273437e-22 5.52012848958e-22 -0.00227861309879 
1.48944854994 -9.8464282823e-22 -6.56428552154e-22 -0.00312200695457 
1.48739525471 1.74005886066e-23 1.16003924044e-23 -0.000368576330816 
1.48969120239 -1.14457883433e-22 -7.63052556219e-23 -0.000405525826464 
1.4994122022 1.01843221749e-22 6.78954811663e-23 -0.000538690255595 
1.49840300795 -6.73277748276e-22 -4.48851832184e-22 0.000861921667957 
1.50428205547 -1.74072379579e-22 -1.16048253053e-22 -0.000554715576799 
1.50990659035 0.0120927156147 0.00806181040977 -0.00128305823782 
1.50259306425 -7.57882406942e-18 -5.05254937961e-18 -0.00123092128506 
1.49937270041 6.26842267479e-22 4.17894844986e-22 -0.000255052833635 
1.4844305948 8.12093125379e-21 5.41395416919e-21 0.00368523892625 
1.47561852542 -8.78171958666e-23 -5.85447972444e-23 0.00384706089777 
1.45994321091 -1.66244859373e-19 -1.10829906249e-19 0.00796073124663 
1.43733602137 -1.02467031076e-18 -6.83113540505e-19 0.00771636925816 
1.41345667006 8.59334118456e-19 5.72889412304e-19 0.00927219215331 
1.39306579297 0.00511567657106 0.00341045104737 0.00890914720066 
1.35492999411 -3.32754876672e-18 -2.21836584448e-18 0.0106713615643 
1.32313330062 -1.18337790561e-17 -7.88918603741e-18 0.0140888415931 
1.28732256192 6.71857633781e-18 4.47905089187e-18 0.0160845700468 
1.24489553667 0.0104001525291 0.0069334350194 0.0278808732477 
1.19794296473 0.0223492613008 0.0148995075338 0.0381768366042 
1.13375614222 4.2749003788e-17 2.84993358587e-17 0.0501843865907 
1.07223359984 -6.34816917831e-18 -4.23211278554e-18 0.0643354707947 
1.03192904747 0.0118930605582 0.00792870703883 0.0677553492173 
0.976821720823 0.0291890676669 0.0194593784446 0.0752827813629 
0.925630546754 0.045652817991 0.030435211994 0.0721756780244 
0.861565877382 0.0677870219779 0.0451913479853 0.0779901739733 
0.814938912366 0.084166080894 0.056110720596 0.0700120612601 
0.746993260387 0.106124721231 0.0707498141542 0.063120912894 
0.67340804997 0.12605779164 0.0840385277598 0.0507413802216 
0.576529016897 0.0485132395973 0.0323421597315 0.0458194018557 
0.472571525307 -1.71274273818e-16 -1.14182849212e-16 -0.05765042315 
0.409494524809 3.23134459895e-17 2.15422973263e-17 -0.197705593266 
0.355535033696 0.0362211288956 0.0241474192638 -0.207402837493 
0.251967509998 -5.49987776005e-18 -3.66658517336e-18 -0.0689071707506 
0.19397219157 -1.20862002778e-18 -8.05746685186e-19 -0.0543107913151 
0.149950302582 3.2074278839e-19 2.13828525594e-19 -0.0475641753539 
0.115018724024 0.00527998791647 0.00351999194431 -0.0449315650606 
0.0843207262339 0.0112618828456 0.00750792189706 -0.041663417504 
0.0600989052419 0.00334214494131 0.00222809662754 -0.0347861334863 
0.0378676818617 9.81496455286e-07 6.54330970191e-07 -0.027518810104 
0.0243653499111 -9.52243583665e-20 -6.34829055777e-20 -0.0215928921107 
0.0190580453825 4.14307905506e-22 2.76205270337e-22 -0.0149769447932 
0.00749914765691 2.06101270143e-22 1.37400846762e-22 -0.00900035541173 
0.00564732381485 -1.90956463465e-22 -1.27304308976e-22 -0.00526860259388 
0.000507162087274 5.30323054392e-22 3.53548702928e-22 -0.00270927103828 
1.37636639641e-18 1.74252796992e-21 1.16168531328e-21 -0.000701701710431 
1.87592690957e-21 -1.32798736105e-21 -8.85324907365e-22 0.00108898246181 
2.90239333833e-22 -3.2771918714e-22 -2.18479458093e-22 0.00233775838301 
3.56575211692e-21 -1.00197476879e-21 -6.67983179191e-22 0.00319044784308 
1.56978169906e-21 -7.86054691391e-22 -5.24036460928e-22 0.00426281716872 
-2.02793011918e-21 -2.40838521299e-22 -1.605590142e-22 0.00204347184593 
4.66115059389e-21 2.35826627535e-21 1.5721775169e-21 0.0016528859215 
1.00483438008e-21 0.0221865872417 0.0147910581611 -0.00103006222647 
0.0025316625915 2.22286557394e-18 1.48191038263e-18 0.00148646870717 
-1.38406704135e-24 3.32748872234e-22 2.2183258149e-22 2.2827431983e-09 
0.00770418575192 1.42157428529e-21 9.47716190195e-22 -1.95456099942e-05 
0.02005178883 2.31087967974e-21 1.54058645316e-21 0.00306634953342 
0.0295165575663 1.22938112774e-21 8.19587418491e-22 0.00398462284185 
0.0402518935442 -1.89972249444e-21 -1.26648166296e-21 0.00558949600816 
0.0508754435702 4.77974089189e-22 3.18649392793e-22 0.00617569548945 
0.0586293986606 4.80037954017e-22 3.20025302678e-22 0.00376833638158 
0.0715717976536 8.89879530035e-22 5.93253020023e-22 0.00111522049474 
0.0891573168549 -1.06637638513e-22 -7.10917590089e-23 0.00247562773806 
0.101379733382 1.00627278396e-21 6.7084852264e-22 0.00114451783949 
0.110434277855 -3.13490720963e-22 -2.08993813975e-22 0.000830691614075 
0.130104442522 7.37136765734e-22 4.9142451049e-22 0.0032116761462 
0.143892793735 -2.11100611113e-21 -1.40733740742e-21 0.00302536460486 
0.155898128619 -2.3622339287e-23 -1.57482261913e-23 0.00127013881378 
0.177051811766 -2.22388191241e-22 -1.48258794161e-22 -0.000825869842955 
0.19650703566 -4.3342609308e-22 -2.8895072872e-22 -0.0112184457004 
0.216653046416 -2.20097326976e-22 -1.46731551317e-22 -0.025208251699 
0.240228140146 4.53951225586e-22 3.02634150391e-22 -0.0355223939742 
0.275212179439 -1.32633038781e-21 -8.8422025854e-22 -0.0498038222124 
0.305810923632 2.21959579995e-22 1.4797305333e-22 -0.0784761622058 
0.359593487235 2.19171137287e-07 1.46114091525e-07 -0.138413550468 
0.411271094778 7.73968375866e-22 5.15978917244e-22 -0.182129048046 
0.442871219369 -1.03894244938e-21 -6.92628299585e-22 -0.150479557708 
0.480491986867 -7.54074200119e-22 -5.02716133413e-22 -0.105954086421 
0.519446473915 1.21752165675e-21 8.11681104498e-22 -0.101072873543 
0.554372837149 2.76050679989e-22 1.84033786659e-22 -0.0650197678792 
0.592367722369 7.24641019825e-23 4.83094013217e-23 -0.0495384193394 
0.620282977552 4.93010901078e-22 3.28673934052e-22 -0.0364006542637 
0.64531999454 -3.9503002153e-22 -2.63353347687e-22 -0.0347271867944 
0.670328739777 1.24283852001e-22 8.28559013339e-23 -0.0304350000024 
0.700457738996 -5.7469004765e-22 -3.83126698434e-22 -0.0266180243444 
0.727989343946 -1.92215160559e-22 -1.28143440373e-22 -0.0237249304071 
0.758833823124 -4.8769206308e-23 -3.25128042053e-23 -0.0216073793689 
0.790492133384 1.93893136219e-22 1.29262090813e-22 -0.0182448683242 
0.830158870106 3.2306447561e-24 2.15376317073e-24 -0.0242105421716 
0.84632044282 -1.51812514188e-23 -1.01208342792e-23 -0.0173703175311 
0.873305117052 3.76446389953e-23 2.50964259969e-23 -0.0151499420085 
0.904472986505 2.81342905419e-07 1.87561936946e-07 -0.0193555836908 
0.933260541355 9.11823197378e-07 6.07882131585e-07 -0.0165214394604 
0.953101092629 0.000416336929491 0.000277557952994 -0.0192902073451 
1.11065507833 0.338074003771 0.225382669181 -0.00622617029594 
1.12554102247 0.331056198569 0.220704132379 -0.00454788707997 
1.13597162767 0.327525685656 0.218350457104 -0.0029526128672 
1.14433305595 0.325004652642 0.216669768428 -0.00238790098005 
1.14501805348 0.324934800495 0.21662320033 -0.00165168312692 
1.15257231572 0.322626861823 0.215084574549 -0.00105022611055 
1.15257231572 0.322626861823 0.215084574549 -0.00105022611055 
1.14600512182 0.324824143561 0.21654942904 0.00115919902142 
1.14252032653 0.325522325397 0.217014883598 0.00198888904007 
1.15248210121 0.322507324635 0.21500488309 -0.000346186612501 
1.19736433475 0.39591820746 0.26394547164 0.00210791332853 
1.20071560141 0.393483239527 0.262322159685 0.00203890025759 
1.17261389318 0.343839192791 0.229226128527 0.0016786820706 
1.17736681608 0.340875789828 0.227250526552 0.00303533646088 
1.18781647997 0.336211613806 0.224141075871 0.00135060310675 
1.18783876871 0.33615048569 0.224100323793 0.00497692260399 
1.19996617602 0.331349142276 0.220899428184 0.00479683018774 
1.20494720536 0.329053234831 0.219368823221 0.00391771048728 
1.20890382784 0.327133879977 0.218089253318 0.0032285633464 
1.21708572008 0.324212209906 0.216141473271 0.000542142662017 
1.22123302438 0.322546225567 0.215030817045 0.000242404698831 
1.25528690724 0.377337562135 0.251558374757 0.00568123949647 
1.25868022391 0.373509068296 0.24900604553 0.00442699681656 
1.23853591268 0.327900518395 0.218600345596 0.00336979809368 
1.22627197128 0.281744523488 0.187829682325 0.00168898705399 
1.24012120538 0.275049084821 0.183366056547 0.00115441743574 
1.25301404054 0.268324565818 0.178883043879 0.000158698086768 
1.26354551983 0.263917992546 0.175945328364 0.00130543607481 
1.27385338558 0.259656505582 0.173104337055 0.000998510660702 
1.27926352537 0.256437679248 0.170958452832 0.00276367603388 
1.25564298855 0.183353861911 0.12223590794 0.00190205260232 
1.2637030785 0.17901942405 0.1193462827 0.000509343903281 
1.27519432961 0.174971280149 0.116647520099 0.00171546462815 
1.28151083579 0.171652864735 0.114435243157 0.00254904438178 
1.29012338112 0.168096435672 0.112064290448 0.00240334733318 
1.28080726056 0.123104735112 0.0820698234079 0.00297997153965 
1.29790579634 0.115941861369 0.0772945742458 0.00365163847607 
1.3026771201 0.0488094021815 0.0325396014543 0.00767203892355 
1.32210414487 0.0421291547693 0.0280861031796 0.0154212211501 
1.32114584246 -2.9253103699e-17 -1.95020691326e-17 0.0184450192902 
1.33113131491 9.73489154092e-22 6.48992769395e-22 0.0194138096309 
1.34158406827 1.27774195056e-21 8.51827967041e-22 0.0181626568361 
1.35161180652 1.0130425465e-21 6.75361697665e-22 0.0150756385615 
1.36843406386 7.35055290341e-22 4.90036860228e-22 0.0106061923134 
1.37192578175 -1.13843133783e-22 -7.58954225219e-23 0.00980549664612 
1.37481503557 1.64411287577e-21 1.09607525052e-21 0.0107419705653 
1.38028136131 1.24773690677e-21 8.31824604514e-22 0.00903346970672 
1.38903439562 3.29510370655e-22 2.19673580437e-22 0.00671053742374 
1.39910702951 9.12220023078e-22 6.08146682052e-22 0.00434769825131 
1.4084823522 -5.02319364091e-22 -3.3487957606e-22 0.00600246458543 
1.42427100767 7.93255581207e-22 5.28837054138e-22 0.00268555955204 
1.43731014911 9.14853472502e-22 6.09902315002e-22 -0.00037578985513 
1.44946748828 -2.82592133829e-22 -1.88394755886e-22 -0.00600270682701 
1.46334042836 -6.44904853919e-22 -4.29936569279e-22 -0.00714624557588 
1.46377099069 2.92474768586e-22 1.94983179057e-22 -0.00376976058447 
1.46971441479 2.43057096941e-22 1.62038064628e-22 -0.00223085715495 
1.47603518679 -3.38315806295e-22 -2.25543870863e-22 -0.00364467874706 
1.47788823752 -7.03246896932e-23 -4.68831264621e-23 -0.0026146384882 
1.48046012952 -4.20528164068e-22 -2.80352109379e-22 -0.00320251856489 
1.4883223062 -5.57890317932e-22 -3.71926878621e-22 -0.00658381638953 
1.49565523661 -5.07029472427e-22 -3.38019648284e-22 -0.00712296032936 
1.48772278773 1.04807041856e-21 6.98713612372e-22 -0.00539793905515 
1.48882775108 -3.9447962212e-22 -2.62986414747e-22 -0.00622246756496 
1.48346578763 2.66790427773e-22 1.77860285182e-22 -0.00344865141464 
1.47982030046 4.44996499681e-22 2.96664333121e-22 -0.00419885265032 
1.47982030046 4.44996499681e-22 2.96664333121e-22 -0.00419885265032 
1.48134034336 6.86946292635e-22 4.5796419509e-22 -0.0018790320837 
1.47821684735 5.0022272603e-22 3.33481817353e-22 -0.000664386144337 
1.47936521532 -3.44083345126e-22 -2.29388896751e-22 -0.00137679337862 
1.47693785632 -5.24106258248e-22 -3.49404172165e-22 -0.00217839851299 
1.48169652143 3.96278214397e-23 2.64185476265e-23 -0.000830197615286 
1.47753500629 1.24679347028e-21 8.31195646853e-22 0.000616496850888 
1.47753500629 1.24679347028e-21 8.31195646853e-22 0.000616496850888 
1.47173735976 7.14100730545e-22 4.76067153697e-22 -0.000474945064102 
1.46943306755 -6.10773534825e-22 -4.0718235655e-22 0.00242431499375 
1.46344923589 1.02900187465e-21 6.86001249767e-22 0.00566454157124 
1.46292100379 1.01796100414e-21 6.78640669427e-22 0.0026689287435 
1.46346590988 -1.16706825649e-22 -7.78045504324e-23 0.00535790034573 
1.45658111145 5.50751158913e-23 3.67167439275e-23 0.0108884315888 
1.45142674864 3.35905599572e-22 2.23937066381e-22 0.0101459986193 
1.4447276852 6.29587036631e-24 4.19724691088e-24 0.00973487427036 
1.44724105813 4.91850581228e-22 3.27900387485e-22 0.00896112038386 
1.43445137685 -2.5070896659e-22 -1.6713931106e-22 0.011812871917 
1.43654733371 7.57866751552e-22 5.05244501035e-22 0.0143253704438 
1.43493043636 -2.3492167834e-22 -1.56614452226e-22 0.0140227335367 
1.42489882206 -6.01621887611e-22 -4.01081258408e-22 0.0170957857688 
1.42588128838 8.97423892214e-22 5.98282594809e-22 0.0186877720044 
1.41944275231 -1.7475662522e-22 -1.16504416813e-22 0.020452581007 
1.41570671505 -1.23305386604e-21 -8.2203591069e-22 0.0222102441314 
1.4155524287 6.16683551528e-22 4.11122367685e-22 0.0216669162697 
1.41137558586 -8.36875595336e-22 -5.57917063557e-22 0.0270103298758 
1.40920169957 -1.16888470564e-21 -7.79256470428e-22 0.0267502809561 
1.40351744264 -4.23999739791e-22 -2.82666493194e-22 0.0269253595126 
1.39837905226 -7.69922701881e-22 -5.13281801254e-22 0.0289363181272 
1.38828615653 -1.29812796517e-21 -8.65418643448e-22 0.0290175834494 
1.38802137716 -9.49932604705e-23 -6.33288403137e-23 0.0308740445801 
1.38268442737 4.88380443098e-22 3.25586962065e-22 0.0297501131525 
1.37764462854 6.47630437213e-22 4.31753624808e-22 0.0303087339995 
1.37778095825 6.10135417219e-22 4.06756944812e-22 0.0295341698867 
1.36906194419 2.04466222662e-21 1.36310815108e-21 0.0287181083008 
1.36675140107 5.93825366434e-22 3.95883577623e-22 0.0281386676171 
1.36730993075 2.42687015064e-22 1.61791343376e-22 0.0242488105445 
1.36024850749 5.90489566136e-22 3.93659710757e-22 0.0215274502803 
1.35603765927 7.88836277109e-22 5.25890851406e-22 0.019038036672 
1.34404107562 5.41877617518e-22 3.61251745012e-22 0.022506818537 
1.33983488649 -9.48424246425e-23 -6.3228283095e-23 0.022909892385 
1.32529856064 8.4652713143e-23 5.64351420953e-23 0.0243559694548 
1.32422797065 -2.53616779268e-24 -1.69077852845e-24 0.0237162546733 
1.32431667183 -3.25214051012e-23 -2.16809367341e-23 0.0222520419253 
1.31884703116 0.000456282947391 0.000304188631594 0.021189950577 
1.30992138929 -1.21852695262e-19 -8.12351301748e-20 0.0201369633382 
1.29017915323 -6.18969678626e-18 -4.12646452417e-18 0.0235694833311 
1.27553913969 6.95684874114e-20 4.63789916076e-20 0.0266490194958 
1.26850674057 1.87260410468e-22 1.24840273645e-22 0.0268600612094 
1.25255334603 4.03103453504e-18 2.6873563567e-18 0.0290711570345 
1.23137291476 -6.09504601063e-19 -4.06336400709e-19 0.0304124760616 
1.21526489164 3.21388317472e-19 2.14258878315e-19 0.0285831696142 
1.19811421828 -1.06010268342e-18 -7.06735122282e-19 0.0273939782329 
1.17950171211 -1.29029855776e-18 -8.60199038508e-19 0.0265127685949 
1.16484728756 0.00388183432887 0.00258788955258 0.0291299184081 
1.13893770853 0.0122457719578 0.00816384797188 0.0271757655447 
1.10991811056 0.0224591370458 0.0149727580305 0.0295938172842 
1.08899362757 0.0311381028744 0.0207587352496 0.0289373046237 
1.06304292532 0.0426979138577 0.0284652759051 0.0311506487885 
1.09219074031 0.17526904464 0.11684602976 0.0265549015035 
1.07264266285 0.183418775328 0.122279183552 0.029388626247 
1.05882748363 0.191351861796 0.127567907864 0.0304807394834 
1.04218606985 0.198011019702 0.132007346468 0.0287791941605 
1.03848934296 0.201380160085 0.134253440056 0.0274390979351 
1.08636831072 0.31610148877 0.210734325847 0.023204517207 
1.08641543074 0.316207219661 0.210804813107 0.0184689155267 
1.08453601474 0.319693440783 0.213128960522 0.0162875598982 
1.07851914196 0.323663803395 0.21577586893 0.0171349364459 
1.07795915567 0.324112286558 0.216074857705 0.0161518300656 
1.07276990146 0.32677390605 0.2178492707 0.0167354425275 
1.06905891382 0.326980223959 0.217986815973 0.0163844720064 
1.06863830743 0.326718958654 0.217812639103 0.017299577763 
1.06936475572 0.326308837033 0.217539224689 0.0161482973381 
1.06852139366 0.326679779414 0.217786519609 0.0183069280472 
1.06410691176 0.328996220272 0.219330813514 0.0183839541939 
1.01185738892 0.252872479982 0.168581653321 0.019871644676 
1.00725527746 0.25647042997 0.170980286647 0.0184746023801 
0.991686602508 0.262935966035 0.175290644023 0.0204901436783 
0.976693972797 0.267551315342 0.178367543561 0.0212631331749 
0.976043803903 0.26762232077 0.178414880513 0.0199609298646 
0.915748346468 0.164140989173 0.109427326115 0.0223355908522 
0.9107108488 0.166918856666 0.111279237777 0.0224622860294 
0.885182040132 0.178487319258 0.118991546172 0.025128555014 
0.863363883364 0.189082635975 0.12605509065 0.025660483191 
0.84744960639 0.196884210264 0.131256140176 0.0237195306223 
0.818081928726 0.211056502045 0.140704334697 0.0236558175557 
0.785386724705 0.224180274754 0.149453516502 0.0199317089288 
0.751629102289 0.235897702911 0.157265135274 0.0150757882165 
0.709220159129 0.251139834798 0.167426556532 0.0119358383878 
0.632042456618 0.147466230377 0.0983108202514 0.00905141052078 
0.564656863877 0.0861065868203 0.0574043912136 -0.00655037746175 
0.490815735703 0.0260886712093 0.0173924474729 -0.0530166310024 
0.440354905861 0.0400702925226 0.0267135283484 -0.105416217563 
0.395968531036 0.0852761325785 0.0568507550523 -0.129390440231 
0.350043613872 0.137785289613 0.0918568597418 -0.183060536851 
0.303291498273 0.193179691344 0.128786460896 -0.193109017963 
0.271734506797 0.236642876493 0.157761917662 -0.203627132966 
0.247243568841 0.273528599628 0.182352399752 -0.214455912318 
0.231711546923 0.301259277879 0.200839518586 -0.226022713631 
0.214386936425 0.324176845837 0.216117897224 -0.235824974904 
0.200935803245 0.342705800492 0.228470533661 -0.242922532301 
0.183892864775 0.364813972339 0.243209314893 -0.249349320956 
0.171123891319 0.378934823445 0.25262321563 -0.251395671259 
0.161775743659 0.389923592038 0.259949061359 -0.252044835691 
0.151305425382 0.392340948611 0.261560632407 -0.254093325303 
0.139775788712 0.411252019103 0.274168012735 -0.251841333653 
0.00132153841846 0.0320679187468 0.0213786124978 0.0340035374145 
2.16840434497e-19 0.0321826123437 0.0214550748958 0.0341272190207 
4.06990088988e-22 0.0479781224384 0.0319854149589 0.0339928902646 
-3.11831639374e-19 0.0206916838694 0.0137944559129 0.0369072972821 
-7.79132136273e-23 0.0195493260294 0.0130328840196 0.0389426832872 
1.94551629145e-21 0.0191833876765 0.0127889251177 0.0410178949968 
1.94551629145e-21 0.0191833876765 0.0127889251177 0.0410178949968 
-1.65236835911e-22 0.00502867799218 0.00335245199479 0.0416063946282 
0.00235723177665 1.42275280451e-18 9.48501869676e-19 0.0437170797466 
0.0061870888693 7.84580551714e-23 5.23053701143e-23 0.0414840345135 
0.0102909116552 5.46774819158e-23 3.64516546105e-23 0.0394564914881 
0.00940555592269 0.0239387874649 0.0159591916433 0.0354217001597 
0.0150251076362 0.0234073126746 0.0156048751164 0.0335101542666 
0.0170590703863 0.0254797658918 0.0169865105945 0.0283786978017 
0.0201069412463 0.0528918374168 0.0352612249445 0.026118896147 
0.0196748222234 0.0817344130651 0.0544896087101 0.0230597661573 
0.0222249818414 0.0815252541805 0.0543501694537 0.0223287557568 
0.0307398114929 0.0799377570475 0.0532918380317 0.0215751077278 
0.0275156428142 0.101815674887 0.0678771165911 0.0210724031551 
0.0325704028547 0.101272208048 0.0675148053653 0.0210007486228 
0.036836427269 0.100645790879 0.0670971939193 0.0204657954918 
0.037671254806 0.153200972006 0.102133981337 0.0160876682938 
0.0391058898409 0.153617093222 0.102411395481 0.0155966610998 
0.0449588142875 0.189371862196 0.126247908131 0.0109221263592 
0.0394436211093 0.214697811194 0.143131874129 0.00657326982247 
0.0360379469407 0.294343855614 0.196229237076 -0.0254548611384 
0.0282923224099 0.349027985823 0.232685323882 -0.0647719232583 
0.019311104038 0.369313361427 0.246208907618 -0.113605977785 
0.00771987322522 0.385243691076 0.256829127384 -0.214745244586 
0.00416493329423 0.390943578231 0.260629052154 -0.327023684125 
0.00686933553349 0.380686767573 0.253791178382 -0.402043325213 
0.00994709278611 0.371929113712 0.247952742475 -0.470209779838 
0.0130476277857 0.358903069734 0.239268713156 -0.512763376242 
0.00310131523761 0.352497816815 0.234998544544 -0.517652256282 
1.17958292295e-18 0.349970516772 0.233313677848 -0.523598775598 
1.99720925185e-21 0.337933192966 0.225288795311 -0.523598775598 
5.80064073572e-22 0.328081982886 0.218721321924 -0.523598775598 
1.28360935618e-22 0.322272973069 0.214848648712 -0.523598775598 
-4.48969370618e-22 0.316407077313 0.210938051542 -0.523598775598 
5.32724135595e-22 0.309504256936 0.206336171291 -0.523598775598 
2.55525595071e-21 0.304242187392 0.202828124928 -0.523598775598 
2.55525595071e-21 0.304242187392 0.202828124928 -0.523598775598 
-3.07547064588e-21 0.298016361975 0.19867757465 -0.523598775598 
-3.07547064588e-21 0.298016361975 0.19867757465 -0.523598775598 
1.65836049938e-22 0.29269411231 0.195129408207 -0.523598775598 
1.65836049938e-22 0.29269411231 0.195129408207 -0.523598775598 
1.65836049938e-22 0.29269411231 0.195129408207 -0.523598775598 
-5.45314849569e-23 0.28807654417 0.192051029447 -0.523598775598 
-5.45314849569e-23 0.28807654417 0.192051029447 -0.523598775598 
-5.45314849569e-23 0.28807654417 0.192051029447 -0.523598775598 
-5.45314849569e-23 0.28807654417 0.192051029447 -0.523598775598 
-8.93613937932e-22 0.283276394231 0.188850929487 -0.523598775598 
-8.93613937932e-22 0.283276394231 0.188850929487 -0.523598775598 
-8.93613937932e-22 0.283276394231 0.188850929487 -0.523598775598 
-8.93613937932e-22 0.283276394231 0.188850929487 -0.523598775598 
-8.93613937932e-22 0.283276394231 0.188850929487 -0.523598775598 
-8.93613937932e-22 0.283276394231 0.188850929487 -0.523598775598 
-8.93613937932e-22 0.283276394231 0.188850929487 -0.523598775598 
-8.93613937932e-22 0.283276394231 0.188850929487 -0.523598775598 
-8.93613937932e-22 0.283276394231 0.188850929487 -0.523598775598 
3.88601105836e-21 0.287601160765 0.191734107176 -0.523598775598 
3.88601105836e-21 0.287601160765 0.191734107176 -0.523598775598 
3.88601105836e-21 0.287601160765 0.191734107176 -0.523598775598 
1.18500564737e-21 0.29442626527 0.196284176847 -0.523598775598 
1.18500564737e-21 0.29442626527 0.196284176847 -0.523598775598 
1.18500564737e-21 0.29442626527 0.196284176847 -0.523598775598 
-4.57040528421e-22 0.301347541609 0.200898361073 -0.523598775598 
-4.57040528421e-22 0.301347541609 0.200898361073 -0.523598775598 
1.04187688448e-22 0.308523779792 0.205682519861 -0.523598775598 
2.89420850356e-21 0.311698625449 0.207799083633 -0.523598775598 
-9.30366011322e-22 0.315921250241 0.210614166827 -0.523598775598 
6.76739007248e-23 0.320624091608 0.213749394405 -0.523598775598 
5.65614362983e-05 0.323927693147 0.215951795432 -0.523598775598 
0.00350851941046 0.32458109747 0.216387398313 -0.522734610832 
0.007769823869 0.326218181753 0.217478787835 -0.520851715186 
0.0146135298979 0.321400766686 0.21426717779 -0.51585512646 
0.0160754565517 0.324108492867 0.216072328578 -0.514963655657 
0.0199078079362 0.327609771201 0.218406514134 -0.512557662503 
0.00927905297312 0.332495653637 0.221663769091 -0.479539499321 
0.010562694217 0.341206843897 0.227471229264 -0.475001927621 
0.00643382367191 0.340718208561 0.227145472374 -0.441172632994 
0.01476356373 0.338595527572 0.225730351715 -0.43305541259 
0.0227335663083 0.342271179716 0.228180786477 -0.428771199944 
0.0149483462386 0.339225191279 0.226150127519 -0.385386519747 
0.0121777023473 0.339409841709 0.226273227806 -0.353313152613 
0.0143038338917 0.350805696955 0.233870464637 -0.347358921973 
0.0109217200369 0.351036585978 0.234024390652 -0.30494834362 
0.0156830727408 0.342403542194 0.228269028129 -0.273618990941 
0.0180077981849 0.343046647402 0.228697764935 -0.222394851674 
0.016520325486 0.347021816423 0.231347877615 -0.17857461024 
0.0190196382675 0.337330946846 0.224887297897 -0.12607809534 
0.0180582645404 0.328229654047 0.218819769365 -0.0763813248217 
0.0179582803386 0.29595912405 0.1973060827 -0.0331205098895 
0.0158396987032 0.295869673702 0.197246449134 -0.00690979914019 
0.0069296707405 0.252461672336 0.168307781557 0.0163079648157 
0.00234862290994 0.216924592826 0.144616395217 0.0295261538126 
8.38057004384e-20 0.213883332371 0.142588888247 0.0421311702445 
2.89138556769e-21 0.17970248818 0.119801658787 0.0485334336767 
-2.81324578123e-21 0.178625160974 0.119083440649 0.0536179030124 
2.93094845379e-23 0.161150020172 0.107433346781 0.0545254148459 
-1.17719127103e-21 0.158116315537 0.105410877025 0.0592250135497 
5.73078721137e-22 0.154010197562 0.102673465041 0.0631299469884 
5.73078721137e-22 0.154010197562 0.102673465041 0.0631299469884 
5.73078721137e-22 0.154010197562 0.102673465041 0.0631299469884 
2.55914688972e-21 0.149992999174 0.099995332783 0.0676023498058 
2.55914688972e-21 0.149992999174 0.099995332783 0.0676023498058 
2.55914688972e-21 0.149992999174 0.099995332783 0.0676023498058 
4.2531354908e-21 0.129600010924 0.0864000072826 0.0696861387135 
4.2531354908e-21 0.129600010924 0.0864000072826 0.0696861387135 
-1.18624038579e-21 0.130092384256 0.0867282561705 0.0727312632076 
-1.18624038579e-21 0.130092384256 0.0867282561705 0.0727312632076 
-1.18624038579e-21 0.130092384256 0.0867282561705 0.0727312632076 
1.03667990412e-21 0.130188766409 0.0867925109391 0.0697941943647 
2.60578537301e-22 0.134869094049 0.0899127293658 0.0652885492336 
2.60578537301e-22 0.134869094049 0.0899127293658 0.0652885492336 
0.00484025077218 0.133385943335 0.0889239622233 0.0697745503319 
0.0157899661833 0.130784297777 0.0871895318512 0.073249143205 
0.0294426457362 0.123104593762 0.0820697291747 0.0779114522888 
0.0407437647358 0.121414228343 0.0809428188954 0.0770312610759 
0.0512820000105 0.0880487176436 0.0586991450958 0.0788848619664 
0.0669291171386 0.0867056781084 0.0578037854056 0.0772419791877 
0.08380056218 0.0860944154709 0.0573962769806 0.0754235445285 
0.111427106997 0.0834523263597 0.0556348842398 0.0733897474071 
0.145749407284 0.0804983821325 0.0536655880883 0.0705354202576 
0.194579787591 0.118566306413 0.0790442042754 0.0461548290707 
0.290858720348 0.260823971001 0.173882647334 -0.108952239284 
0.359161603602 0.215443178425 0.143628785617 -0.048732311715 
0.43708637087 0.198996013947 0.132664009298 0.00882834113835 
0.55117514597 0.274195729904 0.182797153269 0.0260488553564 
0.649521891823 0.240306212515 0.160204141676 0.0329730831939 
0.732020293575 0.212443233141 0.141628822094 0.0416369047033 
0.815554064218 0.18367876174 0.122452507827 0.0410445275757 
0.888113612504 0.157537406543 0.105024937696 0.0407448305138 
0.953834863544 0.133545000901 0.0890300006009 0.0404266100572 
1.02194869024 0.107631535641 0.0717543570942 0.0365443268493 
1.08062210177 0.0848718255511 0.0565812170341 0.0364902456065 
1.10384487063 -7.25716998464e-18 -4.83811332309e-18 0.0398590135749 
1.14922259316 1.0150252816e-22 6.76683521067e-23 0.0367142083561 
1.17809049225 8.69338792469e-23 5.79559194979e-23 0.0359621156485 
1.20125029418 -6.43456341939e-23 -4.28970894626e-23 0.0356205977651 
1.21725275706 -1.21625563954e-22 -8.10837093026e-23 0.0377528357886 
1.23623095541 9.55104437885e-23 6.36736291923e-23 0.0309525741503 
1.24494739139 2.99410893832e-22 1.99607262555e-22 0.0286954026954 
1.25164694323 2.7891572482e-23 1.85943816547e-23 0.0252342944355 
1.24570238978 7.69054494999e-23 5.12702996666e-23 0.0258699695337 
1.25058676045 4.61226218617e-22 3.07484145744e-22 0.0255321712627 
1.24541479793 -1.62997778518e-23 -1.08665185679e-23 0.0277133668201 
1.24492130777 -1.3096724787e-22 -8.731149858e-23 0.0269692167937 
1.2411062394 -1.83171176016e-22 -1.22114117344e-22 0.0271654632681 
1.23701807371 -2.53997686626e-22 -1.69331791084e-22 0.025534554144 
1.23271956182 3.74205405171e-22 2.49470270114e-22 0.0244021857251 
1.22995459716 -4.0402959401e-25 -2.69353062674e-25 0.0223886028516 
1.22191897233 0.000451921920678 0.000301281280452 0.0232225512084 
1.21927192331 0.00122159559287 0.000814397061916 0.0204998839594 
1.21020242425 0.00236525738779 0.00157683825852 0.0211315690088 
1.19304599953 -5.2836403529e-18 -3.52242690193e-18 0.0236613080014 
1.19030965302 -1.18541396657e-22 -7.90275977712e-23 0.02082937172 
1.18732364611 0.000896219106384 0.000597479404256 0.0171508200206 
1.18505414867 0.00389667776513 0.00259778517675 0.0133499551628 
1.17871454221 0.00730122371651 0.00486748247767 0.0148482750973 
1.20824459 0.109529889242 0.0730199261614 0.0160632556472 
1.17969183606 0.0579959329637 0.0386639553091 0.015065334652 
1.21078122188 0.149777581283 0.0998517208552 0.0135409718532 
1.20422346642 0.151875313785 0.10125020919 0.0152342296232 
1.19827219156 0.153487874039 0.102325249359 0.0156100402678 
1.19120997664 0.155399498625 0.10359966575 0.0177759496699 
1.19348302066 0.155103196895 0.103402131264 0.0172462232295 
1.19359686066 0.155158255873 0.103438837248 0.0140185146099 
1.16379359737 0.103207873844 0.0688052492293 0.0135413470613 
1.15947996264 0.105295510261 0.0701970068407 0.0178920541951 
1.15699256103 0.106631044156 0.0710873627704 0.0183919943029 
1.1607426862 0.106617685924 0.0710784572826 0.0207149015204 
1.16416191932 0.108047477874 0.0720316519161 0.0201344124729 
1.16454713418 0.108308031191 0.0722053541272 0.0186606819479 
1.16011738628 0.109856587639 0.0732377250925 0.0203039906337 
1.15697185081 0.110801829386 0.0738678862576 0.0209919432815 
1.14840167513 0.112798446641 0.0751989644275 0.0240681338704 
1.14461187782 0.112589677959 0.0750597853057 0.0251530465358 
1.14954808678 0.111730215036 0.0744868100237 0.0237707771626 
1.14765363838 0.113837069501 0.075891379667 0.0216434917793 
1.14357405664 0.115471090095 0.0769807267299 0.0217791480364 
1.13899736979 0.116956037267 0.0779706915115 0.0223407424696 
1.13354962942 0.119093547152 0.0793956981014 0.024133607682 
1.12827001611 0.122054464094 0.0813696427294 0.0269503101587 
1.14339845013 0.17234641208 0.114897608053 0.025900829545 
1.13404173147 0.177115048717 0.118076699145 0.0246446711682 
1.11224247913 0.187060815348 0.124707210232 0.0263229096808 
1.08306634673 0.198341617921 0.132227745281 0.027385240856 
1.05819140344 0.207986426395 0.138657617597 0.0312527602243 
1.02593840803 0.221006728399 0.147337818933 0.0348223224581 
0.991177799388 0.235801020543 0.157200680362 0.0392588585743 
0.95450102499 0.253243363101 0.168828908734 0.0452747002688 
0.911670310992 0.271983681196 0.181322454131 0.0419091462628 
0.867325833345 0.291738136396 0.19449209093 0.0439685754311 
0.775540126931 0.236694493434 0.157796328956 0.0564761556593 
0.708224994819 0.264247852625 0.176165235084 0.0597923603414 
0.638638484246 0.290710174973 0.193806783315 0.0603382184283 
0.535890014503 0.244610030677 0.163073353785 0.080208115019 
0.44167578085 0.272337775703 0.181558517135 0.0856876618639 
0.357282087372 0.295123712987 0.196749141991 0.0850515842193 
0.289834261982 0.31159101219 0.20772734146 0.0844122375019 
0.192279861339 0.181962553011 0.121308368674 -0.221723176039 
0.11183333309 0.203134417732 0.135422945155 -0.117173282282 
0.0546850035118 0.17414927328 0.11609951552 -0.0638304797598 
0.01104772326 0.185349426478 0.123566284319 -0.0483338829719 
7.70011607773e-18 0.245073680404 0.163382453603 -0.046323870611 
1.03404848387e-20 0.321784844137 0.214523229425 -0.0607979267977 
1.32951554813e-20 0.330013929586 0.220009286391 -0.0545711327706 
-2.58190885153e-21 0.367328658065 0.244885772044 -0.0593050865704 
-1.36502911972e-21 0.411808723779 0.274539149186 -0.100891999826 
-1.36502911972e-21 0.411808723779 0.274539149186 -0.100891999826 
-5.74957968817e-22 0.449439922329 0.299626614886 -0.104445346136 
8.68591147467e-21 0.436559807344 0.291039871563 -0.110043213468 
1.36045593094e-20 0.383480427373 0.255653618248 -0.0640156523787 
1.36045593094e-20 0.383480427373 0.255653618248 -0.0640156523787 
1.36045593094e-20 0.383480427373 0.255653618248 -0.0640156523787 
3.5990672802e-21 0.41223746337 0.27482497558 -0.0546743391311 
3.5990672802e-21 0.41223746337 0.27482497558 -0.0546743391311 
3.5990672802e-21 0.41223746337 0.27482497558 -0.0546743391311 
3.5990672802e-21 0.41223746337 0.27482497558 -0.0546743391311 
3.5990672802e-21 0.41223746337 0.27482497558 -0.0546743391311 
3.5990672802e-21 0.41223746337 0.27482497558 -0.0546743391311 
7.39675324006e-21 0.316714886913 0.211143257942 -0.000603738700685 
7.39675324006e-21 0.316714886913 0.211143257942 -0.000603738700685 
1.40762988253e-20 0.260876071513 0.173917381009 0.0120143077278 
1.40762988253e-20 0.260876071513 0.173917381009 0.0120143077278 
1.04264972148e-20 0.22013473283 0.146756488553 0.0225256590935 
1.04264972148e-20 0.22013473283 0.146756488553 0.0225256590935 
7.81338785506e-21 0.281061520212 0.187374346808 0.0189220507086 
-1.37192163172e-20 0.267445093737 0.178296729158 0.0125333420168 
-6.77456974437e-22 0.240669295397 0.160446196931 0.0146604220207 
-1.80207703942e-19 0.209280353534 0.139520235689 0.0153445053299 
0.0246885968259 0.202236718241 0.134824478827 0.0199291797306 
0.0470227911957 0.196822806214 0.131215204143 0.0240117366464 
0.0768392464016 0.193186380441 0.128790920294 0.0231062637501 
0.119628741347 0.195768015736 0.130512010491 0.0140054646156 
0.203859706592 0.289678623658 0.193119082439 -0.124710324665 
0.247089499837 0.27795123937 0.185300826247 -0.0567771053233 
0.317021694368 0.290823865598 0.193882577066 -0.00778375323441 
0.378810407002 0.314028251325 0.20935216755 0.0195880844979 
0.447105337295 0.301335342688 0.200890228459 0.0401091603528 
0.555396946026 0.366308476719 0.244205651146 0.0499814626406 
0.631729201155 0.340275693312 0.226850462208 0.067819904017 
0.729913891078 0.35659197411 0.23772798274 0.0653132703469 
0.791678568395 0.329112931729 0.219408621153 0.0756958450901 
0.848348379 0.302118826997 0.201412551331 0.0773139848037 
0.905545808197 0.272740645229 0.181827096819 0.0738212629622 
0.928563937968 0.181448493797 0.120965662532 0.0834548298636 
0.974758106671 0.161126638924 0.107417759283 0.0824411387087 
0.984280886467 0.0446365288645 0.0297576859097 0.0946546541431 
1.02962766957 0.0261093481282 0.0174062320855 0.0904869659251 
1.07421109695 -1.81321141648e-18 -1.20880761099e-18 0.0848951349301 
1.1189772985 -1.63445306021e-22 -1.08963537347e-22 0.0767957735497 
1.1647113885 9.00261889573e-22 6.00174593048e-22 0.0648236754195 
1.19621437092 1.5569933062e-22 1.03799553747e-22 0.0573341266212 
1.21842385132 7.79385054832e-22 5.19590036555e-22 0.056232108332 
1.22411590522 8.44949011776e-22 5.63299341184e-22 0.0599743009381 
1.23476557788 -1.17525036669e-21 -7.83500244462e-22 0.0618591185657 
1.24171711039 1.06361170079e-21 7.09074467196e-22 0.0631387789907 
1.24142549965 7.16339485756e-22 4.77559657171e-22 0.0663306920842 
1.22812893252 -2.44844330325e-22 -1.6322955355e-22 0.0720147791779 
1.19291564316 -7.64322703556e-18 -5.09548469037e-18 0.0855760120477 
1.15306738824 0.00828823355108 0.00552548903405 0.0998281618367 
1.10151189204 0.0254693926232 0.0169795950821 0.12147186111 
1.04231003463 0.0548874669226 0.0365916446151 0.14090297045 
1.03721070743 0.280787696518 0.187191797679 0.129310330494 
0.980198544253 0.321163813549 0.214109209033 0.142824536538 
0.992161525027 0.525219677747 0.350146451831 0.132179782962 
0.933078953857 0.597151295078 0.398100863385 0.138482841232 
0.92560025157 0.702221294793 0.468147529862 0.138906112507 
0.883783546012 0.789071554288 0.526047702859 0.142173116381 
0.82598682234 0.850137884433 0.566758589622 0.140200951159 
0.767371482879 0.91333434774 0.60888956516 0.137140654477 
0.697439417714 0.978301572465 0.65220104831 0.129089466347 
0.635734121846 1.03055103897 0.687034025978 0.11828867037 
0.56649127583 1.08004528142 0.720030187611 0.101902527595 
0.473363322259 1.13778862042 0.758525746947 0.0776983725619 
0.371918760588 1.19188829268 0.794592195123 0.0477893232243 
0.279160269195 1.2357419415 0.823827960997 0.0156846675007 
0.18191968431 1.27588049985 0.850586999897 -0.0243790042558 
0.0842979564419 1.30852789137 0.872351927581 -0.0616952757555 
-2.52005910339e-19 1.33579936056 0.890532907038 -0.100609912626 
1.97812169329e-21 1.36691387857 0.911275919046 -0.123259031223 
-2.15485247061e-21 1.39645428428 0.930969522854 -0.139687901862 
4.18540356609e-21 1.41473241775 0.943154945165 -0.15214908207 
-4.72161430323e-22 1.42707866874 0.951385779159 -0.160302003935 
1.77441330726e-21 1.43812126468 0.958747509788 -0.166954104836 
-2.72250490994e-21 1.44409722349 0.962731482328 -0.171264790392 
-3.40268293537e-21 1.44786217438 0.965241449587 -0.175555543568 
2.03892474716e-21 1.45211121848 0.96807414565 -0.176262074553 
7.98515710045e-22 1.45632955253 0.970886368354 -0.176976354311 
-3.52959835045e-23 1.45556835518 0.970378903454 -0.180363175417 
-4.44206169441e-21 1.45614399848 0.970762665655 -0.180570911849 
3.04113088352e-21 1.45447765915 0.969651772768 -0.180726007609 
-6.29829041634e-22 1.45296841353 0.968645609021 -0.184356470982 
8.70392240846e-22 1.45415661552 0.96943774368 -0.184554287009 
3.09339167309e-21 1.45516374358 0.970109162387 -0.184731715699 
2.02886188344e-21 1.45616331204 0.970775541358 -0.185225093764 
1.3627305724e-22 1.45678088244 0.971187254962 -0.185737972868 
1.3627305724e-22 1.45678088244 0.971187254962 -0.185737972868 
-3.6645640864e-21 1.45604500746 0.97069667164 -0.186241057823 
-3.55387366518e-21 1.45530018577 0.970200123845 -0.186581587121 
-3.55387366518e-21 1.45530018577 0.970200123845 -0.186581587121 
-4.12556017924e-21 1.45462532079 0.969750213858 -0.189750525873 
-4.12556017924e-21 1.45462532079 0.969750213858 -0.189750525873 
4.88091586232e-22 1.45692220446 0.971281469641 -0.189631137287 
8.2741539036e-22 1.45710344012 0.971402293412 -0.185994457275 
2.2852565956e-21 1.45600597289 0.970670648597 -0.185832424453 
1.4447894182e-21 1.4534653273 0.968976884864 -0.185577868369 
1.31842142489e-21 1.4511678832 0.967445255466 -0.185093199271 
-3.26308709568e-21 1.44865469581 0.965769797206 -0.181775972555 
-5.59237584702e-21 1.44641017178 0.964273447851 -0.181052505796 
4.16061929988e-21 1.44229788167 0.961531921114 -0.173980342169 
1.86364663932e-21 1.42268409554 0.948456063696 -0.163756703684 
4.79416834616e-21 1.4071377285 0.938091819001 -0.152959250553 
5.64626409822e-21 1.38612413264 0.924082755094 -0.141435287749 
4.64405073979e-21 1.35978532063 0.906523547087 -0.128073981279 
1.18715448618e-23 1.32762632736 0.885084218242 -0.112393031802 
0.0508244473307 1.29777029398 0.865180195985 -0.0813671084618 
0.151732395862 1.26255242405 0.841701616035 -0.0437844968843 
0.252681513707 1.22066385659 0.813775904395 -0.00896928893063 
0.351148343122 1.1774709842 0.784980656131 0.0204869540792 
0.458063764929 1.12472840539 0.749818936926 0.0438570742247 
0.541573344927 1.07939228121 0.719594854141 0.0599824342014 
0.620242362044 1.03067178651 0.687114524341 0.0707043318778 
0.694179714339 0.979887416558 0.653258277705 0.0729458216757 
0.757381457014 0.933814840656 0.622543227104 0.075717930414 
0.81403183684 0.888907655758 0.592605103838 0.0734118264331 
0.82943022646 0.840842225021 0.560561483347 0.0659826896375 
0.884307473487 0.811554078363 0.541036052242 0.0615926704979 
0.898137932169 0.778734899345 0.519156599563 0.0579190166398 
0.915167782784 0.745960231544 0.497306821029 0.0490913712949 
0.931491660367 0.719207436631 0.479471624421 0.0424490309689 
0.94849165563 0.695209059197 0.463472706131 0.0382026969394 
0.96524595111 0.672620382817 0.448413588544 0.0313495083578 
0.97964418056 0.653948356322 0.435965570881 0.0249173406088 
0.998499311607 0.631407671283 0.420938447522 0.0171805272062 
1.0101193993 0.618972500368 0.412648333578 0.0116050512966 
1.0180217886 0.6092507274 0.4061671516 0.00469432453592 
1.02490417912 0.602195122389 0.401463414926 0.00305766640012 
1.0295310823 0.599200016337 0.399466677558 0.00242969864644 
1.01621659468 0.612282100853 0.408188067235 0.00406237753765 
1.00980337001 0.618422654998 0.412281769999 0.00333962742118 
0.943600355283 0.596843588534 0.39789572569 -0.0008749874879 
0.892974241212 0.599537356673 0.399691571115 0.000859518307729 
0.876730164839 0.615778324285 0.410518882857 -0.000113261902514 
0.823781790137 0.613571159012 0.409047439342 -0.00224308680306 
0.74202388614 0.599440211738 0.399626807826 -0.00454906453373 
0.676980801659 0.582059289223 0.388039526149 -0.00944745755936 
0.59844259838 0.561853853568 0.374569235712 -0.013187799477 
0.506297532348 0.530642362212 0.353761574808 -0.0220895069467 
0.416006433751 0.501211640648 0.334141093765 -0.034076718346 
0.340361868334 0.480559638576 0.320373092384 -0.0486468938269 
0.268012242598 0.471775226378 0.314516817585 -0.0662995386638 
0.214030650205 0.465371477295 0.31024765153 -0.0927996483677 
0.170105143773 0.465624781559 0.31041652104 -0.126004709849 
0.141167944572 0.471181911247 0.314121274165 -0.162553746553 
0.118075128238 0.489887014528 0.326591343019 -0.178094810901 
0.101442424311 0.500405076222 0.333603384148 -0.210969269779 
0.0841346507125 0.520947770873 0.347298513915 -0.221961236413 
0.0647468934475 0.536585796714 0.357723864476 -0.229481151781 
0.0468101238967 0.551152035374 0.367434690249 -0.2334816165 
0.0283339484186 0.567708768887 0.378472512591 -0.235501022481 
0.0106593939176 0.5679147463 0.378609830867 -0.194534248638 
0.0015925368855 0.570907754316 0.380605169544 -0.196419570862 
2.16840434497e-19 0.572128794109 0.381419196072 -0.196168327043 
2.16840434497e-19 0.572128794109 0.381419196072 -0.196168327043 
0.00436746314218 0.570773289894 0.380515526596 -0.194780020212 
0.00831906973308 0.569250646919 0.379500431279 -0.193832552902 
0.0015502281296 0.572112038575 0.381408025717 -0.195373750042 
0.0013887982211 0.579181364932 0.386120909955 -0.194749712184 
0.00338079409995 0.579150813112 0.386100542075 -0.194474862749 
0.00528614376785 0.579169320738 0.386112880492 -0.194357860559 
0.00528614376785 0.579169320738 0.386112880492 -0.194357860559 
0.00528614376785 0.579169320738 0.386112880492 -0.194357860559 
0.00849621616471 0.579528546267 0.386352364178 -0.194038016643 
0.0186428024346 0.576565149005 0.384376766003 -0.192637742239 
0.0315912284664 0.570425631974 0.38028375465 -0.229779344644 
0.035280814519 0.569645218675 0.379763479117 -0.229108673362 
0.0371331642123 0.569144930515 0.379429953677 -0.228925330208 
0.042144900373 0.567516234962 0.378344156641 -0.228163178828 
0.0452215597273 0.565625170282 0.377083446855 -0.227687012465 
0.0435253195007 0.565537510064 0.377025006709 -0.228347472335 
0.0491006131563 0.564208719551 0.376139146367 -0.227719248558 
0.0516553646343 0.563316012602 0.375544008401 -0.227856632375 
0.0599906529966 0.560626243753 0.373750829168 -0.226870935716 
0.0805629335077 0.538853852824 0.359235901883 -0.252117266443 
0.0950482350659 0.523899354582 0.349266236388 -0.245687867643 
0.102536840675 0.520738671308 0.347159114205 -0.243454368448 
0.116351511108 0.502157286032 0.334771524021 -0.235483604506 
0.129558228474 0.488825869288 0.325883912858 -0.229889230531 
0.150248726488 0.469190841669 0.312793894446 -0.22461567337 
0.16691307807 0.452652957149 0.301768638099 -0.222162773367 
0.185798131285 0.434564839458 0.289709892972 -0.218805297674 
0.204153268442 0.41588967253 0.277259781687 -0.207010964805 
0.225457532897 0.393535707375 0.26235713825 -0.188879803834 
0.256888569865 0.367032372953 0.244688248635 -0.164287099809 
0.301934323742 0.333799395084 0.222532930056 -0.125031479138 
0.355191159713 0.308110386834 0.205406924556 -0.0750995497682 
0.4344630211 0.343976289839 0.229317526559 -0.033976310208 
0.53199931381 0.355992783433 0.237328522289 -0.0127567453122 
0.621847702237 0.37289186175 0.2485945745 0.000594334806096 
0.723834935928 0.41635366055 0.277569107033 0.0129273022079 
0.798999306759 0.375285465564 0.250190310376 0.027459412591 
0.882572322351 0.332639839439 0.221759892959 0.0358838631789 
0.965969366136 0.291574098894 0.194382732596 0.039503676593 
1.03961253372 0.255130865686 0.170087243791 0.0428161806371 
1.05875327719 0.0986094735183 0.0657396490122 0.0490394798358 
1.09668781736 0.019174257356 0.0127828382374 0.0476189827289 
1.14947431518 -2.22281035672e-20 -1.48187357115e-20 0.040259388645 
1.19010321577 1.59225424055e-23 1.06150282704e-23 0.0376763461817 
1.22007333878 1.13384196458e-21 7.55894643053e-22 0.0336352808151 
1.23877516211 3.16380083294e-22 2.1092005553e-22 0.0298531624648 
1.25317725885 -3.71007981471e-22 -2.47338654314e-22 0.0256910677929 
1.25286911135 -1.63585751235e-22 -1.0905716749e-22 0.0272225561914 
1.24360700823 1.51433649845e-22 1.00955766563e-22 0.0305521177033 
1.21425783349 0.00443793110089 0.00295862073393 0.0396969025153 
1.18049647042 0.0122772636176 0.00818484241172 0.0489249982981 
1.14747023139 0.0252801360235 0.0168534240157 0.0576760619865 
1.08463714568 0.0520018426107 0.0346678950738 0.0740533703926 
1.07983883141 0.284851385751 0.189900923834 0.0665779196826 
0.999189567132 0.328749407182 0.219166271455 0.0764318494893 
1.00005682255 0.508986959031 0.339324639354 0.0741893242398 
0.966538021753 0.618059227771 0.412039485181 0.0793044687389 
0.911942463935 0.698605204288 0.465736802858 0.0875847501775 
0.875701177387 0.774546996376 0.516364664251 0.0929690327619 
0.843526041202 0.85589718899 0.570598125993 0.0974093710432 
0.777066253624 0.913055597433 0.608703731622 0.0968978189879 
0.717926445501 0.969780855031 0.646520570021 0.0942651297728 
0.637860871652 1.03277336181 0.68851557454 0.0856138757788 
0.558030013028 1.08767712598 0.725118083988 0.074544631144 
0.468899016443 1.14248964951 0.76165976634 0.0579936200367 
0.375662858082 1.19263761579 0.795091743859 0.0353462609465 
0.281258622799 1.23684245406 0.82456163604 0.00822655996716 
0.182064207382 1.2775484777 0.851698985132 -0.0222890071984 
0.0606920212362 1.32109103898 0.880727359322 -0.0625748756735 
-1.46850733602e-18 1.3576868659 0.90512457727 -0.0949920692325 
2.6134368888e-21 1.3939289615 0.92928597433 -0.113128380011 
-4.18678958458e-21 1.42871739178 0.952478261186 -0.129802719181 
-1.3922364377e-23 1.45473171529 0.969821143528 -0.143264295693 
-5.65253544323e-21 1.47835282033 0.985568546888 -0.154400865457 
2.87547421223e-21 1.50316117715 1.00210745143 -0.164006397208 
3.67357029894e-22 1.52442067035 1.0162804469 -0.172425993261 
-1.37365092369e-21 1.54221030745 1.02814020497 -0.174715853114 
1.21761958627e-21 1.5517449109 1.03449660727 -0.181925865118 
1.52160803285e-21 1.55737323792 1.03824882528 -0.182856109572 
4.48547711331e-22 1.56330220556 1.04220147037 -0.183962442475 
-3.92767877328e-22 1.56478489631 1.04318993088 -0.189907533287 
5.67899101594e-22 1.56675701545 1.04450467696 -0.190185332833 
1.36317663726e-22 1.56947421356 1.04631614237 -0.190220081001 
1.52596437348e-22 1.57380740833 1.04920493889 -0.184137232833 
-1.40045979115e-21 1.57919351244 1.05279567496 -0.177859283143 
-1.53666867965e-21 1.58528245581 1.05685497054 -0.169865103792 
8.02484389245e-22 1.5921167289 1.0614111526 -0.162141243463 
6.29542848538e-22 1.59783808567 1.06522539045 -0.155728719799 
-1.36090635193e-21 1.60420701465 1.0694713431 -0.147645476137 
-2.31814756363e-21 1.61062537037 1.07375024691 -0.139993218049 
1.45337789836e-21 1.61449646555 1.07633097703 -0.13334221958 
1.96510605311e-21 1.62025446026 1.08016964017 -0.122213476113 
1.89404012959e-21 1.62585599027 1.08390399352 -0.111911910453 
8.39226091923e-22 1.62952696598 1.08635131065 -0.101226081333 
2.9239023955e-21 1.63344568542 1.08896379028 -0.0888373763816 
-6.39269528767e-22 1.63632295967 1.09088197311 -0.0757379556323 
2.11886810154e-21 1.6380544916 1.09203632773 -0.0623517853944 
-8.10770971131e-22 1.63721177433 1.09147451622 -0.0490540413884 
-2.97165305094e-21 1.63391454481 1.08927636321 -0.0366491798948 
3.52747878699e-21 1.63120262584 1.08746841723 -0.0260592742798 
4.28560435952e-21 1.6286758661 1.08578391073 -0.0144294946296 
-1.79920839793e-21 1.62757615532 1.08505077021 -0.0041398155332 
-5.55938451459e-21 1.62453559677 1.08302373118 0.00558869072163 
4.93502740038e-21 1.62118693445 1.08079128963 0.015845169543 
-2.28230947751e-22 1.61568895418 1.07712596945 0.0252207404057 
-2.76188833439e-21 1.6115771801 1.07438478673 0.0334532011525 
2.9604138866e-21 1.60694600003 1.07129733335 0.0412727620434 
-4.21493981904e-21 1.60121296396 1.06747530931 0.0480257387034 
1.31109190378e-21 1.59660572286 1.06440381524 0.053430511244 
1.05350124946e-20 1.59463780295 1.06309186863 0.0590805195963 
2.25454161476e-22 1.59367451302 1.06244967535 0.0594056116827 
6.79528296555e-21 1.59224772719 1.06149848479 0.0653267295081 
1.14427710534e-20 1.59060823947 1.06040549298 0.0653516360042 
6.84943556167e-21 1.5885527244 1.0590351496 0.0655584753501 
8.12271487406e-22 1.58688734657 1.05792489772 0.0658341482703 
-8.22466860993e-21 1.58617554535 1.05745036357 0.0703725498373 
-8.22466860993e-21 1.58617554535 1.05745036357 0.0703725498373 
4.92583327038e-21 1.58671089789 1.05780726526 0.0703842080602 
1.40803845835e-21 1.58760721281 1.05840480854 0.0702852506451 
3.10955275625e-21 1.58693868816 1.05795912544 0.0700489095343 
-8.4458253464e-21 1.58761964841 1.05841309894 0.06986605592 
-1.90241314484e-21 1.58882124399 1.05921416266 0.0697069241127 
-8.51682979704e-22 1.59020892204 1.06013928136 0.069513199087 
4.27287577131e-21 1.59141901193 1.06094600796 0.0693650343969 
-8.00556391023e-23 1.59064474768 1.06042983179 0.0691742316585 
3.86868833799e-21 1.59146185879 1.06097457252 0.068955279527 
3.86868833799e-21 1.59146185879 1.06097457252 0.068955279527 
6.64014927248e-21 1.59261184192 1.06174122795 0.0688451151431 
-5.60768909846e-21 1.59137682117 1.06091788078 0.0686194604626 
-1.51297522009e-22 1.59089256553 1.06059504368 0.0684364826848 
1.78100361661e-21 1.59003597057 1.06002398038 0.068332220381 
-7.00528886359e-22 1.58818282619 1.05878855079 0.0681864973254 
-7.00528886359e-22 1.58818282619 1.05878855079 0.0681864973254 
9.15943502858e-21 1.58652979453 1.05768652969 0.0681640241897 
9.15943502858e-21 1.58652979453 1.05768652969 0.0681640241897 
2.94730004245e-21 1.58776992407 1.05851328271 0.0683674975659 
-4.84566208682e-21 1.58848334164 1.05898889442 0.0685596316621 
9.75205771882e-22 1.59266059158 1.06177372772 0.0687036817414 
6.56362304409e-21 1.59484483885 1.06322989256 0.0685668169049 
-4.51246625478e-21 1.60099793573 1.06733195715 0.0613165281065 
-8.54312730172e-22 1.61164357637 1.07442905091 0.0526812789951 
6.81370416974e-22 1.6237896059 1.08252640393 0.0413876483493 
-6.64033633533e-22 1.63654852463 1.09103234975 0.0298361105629 
-3.27105961635e-21 1.6504848596 1.10032323974 0.0148589052401 
-4.01921231201e-21 1.66419381584 1.10946254389 -0.00139455320965 
3.12719012444e-21 1.67629959854 1.11753306569 -0.015745212824 
-7.70070109925e-22 1.68940851716 1.12627234478 -0.0336143455203 
-8.99002251967e-22 1.69918440314 1.13278960209 -0.048845736825 
-3.74671920222e-22 1.70721961877 1.13814641252 -0.0636452589864 
0.654065810877 1.67196733009 1.11464488672 0.000533048592907 
0.717525469551 1.67072614079 1.11381742719 -0.0186686564178 
0.768698189212 1.66870760927 1.11247173951 -0.0354010064795 
0.811322466765 1.66697601951 1.11131734634 -0.0549214371011 
0.846239522606 1.66610124908 1.11073416605 -0.0660051834891 
0.873395730868 1.6647908595 1.109860573 -0.0742325016751 
0.896590957554 1.66451034638 1.10967356425 -0.0811310963493 
0.913675684762 1.66410112281 1.10940074854 -0.0853461387826 
0.926874145911 1.66305606907 1.10870404604 -0.0896202418629 
0.937202027834 1.66208515766 1.10805677177 -0.0937232869834 
0.945312059266 1.66201871082 1.10801247388 -0.0947826353679 
0.950234302776 1.6622014894 1.10813432627 -0.095992870499 
0.950413487869 1.66262879221 1.10841919481 -0.0960555309685 
0.955256866111 1.66226123908 1.10817415939 -0.095706096194 
0.955256866111 1.66226123908 1.10817415939 -0.095706096194 
0.955120743552 1.66167677017 1.10778451345 -0.0956129982126 
0.955120743552 1.66167677017 1.10778451345 -0.0956129982126 
0.955119241446 1.66207117248 1.10804744832 -0.0956553692276 
0.955098840436 1.66253071552 1.10835381035 -0.0956724547184 
0.954746042568 1.66140299423 1.10760199615 -0.0955314268104 
0.948786427918 1.66194954323 1.10796636215 -0.0949002617878 
0.948606064888 1.66156536367 1.10771024245 -0.094847009931 
0.940298923334 1.66075834687 1.10717223125 -0.0936699256482 
0.934670142668 1.65984883037 1.10656588691 -0.0931379644465 
0.929574931269 1.65961047872 1.10640698581 -0.0910893991644 
0.92241189932 1.65964623649 1.10643082433 -0.0882435858047 
0.915464555666 1.65813056461 1.1054203764 -0.0850555778647 
0.908085295905 1.65761212278 1.10507474852 -0.0831106530736 
0.90284279045 1.65783784061 1.10522522707 -0.081534573189 
0.896993919375 1.65743800685 1.10495867124 -0.0797315728032 
0.888959504813 1.65743300762 1.10495533842 -0.0780664829844 
0.87881107528 1.65794628402 1.10529752268 -0.0763020961429 
0.863085160404 1.65953577729 1.10635718486 -0.0719920760683 
0.844973671575 1.66175606118 1.10783737412 -0.0665519724931 
0.82537404464 1.66501135165 1.11000756776 -0.0619663497256 
0.801184330218 1.6698615872 1.11324105814 -0.0558333085106 
0.773882371255 1.67294544734 1.1152969649 -0.046680295902 
0.744455755449 1.67582519674 1.11721679783 -0.036436636874 
0.706376236104 1.67934900424 1.11956600283 -0.0205334356017 
0.658638243416 1.68152014669 1.12101343113 -0.0129246581378 
0.611333053188 1.68368961955 1.12245974637 0.000984155580525 
0.551047057605 1.68453011569 1.12302007713 0.0157429701386 
0.483203603711 1.68637215307 1.12424810204 0.0263433481971 
0.381993622142 1.68904512213 1.12603008142 0.0298682027876 
-4.79153692668e-15 1.70184155891 1.13456103927 -0.0180508859561 
-1.55741125056e-22 1.69121994503 1.12747996336 -0.0063429517738 
-2.26345764945e-21 1.67914354258 1.11942902839 0.00353177695383 
-5.63561272526e-22 1.65902387926 1.10601591951 0.0172242236124 
-4.99891873456e-21 1.64244775755 1.0949651717 0.0290893183347 
3.2015193135e-21 1.63051673582 1.08701115721 0.0401546999348 
-1.35716508088e-21 1.61946765121 1.07964510081 0.0490143649647 
8.55842312665e-21 1.61194525017 1.07463016678 0.0561582217439 
-3.32887049346e-21 1.6055626958 1.07037513053 0.0619617850902 
8.31038093584e-21 1.60135923226 1.06757282151 0.0621456135063 
-6.48324721949e-22 1.60048254315 1.0669883621 0.0694908697536 
3.4764186917e-21 1.59663795302 1.06442530201 0.0694711983132 
3.4764186917e-21 1.59663795302 1.06442530201 0.0694711983132 
1.24572006515e-20 1.59616460072 1.06410973381 0.0695512572175 
3.99720233028e-21 1.59527463025 1.06351642017 0.069533267985 
-2.69282581102e-21 1.59467326138 1.06311550759 0.0694968714798 
3.24817519169e-21 1.59367837655 1.06245225104 0.0694132838494 
5.35250587835e-21 1.59432472898 1.06288315265 0.0693144681515 
-9.0036303433e-22 1.59319482937 1.06212988624 0.0691607595677 
-9.0036303433e-22 1.59319482937 1.06212988624 0.0691607595677 
-9.0036303433e-22 1.59319482937 1.06212988624 0.0691607595677 
-9.0036303433e-22 1.59319482937 1.06212988624 0.0691607595677 
8.86140152349e-22 1.59454378012 1.06302918675 0.0690544936051 
-3.16083037378e-21 1.59368142245 1.06245428163 0.0688870364216 
6.92997551476e-22 1.59509165901 1.06339443934 0.0688338319666 
9.97477561807e-21 1.59197949802 1.06131966535 0.0687166554564 
-5.38925866871e-21 1.58998024299 1.05998682866 0.0686478607449 
-5.03024066243e-21 1.5877924385 1.05852829233 0.0686024942717 
1.30398972741e-20 1.58591698271 1.05727798848 0.0686202848744 
1.25485121312e-21 1.58306325254 1.05537550169 0.0687356382611 
6.24837105387e-21 1.57442607013 1.04961738009 0.0732375637426 
2.79406102896e-21 1.56590750421 1.04393833614 0.0730973899402 
-7.02239452026e-21 1.55670163205 1.03780108804 0.0730912718942 
3.61123781798e-21 1.54542025293 1.03028016862 0.0807345556115 
-3.54056198585e-21 1.53222567163 1.02148378109 0.0804065677396 
8.45819896337e-21 1.5155512726 1.01036751507 0.0881855794749 
-9.10365922969e-22 1.49366742976 0.995778286506 0.0919336739573 
7.06621849396e-21 1.46976612858 0.979844085722 0.0971817736183 
3.10168938074e-21 1.44643102515 0.964287350099 0.102094561056 
-5.3948579953e-21 1.4158391715 0.943892781002 0.108374083618 
1.06661914154e-21 1.38085015043 0.920566766952 0.111894202899 
2.03632089949e-21 1.34752278066 0.898348520441 0.114742470768 
3.93668890726e-22 1.3076820205 0.871788013664 0.117831304024 
-6.52508093117e-22 1.2697161152 0.846477410132 0.121274961766 
2.54677903904e-19 1.23059631875 0.820397545831 0.124557126486 
0.0290225652612 1.19069760983 0.793798406553 0.126269154988 
0.0698436425598 1.15059539875 0.767063599169 0.124067193094 
0.10052310664 1.11451225661 0.743008171074 0.119963706522 
0.117157822766 1.07194810024 0.714632066829 0.11167490102 
0.125261771043 1.02955203902 0.686368026013 0.0965798028607 
0.13343592021 0.993666792296 0.662444528198 0.0826637211158 
0.119899563302 0.958541237126 0.639027491418 0.0680245499519 
0.106814488044 0.911115940678 0.607410627118 0.0552947216742 
0.0855281707278 0.871946483554 0.581297655703 0.0427223201799 
0.0593448298155 0.832146011248 0.554764007499 0.0315763011132 
0.0363055220583 0.786809251798 0.524539501199 0.0221339612912 
0.0135417603619 0.751675908156 0.501117272104 0.0163528880677 
-8.49381655568e-19 0.723643334475 0.48242888965 -0.00239890885776 
3.08856326712e-21 0.717499381124 0.478332920749 -0.0137399013387 
9.99402089951e-22 0.721805699565 0.48120379971 -0.0329911390007 
1.58846810671e-21 0.729878284584 0.486585523056 -0.041491035556 
5.79357515552e-21 0.7132230321 0.4754820214 -0.0615840707322 
-8.28213025629e-21 0.717857174652 0.478571449768 -0.065400931082 
-2.70039824225e-21 0.722989894419 0.481993262946 -0.0686181622481 
2.11302561602e-21 0.705278124104 0.470185416069 -0.0703417978194 
-4.49839047113e-22 0.714211203851 0.476140802568 -0.0801405423232 
-4.49839047113e-22 0.714211203851 0.476140802568 -0.0801405423232 
4.37572358249e-21 0.720413326645 0.480275551097 -0.085560265631 
7.41609834017e-21 0.731497801466 0.487665200978 -0.085733999728 
-8.2084864965e-21 0.739669584917 0.493113056611 -0.0812383580309 
1.64357037592e-20 0.754106558622 0.502737705748 -0.066239223857 
1.89964171906e-21 0.780637725197 0.520425150131 -0.0556283404999 
4.52154979975e-22 0.773339532697 0.515559688465 -0.0538896040941 
9.9008330223e-21 0.783585129353 0.522390086235 -0.0518985985846 
-9.60522857876e-23 0.803667488833 0.535778325889 -0.0351305704028 
-1.22563795407e-21 0.815461031768 0.543640687846 -0.0328037578964 
-5.48318116758e-21 0.831312021848 0.554208014566 -0.0207937809879 
1.12297928545e-20 0.848296510258 0.565531006839 -0.0177290232098 
8.42272724372e-21 0.860108121762 0.573405414508 -0.00739437470631 
-5.53453434933e-21 0.886328148715 0.590885432477 -0.00272392093331 
6.28072749731e-22 0.910892244547 0.607261496365 0.00884585936007 
5.22121448633e-22 0.936846286789 0.624564191192 0.0133139481228 
-3.05798174719e-21 0.963645526658 0.642430351105 0.0196937277239 
-2.29520046586e-21 0.986005648695 0.65733709913 0.0312951975748 
-8.92211498218e-22 1.00737610387 0.671584069246 0.0361204163244 
-1.32394025922e-21 1.028140696 0.685427130669 0.0420680712002 
3.5067260822e-21 1.05697440263 0.70464960175 0.0493359806186 
2.29404937208e-21 1.0825354029 0.721690268599 0.0561246133071 
-2.9336381729e-22 1.10458109643 0.736387397623 0.0620490736256 
-2.59172436578e-21 1.12726792124 0.751511947496 0.071858927415 
-5.64112245729e-23 1.14868913273 0.765792755154 0.0763474436648 
3.03474982659e-21 1.16834826187 0.778898841247 0.0805208625584 
4.10426753849e-21 1.19382605544 0.795884036961 0.0857961685776 
-3.15877444853e-21 1.21388048044 0.809253653629 0.0902247848842 
-2.85208593237e-21 1.23255326016 0.821702173441 0.0994937234472 
-6.48469706633e-22 1.25305978139 0.835373187596 0.10311334046 
3.62345139405e-22 1.273251168 0.848834112001 0.106613490146 
-4.47748678693e-21 1.29311792897 0.862078619311 0.110113640838 
-1.26306163145e-21 1.31200566764 0.874670445094 0.113457753619 
1.15809545551e-21 1.32654607559 0.884364050393 0.116189473526 
-2.80577687378e-22 1.33810434494 0.892069563296 0.118344142186 
-2.953632031e-22 1.35217470004 0.901449800025 0.120790888878 
-1.35291355415e-21 1.36609859799 0.910732398663 0.12327212109 
-8.52075660295e-23 1.37888652867 0.919257685777 0.125436263145 
3.41934988934e-21 1.39446608092 0.929644053948 0.127808194299 
8.11973061852e-22 1.40907711745 0.939384744966 0.129844393649 
7.59816250522e-21 1.42507961778 0.950053078522 0.131689723426 
-2.55051450605e-21 1.44006754397 0.960045029315 0.132971727507 
-3.906621604e-21 1.45405545856 0.969370305705 0.129099409874 
7.34158378321e-21 1.46773646707 0.978490978044 0.130049222719 
9.15083298716e-22 1.4831484965 0.988765664334 0.123835853004 
1.52399886498e-21 1.49922443071 0.999482953809 0.119859443213 
2.74736630866e-21 1.51685851842 1.01123901228 0.113128266427 
3.401723682e-21 1.53601921371 1.02401280914 0.105315417715 
-7.29959879687e-21 1.55391663515 1.03594442343 0.097358322697 
3.18682143438e-21 1.57147474681 1.04764983121 0.0893093208961 
5.10346624104e-21 1.59019130264 1.06012753509 0.078858976823 
4.45571325872e-21 1.60609039732 1.07072693155 0.0707159631257 
8.10048136098e-21 1.61767228128 1.07844818752 0.0634379062977 
9.91395321937e-22 1.62688198179 1.08458798786 0.0557787836459 
-7.59292752219e-21 1.63621361654 1.0908090777 0.0498456368817 
-5.91437421348e-21 1.64176451263 1.09450967509 0.0446268530172 
7.70857788442e-21 1.64768450591 1.09845633728 0.0392303832513 
8.16511779292e-22 1.65305625161 1.10203750107 0.0390050338884 
2.09166379634e-21 1.65728845074 1.10485896716 0.0308718619508 
2.65827688236e-21 1.66120068041 1.10746712027 0.030688194855 
-2.33614752546e-23 1.66518606642 1.11012404428 0.0255541387566 
4.52266892838e-22 1.66593812493 1.11062541662 0.0254360688066 
-3.62861280086e-21 1.66762011473 1.11174674316 0.0252495169189 
-3.06447041098e-21 1.6698157192 1.11321047947 0.0249973662432 
4.91457877579e-21 1.67002597845 1.1133506523 0.0197757764142 
-3.42132336541e-21 1.67055013763 1.11370009175 0.0197309829087 
3.76675086216e-22 1.67108067961 1.11405378641 0.0196545834418 
-7.00672502915e-21 1.67174103146 1.11449402097 0.0195616948527 
-7.00672502915e-21 1.67174103146 1.11449402097 0.0195616948527 
-2.7337081936e-21 1.67251516696 1.1150101113 0.0194129767877 
1.17459903976e-21 1.67300596342 1.11533730895 0.019240318214 
-1.90808283245e-21 1.67370152931 1.11580101954 0.0190297865794 
-1.90808283245e-21 1.67370152931 1.11580101954 0.0190297865794 
-7.02882139734e-22 1.675515557 1.11701037134 0.0187345478729 
-2.50079465107e-23 1.67450846657 1.11633897771 0.018403041561 
2.50988598224e-21 1.67374837476 1.11583224984 0.0181464609507 
2.14869742045e-22 1.673002733 1.11533515534 0.0178802699129 
2.31929028963e-22 1.67239076869 1.11492717913 0.0176452924058 
-3.72034049278e-21 1.66983981442 1.11322654294 0.0174818877086 
-1.05929803748e-21 1.66847749112 1.11231832741 0.0174395335116 
1.62613433137e-21 1.66536647273 1.11024431515 0.0174899054923 
-9.33166852732e-22 1.66070034606 1.10713356404 0.0176550524653 
-4.00881455954e-22 1.65656836288 1.10437890858 0.0227348929899 
-7.92489520089e-21 1.65036057712 1.10024038475 0.0229640167935 
1.12528199286e-21 1.64402353792 1.09601569195 0.0312106201459 
-1.3178041125e-21 1.63360191405 1.0890679427 0.037071945879 
2.66910472884e-21 1.62232961783 1.08155307856 0.0429243658441 
1.74308191541e-21 1.61072472161 1.07381648108 0.0500731667349 
-1.17892077902e-21 1.59773441643 1.06515627762 0.0558454226642 
1.14853229845e-20 1.58415034687 1.05610023125 0.0613467160937 
-7.76904442833e-22 1.57250088837 1.04833392558 0.0613363245479 
6.39226640373e-24 1.55989499059 1.03992999373 0.0698873392735 
1.74037698024e-21 1.54726718971 1.0315114598 0.0697442158985 
8.72755671369e-21 1.53202941164 1.02135294109 0.0785316721961 
1.33591784578e-20 1.51237222611 1.00824815074 0.0829131597207 
2.25624311317e-21 1.49123480388 0.99415653592 0.0873976733817 
5.34335523768e-22 1.46969939235 0.979799594899 0.091799647058 
-6.45223668247e-22 1.4435414622 0.962360974803 0.0903806866673 
1.42321995507e-20 1.41803457896 0.945356385975 0.0959144676275 
-1.78796259904e-21 1.3891254877 0.926083658465 0.0937303472815 
6.48032671926e-21 1.35992101655 0.906614011031 0.0912082166152 
-5.9785875019e-22 1.32638768493 0.884258456619 0.0880742779237 
1.83404893081e-21 1.29942724428 0.866284829519 0.0853023776547 
-3.21009292752e-21 1.26585440214 0.843902934759 0.0810069019606 
3.35069269876e-21 1.23022488443 0.820149922952 0.0704013449258 
6.09834980254e-22 1.19220608344 0.794804055625 0.0593224283126 
-1.04695373474e-19 1.14340575529 0.762270503527 0.0444915966684 
-4.53789221137e-19 1.09461490227 0.729743268179 0.0296148874739 
-4.05291133611e-19 1.05321041073 0.702140273819 0.0135518331412 
-3.06370327251e-18 1.00921372298 0.672809148652 -0.00328090321631 
2.84126769472e-21 0.970116816316 0.646744544211 -0.0222194069909 
2.47314016906e-21 0.934445106743 0.622963404495 -0.0418170951238 
-1.08055958237e-21 0.903500018493 0.602333345662 -0.0595710531732 
8.10117139737e-21 0.880129145384 0.58675276359 -0.0749436287547 
-7.75115733036e-21 0.857793472834 0.571862315223 -0.0847590284014 
1.53592312501e-20 0.836210759429 0.557473839619 -0.0941701658152 
-1.87504189766e-21 0.831067359097 0.554044906065 -0.09384122137 
9.27176443826e-21 0.823714255403 0.549142836936 -0.0985527973109 
1.22138681123e-20 0.811988273771 0.541325515847 -0.116325142632 
1.22138681123e-20 0.811988273771 0.541325515847 -0.116325142632 
-4.24748259369e-21 0.789558473724 0.526372315816 -0.144637989664 
8.16242947163e-22 0.793700852487 0.529133901658 -0.149163077168 
6.60667206658e-23 0.755156579185 0.503437719456 -0.198215381372 
6.60667206658e-23 0.755156579185 0.503437719456 -0.198215381372 
6.60667206658e-23 0.755156579185 0.503437719456 -0.198215381372 
-7.66883904079e-21 0.759715305688 0.506476870459 -0.205613898015 
-7.66883904079e-21 0.759715305688 0.506476870459 -0.205613898015 
-7.66883904079e-21 0.759715305688 0.506476870459 -0.205613898015 
-7.66883904079e-21 0.759715305688 0.506476870459 -0.205613898015 
-7.66883904079e-21 0.759715305688 0.506476870459 -0.205613898015 
-7.84950424032e-22 0.650687400179 0.433791600119 -0.417506615133 
-7.84950424032e-22 0.650687400179 0.433791600119 -0.417506615133 
-7.84950424032e-22 0.650687400179 0.433791600119 -0.417506615133 
-2.67046020324e-21 0.656894259117 0.437929506078 -0.418419305596 
-2.67046020324e-21 0.656894259117 0.437929506078 -0.418419305596 
7.5637150992e-21 0.672333312648 0.448222208432 -0.38282366593 
7.5637150992e-21 0.672333312648 0.448222208432 -0.38282366593 
2.26458979516e-21 0.663454173707 0.442302782471 -0.376979917264 
2.26458979516e-21 0.663454173707 0.442302782471 -0.376979917264 
7.04260490335e-21 0.627153251195 0.418102167463 -0.441200606249 
-3.00500875511e-21 0.606866468663 0.404577645775 -0.435035742955 
9.67099642279e-21 0.582036332215 0.388024221477 -0.485170244986 
-7.19636841506e-21 0.56357354392 0.375715695946 -0.523598775598 
-4.12582728689e-21 0.548361770408 0.365574513606 -0.523598775598 
8.51183869975e-21 0.532625636786 0.355083757858 -0.523598775598 
8.76126447777e-22 0.518478230977 0.345652153984 -0.523598775598 
-3.94173975672e-21 0.502740340148 0.335160226766 -0.523598775598 
9.45140713853e-21 0.491946523591 0.32796434906 -0.523598775598 
7.10323593862e-21 0.484768529769 0.323179019846 -0.523598775598 
-5.03276982764e-22 0.476024212726 0.317349475151 -0.523598775598 
2.99215366668e-21 0.466563781436 0.311042520957 -0.523598775598 
-3.99018188157e-21 0.459197777043 0.306131851362 -0.523598775598 
1.17376061794e-20 0.455317500666 0.303545000444 -0.523598775598 
1.46732298699e-21 0.450902462066 0.300601641377 -0.523598775598 
1.46732298699e-21 0.450902462066 0.300601641377 -0.523598775598 
-4.26785142689e-21 0.445640707207 0.297093804805 -0.523598775598 
-4.26785142689e-21 0.445640707207 0.297093804805 -0.523598775598 
-4.26785142689e-21 0.445640707207 0.297093804805 -0.523598775598 
-4.26785142689e-21 0.445640707207 0.297093804805 -0.523598775598 
-4.26785142689e-21 0.445640707207 0.297093804805 -0.523598775598 
-4.26785142689e-21 0.445640707207 0.297093804805 -0.523598775598 
-1.01042717621e-20 0.449417793621 0.299611862414 -0.523598775598 
8.95183915748e-21 0.458531182336 0.305687454891 -0.523598775598 
6.06459115875e-21 0.467679345371 0.311786230247 -0.523598775598 
-2.65444202602e-21 0.482413292182 0.321608861455 -0.523598775598 
7.44959347858e-21 0.497327430968 0.331551620645 -0.523598775598 
3.41776071487e-21 0.513178283842 0.342118855895 -0.523598775598 
6.22418668218e-21 0.535219598122 0.356813065415 -0.523598775598 
5.03058673329e-23 0.557095830585 0.37139722039 -0.520734948387 
-8.63157377135e-22 0.584719427107 0.389812951405 -0.472432910512 
5.99206526468e-21 0.622454322317 0.414969548211 -0.398986340289 
2.26965097457e-21 0.658962390689 0.439308260459 -0.338450956285 
-3.23760957897e-21 0.670942946397 0.447295297598 -0.340126869675 
-4.38428535536e-22 0.681289347388 0.454192898259 -0.337952643371 
0.00624874615106 0.687005121337 0.458003414225 -0.337612239554 
0.0219087356386 0.68909953404 0.45939968936 -0.337406771533 
0.0364503265732 0.682258041295 0.454838694197 -0.379746437526 
0.0469283349015 0.684804426538 0.456536284358 -0.38033664617 
0.054584225259 0.684923357989 0.456615571993 -0.382233889823 
0.0625930493643 0.674365359716 0.449576906477 -0.411734364395 
0.0660059180058 0.673623608547 0.449082405698 -0.411383525646 
0.0660059180058 0.673623608547 0.449082405698 -0.411383525646 
0.0694919153465 0.673158365185 0.448772243457 -0.411767116939 
0.0694919153465 0.673158365185 0.448772243457 -0.411767116939 
0.074576417937 0.670041706406 0.446694470938 -0.411153091519 
0.074576417937 0.670041706406 0.446694470938 -0.411153091519 
0.074576417937 0.670041706406 0.446694470938 -0.411153091519 
0.070561739609 0.67012941341 0.446752942273 -0.413703092888 
0.0671395766527 0.673851923244 0.449234615496 -0.418029773602 
0.0671395766527 0.673851923244 0.449234615496 -0.418029773602 
0.0671395766527 0.673851923244 0.449234615496 -0.418029773602 
0.0627295720128 0.675962328531 0.450641552354 -0.420530211216 
0.0627295720128 0.675962328531 0.450641552354 -0.420530211216 
0.0587749937184 0.675169581905 0.450113054603 -0.420518340441 
0.0527406133731 0.674565715324 0.449710476883 -0.420146770112 
0.0273173554043 0.699073279774 0.466048853183 -0.387586232928 
0.007730901436 0.707566229649 0.471710819766 -0.363204311174 
2.16840434497e-19 0.706804329429 0.471202886286 -0.363229677282 
-1.1927875386e-21 0.700206519905 0.466804346603 -0.361740163101 
3.35647257256e-21 0.673073714851 0.448715809901 -0.417866979195 
5.01891574966e-21 0.642560128753 0.428373419169 -0.467167900372 
-1.07392079587e-20 0.616148005202 0.410765336802 -0.51816842836 
-5.76946374205e-20 0.599632283876 0.399754855917 -0.523598775598 
7.09766166549e-21 0.583426947589 0.388951298393 -0.523598775598 
1.22437210303e-20 0.568085475653 0.378723650435 -0.523598775598 
6.67428172174e-21 0.552294692072 0.368196461381 -0.523598775598 
3.81862745337e-21 0.538022446394 0.358681630929 -0.523598775598 
1.1307740978e-20 0.528671773214 0.352447848809 -0.523598775598 
8.48468320993e-21 0.521789338825 0.347859559217 -0.523598775598 
1.43032207664e-20 0.515217757616 0.343478505077 -0.523598775598 
9.12650723458e-21 0.509773324169 0.33984888278 -0.523598775598 
9.12650723458e-21 0.509773324169 0.33984888278 -0.523598775598 
1.076895841e-20 0.504861446152 0.336574297435 -0.523598775598 
1.076895841e-20 0.504861446152 0.336574297435 -0.523598775598 
1.076895841e-20 0.504861446152 0.336574297435 -0.523598775598 
1.076895841e-20 0.504861446152 0.336574297435 -0.523598775598 
1.076895841e-20 0.504861446152 0.336574297435 -0.523598775598 
1.076895841e-20 0.504861446152 0.336574297435 -0.523598775598 
1.076895841e-20 0.504861446152 0.336574297435 -0.523598775598 
1.076895841e-20 0.504861446152 0.336574297435 -0.523598775598 
2.56978306435e-21 0.499914893658 0.333276595772 -0.523598775598 
2.56978306435e-21 0.499914893658 0.333276595772 -0.523598775598 
2.56978306435e-21 0.499914893658 0.333276595772 -0.523598775598 
-5.0555736399e-21 0.50516461566 0.33677641044 -0.523598775598 
-5.0555736399e-21 0.50516461566 0.33677641044 -0.523598775598 
1.91574799743e-21 0.509326980224 0.339551320149 -0.523598775598 
1.91574799743e-21 0.509326980224 0.339551320149 -0.523598775598 
-5.95751643484e-21 0.513688736631 0.342459157754 -0.523598775598 
-5.95751643484e-21 0.513688736631 0.342459157754 -0.523598775598 
7.73364457532e-21 0.51839739853 0.345598265687 -0.523598775598 
7.73364457532e-21 0.51839739853 0.345598265687 -0.523598775598 
1.24097052182e-21 0.522972641694 0.348648427796 -0.523598775598 
-1.01464989105e-20 0.528118933823 0.352079289216 -0.523598775598 
-5.63762596711e-21 0.535930602307 0.357287068205 -0.523598775598 
4.86356618991e-21 0.54680379176 0.364535861173 -0.523598775598 
-3.46744617054e-21 0.56106819345 0.3740454623 -0.523598775598 
-6.58675965151e-21 0.574653798515 0.383102532343 -0.523598775598 
-7.63045549323e-21 0.593175950194 0.395450633463 -0.523598775598 
5.26024281058e-21 0.620077340795 0.413384893863 -0.523598775598 
1.01901726969e-20 0.648380274108 0.432253516072 -0.523598775598 
6.87306808638e-21 0.673559712613 0.449039808409 -0.523595385409 
-4.52843124908e-22 0.719776714345 0.479851142897 -0.423258842741 
-8.47266934122e-22 0.733983633296 0.489322422197 -0.4014569378 
0.0155576547104 0.736794791629 0.491196527753 -0.400996649899 
0.0583592230415 0.696997109683 0.464664739789 -0.445837159821 
0.0810719741802 0.684150382195 0.456100254796 -0.440529443892 
0.110694333365 0.650684948227 0.433789965485 -0.477862427338 
0.110694333365 0.650684948227 0.433789965485 -0.477862427338 
0.116504672206 0.64939824329 0.432932162193 -0.476010930973 
0.122920340262 0.642953857721 0.428635905147 -0.471919166617 
0.12897349408 0.640178264485 0.426785509657 -0.471110913354 
0.128545656357 0.634948068367 0.423298712244 -0.470703481383 
0.128545656357 0.634948068367 0.423298712244 -0.470703481383 
0.128545656357 0.634948068367 0.423298712244 -0.470703481383 
0.128545656357 0.634948068367 0.423298712244 -0.470703481383 
0.128545656357 0.634948068367 0.423298712244 -0.470703481383 
0.12513849936 0.633371138694 0.422247425796 -0.471412683259 
0.12513849936 0.633371138694 0.422247425796 -0.471412683259 
0.12513849936 0.633371138694 0.422247425796 -0.471412683259 
0.128585595849 0.625626870735 0.41708458049 -0.466151818464 
0.128585595849 0.625626870735 0.41708458049 -0.466151818464 
0.128585595849 0.625626870735 0.41708458049 -0.466151818464 
0.133729139204 0.618158534543 0.412105689696 -0.460492051077 
0.135644194456 0.614225399478 0.409483599652 -0.458309983058 
0.1327576734 0.613367589016 0.408911726011 -0.458625376079 
0.134303699513 0.610740849376 0.407160566251 -0.456149835753 
0.137533931206 0.604959570406 0.403306380271 -0.451124834387 
0.148518624328 0.593358434052 0.395572289368 -0.441011554199 
0.15707025725 0.578763308959 0.385842205973 -0.428656054864 
0.184529789772 0.547037099307 0.364691399538 -0.400095653052 
0.207570397941 0.517315125445 0.344876750297 -0.371864849196 
0.230049249538 0.488181784354 0.325454522903 -0.339950278619 
0.259821855204 0.534779770951 0.356519847301 -0.226147156758 
0.308730767651 0.552733482574 0.368488988382 -0.170153476014 
0.359242673869 0.565663368939 0.377108912626 -0.136229444497 
0.413033433484 0.585023069684 0.390015379789 -0.107120868099 
0.464699488739 0.610684645727 0.407123097151 -0.0859324094239 
0.508772090348 0.638122803724 0.425415202483 -0.0701017888072 
0.553400464228 0.665265851811 0.443510567874 -0.0583782472386 
0.592676151559 0.695633416436 0.463755610957 -0.0464353472243 
0.631656082191 0.71527100922 0.47684733948 -0.0367586570599 
0.631646698462 0.716559686821 0.47770645788 -0.0284260961879 
0.691089744081 0.768074535318 0.512049690212 -0.0108490506547 
0.690309343777 0.770242978747 0.513495319164 -0.00185082700297 
0.684620905347 0.791403449931 0.527602299954 0.0102897617475 
0.727012021469 0.824246270744 0.549497513829 0.025590707854 
0.721142027867 0.840653378516 0.560435585677 0.0362303328579 
0.707379934981 0.877610942948 0.585073961965 0.0492760210404 
0.695008526636 0.912761947252 0.608507964834 0.060547937402 
0.642509988633 0.960330155639 0.640220103759 0.0718759797368 
0.596513189128 1.00566393076 0.67044262051 0.079297005524 
0.551081398262 1.04788711465 0.698591409765 0.0850831547664 
0.492264918822 1.09634252876 0.730895019175 0.0876800288712 
0.439056913481 1.13777285915 0.758515239432 0.0868347729968 
0.37994355898 1.17858214685 0.785721431234 0.0805465394729 
0.310045023782 1.22360452145 0.81573634763 0.0678799372291 
0.249116423021 1.26014366385 0.8400957759 0.0524700055537 
0.152809953224 1.31052197735 0.873681318231 0.0207037232545 
0.056395406282 1.35660388857 0.904402592378 -0.0144568267281 
1.02219108526e-17 1.39285816996 0.928572113304 -0.042016964696 
-1.23924130553e-21 1.418698938 0.945799291998 -0.058088475062 
-4.99231357721e-21 1.44468744218 0.963124961451 -0.072982679857 
-4.26286985765e-21 1.46676764734 0.977845098228 -0.086337489181 
1.75338327979e-21 1.48615346863 0.990768979085 -0.0976847590735 
2.3431067391e-21 1.50244348473 1.00162898982 -0.109962978402 
3.142534537e-21 1.51583558363 1.01055705575 -0.120809753967 
-1.98556063805e-21 1.53381198347 1.02254132232 -0.129598982893 
-3.74208127516e-22 1.54812215121 1.03208143414 -0.138264385097 
-1.4087919179e-21 1.55950757628 1.03967171752 -0.143822682758 
3.50620787415e-22 1.5693933609 1.0462622406 -0.144946292859 
-1.95456462618e-21 1.57644825514 1.05096550343 -0.153019179944 
1.43852973921e-21 1.58331877304 1.0555458487 -0.1537602977 
-7.99819884006e-22 1.58818643457 1.05879095638 -0.154443178757 
6.1010912263e-22 1.59309097587 1.06206065058 -0.155249298744 
1.03569329838e-21 1.5975111613 1.06500744087 -0.15596059827 
-9.2274552701e-22 1.5997806344 1.06652042293 -0.159941103099 
5.88306095088e-22 1.60222523499 1.06815015666 -0.160214382219 
6.03711837054e-22 1.60313797606 1.06875865071 -0.160500788691 
1.10291375177e-21 1.60508175264 1.07005450176 -0.160952651266 
6.46309816886e-22 1.60775875824 1.07183917216 -0.161293517368 
-1.5812306155e-22 1.61087618038 1.07391745359 -0.16167471025 
5.14891962098e-22 1.61144155436 1.07429436957 -0.161900963389 
-8.37802913578e-23 1.61235895232 1.07490596821 -0.162188652651 
2.86697483816e-24 1.61507524447 1.07671682965 -0.162647790684 
3.30637461678e-22 1.61648845348 1.07765896898 -0.162886732735 
9.3753420159e-23 1.61723219809 1.07815479873 -0.163073721076 
-4.23176157329e-23 1.61944766863 1.07963177909 -0.163320516171 
1.55171728221e-22 1.62180094854 1.08120063236 -0.163608693389 
4.04004743065e-23 1.62342203532 1.08228135688 -0.163858155015 
3.19146430371e-05 1.62656860791 1.08437907194 -0.164203384948 
0.000224385285393 1.63026631921 1.0868442128 -0.164598730134 
0.000382973166845 1.63096456388 1.08730970926 -0.164768669728 
0.00065176099067 1.63279033496 1.08852688998 -0.165046027129 
0.00065176099067 1.63279033496 1.08852688998 -0.165046027129 
0.000985683710472 1.63427962088 1.08951974725 -0.165307500251 
0.0013903843475 1.63502327981 1.09001551987 -0.165533535403 
0.00167662436234 1.63403328974 1.08935552649 -0.165631123851 
0.00204293858587 1.63504867729 1.09003245153 -0.165864081528 
0.00204293858587 1.63504867729 1.09003245153 -0.165864081528 
0.00223814457264 1.63435332833 1.08956888555 -0.16581717672 
0.00187873148901 1.62746574741 1.08497716494 -0.165145515188 
7.8178584691e-20 1.62078846717 1.08052564478 -0.163643824785 
-1.00998982919e-21 1.6122297225 1.074819815 -0.155717221255 
-2.96943520073e-22 1.59445012298 1.06296674865 -0.148984821542 
3.94614276251e-22 1.5770079487 1.05133863247 -0.140498499766 
-3.9509283813e-21 1.5606838699 1.04045591327 -0.13015744663 
5.09388063653e-21 1.53797632211 1.02531754807 -0.120236846198 
4.00455917183e-22 1.51650991731 1.01100661154 -0.108940551437 
3.17671331554e-21 1.48672015918 0.991146772786 -0.0952361005044 
-2.16584053539e-21 1.45836845117 0.972245634112 -0.0806945608278 
-3.47110221438e-22 1.4308821335 0.953921422334 -0.0687881964308 
1.10150402709e-21 1.40024263038 0.93349508692 -0.0568905935613 
3.14045999402e-22 1.36466754556 0.90977836371 -0.0447102073299 
-2.67080539118e-20 1.32704114603 0.884694097357 -0.0327997875365 
0.0787225326672 1.28881380844 0.859209205629 -0.0110372433987 
0.157549328795 1.25227942158 0.834852947719 0.00691617579993 
0.245671233429 1.20890166574 0.805934443829 0.0224982386117 
0.331185503061 1.16524980515 0.776833203434 0.034654485181 
0.408263623855 1.12321852885 0.748812352568 0.0423503846837 
0.51073889399 1.06630256682 0.710868377881 0.047854259127 
0.597089799351 1.01399226196 0.675994841305 0.0467702570585 
0.673065520173 0.965445337528 0.643630225018 0.0423697302698 
0.747393154441 0.912421860862 0.608281240575 0.0336111419005 
0.803792648611 0.865013546048 0.576675697366 0.0238558350387 
0.888397496648 0.797540035722 0.531693357148 0.00760829452203 
0.928532249708 0.7171100317 0.478073354467 -0.0141837267303 
1.02397737432 0.692201956272 0.461467970848 -0.0252777885736 
1.05801714591 0.646771324092 0.431180882728 -0.0385612926778 
1.16549879288 0.666533480487 0.444355653658 -0.0397184610834 
1.26038541106 0.682242248364 0.454828165576 -0.0398271761538 
1.31540777673 0.687505117906 0.45833674527 -0.0398643396595 
1.36917985104 0.692141987742 0.461427991828 -0.0399897179889 
1.41364910247 0.692056112737 0.461370741825 -0.0406057712167 
1.42210188012 0.680278502114 0.45351900141 -0.0428728002219 
1.45216100493 0.683284484365 0.455522989576 -0.042927526845 
1.47947090895 0.68444457622 0.456296384147 -0.0439513361397 
1.48465031182 0.677873950887 0.451915967258 -0.0466895454036 
1.48774246491 0.673499633694 0.448999755796 -0.0482264812051 
1.49163932376 0.668035457819 0.445356971879 -0.0488443510126 
1.49629180525 0.664289569732 0.442859713155 -0.0497252994709 
1.49952882046 0.662274595399 0.441516396933 -0.048947121986 
1.49988263657 0.661781417685 0.44118761179 -0.0480815309357 
1.50177411293 0.659000787145 0.439333858097 -0.0454404555815 
1.50259044187 0.657300544397 0.438200362931 -0.0447197608051 
1.49073295475 0.648524556591 0.432349704394 -0.047161919269 
1.49343658842 0.645286823219 0.430191215479 -0.046928310395 
1.49525541887 0.642765025627 0.428510017084 -0.0475110089568 
1.4950905539 0.642806496547 0.428537664365 -0.0465871344496 
1.48159375741 0.635137938922 0.423425292615 -0.0460336219555 
1.48170704868 0.634845984599 0.423230656399 -0.0449613749246 
1.48125925632 0.634665392388 0.423110261592 -0.0432126591984 
1.44157135388 0.609575029945 0.406383353297 -0.0488433823966 
1.44103958798 0.61257729212 0.408384861414 -0.0478487603174 
1.44023310871 0.615700501677 0.410467001118 -0.0454224582335 
1.4406156543 0.615851464553 0.410567643035 -0.0474920769957 
1.45522388454 0.628812025881 0.419208017254 -0.0449374612388 
1.45361797687 0.629969368002 0.419979578668 -0.0450232084481 
1.45011490425 0.630458917217 0.420305944811 -0.0444597310094 
1.45011490425 0.630458917217 0.420305944811 -0.0444597310094 
1.4498542483 0.630467662941 0.420311775294 -0.0440116870784 
1.44753559748 0.631383364051 0.420922242701 -0.0438726764081 
1.41628385631 0.614729077937 0.409819385292 -0.0452941599244 
1.43902989201 0.628066167344 0.418710778229 -0.0429457073564 
1.43902989201 0.628066167344 0.418710778229 -0.0429457073564 
1.43757316881 0.629689155024 0.419792770016 -0.0429467886111 
1.4377680146 0.629746696529 0.419831131019 -0.0435589379309 
1.41257651352 0.616946139018 0.411297426012 -0.0462665883415 
1.41249261564 0.617222011791 0.411481341194 -0.0453725214306 
1.40939353019 0.621550684454 0.414367122969 -0.0446048811422 
1.43848928245 0.645005385515 0.430003590343 -0.0408489172674 
1.435089876 0.649753135959 0.433168757306 -0.0391055474821 
1.40809655073 0.64549940189 0.430332934594 -0.0390252097191 
1.40163441127 0.653335338013 0.435556892009 -0.0356168802517 
1.39819923461 0.658884071912 0.439256047942 -0.0333621648731 
1.32963172263 0.636909189626 0.424606126418 -0.0355318674727 
1.32262074458 0.645735147199 0.430490098133 -0.0330828013383 
1.27713135979 0.637401175183 0.424934116789 -0.0314331455452 
1.26363857673 0.653482610897 0.435655073931 -0.0273383365191 
1.1863262448 0.636986992047 0.424657994698 -0.0275690555558 
1.16821009197 0.658948922833 0.439299281889 -0.0235397427622 
0.959423512066 0.531357550924 0.354238367283 -0.0360585808077 
0.805099183979 0.423722277077 0.282481518051 -0.0430529990341 
0.702493562294 0.371305508409 0.247537005606 -0.0491103243378 
0.605196830682 0.337946701662 0.225297801108 -0.0588184117467 
0.513520694615 0.310568207106 0.207045471404 -0.082463040979 
0.43337677203 0.336443007674 0.22429533845 -0.106739549918 
0.360432092399 0.320051516511 0.213367677674 -0.156858217286 
0.304720945577 0.358547762677 0.239031841785 -0.20352293931 
0.266396826131 0.391084042875 0.26072269525 -0.243837784585 
0.217464824981 0.435222519591 0.290148346394 -0.284002262404 
0.183753022999 0.47220047849 0.314800318993 -0.314601547114 
0.153375150039 0.506185277499 0.337456851666 -0.339084595266 
0.134801120726 0.530511391467 0.353674260978 -0.354505654544 
0.116113212094 0.554245841171 0.369497227447 -0.367540751887 
0.104759897839 0.569984998287 0.379989998858 -0.373906941995 
0.0951183729665 0.583875606206 0.389250404137 -0.378214486109 
0.0910142339835 0.588120513198 0.392080342132 -0.37919956767 
0.0876994782244 0.593995614861 0.395997076574 -0.380083985822 
0.0813180051168 0.604928554577 0.403285703051 -0.381135406917 
0.0813180051168 0.604928554577 0.403285703051 -0.381135406917 
0.0813180051168 0.604928554577 0.403285703051 -0.381135406917 
0.0722890371089 0.614879753219 0.409919835479 -0.380772820104 
0.0686457381273 0.615221101544 0.410147401029 -0.379392911446 
0.0720804240329 0.615346808502 0.410231205668 -0.37678879715 
0.0750050678425 0.612303774974 0.408202516649 -0.372679633822 
0.0750050678425 0.612303774974 0.408202516649 -0.372679633822 
0.0750050678425 0.612303774974 0.408202516649 -0.372679633822 
0.0750050678425 0.612303774974 0.408202516649 -0.372679633822 
0.0778466930564 0.608871917572 0.405914611715 -0.368858712987 
0.08086623754 0.606739182297 0.404492788198 -0.366290866645 
0.090061271612 0.597454235922 0.398302823948 -0.360641835647 
0.090061271612 0.597454235922 0.398302823948 -0.360641835647 
0.0975299498445 0.594505850431 0.39633723362 -0.358229289775 
0.115240608434 0.574750955384 0.383167303589 -0.34987788074 
0.147979066683 0.534265301324 0.356176867549 -0.371850668552 
0.166605400165 0.516289958891 0.344193305927 -0.358926583773 
0.191217977973 0.49048704669 0.32699136446 -0.343379662919 
0.230395959199 0.430325297838 0.286883531892 -0.353818292551 
0.262517987927 0.387133633675 0.258089089116 -0.317859271639 
0.303183578826 0.335522825143 0.223681883429 -0.276143373565 
0.365062317718 0.238674685473 0.159116456982 -0.233837075511 
0.439863927756 0.15833409964 0.105556066426 -0.140596601873 
0.54003197758 0.106834868626 0.0712232457504 -0.0628767693716 
0.698412574076 0.160896896966 0.107264597978 -0.0145239509682 
0.823759352534 0.119579677899 0.0797197852662 -5.6865923389e-05 
1.00612979342 0.255199187065 0.170132791377 0.00261883211664 
1.10423251768 0.21035064034 0.140233760227 -0.00286957357009 
1.20720600508 0.242976200694 0.161984133796 -0.0031595234047 
1.26331729191 0.21727396996 0.144849313307 -0.00890163986486 
1.31215276508 0.196092388778 0.130728259185 -0.0141292762005 
1.31233334087 0.0854696907649 0.0569797938433 -0.0209049177934 
1.34687228309 0.0746471032688 0.0497647355125 -0.0269784856571 
1.37648892495 0.0672038298027 0.0448025532018 -0.0295346866223 
1.42241026117 0.140071070794 0.0933807138624 -0.0286615395807 
1.45234612192 0.177592214904 0.118394809936 -0.0304335379375 
1.45978401003 0.174900205876 0.11660013725 -0.0343853510261 
1.4637479175 0.173711075305 0.115807383537 -0.0346253874181 
1.4637479175 0.173711075305 0.115807383537 -0.0346253874181 
1.46359979303 0.173744030523 0.115829353682 -0.0330032407731 
1.46169363207 0.162744213418 0.108496142279 -0.0325963757206 
1.45167293847 0.140522055619 0.0936813704126 -0.0330132171326 
1.44949358964 0.141166659858 0.0941111065723 -0.0346021751314 
1.44242698657 0.141466606493 0.0943110709954 -0.0352513001144 
1.44242698657 0.141466606493 0.0943110709954 -0.0352513001144 
1.45572218463 0.170976588825 0.11398439255 -0.0340307874428 
1.45871730692 0.170939100471 0.113959400314 -0.0340078960502 
1.45524463796 0.17252447465 0.115016316434 -0.0355104160996 
1.45524463796 0.17252447465 0.115016316434 -0.0355104160996 
1.45264597645 0.173599031512 0.115732687675 -0.0349090018539 
1.45183050758 0.173747261454 0.115831507636 -0.0345515888296 
1.44999690912 0.174361795772 0.116241197181 -0.0338072336013 
1.4721397357 0.21740966771 0.144939778474 -0.0326007959523 
1.47571993676 0.216812607059 0.14454173804 -0.032802662499 
1.47162992378 0.217017332861 0.144678221907 -0.0338185702069 
1.45071947974 0.169525113065 0.113016742043 -0.0341229734014 
1.45048611409 0.169579645766 0.113053097177 -0.0330510019846 
1.46480200656 0.201790283725 0.134526855817 -0.031634203784 
1.46202905167 0.201618648678 0.134412432452 -0.033134930473 
1.46470018299 0.201264672657 0.134176448438 -0.0321692015751 
1.45760718192 0.202076325568 0.134717550379 -0.0317200127684 
1.46048766625 0.200621039003 0.133747359336 -0.0313469806619 
1.463829478 0.200508598268 0.133672398845 -0.0333517679457 
1.46119353969 0.201361768034 0.134241178689 -0.0352769794201 
1.46069426911 0.20135074502 0.134233830014 -0.0332396501874 
1.46038415239 0.201367855927 0.134245237284 -0.0322936864898 
1.45553769431 0.202639146047 0.135092764031 -0.0317210433771 
1.45297795507 0.202982652566 0.135321768377 -0.0301761320182 
1.43375657846 0.170012403859 0.113341602572 -0.0304569553347 
1.43108486549 0.171363902263 0.114242601509 -0.0272537615955 
1.42269534575 0.172800594998 0.115200396665 -0.0231664789756 
1.39811572721 0.12524874985 0.0834991665666 -0.0216247669028 
1.39320950683 0.126699298108 0.0844661987385 -0.0175726195768 
1.36150952972 0.0755671288246 0.0503780858831 -0.0150762486305 
1.33327291242 0.0454454376313 0.0302969584209 -0.0120007881302 
1.30612712448 0.0527060036203 0.0351373357469 -0.00577443717356 
1.25624904033 0.0517537928172 0.0345025285448 0.00181891539979 
1.20121394011 0.0492529437569 0.0328352958379 0.00335993295972 
1.13155829718 0.0453007307594 0.0302004871729 0.0113831219498 
1.07766488291 0.112201203394 0.0748008022626 0.0149549160197 
0.999021689939 0.139899003671 0.0932660024472 0.0202149737654 
0.913533577124 0.170621229465 0.11374748631 0.0250938146375 
0.842968483199 0.264632245893 0.176421497262 0.0257583153135 
0.745757135183 0.304745891968 0.203163927979 0.020758291261 
0.593468795676 0.238914882545 0.159276588363 0.0211305897824 
0.433546901243 0.228558877248 0.152372584832 -0.00165833362561 
0.314398510018 0.23146325926 0.154308839507 -0.0773498275016 
0.24897730349 0.284930347414 0.189953564942 -0.142450616526 
0.190101328495 0.350367931046 0.233578620697 -0.148051205264 
0.148434410286 0.403906719697 0.269271146464 -0.155022523622 
0.130075182898 0.449652035689 0.299768023793 -0.212050047057 
0.109958629994 0.48099787449 0.32066524966 -0.221246988894 
0.0994560409612 0.50508726675 0.3367248445 -0.230831459363 
0.0946216628108 0.517804719645 0.34520314643 -0.23819862347 
0.0975122924072 0.523168650727 0.348779100485 -0.243084422813 
0.0971341300438 0.530342824503 0.353561883002 -0.250860337549 
0.0924237182308 0.53250019751 0.355000131674 -0.253154262277 
0.0961323265502 0.534815474175 0.35654364945 -0.254104351865 
0.090121011324 0.54429768226 0.362865121507 -0.25921635021 
0.0926898105187 0.545096138029 0.363397425353 -0.259509057738 
0.0967335488206 0.54492937771 0.363286251806 -0.259133644187 
0.0967335488206 0.54492937771 0.363286251806 -0.259133644187 
0.094709924571 0.547103110165 0.364735406777 -0.259686826739 
0.0914720808568 0.549410806818 0.366273871212 -0.259825077727 
0.0967008327321 0.548423047706 0.365615365137 -0.257373142166 
0.0962156442368 0.554186666138 0.369457777425 -0.231554789548 
0.100077501399 0.548999761539 0.365999841026 -0.222184251018 
0.109223451845 0.553857419587 0.369238279725 -0.173157230989 
0.107735819934 0.561336022573 0.374224015049 -0.151915366372 
