0.0 0.0 0.0 0.0 
0.0911066657178 0.426158326669 0.284105551113 0.523598775598 
0.0962199052158 0.418658990358 0.279105993572 0.523598775598 
0.088972985519 0.427122264868 0.284748176579 0.523598775598 
0.0826314487397 0.435752214818 0.290501476546 0.523598775598 
0.0826314487397 0.435752214818 0.290501476546 0.523598775598 
0.0729902221166 0.449444125466 0.299629416977 0.523598775598 
0.0729902221166 0.449444125466 0.299629416977 0.523598775598 
0.0673570662645 0.449393170991 0.299595447328 0.523598775598 
0.0567191656624 0.470515999889 0.313677333259 0.523598775598 
0.0721605179354 0.447024963358 0.298016642239 0.523598775598 
0.0721605179354 0.447024963358 0.298016642239 0.523598775598 
0.0721605179354 0.447024963358 0.298016642239 0.523598775598 
0.0721605179354 0.447024963358 0.298016642239 0.523598775598 
0.0721605179354 0.447024963358 0.298016642239 0.523598775598 
0.0867325273145 0.429160431868 0.286106954579 0.523598775598 
0.0921589347908 0.426969202955 0.284646135303 0.523598775598 
0.0921589347908 0.426969202955 0.284646135303 0.523598775598 
0.0921589347908 0.426969202955 0.284646135303 0.523598775598 
0.0991622932148 0.421494862182 0.280996574788 0.523598775598 
0.0923959449389 0.422306575786 0.281537717191 0.523598775598 
0.0912944415247 0.434288907539 0.289525938359 0.523598775598 
0.0912944415247 0.434288907539 0.289525938359 0.523598775598 
0.0912944415247 0.434288907539 0.289525938359 0.523598775598 
0.0912944415247 0.434288907539 0.289525938359 0.523598775598 
0.0967216617055 0.433898045379 0.289265363586 0.523598775598 
0.0967216617055 0.433898045379 0.289265363586 0.523598775598 
0.0929816935575 0.433621689458 0.289081126306 0.523598775598 
0.0929816935575 0.433621689458 0.289081126306 0.523598775598 
0.0929816935575 0.433621689458 0.289081126306 0.523598775598 
0.0970245202656 0.423468640264 0.282312426843 0.523598775598 
0.103514236855 0.411977730073 0.274651820049 0.523598775598 
0.103514236855 0.411977730073 0.274651820049 0.523598775598 
0.0851278781207 0.438120948327 0.292080632218 0.523598775598 
0.0910422586377 0.428458834819 0.285639223213 0.523598775598 
0.0836882685465 0.43814120768 0.292094138453 0.523598775598 
0.0836882685465 0.43814120768 0.292094138453 0.523598775598 
0.0903243906999 0.42402275281 0.282681835207 0.523598775598 
0.0903243906999 0.42402275281 0.282681835207 0.523598775598 
0.0983236055262 0.410371555258 0.273581036839 0.523598775598 
0.0847305556283 0.431914472414 0.287942981609 0.523598775598 
0.0847305556283 0.431914472414 0.287942981609 0.523598775598 
0.0847305556283 0.431914472414 0.287942981609 0.523598775598 
0.102654140896 0.403941792904 0.269294528603 0.523598775598 
0.102654140896 0.403941792904 0.269294528603 0.523598775598 
0.0969415183781 0.415078305813 0.276718870542 0.523598775598 
0.0892693397917 0.428976711946 0.28598447463 0.523598775598 
0.102084472654 0.410918422903 0.273945615268 0.523598775598 
0.105448060853 0.410335509285 0.27355700619 0.523598775598 
0.112410937866 0.398277468726 0.265518312484 0.523598775598 
0.112410937866 0.398277468726 0.265518312484 0.523598775598 
0.104297877059 0.413189595394 0.275459730263 0.523598775598 
0.112913623527 0.399780556658 0.266520371105 0.523598775598 
0.131861235731 0.369491908199 0.246327938799 0.523598775598 
0.119187997167 0.38926028436 0.25950685624 0.523598775598 
0.107373776066 0.405713915026 0.27047594335 0.523598775598 
0.118372652072 0.388193268874 0.258795512583 0.523598775598 
0.118372652072 0.388193268874 0.258795512583 0.523598775598 
0.107234886146 0.402182723244 0.268121815496 0.523598775598 
0.103418737498 0.405251592634 0.270167728422 0.523598775598 
0.094525696537 0.416059749607 0.277373166405 0.523598775598 
0.0879907481664 0.423436510565 0.282291007043 0.523598775598 
0.0861196757311 0.42294339641 0.281962264273 0.523598775598 
0.0818873537268 0.427909974043 0.285273316029 0.523598775598 
0.0685416065 0.448359449039 0.298906299359 0.523598775598 
0.0758648991556 0.436245450088 0.290830300058 0.523598775598 
0.0846077147428 0.420328755183 0.280219170122 0.502281764492 
0.0782374897151 0.43089498174 0.28726332116 0.523598775598 
0.0842806898625 0.416920392467 0.277946928312 0.466145331587 
0.0911557333713 0.408260552698 0.272173701798 0.47078406924 
0.105672915533 0.390159855209 0.260106570139 0.470343342851 
0.121748206233 0.372728726899 0.248485817933 0.514423476243 
0.139723574274 0.351802810458 0.234535206972 0.523598775598 
0.174067705588 0.30689931128 0.204599540853 0.523598775598 
0.203691906244 0.268544795177 0.179029863451 0.523314128942 
0.245906939757 0.213640443463 0.142426962309 0.506631961089 
0.291128277145 0.160564207478 0.107042804985 0.523598775598 
0.316072681736 0.136172077647 0.0907813850977 0.523598775598 
0.377967210646 0.0626895685217 0.0417930456811 0.523598775598 
0.438716505928 5.25030296725e-18 3.50020197817e-18 0.523598775598 
0.472632828074 2.35688269662e-21 1.57125513108e-21 0.516528623009 
0.508698876881 -1.77167554037e-22 -1.18111702692e-22 0.362121382306 
0.561062385179 2.24983889138e-06 1.49989259426e-06 0.215009011581 
0.802105556729 0.58811921106 0.39207947404 0.0240396028839 
0.864430285781 0.536538795631 0.357692530421 0.0209478103989 
0.821683141511 0.280908329793 0.187272219862 0.027772643963 
0.882971725236 0.261159150151 0.174106100101 0.0230732959912 
0.945954500848 0.239239553108 0.159493035406 0.022362863933 
0.964281343717 -8.69406868351e-18 -5.796045789e-18 0.0287395011204 
1.04494078976 4.11457417936e-22 2.7430494529e-22 0.0178274724464 
1.13229706627 4.56149329611e-22 3.04099553074e-22 0.0138151887381 
1.20137949059 3.79894728858e-22 2.53263152572e-22 0.0129300913116 
1.25218427328 -5.98379588324e-22 -3.98919725549e-22 0.0152520357626 
1.30167875816 6.34226206638e-22 4.22817471092e-22 0.0152193140391 
1.36794325975 5.2765324726e-22 3.51768831507e-22 0.0108850683779 
1.40353104975 7.22941381275e-22 4.8196092085e-22 0.0102626731298 
1.43700739711 1.54433991695e-21 1.02955994463e-21 0.00868285432708 
1.45957578163 1.61575516324e-21 1.07717010882e-21 0.00836454187514 
1.48444950172 -8.79221179161e-22 -5.86147452774e-22 0.00517565093689 
1.48824793274 6.91245034732e-22 4.60830023155e-22 0.00598480591553 
1.49271487474 2.46589643988e-22 1.64393095992e-22 0.0056095606363 
1.50466130572 -8.21403179257e-22 -5.47602119505e-22 0.00372768520498 
1.52718395504 0.000115876280154 7.7250853436e-05 -0.000268791855857 
1.52903517343 0.00652563698426 0.00435042465617 -0.000159003124507 
1.54398049811 0.062058889871 0.0413725932473 -0.00110183313899 
1.5477656807 0.0763627774477 0.0509085182985 -0.00130581767501 
1.51949568397 3.02613441975e-17 2.0174229465e-17 0.00074121689387 
1.52266005217 0.0116621386021 0.00777475906807 -0.000645263713434 
1.51576801497 2.15155403386e-19 1.43436935591e-19 -0.000869313264791 
1.52916741011 0.0631338461342 0.0420892307561 -0.00189000334279 
1.50894261271 0.0056898302746 0.00379322018307 -0.00138002591448 
1.53209660457 0.0965130729499 0.0643420486333 -0.00292267019687 
1.52434545535 0.0712446591362 0.0474964394241 -0.00260037921659 
1.51044664557 0.0335236733296 0.0223491155531 -0.00257134736968 
1.51888543303 0.0691758236375 0.0461172157583 -0.00293063842325 
1.50188026373 0.0127691995964 0.00851279973092 -0.00250422552304 
1.52241097184 0.0798720897397 0.0532480598264 -0.00381276948565 
1.49762781415 -8.80565654431e-18 -5.87043769621e-18 -0.00280321488203 
1.50653822977 0.0233155668712 0.0155437112474 -0.00393040378785 
1.49714486404 -3.19195821624e-17 -2.12797214416e-17 -0.00288347912019 
1.49569252621 2.05389885224e-21 1.3692659015e-21 -0.00236508308306 
1.4899686273 4.14425899654e-22 2.76283933103e-22 -0.000826711832712 
1.50622112464 0.0235114492973 0.0156742995315 -0.00292404419582 
1.4960552636 3.22543521811e-17 2.15029014541e-17 -0.0022035253879 
1.49307236689 -1.55119341633e-22 -1.03412894422e-22 -0.00128414244778 
1.48795344136 -1.2099986454e-22 -8.06665763597e-23 -7.48502241279e-05 
1.4880761549 8.48972623623e-22 5.65981749082e-22 -0.000409277467802 
1.48946963632 -4.72716580999e-22 -3.15144387332e-22 -0.000563306639811 
1.49402590669 -6.97085749877e-24 -4.64723833251e-24 -0.00162921329833 
1.52254218716 0.0786982678134 0.0524655118756 -0.00372733754992 
1.51224383061 0.0360954182167 0.0240636121445 -0.00324475404987 
1.53700895449 0.120405809695 0.0802705397965 -0.00421419874914 
1.55580961925 0.177726538028 0.118484358685 -0.00458136235091 
1.53036998727 0.0987496977391 0.065833131826 -0.00374192524139 
1.52485880524 0.089368779093 0.059579186062 -0.00336984284716 
1.50682792702 0.0557524571085 0.037168304739 -0.00306466008697 
1.50681115493 0.0903296458057 0.0602197638705 -0.00296963378838 
1.50693899713 0.146111989731 0.0974079931542 -0.00315249932832 
1.48266026487 0.15012753166 0.100085021107 -0.00271829724361 
1.45815232402 0.15455621159 0.103037474393 -0.00257868189382 
1.44329474847 0.192639974791 0.12842664986 -0.00300536140201 
1.39926134665 0.167774448695 0.111849632463 -0.00303718911468 
1.34649615879 0.104915256437 0.069943504291 -0.00250012954871 
1.3128752737 0.12465504489 0.0831033632602 -0.00279117055298 
1.2766846657 0.147681218551 0.0984541457009 -0.00268705483338 
1.23883937204 0.16713189668 0.111421264454 -0.00249298422827 
1.13757161576 -2.6662307411e-17 -1.77748716074e-17 0.00150605508523 
1.06802277675 -7.01879326223e-18 -4.67919550816e-18 0.00777684377963 
1.02989533741 0.00733517310523 0.00489011540349 0.00742961213419 
0.964936454555 0.020488293137 0.0136588620913 0.0148779583824 
0.917938072874 0.0306321406179 0.0204214270786 0.0106284629785 
0.851138663837 0.0458174626172 0.0305449750781 0.0131781895191 
0.813448123142 0.0540835567632 0.0360557045088 0.00634479190174 
0.726005363734 4.49711138798e-17 2.99807425865e-17 0.00765498552186 
0.64242543215 1.49805083394e-17 9.98700555963e-18 0.0131096091943 
0.570582402107 6.93889390391e-18 4.62592926927e-18 0.00626373578957 
0.479276144856 6.57205094199e-19 4.38136729466e-19 0.00499141007508 
0.407492812994 -7.80287976575e-18 -5.20191984383e-18 0.00134447475745 
0.34224371821 2.42751861132e-17 1.61834574088e-17 -0.0427225457885 
0.267362436486 -5.10973520164e-18 -3.40649013443e-18 -0.0189905307625 
0.211567125834 -3.06895152772e-18 -2.04596768515e-18 -0.0192472093215 
0.163727399935 -4.97577745018e-19 -3.31718496678e-19 -0.0129953995472 
0.126491919921 -8.94466792301e-19 -5.96311194867e-19 -0.0126262773275 
0.0901069780167 -2.97245416839e-18 -1.98163611226e-18 -0.0109393181439 
0.0694509842544 9.33668302065e-19 6.2244553471e-19 -0.00923777736761 
0.0420847975906 0.0144708627774 0.00964724185161 -0.00758530235153 
0.0326651503111 -2.6299833926e-17 -1.75332226173e-17 -0.00513291085904 
0.0242771664429 -1.77041263059e-21 -1.18027508706e-21 -0.00256874776519 
0.00578711213992 -8.47032947254e-21 -5.64688631503e-21 -0.00195868129379 
0.0093161905539 2.1907887227e-21 1.46052581513e-21 0.000545654092869 
0.0148932385018 -3.03676810405e-22 -2.02451206936e-22 0.00142213782864 
0.0104502794382 -2.33822268925e-21 -1.55881512617e-21 0.00249263978415 
0.0071006312734 1.65009326348e-22 1.10006217565e-22 0.00307279117419 
0.0120055599121 4.01348207603e-22 2.67565471735e-22 0.00376193134233 
0.00279972975801 2.54387047088e-21 1.69591364725e-21 0.00361657467148 
0.00447355079411 -4.4111082271e-22 -2.94073881807e-22 0.00353599651761 
0.0 2.4682715907e-21 1.6455143938e-21 0.00334147943257 
6.74852557643e-22 -3.52418207117e-23 -2.34945471411e-23 0.00222455968613 
1.86064274042e-21 3.96763378936e-21 2.6450891929e-21 0.00155419595796 
0.00546440377802 2.80560015431e-22 1.87040010287e-22 0.00258639295735 
3.19570191717e-21 2.42920690657e-20 1.61947127105e-20 -3.17411155029e-13 
0.00456478657479 4.50423731781e-05 3.00282487854e-05 -0.000332721391183 
0.0174536344096 2.67627488408e-21 1.78418325605e-21 0.000683903363514 
0.0327049251411 4.95083139134e-22 3.30055426089e-22 0.000844780959886 
0.0454112072489 5.6840915792e-22 3.78939438613e-22 0.00124591228115 
0.0623151396263 3.05642959451e-22 2.03761972967e-22 0.00150153810559 
0.0751454206983 -1.14964189715e-22 -7.66427931433e-23 0.00163680243861 
0.0839602453166 6.17252782563e-22 4.11501855042e-22 0.00126487837516 
0.101543554106 2.03254763596e-22 1.3550317573e-22 0.000940211134604 
0.109926711971 -3.586301267e-24 -2.39086751133e-24 0.000869591602625 
0.116312769392 2.42019020716e-21 1.6134601381e-21 0.000908414408008 
0.141116623597 1.97225248083e-21 1.31483498722e-21 0.000942105587083 
0.148187246538 9.85654906479e-23 6.57103270986e-23 0.00094994139257 
0.163080825258 2.33070741328e-21 1.55380494219e-21 0.000713541322048 
0.182419031288 1.65812258529e-22 1.10541505686e-22 9.8951984315e-05 
0.20259094298 2.00677837003e-21 1.33785224668e-21 -0.000602246400944 
0.222903271197 -3.46777370541e-22 -2.31184913694e-22 -0.00160519906035 
0.243804505417 7.19511627279e-22 4.79674418186e-22 -0.00287337004568 
0.285818272339 -1.12354631634e-22 -7.49030877559e-23 -0.00397604235703 
0.31556559469 1.35300747126e-21 9.02004980841e-22 -0.00531652669456 
0.354289874643 -3.5576564648e-24 -2.37177097653e-24 -0.0066484804386 
0.403824066227 1.20998160254e-21 8.06654401691e-22 -0.00809798762047 
0.441568370715 4.68754751004e-22 3.12503167336e-22 -0.0096481871406 
0.486459614276 -6.88871155523e-22 -4.59247437015e-22 -0.0111664548569 
0.517196290917 1.64698070938e-22 1.09798713959e-22 -0.012096877069 
0.560536252943 -3.9948516867e-22 -2.6632344578e-22 -0.0133788781751 
0.599030218817 -1.41860527056e-22 -9.45736847041e-23 -0.0155432109666 
0.63980150392 -3.11304891749e-22 -2.07536594499e-22 -0.0190120764261 
0.66246088568 -1.43465374376e-23 -9.56435829172e-24 -0.0223632281588 
0.688039873863 1.6669546807e-22 1.11130312046e-22 -0.024051411951 
0.720248359145 7.3448008345e-23 4.89653388967e-23 -0.025383637749 
0.748013529862 4.25258751467e-22 2.83505834312e-22 -0.0262130894759 
0.778015616906 1.83702769087e-22 1.22468512724e-22 -0.0262637953849 
0.804027261585 -3.05268486236e-23 -2.03512324157e-23 -0.0241885614903 
0.841917486846 -1.9790629328e-22 -1.31937528853e-22 -0.0238791057984 
0.851436348633 -5.6818901299e-23 -3.78792675327e-23 -0.0190192074898 
0.881604780196 5.90962006814e-23 3.93974671209e-23 -0.0183156201786 
0.914272799649 5.29497909433e-23 3.52998606289e-23 -0.0178246144614 
0.94648586225 3.65598125374e-08 2.43732083582e-08 -0.0195759389999 
0.953728872738 8.52969087538e-08 5.68646058359e-08 -0.014396663201 
0.968500111915 1.83623355739e-07 1.22415570493e-07 -0.0131548242718 
0.99373993716 6.52427433125e-07 4.34951622084e-07 -0.0160307567723 
1.01065688181 9.18780501759e-07 6.12520334506e-07 -0.0163391804183 
1.02000611335 0.00102104634646 0.000680697564306 -0.0156910553495 
1.02000611335 0.00102104634646 0.000680697564306 -0.0156910553495 
1.02741124015 0.00283645270125 0.0018909684675 -0.0124440184151 
1.02741124015 0.00283645270125 0.0018909684675 -0.0124440184151 
1.01997672374 0.00753225956401 0.00502150637601 -0.00942248477326 
1.01457050501 0.0117739837629 0.0078493225086 -0.00784222621963 
1.03300065629 0.0109204356691 0.00728029044605 -0.0157997001398 
1.03300065629 0.0109204356691 0.00728029044605 -0.0157997001398 
1.04188690407 0.0129118996643 0.00860793310957 -0.0109667144002 
1.03846453304 0.0181272987887 0.0120848658591 -0.00682163014494 
1.31080656361 0.597445067041 0.39829671136 0.003619383371 
1.32618358305 0.598389668956 0.398926445971 0.00345567755507 
1.30110393111 0.573157278403 0.382104852268 0.00366419874192 
1.30957846204 0.56937830452 0.379585536347 0.00350940254548 
1.29676409284 0.552848674112 0.368565782742 0.00369713008689 
1.30353295861 0.552671278631 0.368447519087 0.00342014021916 
1.31833136096 0.559724297721 0.373149531814 0.00315567523392 
1.30003403075 0.538237173476 0.358824782318 0.00337735778495 
1.33841829091 0.563435981153 0.375623987436 0.00292447713635 
1.32489744973 0.545864772188 0.363909848125 0.00314728114719 
1.32687407775 0.539339842701 0.359559895134 0.00291743619873 
1.30329404659 0.503815789181 0.335877192787 0.00301979153963 
1.31830484829 0.498529315155 0.33235287677 0.0028423590198 
1.31934872715 0.480742023137 0.320494682091 0.00251592838248 
1.33307228652 0.474466300464 0.316310866976 0.00203172384393 
1.33854791023 0.464748116477 0.309832077651 0.0014949627801 
1.32097860583 0.427539781005 0.28502652067 0.00167051318527 
1.29609819933 0.372861313397 0.248574208931 0.00227397283461 
1.2631607861 0.301688487189 0.201125658126 0.00324451450877 
1.30680815602 0.359409686344 0.239606457563 0.00194278990015 
1.30467950841 0.331262487847 0.220841658564 0.00211720411632 
1.32620832047 0.347360153091 0.231573435394 0.00139444914377 
1.30829652029 0.292166277274 0.194777518183 0.00161106147693 
1.31322606575 0.252717189532 0.168478126355 0.000762422081385 
1.34886470878 0.261171851571 0.174114567714 -0.000326335590305 
1.36718184423 0.236553252732 0.157702168488 -0.00120710727343 
1.34793624266 0.124337273724 0.0828915158158 -0.000910959456409 
1.32312953626 -3.92432460487e-20 -2.61621640325e-20 0.00142640332891 
1.32658226507 6.76051892779e-22 4.50701261852e-22 0.00310367206499 
1.3353718864 -4.1190110927e-23 -2.74600739513e-23 0.00290476363476 
1.35364079444 3.49837993791e-23 2.33225329194e-23 0.00100304092569 
1.35474648897 -6.00909978159e-22 -4.00606652106e-22 0.00249123692706 
1.35855198365 7.54776541557e-22 5.03184361038e-22 0.00260572331225 
1.36673218529 3.59270069971e-22 2.39513379981e-22 0.00164231179753 
1.37149469655 -1.48347547752e-22 -9.88983651681e-23 0.00267133119385 
1.38008711288 -2.96993354294e-22 -1.97995569529e-22 0.00262332942815 
1.39934188257 9.00024939631e-22 6.00016626421e-22 0.00104638017793 
1.4183387495 3.0888814271e-22 2.05925428473e-22 -0.00122490635547 
1.4394936877 4.74218690084e-22 3.1614579339e-22 -0.00382331956737 
1.44470978743 -2.3042972004e-22 -1.5361981336e-22 -0.00368724405272 
1.46250899072 2.85211147866e-22 1.90140765244e-22 -0.00557039623876 
1.46131038461 -1.68002015851e-21 -1.12001343901e-21 -0.00403543026613 
1.4689015117 1.24006727912e-21 8.26711519413e-22 -0.00391560019665 
1.47766985705 4.28501586984e-22 2.85667724656e-22 -0.0048998740406 
1.48630739595 4.23810266652e-22 2.82540177768e-22 -0.00551663877325 
1.4898157288 -3.77102600868e-22 -2.51401733912e-22 -0.00509274051627 
1.49900684603 3.48669889775e-23 2.32446593184e-23 -0.00656584797922 
1.51264728055 0.0335152349065 0.0223434899376 -0.00698230418773 
1.48980705105 -3.80787451624e-17 -2.53858301083e-17 -0.00346789680106 
1.49175048264 1.06036470935e-21 7.06909806237e-22 -0.00364950109182 
1.49104026216 1.13726511323e-21 7.58176742154e-22 -0.00403811547584 
1.47584048525 -3.2781913367e-23 -2.18546089113e-23 -0.000831395368614 
1.47728224381 4.24492090497e-22 2.82994726998e-22 -0.000969805099846 
1.48730159577 -7.82053897957e-22 -5.21369265305e-22 -0.00310716404334 
1.48023302127 -9.65279494184e-23 -6.43519662789e-23 -0.00137213234346 
1.48573379553 -5.99349800819e-22 -3.99566533879e-22 -0.00285261627185 
1.48666846645 -3.34573223604e-22 -2.23048815736e-22 -0.00329620121037 
1.49768386558 5.24112431903e-22 3.49408287935e-22 -0.00536559885223 
1.49315993876 8.11961577495e-22 5.4130771833e-22 -0.00480915681813 
1.49382113476 -9.29692559223e-22 -6.19795039482e-22 -0.00508608312195 
1.48015428759 9.06966289454e-22 6.04644192969e-22 -0.00279825929144 
1.48518642579 8.98687143268e-22 5.99124762179e-22 -0.00431974422556 
1.47768312061 -4.13524568685e-22 -2.7568304579e-22 -0.00291025091264 
1.47141396543 1.48040676351e-21 9.86937842341e-22 -0.00217386788809 
1.47811589138 -5.82354332693e-22 -3.88236221796e-22 -0.00405759258835 
1.4716081033 -8.13989070462e-23 -5.42659380308e-23 -0.00305731841933 
1.46261257982 -8.92545274548e-23 -5.95030183032e-23 -0.00115009219063 
1.45495414579 1.56931078007e-23 1.04620718671e-23 0.000223935527447 
1.45884506149 -1.38368769341e-21 -9.22458462272e-22 -0.000731482241968 
1.43686029798 5.80557282352e-22 3.87038188235e-22 0.0035247333977 
1.44741844469 2.99948154574e-22 1.99965436383e-22 0.000464684637111 
1.43809976685 1.19144272568e-21 7.94295150452e-22 0.00244858516336 
1.42303175324 -2.23528530276e-22 -1.49019020184e-22 0.00585505898719 
1.42968549131 2.70785186045e-22 1.80523457363e-22 0.00387474841299 
1.42169903395 -1.32412814618e-22 -8.82752097456e-23 0.00516924612962 
1.42169903395 -1.32412814618e-22 -8.82752097456e-23 0.00516924612962 
1.42150600506 2.58533429005e-22 1.72355619336e-22 0.00412495301575 
1.42150600506 2.58533429005e-22 1.72355619336e-22 0.00412495301575 
1.41846690198 2.01908324909e-21 1.34605549939e-21 0.0037015991593 
1.40304463178 8.60798752684e-22 5.73865835123e-22 0.00648480878098 
1.39478141981 5.5264861199e-22 3.68432407993e-22 0.00726378346664 
1.37207679376 2.49462210161e-22 1.66308140107e-22 0.0119530174952 
1.3769579385 1.23033702518e-21 8.20224683454e-22 0.00918673603635 
1.36274445025 5.33962282963e-22 3.55974855309e-22 0.0120058050158 
1.36268794881 6.25359199477e-22 4.16906132985e-22 0.0109492431658 
1.37152391272 9.5354365748e-22 6.35695771654e-22 0.00792224476186 
1.36114066377 1.01987339724e-21 6.79915598163e-22 0.00838858253455 
1.36551748728 -9.232912961e-22 -6.15527530733e-22 0.0058435928704 
1.37567023252 5.6276186313e-22 3.7517457542e-22 0.00224817184333 
1.35392053826 2.43395928534e-20 1.62263952356e-20 0.00555217568161 
1.35157993634 7.79309812074e-22 5.19539874716e-22 0.004051020712 
1.34290879471 8.84166388027e-20 5.89444258684e-20 0.00407581676422 
1.34440521753 0.0179113109493 0.0119408739662 0.00218017471741 
1.31810726596 1.22028571363e-17 8.13523809089e-18 0.00585502646503 
1.34042642435 0.0760849813618 0.0507233209078 0.00249569542181 
1.36321473291 0.169025789644 0.112683859763 0.00167222372076 
1.36100850691 0.191698654693 0.127799103129 0.00179186175925 
1.34680730647 0.18765045161 0.125100301073 0.00241182959814 
1.30984595728 0.123550906643 0.082367271095 0.0037379629403 
1.26574039311 0.0203634152981 0.0135756101987 0.00598236023984 
1.27896073943 0.109168723603 0.0727791490687 0.00497382721859 
1.26521380496 0.11608293582 0.0773886238799 0.00535579291315 
1.21683373749 0.00680452748474 0.00453635165649 0.00810015887021 
1.20838665447 0.0373952531534 0.0249301687689 0.0079788281606 
1.20125202131 0.0871800328831 0.0581200219221 0.0074895355566 
1.1807927516 0.0808240855994 0.053882723733 0.0079873953907 
1.19540981775 0.181434770147 0.120956513431 0.0064071790686 
1.1771236211 0.223890824577 0.149260549718 0.00611788727829 
1.14709006394 0.227147145901 0.1514314306 0.00656326842878 
1.16552047929 0.336457051754 0.224304701169 0.00521737660812 
1.16640762636 0.391241054388 0.260827369592 0.00503446310731 
1.16343327286 0.423903464503 0.282602309669 0.00529963549545 
1.17427078236 0.467762238924 0.311841492616 0.00485793044552 
1.19710102806 0.513805704832 0.342537136554 0.00449351004046 
1.15344142229 0.489385626594 0.326257084396 0.00544901577243 
1.20768332847 0.556688933966 0.371125955977 0.00462488899251 
1.22866651134 0.582586025486 0.388390683657 0.00431759785038 
1.2570944422 0.611995937815 0.407997291877 0.00395314285437 
1.27603533612 0.628169378319 0.418779585546 0.00375734756655 
1.25404791366 0.619032438873 0.412688292582 0.0041861639829 
1.25600214821 0.620811507366 0.413874338244 0.00418840012823 
1.24634304328 0.61754041955 0.411693613033 0.00420307644542 
1.20869072996 0.595295519739 0.396863679826 0.00450804898763 
1.20684117395 0.595650836253 0.397100557502 0.00463541228455 
1.24493655911 0.623583681972 0.415722454648 0.00469972972859 
1.24583063917 0.625683529234 0.417122352822 0.00493920729884 
1.2426960487 0.62693030484 0.41795353656 0.00483855159229 
1.20032758292 0.605236115936 0.403490743958 0.00503553366596 
1.23017257038 0.632488948723 0.421659299149 0.0049567497717 
1.1894823006 0.616297500225 0.41086500015 0.00530520194189 
1.13486843126 0.584418847339 0.389612564893 0.0060114105014 
1.19762153041 0.637897555705 0.425265037137 0.00526215621792 
1.15460438151 0.619299654028 0.412866436019 0.00569920982067 
1.18928952101 0.649549751035 0.433033167356 0.00540471431817 
1.16993846821 0.660779083743 0.440519389162 0.00565026134054 
1.15019209859 0.669453368068 0.446302245379 0.0060142345947 
1.20838084902 0.716121098353 0.477414065569 0.00601435905544 
1.22381903992 0.742593075164 0.495062050109 0.00617245519358 
1.20755077709 0.759989580382 0.506659720255 0.00662662580552 
1.18984104495 0.779255186017 0.519503457344 0.00719876719347 
1.19697217798 0.807839007358 0.538559338239 0.0080976437013 
1.23848625909 0.839762283045 0.55984152203 0.00913068736863 
1.24248471267 0.866033781898 0.577355854599 0.0106785269955 
1.25272212441 0.896736401504 0.597824267669 0.0124444550506 
1.26621175818 0.926167190116 0.61744479341 0.0150514649257 
1.27415572824 0.954241100673 0.636160733782 0.0183441914463 
1.3043918068 0.980878232696 0.653918821798 0.0217723463191 
1.30110422458 1.00383102049 0.669220680326 0.0258499642084 
1.31085925459 1.02128802603 0.68085868402 0.0289025009557 
1.32015665413 1.0340764309 0.689384287264 0.0315641795988 
1.32724383227 1.04312327983 0.69541551989 0.033957613099 
1.32600150426 1.05200417339 0.701336115594 0.0359150251849 
1.3281689012 1.05870759626 0.705805064176 0.0377701880602 
1.31551325564 1.06693832805 0.711292218703 0.0396959269708 
1.32112610257 1.07099821462 0.713998809749 0.0410467874417 
1.32372509694 1.07653074455 0.717687163035 0.0425632320211 
1.33939133545 1.07717476367 0.718116509113 0.0433386639775 
1.33702767038 1.08110243585 0.720734957235 0.0444960961349 
1.31831169273 1.08774109378 0.725160729189 0.0464308836435 
1.31902288477 1.08914704832 0.726098032215 0.0468054049346 
1.32378480493 1.0889258912 0.725950594134 0.0470215325234 
1.33041525583 1.0877968658 0.725197910534 0.0467128456544 
1.33936495622 1.08565778254 0.723771855029 0.0464449287466 
1.32626729805 1.08946100123 0.726307334156 0.0470156573371 
1.33534482297 1.08712963843 0.724753092285 0.0467210746515 
1.33646389405 1.08662792743 0.724418618288 0.046539237736 
1.33803935602 1.08594160733 0.723961071553 0.0469896693639 
1.34692821557 1.083298579 0.722199052666 0.0465501325939 
1.35705281137 1.0802399507 0.720159967135 0.0459209926147 
1.34405385537 1.08208807924 0.721392052828 0.04615237721 
1.35562562043 1.07871134959 0.719140899724 0.0459435877263 
1.35132148004 1.07831653146 0.718877687642 0.0463962795185 
1.35002096311 1.07786994384 0.718579962562 0.0463993279987 
1.33749419833 1.07894243521 0.719294956804 0.0470707297497 
1.33398575847 1.07851236165 0.719008241102 0.0469552841335 
1.34058191272 1.07601146737 0.717340978248 0.0467159745213 
1.3196875276 1.07937011252 0.719580075013 0.0472402405204 
1.3150695227 1.07890654989 0.719271033257 0.0475237075195 
1.31510955092 1.07781184033 0.718541226885 0.0473349211225 
1.3050192085 1.07890572345 0.719270482303 0.0472962425844 
1.30579672526 1.07788572442 0.718590482945 0.0472610329854 
1.31121432518 1.0763629456 0.717575297069 0.0469802565352 
1.30956184573 1.07898728497 0.71932485665 0.0484201772384 
1.31093190278 1.08148501728 0.720990011521 0.0511398796044 
1.29515998504 1.08895322185 0.725968814566 0.0559846591754 
1.28917412388 1.09378071714 0.729187144762 0.0604455998171 
1.27922230229 1.09936141531 0.732907610205 0.0680894518842 
1.26359715347 1.10491532001 0.736610213338 0.076723864294 
1.27333376457 1.10285808457 0.735238723049 0.0834331550944 
1.27106049189 1.10220008783 0.734800058553 0.0903661585863 
1.26693257956 1.10192167024 0.734614446827 0.0973164551515 
1.26909193592 1.09947526199 0.732983507996 0.102313253969 
1.24851065618 1.10366751503 0.735778343353 0.108163163219 
1.245182811 1.10398214518 0.735988096787 0.11268128237 
1.237214676 1.10491364619 0.736609097457 0.116346021536 
1.2258042267 1.10744689124 0.73829792749 0.119790533705 
1.22085560338 1.10885584336 0.739237228907 0.122495233065 
1.23150725667 1.10562379291 0.737082528607 0.123207969499 
1.23418212857 1.10471556867 0.736477045782 0.124508232791 
1.23491028183 1.1050087122 0.736672474798 0.126145652784 
1.2332144657 1.10498043554 0.736653623691 0.127255448694 
1.22857845292 1.1064868989 0.737657932598 0.128923764946 
1.23520980515 1.10355527876 0.735703519172 0.128701933182 
1.24142340066 1.10171607693 0.734477384621 0.128646034641 
1.24759985174 1.10000022843 0.733333485621 0.128723433404 
1.24567733766 1.10063467587 0.733756450578 0.129374988531 
1.24221603108 1.10095292266 0.73396861511 0.130142508341 
1.23478023053 1.10267202275 0.735114681833 0.131034417362 
1.22601649384 1.10485664139 0.736571094263 0.131729814467 
1.2406983745 1.10110173973 0.734067826484 0.130308406668 
1.24204377916 1.10092225468 0.733948169785 0.130318244384 
1.25234135254 1.09816256068 0.732108373789 0.12909026545 
1.24841983078 1.0983511515 0.732234101003 0.129017359493 
1.24459997507 1.09949972024 0.732999813491 0.129332250722 
1.23996197462 1.10091346583 0.733942310554 0.129507662946 
1.24636063564 1.09939388044 0.732929253624 0.128654889173 
1.2437921669 1.09999002852 0.733326685677 0.128704624914 
1.24734152751 1.0991422806 0.7327615204 0.127810444022 
1.25149631655 1.09851886782 0.732345911879 0.127063354598 
1.259916015 1.09682598363 0.731217322418 0.126280832503 
1.2770789241 1.09294133049 0.728627553658 0.124199356959 
1.27326311627 1.09398047359 0.729320315729 0.124136823909 
1.25252063932 1.09977930999 0.733186206663 0.125537949262 
1.25294097114 1.10029009456 0.733526729708 0.125206145228 
1.24664622804 1.10278820361 0.735192135737 0.125275280616 
1.25934444957 1.10018769372 0.733458462478 0.123413676062 
1.24459972029 1.10552575606 0.737017170707 0.123937208872 
1.25457661869 1.1043711122 0.736247408136 0.122104735812 
1.26558190454 1.10206940616 0.734712937443 0.119978048569 
1.26089916936 1.10356649959 0.735710999726 0.118970939128 
1.26776546355 1.10239460169 0.734929734459 0.117127566818 
1.272274357 1.10111518417 0.73407678945 0.114629998333 
1.27729151444 1.10056017663 0.733706784421 0.112425741264 
1.28190571558 1.10008106926 0.733387379506 0.110191067829 
1.28378618736 1.09945338415 0.732968922768 0.10802413751 
1.27457489621 1.10213679615 0.7347578641 0.106605948949 
1.27096080391 1.10320583669 0.735470557792 0.104817715564 
1.27264775894 1.10326034365 0.735506895765 0.101739621388 
1.27771095485 1.10170901654 0.734472677693 0.0988267801944 
1.28355757149 1.10043680409 0.733624536059 0.0957413373619 
1.29634158859 1.09649809162 0.730998727749 0.0914813370956 
1.29740574379 1.09592882507 0.730619216715 0.0885122854135 
1.28183693618 1.09990365075 0.733269100501 0.0867653683783 
1.27945060003 1.10043041943 0.733620279622 0.0839470059064 
1.28680784659 1.09791322604 0.731942150693 0.0809109555693 
1.2956549674 1.09486114198 0.729907427986 0.0777269500038 
1.3015539153 1.09262570017 0.728417133447 0.0729612025966 
1.30202366278 1.09174500177 0.727830001178 0.0692687135675 
1.30931293145 1.08952289386 0.726348595909 0.0653924289555 
1.31245984293 1.08782090786 0.725213938571 0.0613484324271 
1.3202052477 1.08565461013 0.723769740088 0.0578643853773 
1.3263380108 1.08441186102 0.722941240682 0.055294258074 
1.32403124978 1.08538352268 0.723589015122 0.0527794536679 
1.3260664739 1.08485658713 0.723237724752 0.0509061234285 
1.3130540319 1.08772565982 0.725150439877 0.0498464177211 
1.30668879474 1.08966799548 0.726445330317 0.0491569913658 
1.3035041462 1.09069612124 0.727130747495 0.0485781755796 
1.30771889296 1.08967688026 0.726451253508 0.0479010383546 
1.3217366199 1.08647666313 0.724317775418 0.0465436326584 
1.31935735676 1.08662752286 0.724418348573 0.0459576851267 
1.31205995355 1.08848304505 0.72565536337 0.0462991273396 
1.31420232464 1.08823359349 0.725489062327 0.0462118940551 
1.32401594564 1.08589095862 0.723927305749 0.0452871684746 
1.31301485681 1.08850046819 0.725666978791 0.0457518924439 
1.30537796996 1.09075826331 0.727172175538 0.0462494594309 
1.31103865411 1.08925639156 0.72617092771 0.0459587062176 
1.29701417093 1.0925448852 0.728363256798 0.0466043183938 
1.30606480781 1.09013294006 0.726755293375 0.045655569369 
1.30973868277 1.08879683963 0.725864559752 0.045540977042 
1.31172146877 1.08793893468 0.72529262312 0.0449936083911 
1.31590830678 1.08608412094 0.724056080627 0.0443191606602 
1.31414292046 1.0853691501 0.723579433397 0.0440545875786 
1.32044737623 1.08295596151 0.721970641005 0.0433218229318 
1.31379405144 1.08282709242 0.721884728282 0.0428697597017 
1.31971685361 1.07836628235 0.718910854902 0.0412240531658 
1.33185549165 1.07217301968 0.71478201312 0.0396119252012 
1.33535959473 1.06773179125 0.711821194164 0.0381636274819 
1.33252176256 1.06408816506 0.709392110038 0.03686058217 
1.32887715826 1.05916909976 0.706112733174 0.0353476711184 
1.32807173482 1.05252310412 0.701682069412 0.0335647259116 
1.33011004393 1.04335933173 0.695572887818 0.031194795398 
1.31132965556 1.03262479671 0.688416531143 0.0287041840644 
1.29988462267 1.01618482985 0.677456553231 0.0253084220204 
1.26894524822 0.99688638794 0.664590925293 0.0216278378917 
1.2536584662 0.965683981469 0.643789320979 0.0175227346814 
1.23301030252 0.927714699833 0.618476466556 0.0133862920053 
1.20231229453 0.883674857384 0.589116571589 0.00983202296508 
1.16030474305 0.821845181371 0.547896787581 0.0066181397624 
1.10279168184 0.742623785655 0.49508252377 0.00409418617345 
1.12123269795 0.682961586624 0.455307724416 0.00273292292057 
1.05455072601 0.545470744857 0.363647163238 0.00204585134468 
1.03970220854 0.411391302374 0.27426086825 0.00230951994872 
1.07594803456 0.336740451913 0.224493634609 0.00232599008011 
1.11104044566 0.260874382271 0.173916254847 0.00258646711381 
1.09615111953 0.0512101722657 0.0341401148438 0.00457475295877 
1.15615747586 0.110991883449 0.0739945889663 0.00297984423132 
1.15111943625 6.86184479481e-17 4.57456319654e-17 0.00564224826418 
1.17653105612 1.62346245161e-22 1.08230830107e-22 0.00536246536235 
1.19692731801 -7.6307619694e-23 -5.08717464627e-23 0.00417461811862 
1.22613780653 0.053847576777 0.035898384518 0.00205793288425 
1.21997060781 -5.04466196557e-18 -3.36310797704e-18 0.00291671177988 
1.22316470335 -1.92384926896e-22 -1.2825661793e-22 0.00293740885589 
1.21392810217 4.69302283634e-21 3.12868189089e-21 0.00567413476787 
1.22744637915 0.0104935274387 0.00699568495914 0.00351479847948 
1.2200998343 -1.13432434637e-16 -7.56216230915e-17 0.00467069668081 
1.22771810841 0.0373770703925 0.0249180469284 0.00439025583381 
1.25191141404 0.126000223472 0.0840001489816 0.00330820832255 
1.25715786657 0.156068064035 0.104045376023 0.00301023803355 
1.24709608962 0.143600814229 0.0957338761524 0.00356766519412 
1.26718521938 0.213431268083 0.142287512056 0.0027217684615 
1.24814121709 0.182026008141 0.121350672094 0.00310360423868 
1.25849741618 0.219044927145 0.14602995143 0.00278783416861 
1.22724097027 0.156614987611 0.104409991741 0.00435594080154 
1.18385504472 0.0444142739657 0.0296095159771 0.00657963113479 
1.17817440368 0.0521253751245 0.034750250083 0.00705132957671 
1.21786092206 0.197496730763 0.131664487175 0.00495923720632 
1.25615620984 0.307945538913 0.205297025942 0.00366869664782 
1.25512187924 0.321655182899 0.214436788599 0.00368851571983 
1.27881784968 0.367664292738 0.245109528492 0.00318977476553 
1.23555185364 0.306858551075 0.204572367383 0.00426638979134 
1.27923955005 0.392376014561 0.261584009708 0.00308437337901 
1.26758119602 0.384142644767 0.256095096511 0.00352158193226 
1.26159444592 0.391555947284 0.26103729819 0.00395674278088 
1.24945995964 0.376866385041 0.251244256694 0.00430442267523 
1.29052137771 0.43552068646 0.290347124306 0.00318956377786 
1.29468739096 0.443820448621 0.295880299081 0.00346206507317 
1.23562696618 0.366017381737 0.244011587824 0.00488675885769 
1.20682249351 0.320909585418 0.213939723612 0.00581336862526 
1.20318781215 0.317383272576 0.211588848384 0.00564281625851 
1.22667711964 0.357847383718 0.238564922479 0.00499416900507 
1.23949467873 0.380310196967 0.253540131311 0.0045178003803 
1.23823555124 0.381309895222 0.254206596815 0.00476091180514 
1.21468020542 0.339621355376 0.226414236917 0.00595894383412 
1.2152140193 0.342621293436 0.228414195624 0.0059116036793 
1.16634445655 0.250398601404 0.166932400936 0.00757189217366 
1.15885616971 0.239786617384 0.159857744922 0.00826640125476 
1.21036644022 0.347602733996 0.231735155998 0.00624699464823 
1.22287501251 0.373162270456 0.24877484697 0.00580369720457 
1.19664398254 0.334415157124 0.222943438082 0.00668021155546 
1.18431575001 0.325036504095 0.21669100273 0.00685994832234 
1.18581477475 0.333564016207 0.222376010805 0.00686767358296 
1.20772276105 0.376217462047 0.250811641364 0.00624506290629 
1.22215790016 0.410097976337 0.273398650891 0.00594916738958 
1.24630832276 0.459162263671 0.30610817578 0.00529281714356 
1.23489804785 0.479810827705 0.319873885137 0.00594456178315 
1.15190533562 0.417677823632 0.278451882421 0.00810469476008 
1.16159791093 0.472190712016 0.314793808011 0.00786256933902 
1.15489264965 0.512970375762 0.341980250508 0.00825588801401 
1.12278511581 0.527346226475 0.351564150983 0.00890646601329 
1.12542129087 0.577423082827 0.384948721885 0.00882543235355 
1.10869895786 0.621700523535 0.41446701569 0.00917828251927 
1.1272474455 0.683635661179 0.455757107453 0.00985573891387 
1.10534892905 0.723163520663 0.482109013775 0.0110370631233 
1.14269567313 0.791900743731 0.527933829154 0.0127694411641 
1.15933827437 0.842247710864 0.56149847391 0.0149295711607 
1.18229762984 0.890902272426 0.593934848284 0.0180484330508 
1.19986667992 0.937585020256 0.62505668017 0.0220967778608 
1.20073572775 0.974045134077 0.649363422718 0.0267229494913 
1.23216353091 1.00099717723 0.667331451489 0.0309698347269 
1.24544653971 1.03359378378 0.689062522522 0.0368532357204 
1.25156667316 1.05860018913 0.705733459422 0.0428651016751 
1.27117517629 1.07451389003 0.716342593353 0.047149558698 
1.27515322324 1.08915584941 0.726103899604 0.0518345555778 
1.27540700263 1.10047242117 0.733648280781 0.0552534029547 
1.27965543412 1.10778336363 0.73852224242 0.0580009911763 
1.29180403927 1.11097696528 0.740651310184 0.0591779484834 
1.29184660521 1.11557221046 0.743714806975 0.0612660309078 
1.29748460863 1.1180238074 0.745349204935 0.0621645752368 
1.3049946459 1.11838995921 0.745593306137 0.0627648879682 
1.28853117534 1.12416753244 0.749445021625 0.0640270945984 
1.30534889286 1.12147565439 0.747650436259 0.0635929934993 
1.32151297718 1.11804805157 0.745365367712 0.0631670837568 
1.32289477269 1.11842392415 0.745615949436 0.063103779165 
1.33599246965 1.11491074167 0.743273827783 0.0622611041059 
1.31842124526 1.11986447091 0.74657631394 0.0633862769003 
1.31735662413 1.11991766205 0.746611774697 0.0634908346041 
1.31016193984 1.12163647106 0.747757647374 0.0639215894826 
1.31017459402 1.12112314505 0.747415430035 0.0633634585365 
1.30956163352 1.11992592725 0.746617284835 0.0629176908533 
1.30612981171 1.11979846367 0.746532309114 0.0626407464704 
1.30937539183 1.11779524537 0.745196830247 0.0617448702007 
1.32265732308 1.11315176183 0.742101174553 0.0605580071887 
1.32225342441 1.11219453743 0.741463024953 0.0603014534028 
1.31102540902 1.11349810557 0.742332070377 0.0601691175886 
1.30586408841 1.1125287852 0.741685856799 0.0592593509262 
1.30478398482 1.11043593058 0.740290620389 0.0583733885553 
1.29589287573 1.10785033458 0.738566889722 0.0569326021688 
1.29828423549 1.10204879175 0.734699194499 0.0546897182409 
1.3006895587 1.09585060763 0.730567071755 0.0523752374372 
1.28693169569 1.09062961938 0.727086412918 0.0500575087371 
1.28211959635 1.08268444068 0.721789627122 0.0474579238567 
1.27878976168 1.07400891563 0.716005943757 0.044610234693 
1.26544145894 1.06478225524 0.70985483683 0.0414824656584 
1.25537111387 1.04811991947 0.698746612981 0.0369291565165 
1.24258220973 1.02780344532 0.685202296883 0.0319569778058 
1.19952876623 1.0055478628 0.670365241865 0.0271423064416 
1.18878306225 0.975333953217 0.650222635478 0.0222694723812 
1.10977197563 0.943808848473 0.629205898982 0.0189630794912 
1.08446063054 0.900769351404 0.600512900936 0.0153921445784 
0.950241337899 0.805261790036 0.536841193358 0.0110357141343 
0.799413675407 0.627553154498 0.418368769665 0.0126227205405 
0.859888263652 0.572128730565 0.38141915371 0.012951107011 
0.811432832091 0.342770174438 0.228513449626 0.0199955876397 
0.861887217353 0.32413688477 0.216091256514 0.0230349776088 
0.868757335113 0.130929569396 0.0872863795974 0.0300063217726 
0.913690411821 0.119989787175 0.0799931914503 0.0299926496094 
0.957358371884 0.108123098524 0.0720820656826 0.0296340641632 
0.987226233955 0.0982150618291 0.0654767078861 0.0338862941873 
1.0300768407 0.0837934708949 0.0558623139299 0.0320392287587 
1.06053320074 1.22591540977e-17 8.17276939848e-18 0.0346004995371 
1.09859420345 -7.14129104148e-23 -4.76086069432e-23 0.0324797073486 
1.15093037907 -1.65261863669e-22 -1.10174575779e-22 0.026414851622 
1.18243646155 -2.70022057693e-22 -1.80014705128e-22 0.0232995050027 
1.21435894942 5.60685381772e-22 3.73790254515e-22 0.0189047300084 
1.21484471138 4.58942130282e-22 3.05961420188e-22 0.0257639022299 
1.22713410434 1.68669334165e-22 1.12446222777e-22 0.0271911951299 
1.23685499411 -1.48681300067e-23 -9.91208667112e-24 0.0275819545342 
1.23685499411 -1.48681300067e-23 -9.91208667112e-24 0.0275819545342 
1.23685499411 -1.48681300067e-23 -9.91208667112e-24 0.0275819545342 
1.21672676393 2.62928824986e-22 1.75285883324e-22 0.0359230953167 
1.18280853154 1.27941213428e-22 8.52941422851e-23 0.0389885286772 
1.13738417927 5.30467567665e-22 3.5364504511e-22 0.0500360947009 
1.0801469254 1.99802053824e-22 1.33201369216e-22 0.0580456662635 
1.0289100702 3.94060088712e-22 2.62706725808e-22 0.0667819244416 
0.985760355192 9.70569683056e-23 6.4704645537e-23 0.068791364156 
0.91400184285 0.0115005269751 0.00766701798342 0.0815299642377 
0.838600022324 0.0322417087898 0.0214944725265 0.0966684430942 
0.813880551075 0.388259248785 0.25883949919 0.0774270912976 
0.69819546774 0.440826827869 0.293884551912 0.108070796311 
0.764949303223 0.778339401092 0.518892934061 0.066571597327 
0.716579526404 0.870679902576 0.580453268384 0.0790613725739 
0.680174587096 0.961016085029 0.640677390019 0.0862463561419 
0.651079719975 1.01988458749 0.679923058325 0.0805683319431 
0.583181885539 1.06658409727 0.711056064848 0.0778435193649 
0.521366301908 1.12667632431 0.751117549541 0.0691482462169 
0.450403774719 1.18892041893 0.792613612622 0.0590095749425 
0.388370677366 1.23889070067 0.825927133782 0.0448482038531 
0.323948255553 1.28764372204 0.858429148027 0.0272311039256 
0.271785492304 1.32527693797 0.883517958645 0.0112281922463 
0.47094234875 1.35841537816 0.90561025211 0.0253090711061 
0.635551087877 1.38508727208 0.923391514717 0.0536083922962 
0.74710588559 1.40530931139 0.936872874259 0.0873246637247 
0.820732685903 1.41468301316 0.943122008773 0.119048868537 
0.874529749102 1.4179092222 0.945272814801 0.148810460485 
0.920451903558 1.41978029683 0.946520197885 0.192182395425 
0.957727414937 1.41641312903 0.944275419351 0.228132269132 
0.994982799901 1.40929067653 0.93952711769 0.269402407722 
1.06987588893 1.38315885786 0.922105905238 0.366419628895 
1.0699771952 1.38661610789 0.924410738593 0.367516379368 
1.07340938416 1.38663191615 0.924421277432 0.364841250604 
1.07571441368 1.38673665094 0.924491100625 0.36309222567 
1.07958137094 1.38488016664 0.923253444427 0.359508917354 
1.08242347108 1.38397199255 0.922647995031 0.357071507973 
1.08195917922 1.38520192395 0.923467949297 0.357876880422 
1.08178652203 1.38630869979 0.92420579986 0.358407240909 
1.08027962979 1.38804166461 0.925361109738 0.360098389264 
1.08067373829 1.38830798441 0.925538656271 0.359858546765 
1.08073292205 1.38869668672 0.925797791144 0.359945281213 
1.08179737545 1.38823340506 0.925488936708 0.358963045233 
1.08387274218 1.38660438494 0.924402923293 0.35687329798 
1.083640125 1.38661379866 0.924409199104 0.357078222565 
1.0821049798 1.38701855197 0.924679034643 0.358371013483 
1.08016337728 1.38781037591 0.92520691727 0.360066516618 
1.0757394097 1.38954469 0.926363126664 0.363834714497 
1.07534713344 1.38887722995 0.925918153298 0.363778109787 
1.07589306936 1.38723305425 0.924822036168 0.362740479854 
1.07639134336 1.38472037288 0.923146915254 0.361492155898 
1.0761540874 1.38171158509 0.921141056728 0.360645331639 
1.07389492964 1.37827150216 0.918847668106 0.361158856209 
0.99556636348 1.40534951913 0.936899679419 0.265854485526 
0.956420160644 1.41172100811 0.941147338739 0.225786778911 
0.864741647165 1.41222952958 0.941486353055 0.148289545172 
0.792773388157 1.40643333567 0.937622223779 0.112161032442 
0.709557781363 1.39567350741 0.930449004939 0.082250213666 
0.605423469447 1.3757320092 0.917154672799 0.0537669151536 
0.394594931126 1.34992085539 0.899947236927 0.0238755809489 
0.290955284882 1.31200139708 0.874667598053 0.0211889545361 
0.348085370885 1.26989769511 0.846598463404 0.0348898311914 
0.416173013779 1.21629063886 0.810860425905 0.0446281451056 
0.479591830441 1.16297421752 0.775316145015 0.0510857241925 
0.544448522533 1.10360142121 0.735734280805 0.0554861340896 
0.598283707753 1.04907441398 0.699382942653 0.0562977359716 
0.628169636229 0.989011539562 0.659341026375 0.0617527189453 
0.693704941159 0.930620409006 0.620413606004 0.0500864714031 
0.718144692917 0.857531158425 0.57168743895 0.0374194174909 
0.759387310689 0.779978694747 0.519985796498 0.0369504307162 
0.794401443053 0.725513807445 0.48367587163 0.0323106904429 
0.821001170182 0.681250532859 0.454167021906 0.0308279741769 
0.850795984842 0.630331226096 0.420220817398 0.0255851765665 
0.803867645446 0.483173354131 0.32211556942 0.0225227914602 
0.829750895187 0.468444805256 0.312296536838 0.0155651409173 
0.862718170814 0.44692656 0.29795104 0.0091062997023 
0.884944799687 0.427648821564 0.285099214376 0.00720833730256 
0.840906163038 0.214175734148 0.142783822765 0.0078986985258 
0.865954538707 0.207117774762 0.138078516508 -0.00144536000611 
0.877139191128 0.202928232593 0.135285488395 -0.00565007228834 
0.877139191128 0.202928232593 0.135285488395 -0.00565007228834 
0.884207745256 0.200093845688 0.133395897125 -0.0129880177278 
0.885288063811 0.199296852093 0.132864568062 -0.0179150701361 
0.852299297089 0.20731440595 0.138209603967 -0.0148203396584 
0.838245151202 0.211210826683 0.140807217789 -0.0196856105491 
0.786846379851 0.225259430972 0.150172953982 -0.0149005041599 
0.73427987957 0.241081084331 0.160720722887 -0.0129566838443 
0.705545963688 0.251269900274 0.167513266849 -0.0167296651312 
0.804282290378 0.550021641065 0.366681094044 -0.0143036631075 
0.754754096622 0.584404306535 0.389602871023 -0.0124952183116 
0.727305608054 0.60520319494 0.403468796627 -0.0145779412622 
0.543811281939 0.33574110205 0.223827401367 -0.0308223555745 
0.444050088709 0.169626739456 0.11308449297 -0.0728061119603 
0.376103299463 0.211283362288 0.140855574859 -0.0846506115825 
0.313874724255 0.231835748568 0.154557165712 -0.120991483709 
0.257044544757 0.254023122483 0.169348748322 -0.188687360507 
0.213556922662 0.295063701658 0.196709134439 -0.195557306728 
0.167860118119 0.348307901617 0.232205267745 -0.195771372409 
0.0882951057718 0.120306857781 0.0802045718537 0.0527560417869 
0.0524595162115 0.124335807909 0.0828905386063 0.047767122799 
0.0223661287054 0.134566312187 0.0897108747915 0.044375713779 
1.80181895918e-17 0.116586417944 0.0777242786297 0.0407852482034 
1.80181895918e-17 0.116586417944 0.0777242786297 0.0407852482034 
1.96268203893e-21 0.2793288272 0.186219218133 0.0685196616115 
-4.14047410124e-21 0.525188526817 0.350125684545 0.076983020415 
-4.14047410124e-21 0.525188526817 0.350125684545 0.076983020415 
-1.63866817703e-21 0.593880749053 0.395920499369 -0.197283139382 
-1.63866817703e-21 0.593880749053 0.395920499369 -0.197283139382 
-1.63866817703e-21 0.593880749053 0.395920499369 -0.197283139382 
-1.63866817703e-21 0.593880749053 0.395920499369 -0.197283139382 
-1.63866817703e-21 0.593880749053 0.395920499369 -0.197283139382 
-1.07989606222e-22 0.615520839556 0.41034722637 -0.207428219781 
-1.07989606222e-22 0.615520839556 0.41034722637 -0.207428219781 
2.2214084967e-21 0.603598189337 0.402398792891 -0.203128626206 
2.2214084967e-21 0.603598189337 0.402398792891 -0.203128626206 
4.31059954645e-21 0.617242569638 0.411495046426 -0.210168681095 
4.31059954645e-21 0.617242569638 0.411495046426 -0.210168681095 
4.31059954645e-21 0.617242569638 0.411495046426 -0.210168681095 
-1.16648151934e-21 0.582620369776 0.388413579851 -0.195118980013 
5.30059568406e-21 0.551394324312 0.367596216208 -0.178125229137 
5.30059568406e-21 0.551394324312 0.367596216208 -0.178125229137 
5.30059568406e-21 0.551394324312 0.367596216208 -0.178125229137 
5.30059568406e-21 0.551394324312 0.367596216208 -0.178125229137 
5.26953844624e-22 0.241292906914 0.160861937943 0.0537234949108 
5.26953844624e-22 0.241292906914 0.160861937943 0.0537234949108 
5.26953844624e-22 0.241292906914 0.160861937943 0.0537234949108 
5.26953844624e-22 0.241292906914 0.160861937943 0.0537234949108 
5.26953844624e-22 0.241292906914 0.160861937943 0.0537234949108 
1.00629366986e-20 0.0431076890955 0.028738459397 0.0359535899997 
2.51005616664e-19 3.81639164715e-17 2.5442610981e-17 0.0342965057714 
0.00275296242974 -2.73070318813e-21 -1.82046879208e-21 0.0317954459477 
0.0178126985973 -1.17753690756e-21 -7.85024605039e-22 0.0311323537659 
0.0335248325258 3.07010968473e-22 2.04673978982e-22 0.0305175571272 
0.0543533764913 1.7038208411e-21 1.13588056073e-21 0.0298299249516 
0.0791088583001 3.8387459921e-22 2.55916399473e-22 0.0297086529983 
0.0963940508329 7.12378171447e-22 4.74918780964e-22 0.0299797131016 
0.129966885094 5.80152587194e-22 3.86768391463e-22 0.0352631349342 
0.16413535982 -1.74098098737e-21 -1.16065399158e-21 0.0343762679032 
0.20581003487 7.17064268586e-22 4.78042845724e-22 0.033962864071 
0.260834033236 4.4263045303e-22 2.95086968687e-22 0.0337549863816 
0.321351161139 1.94247541241e-21 1.29498360827e-21 0.0551901539248 
0.390312711068 1.1359100131e-21 7.57273342065e-22 0.0531645939586 
0.49519855917 9.32594198883e-22 6.21729465922e-22 -0.108764196746 
0.558599066427 1.4696156636e-22 9.79743775734e-23 -0.0447895100657 
0.632472197187 -1.44472119271e-22 -9.6314746181e-23 -0.024382789106 
0.74353633786 0.150780227067 0.100520151378 -0.00320407178311 
0.834935934851 0.129453699137 0.0863024660915 6.78612273224e-05 
0.917534469021 0.109664415069 0.073109610046 0.00369496814225 
0.971389976591 3.65818600415e-17 2.43879066943e-17 0.00744083744889 
1.03778714833 4.05986146846e-22 2.70657431231e-22 0.0106412770883 
1.09477774455 -3.79765904386e-22 -2.5317726959e-22 0.0105428750291 
1.14933449564 -1.26602028095e-22 -8.44013520631e-23 0.00814618245868 
1.19396352311 6.71737358421e-22 4.47824905614e-22 0.0079209815334 
1.2200342092 -2.20927494536e-23 -1.47284996357e-23 0.00958689508453 
1.23730033377 -1.54234927077e-22 -1.02823284718e-22 0.0108418408215 
1.25879398568 2.95414767926e-22 1.96943178617e-22 0.0081633275291 
1.26390792097 5.96966219926e-23 3.97977479951e-23 0.00950726072494 
1.26390792097 5.96966219926e-23 3.97977479951e-23 0.00950726072494 
1.2366639342 -6.51057559164e-22 -4.34038372776e-22 0.0152908913666 
1.21084743815 5.23486322475e-22 3.4899088165e-22 0.0229873820766 
1.19967171168 -2.99971811269e-22 -1.99981207512e-22 0.0158957813865 
1.14766161125 -4.00421731628e-22 -2.66947821085e-22 0.0294934167951 
1.07675643931 0.000176662067164 0.000117774711443 0.0286244226154 
0.993317111915 0.00691297395318 0.00460864930212 0.0431139278374 
0.909245217337 0.0199199933556 0.0132799955704 0.0542536035392 
0.823387134923 0.0414470509998 0.0276313673332 0.0670955681013 
0.806218502104 0.452677292593 0.301784861729 0.0512806978957 
0.721882427464 0.497138783367 0.331425855578 0.0670986249263 
0.765896049291 0.794193543318 0.529462362212 0.0552667464279 
0.724433770196 0.86894974082 0.579299827213 0.05494979071 
0.692415175903 0.942495743301 0.628330495534 0.0570159155443 
0.622962690296 1.0219807085 0.681320472336 0.0598795802628 
0.568009327053 1.080286252 0.720190834669 0.0555131169595 
0.507117947277 1.14659472018 0.76439648012 0.0483423173692 
0.439862237769 1.19843640992 0.798957606612 0.0418845937685 
0.375787796105 1.24789364358 0.831929095717 0.0348437413207 
0.312732152066 1.2957671193 0.863844746201 0.0238011180655 
0.242520990411 1.34651519305 0.897676795366 0.00767287057191 
0.544440853454 1.38085184606 0.92056789737 0.0406200465116 
0.678605964794 1.40656081675 0.937707211169 0.0735325525389 
0.786414779632 1.42769506632 0.951796710883 0.126532130865 
0.897453334111 1.43013829522 0.95342553015 0.214676235051 
1.00315625141 1.41995978229 0.94663985486 0.323946030363 
0.974710079144 1.45984527569 0.973230183793 0.263762977868 
0.967087306962 1.4918394057 0.994559603799 0.196498050856 
0.960540033844 1.51774512573 1.01183008382 0.121267650643 
0.965115510423 1.52939776227 1.01959850818 0.0621147768936 
0.97364226649 1.53380427734 1.02253618489 0.0151287147662 
0.974387004267 1.53864061364 1.02576040909 -0.0661917117902 
0.98246221156 1.53914492731 1.02609661821 -0.0678389668771 
1.09399514756 1.43214824499 0.954765496661 -0.523598775598 
1.09133161904 1.43450168621 0.956334457475 -0.523598775598 
1.08553295487 1.43811008619 0.958740057458 -0.523598775598 
1.07318049585 1.44393095021 0.962620633471 -0.523598775598 
1.06297134471 1.4482655722 0.965510381469 -0.523598775598 
1.05299862827 1.4534296752 0.968953116797 -0.523598775598 
1.04348758902 1.45825224729 0.972168164862 -0.523598775598 
1.03353758987 1.4622553791 0.974836919399 -0.523598775598 
1.02181095829 1.46842315276 0.978948768505 -0.523598775598 
1.01157461794 1.47125023794 0.980833491961 -0.523598775598 
0.996523455452 1.47581431777 0.983876211846 -0.523598775598 
0.979896247045 1.48116657166 0.987444381105 -0.523598775598 
0.963228257237 1.4846209157 0.989747277133 -0.523598775598 
0.941602121667 1.48960015868 0.993066772453 -0.523598775598 
0.919756604692 1.49363971502 0.995759810016 -0.523598775598 
0.898174969612 1.49594633236 0.99729755491 -0.523598775598 
0.874976043723 1.49634449829 0.997562998859 -0.523598775598 
0.853967824541 1.49382704761 0.995884698406 -0.523598775598 
0.832494179528 1.49373676443 0.995824509623 -0.523598775598 
0.809561136625 1.4939239952 0.995949330135 -0.523598775598 
0.788046116783 1.49624324865 0.9974954991 -0.523598775598 
0.767993567892 1.49633504579 0.997556697192 -0.523598775598 
0.747483882903 1.49583212555 0.997221417031 -0.523598775598 
0.729418776924 1.49202621048 0.994684140317 -0.523598775598 
0.711978025056 1.49193026483 0.994620176555 -0.523598775598 
0.697973640518 1.48940304909 0.99293536606 -0.523598775598 
0.685335182571 1.48420022859 0.98946681906 -0.523598775598 
0.675964851008 1.480275156 0.986850104003 -0.523598775598 
0.667207414142 1.47885236341 0.985901575608 -0.523598775598 
0.661292920711 1.47946997186 0.986313314572 -0.523598775598 
0.661101332542 1.47914373809 0.98609582539 -0.523598775598 
0.655325388276 1.47911229233 0.986074861556 -0.523598775598 
0.654649620249 1.47541804164 0.983612027762 -0.523598775598 
0.654189402161 1.47314536421 0.982096909473 -0.523598775598 
0.654001243813 1.47246252961 0.981641686407 -0.523598775598 
0.653840603238 1.47189315033 0.981262100223 -0.523598775598 
0.653931723225 1.47288078968 0.981920526455 -0.523598775598 
0.654103126423 1.47448369384 0.982989129225 -0.523598775598 
0.653941057319 1.47416619484 0.982777463228 -0.523598775598 
0.653931690136 1.47476658726 0.983177724843 -0.523598775598 
0.654046327212 1.47616633013 0.984110886753 -0.523598775598 
0.654230350613 1.47808564433 0.985390429554 -0.523598775598 
0.654224548236 1.47912909709 0.986086064724 -0.523598775598 
0.653713771315 1.47718535525 0.984790236831 -0.523598775598 
0.648495648537 1.48057387656 0.987049251037 -0.523598775598 
0.648429664383 1.48025133705 0.986834224698 -0.523598775598 
0.648714983968 1.48203938214 0.988026254762 -0.523598775598 
0.648316620187 1.47996493907 0.986643292711 -0.523598775598 
0.648098908485 1.47912976495 0.986086509967 -0.523598775598 
0.647753722389 1.47739034501 0.984926896673 -0.523598775598 
0.647201872704 1.47439677742 0.982931184947 -0.523598775598 
0.647456888519 1.47626761485 0.984178409899 -0.523598775598 
0.646958493465 1.47356757787 0.982378385247 -0.523598775598 
0.64685433614 1.47336346796 0.982242311975 -0.523598775598 
0.647030897414 1.47491330575 0.983275537165 -0.523598775598 
0.646911169707 1.47448937711 0.982992918076 -0.523598775598 
0.647956631725 1.48050791944 0.987005279629 -0.523598775598 
0.648406379368 1.4821871802 0.988124786801 -0.523598775598 
0.661853650023 1.48497345947 0.989982306314 -0.523598775598 
0.680879083247 1.49181735962 0.994544906413 -0.523598775598 
0.701986895532 1.50177430656 1.00118287104 -0.523598775598 
0.723683694871 1.51221325563 1.00814217042 -0.523598775598 
0.754264460655 1.52250863111 1.01500575407 -0.523598775598 
0.783840507366 1.53412464313 1.02274976209 -0.523598775598 
0.811105994381 1.5442856234 1.02952374893 -0.523598775598 
0.840504839844 1.55705432692 1.03803621795 -0.523598775598 
0.868096476855 1.56466423911 1.04310949274 -0.523598775598 
0.888856169188 1.57797978539 1.0519865236 -0.507743278955 
0.904838415985 1.60358403123 1.06905602082 -0.457464229731 
0.92665823635 1.61980725138 1.07987150092 -0.419714714484 
0.949831183219 1.63063062115 1.08708708077 -0.390891681691 
0.972962529146 1.63941681699 1.09294454466 -0.366840020011 
0.992227630906 1.64620153651 1.09746769101 -0.349085807852 
1.00881805064 1.64993235459 1.09995490306 -0.336896390083 
1.02331909698 1.65459944949 1.10306629966 -0.326001355108 
1.0344317451 1.65770378925 1.1051358595 -0.318605920502 
1.04414294292 1.65828539991 1.10552359994 -0.31391499588 
1.05227025874 1.6583064776 1.10553765173 -0.310202411648 
1.05688403218 1.6605853294 1.10705688627 -0.306680908458 
1.05989081054 1.66171337481 1.10780891654 -0.304486180805 
1.06175931158 1.66223083654 1.10815389103 -0.303157652343 
1.06272203894 1.66341087398 1.10894058265 -0.301934283361 
1.06272133002 1.66304207829 1.10869471886 -0.301785951117 
1.06284188752 1.66254220756 1.10836147171 -0.30155898783 
1.06237388014 1.66212574264 1.10808382843 -0.301783871202 
1.06179161838 1.66295419108 1.10863612739 -0.301507202172 
1.06079823942 1.66405419429 1.10936946286 -0.30149571546 
1.05913609904 1.66237999343 1.10825332895 -0.303361786411 
1.05690077754 1.66195385599 1.10796923733 -0.304849498129 
1.05452029954 1.66183307211 1.10788871474 -0.306127288739 
1.05202677875 1.65821013468 1.10547342312 -0.310131553583 
1.04851910713 1.655650698 1.103767132 -0.314089358692 
1.04341527804 1.65516010803 1.10344007202 -0.317196671594 
1.03829348432 1.65403431261 1.10268954174 -0.320980722586 
1.03442093132 1.65042903607 1.10028602405 -0.3255932028 
1.02988830857 1.64783665595 1.09855777063 -0.330324706521 
1.02592430478 1.64734110779 1.0982274052 -0.333729863987 
1.0221076257 1.64541176638 1.09694117759 -0.33809390435 
1.01712454458 1.64318073948 1.09545382632 -0.343379434978 
1.01104625826 1.64096908896 1.09397939264 -0.349339928741 
1.00154184057 1.63955007688 1.09303338459 -0.355584238098 
0.990047645843 1.63876307968 1.09250871979 -0.361677277681 
0.977782523703 1.63880879865 1.0925391991 -0.367771948217 
0.961650665877 1.64054306596 1.09369537731 -0.374452190493 
0.94542916208 1.63874594819 1.09249729879 -0.384894799747 
0.928985657617 1.63611145893 1.09074097262 -0.397011308932 
0.907613731946 1.63266957312 1.08844638208 -0.41408445356 
0.889816696276 1.62359443916 1.08239629277 -0.43636038258 
0.871946710421 1.61518965255 1.0767931017 -0.459585870043 
0.857498467117 1.60063032583 1.06708688388 -0.489060155051 
0.844937724417 1.58684798552 1.05789865701 -0.517654351895 
0.824648801854 1.58035495511 1.05356997007 -0.523598775598 
0.80047991491 1.57436939003 1.04957959335 -0.523598775598 
0.777176833652 1.5657201962 1.04381346414 -0.523598775598 
0.756210875518 1.55589902342 1.03726601562 -0.523598775598 
0.731988062258 1.53817475117 1.02544983411 -0.523598775598 
0.712326700467 1.52292105798 1.01528070532 -0.523598775598 
0.69651583848 1.51330558567 1.00887039045 -0.523598775598 
0.684931185159 1.50256061576 1.00170707717 -0.523598775598 
0.675641251898 1.49586899107 0.997245994049 -0.523598775598 
0.66811259944 1.48959769589 0.993065130591 -0.523598775598 
0.662895804708 1.48628714841 0.990858098941 -0.523598775598 
0.662611866767 1.4854101315 0.990273421 -0.523598775598 
0.656817559411 1.48158630162 0.987724201082 -0.523598775598 
0.656876882672 1.48226119382 0.988174129215 -0.523598775598 
0.65690834343 1.4831525645 0.988768376336 -0.523598775598 
0.656553808022 1.48183448189 0.987889654596 -0.523598775598 
0.656184966475 1.48037868728 0.986919124851 -0.523598775598 
0.655856199172 1.47915834828 0.986105565522 -0.523598775598 
0.656057214601 1.48119682826 0.98746455217 -0.523598775598 
0.655537919459 1.47892112841 0.985947418937 -0.523598775598 
0.655335423081 1.4786303749 0.985753583265 -0.523598775598 
0.655372391772 1.47968664257 0.986457761716 -0.523598775598 
0.655026871884 1.47849850372 0.985665669147 -0.523598775598 
0.655149249566 1.48011947263 0.986746315083 -0.523598775598 
0.654880765738 1.47976573472 0.986510489812 -0.523598775598 
0.649678730035 1.48349483947 0.988996559646 -0.523598775598 
0.648982957272 1.47940971024 0.986273140162 -0.523598775598 
0.648634907054 1.47716204859 0.984774699058 -0.523598775598 
0.648288487104 1.47492984629 0.983286564192 -0.523598775598 
0.647857784723 1.47228192984 0.981521286563 -0.523598775598 
0.647221929681 1.46849768935 0.978998459568 -0.523598775598 
0.645741092978 1.46028449273 0.973522995155 -0.523598775598 
0.644332197298 1.45277495554 0.968516637029 -0.523598775598 
0.642325324215 1.44301107718 0.962007384784 -0.523598775598 
0.640029073512 1.43271270249 0.95514180166 -0.523598775598 
0.636703665361 1.42112174321 0.947414495475 -0.523598775598 
-3.51557159284e-18 1.5431705468 1.02878036453 0.081978363446 
0.0321283598688 1.51721432529 1.01147621686 0.092968086853 
0.0775897143159 1.48793460498 0.991956403318 0.10706064208 
0.11774811969 1.46138429853 0.974256199022 0.118410276764 
0.171840264449 1.42247652196 0.948317681307 0.126613374925 
0.226754124537 1.38031349416 0.920208996109 0.128402347428 
0.268111035279 1.34754541924 0.898363612829 0.127102830837 
0.313173112605 1.31036899316 0.873579328773 0.120725241442 
0.355387765357 1.27512591404 0.850083942696 0.113831432856 
0.395744380449 1.24056090227 0.827040601511 0.10480269819 
0.43641059236 1.20504632621 0.803364217472 0.0942026508389 
0.478700184573 1.16676680257 0.77784453505 0.0816561556515 
0.483624049206 1.13967218075 0.759781453835 0.0716060620826 
0.533252378346 1.11501147665 0.743340984434 0.0632570419273 
0.536398274833 1.09626290849 0.730841938992 0.0547696875034 
0.539842243497 1.07788956254 0.718593041695 0.0466064586873 
0.541028465045 1.07127127259 0.714180848391 0.0408337048383 
0.283786236556 0.973210414131 0.648806942754 0.0349126862163 
0.194560555029 0.91376654274 0.60917769516 0.0342775943873 
0.123744418786 0.852696720895 0.568464480597 0.0362198316877 
0.0661621539237 0.778927641711 0.519285094474 0.0432021101103 
0.0185226139805 0.717328205447 0.478218803631 0.0584345534277 
6.03653586723e-18 0.675912097692 0.450608065128 0.0573026022445 
2.12686598365e-21 0.694753634093 0.463169089395 0.034171129887 
5.82365472385e-22 0.711668969828 0.474445979886 0.0267141207827 
5.42190365458e-21 0.753642888399 0.502428592266 0.0216893180941 
2.24187327505e-21 0.714095589611 0.476063726407 0.00962872819948 
2.24187327505e-21 0.714095589611 0.476063726407 0.00962872819948 
4.94205898127e-21 0.734569669388 0.489713112925 -0.00183532574274 
7.94471213746e-22 0.696880959272 0.464587306181 -0.0103637657856 
8.25406347759e-21 0.744075614055 0.49605040937 -0.0171945197229 
8.25406347759e-21 0.744075614055 0.49605040937 -0.0171945197229 
8.25406347759e-21 0.744075614055 0.49605040937 -0.0171945197229 
-4.7426290671e-21 0.762593764149 0.508395842766 -0.0160182873778 
-4.7426290671e-21 0.762593764149 0.508395842766 -0.0160182873778 
-4.7426290671e-21 0.762593764149 0.508395842766 -0.0160182873778 
5.26506516663e-21 0.797881735311 0.531921156874 -0.00975524040385 
7.29360798185e-21 0.76555927007 0.510372846713 -0.00486216051533 
1.32857666837e-20 0.782983040933 0.521988693955 -0.00124490519529 
1.52711564725e-21 0.796103519785 0.530735679856 0.00429827825889 
6.07403289081e-21 0.804798113881 0.536532075921 0.00781062559697 
-8.09896671097e-22 0.812566950505 0.541711300336 0.0121865020834 
6.1614723446e-21 0.835317475424 0.55687831695 0.0172865101147 
-1.10657682622e-21 0.831066185984 0.55404412399 0.0221756293509 
-7.82653564582e-21 0.874289271956 0.582859514638 0.028557819653 
8.52526731019e-22 0.884082087425 0.589388058284 0.0345213397457 
2.13617493066e-21 0.920837232865 0.613891488577 0.0385741656324 
0.02831826865 0.966477880823 0.644318587215 0.0364481916902 
0.0572848274234 0.987435128295 0.65829008553 0.0352845799819 
0.0875679292426 1.01482745141 0.676551634271 0.0346392766921 
0.122427882916 1.03880350885 0.69253567257 0.0343597092531 
0.170225263704 1.07728588105 0.718190587366 0.0356667783153 
0.215050267594 1.10307454908 0.735383032719 0.0376391855927 
0.273406410035 1.13190726382 0.754604842549 0.0401891134899 
0.368759994445 1.16218699071 0.774791327143 0.0449709298673 
0.452903131115 1.18615633538 0.790770890255 0.0521461121863 
0.451555294858 1.19777240382 0.798514935881 0.0562479383834 
0.448794435679 1.21741095424 0.811607302826 0.063553224486 
0.402966326217 1.22959176615 0.819727844098 0.0666446547273 
0.401709948969 1.23902204256 0.826014695039 0.0707124357471 
0.399351148495 1.25020184378 0.833467895856 0.0761984645974 
0.35685320578 1.26867054858 0.845780365718 0.0806970847229 
0.353581022009 1.28793659892 0.858624399277 0.0894072836509 
0.315641692866 1.30316993366 0.868779955773 0.0928405060611 
0.313132282183 1.3166718542 0.877781236132 0.0991264127681 
0.308541510144 1.32469910518 0.883132736789 0.103791204218 
0.272973358008 1.33848634467 0.892324229778 0.103891172694 
0.270234785337 1.35159321242 0.901062141613 0.11071990637 
0.240246756531 1.36567438819 0.910449592129 0.112060817698 
0.236212354742 1.38465682048 0.923104546989 0.121087356872 
0.196164768797 1.40166866067 0.934445773781 0.120048410045 
0.192546582842 1.4195160957 0.946344063803 0.126381725767 
0.15044644428 1.43689318236 0.95792878824 0.120041861455 
0.150616635773 1.45181119321 0.967874128804 0.12125844448 
0.107796254088 1.46759867949 0.978399119659 0.114538936965 
0.108048344304 1.48399579298 0.989330528652 0.115587577968 
0.054311980331 1.50384135497 1.00256090331 0.102514792255 
0.0185899159928 1.52730555136 1.01820370091 0.0930313247756 
0.125999952694 1.5428135234 1.02854234894 0.108664996929 
0.29439788863 1.55032644357 1.03355096238 0.165607505569 
0.475443320284 1.54007923044 1.02671948696 0.282880802457 
0.468272659205 1.5642032441 1.04280216274 0.263972697662 
0.476419840925 1.58184159092 1.05456106061 0.258114808794 
0.464002006981 1.60014024369 1.06676016246 0.230481922164 
0.473112742016 1.60989676108 1.07326450738 0.222613503052 
0.470355923032 1.62360104905 1.08240069937 0.201199703638 
0.477904641386 1.62977507296 1.08651671531 0.194719415509 
0.485577411966 1.6360548418 1.09070322787 0.186844178665 
0.482893438929 1.64479682185 1.09653121457 0.165279691039 
0.4895399202 1.64862112415 1.09908074943 0.159927595084 
0.496843110313 1.65361943192 1.10241295461 0.15222469823 
0.493288988411 1.66044344089 1.10696229393 0.130936679346 
0.493360419521 1.66056725144 1.10704483429 0.130913848804 
0.500540933925 1.66272215206 1.10848143471 0.125929145528 
0.504071166913 1.66524730744 1.11016487163 0.120394246966 
0.504111613425 1.66565659976 1.11043773317 0.120374583552 
0.504250473672 1.66677285595 1.11118190397 0.12037273282 
0.506413971597 1.66716677638 1.11144451759 0.11325729647 
0.506500392387 1.66820757622 1.11213838415 0.113276939644 
0.506455017232 1.66800598197 1.11200398798 0.113229057126 
0.506589962447 1.66920639686 1.11280426458 0.113231443798 
0.506643295497 1.66961720313 1.11307813542 0.113184203185 
0.504497676958 1.67213831548 1.11475887699 0.095017913971 
0.504562971369 1.67261439023 1.11507626016 0.0950277125443 
0.508467324531 1.67466349398 1.11644232932 0.0912683598428 
0.508303342811 1.67348770247 1.11565846832 0.0912185788619 
0.50807995999 1.67189058052 1.11459372035 0.0911759252598 
0.507935075265 1.67105291328 1.11403527552 0.0911762622007 
0.503255514335 1.67129512347 1.11419674898 0.0940287375031 
0.49910219676 1.66896646602 1.11264431068 0.0992981541651 
0.498946397898 1.66774639234 1.11183092823 0.0993052445454 
0.497891336877 1.66383562725 1.1092237515 0.120379251621 
0.489728622736 1.65860218323 1.10573478882 0.127315292282 
0.491291985158 1.65230887034 1.10153924689 0.147599820034 
0.481398986367 1.64588367088 1.09725578058 0.155709710577 
0.48244583126 1.63684180115 1.09122786744 0.17767131979 
0.468864470042 1.62541744205 1.08361162803 0.189169395165 
0.473118327599 1.61028926078 1.07352617385 0.216380682846 
0.462653305435 1.5968457917 1.06456386113 0.225164406496 
0.474650464576 1.57761703852 1.05174469234 0.250467276695 
0.46775266153 1.56190236254 1.04126824169 0.254807503324 
0.48881390516 1.5425657437 1.02837716247 0.279217209086 
0.485498187473 1.52954755359 1.01969836906 0.279204868145 
0.300093075492 1.54844997684 1.03229998456 0.15639503443 
0.192887640786 1.54113049917 1.02742033278 0.116437804687 
0.0145827395753 1.52622041057 1.01748027371 0.0805711961695 
0.0521726692309 1.50142579962 1.00095053308 0.0900083520271 
0.088138885233 1.47705833912 0.984705559413 0.0978011248043 
0.132040612098 1.44568891796 0.963792611975 0.102912847549 
0.172379299122 1.41587098968 0.943913993121 0.105138883041 
0.216179809249 1.3819813033 0.921320868868 0.102464589039 
0.250093804148 1.35531779133 0.903545194222 0.0994817511671 
0.289033675361 1.3239732432 0.882648828799 0.0924333425617 
0.293080920588 1.29764803358 0.865098689053 0.0831731398508 
0.355271544105 1.26959535807 0.846396905377 0.0780100983136 
0.358204546203 1.24342465727 0.828949771514 0.0680019568129 
0.415953686787 1.21824322023 0.812162146823 0.0612246485981 
0.452309637495 1.18651344489 0.791008963257 0.0496987111369 
0.454921111996 1.15384517423 0.769230116156 0.0389985447075 
0.120926723154 1.05534736605 0.703564910702 0.0335687899092 
0.0388758071875 0.979421408775 0.65294760585 0.0332671051923 
1.56433694408e-17 0.927595902865 0.618397268577 0.0319496290062 
2.22645441235e-22 0.899284665476 0.599523110317 0.0259207648146 
2.00595729377e-21 0.879175233636 0.586116822424 0.0192973657527 
4.64024446018e-21 0.873489252987 0.582326168658 0.0113365301679 
1.38324125704e-21 0.850060469114 0.566706979409 0.00584651471655 
4.60047082045e-21 0.833773650641 0.555849100427 0.001175144958 
3.95962793955e-21 0.844248123988 0.562832082659 -0.00177732649819 
3.95962793955e-21 0.844248123988 0.562832082659 -0.00177732649819 
3.95962793955e-21 0.844248123988 0.562832082659 -0.00177732649819 
3.95962793955e-21 0.844248123988 0.562832082659 -0.00177732649819 
3.95962793955e-21 0.844248123988 0.562832082659 -0.00177732649819 
3.95962793955e-21 0.844248123988 0.562832082659 -0.00177732649819 
3.95962793955e-21 0.844248123988 0.562832082659 -0.00177732649819 
8.01317955056e-22 0.830067926077 0.553378617385 -0.0239432040541 
8.01317955056e-22 0.830067926077 0.553378617385 -0.0239432040541 
-3.40061813203e-21 0.849057111676 0.56603807445 -0.028881380665 
-3.40061813203e-21 0.849057111676 0.56603807445 -0.028881380665 
-1.54496667e-21 0.864556399137 0.576370932758 -0.0305228852196 
7.93562709361e-21 0.83915999222 0.559439994814 -0.0305569777791 
7.93562709361e-21 0.83915999222 0.559439994814 -0.0305569777791 
7.93562709361e-21 0.83915999222 0.559439994814 -0.0305569777791 
-5.98330500396e-21 0.856310466203 0.570873644135 -0.0349341700337 
-5.98330500396e-21 0.856310466203 0.570873644135 -0.0349341700337 
-5.98330500396e-21 0.856310466203 0.570873644135 -0.0349341700337 
-1.74978642648e-21 0.834846618808 0.556564412539 -0.0368969430971 
-1.74978642648e-21 0.834846618808 0.556564412539 -0.0368969430971 
6.41662514649e-21 0.808169680583 0.538779787056 -0.0415248579545 
6.41662514649e-21 0.808169680583 0.538779787056 -0.0415248579545 
6.41662514649e-21 0.808169680583 0.538779787056 -0.0415248579545 
6.41662514649e-21 0.808169680583 0.538779787056 -0.0415248579545 
-2.12638209964e-21 0.782316415835 0.521544277223 -0.0250762672568 
-2.12638209964e-21 0.782316415835 0.521544277223 -0.0250762672568 
-9.94396087728e-22 0.835384473846 0.556922982564 0.0297824105066 
-6.39737567707e-22 0.857235766643 0.571490511095 0.0410944899048 
-3.15018453301e-21 0.875044310548 0.583362873699 0.0552973405742 
-5.86109495336e-21 0.888873073644 0.592582049096 0.0685858709746 
3.59598253812e-21 0.865710643973 0.577140429315 0.0759845866458 
2.49061080811e-21 0.878545861396 0.585697240931 0.0893348064949 
2.40365415991e-21 0.890897733589 0.593931822393 0.0984027501753 
2.40365415991e-21 0.890897733589 0.593931822393 0.0984027501753 
5.2558016889e-21 0.868101580074 0.578734386716 0.102731117973 
3.66124004969e-21 0.84287817794 0.561918785293 0.108673903805 
3.66124004969e-21 0.84287817794 0.561918785293 0.108673903805 
8.85757470996e-22 0.816017304338 0.544011536225 0.118566905725 
-6.9207440827e-22 0.826390921949 0.550927281299 0.130971501524 
-6.9207440827e-22 0.826390921949 0.550927281299 0.130971501524 
-6.9207440827e-22 0.826390921949 0.550927281299 0.130971501524 
-6.9207440827e-22 0.826390921949 0.550927281299 0.130971501524 
-6.9207440827e-22 0.826390921949 0.550927281299 0.130971501524 
5.25883338472e-21 0.845163946164 0.563442630776 0.140347909535 
5.25883338472e-21 0.845163946164 0.563442630776 0.140347909535 
5.25883338472e-21 0.845163946164 0.563442630776 0.140347909535 
-1.49357061723e-21 0.862065866982 0.574710577988 0.138686443334 
-1.49357061723e-21 0.862065866982 0.574710577988 0.138686443334 
1.95195017643e-21 0.874708572353 0.583139048235 0.0945642950475 
7.44648192253e-21 0.890243092655 0.593495395103 0.0905960716757 
3.16146596182e-21 0.877628501386 0.585085667591 0.0768725023313 
-2.14173244521e-21 0.856708997063 0.571139331376 0.0592313461983 
2.33772152335e-22 0.8701807652 0.580120510133 0.0295866271403 
-2.94701156765e-21 0.849330961555 0.566220641037 0.015110188511 
-1.94785079807e-21 0.821493011121 0.547662007414 -0.00789188821835 
-1.18820308984e-22 0.783256500007 0.522171000005 -0.0342858342724 
-1.42664612779e-21 0.74444265681 0.49629510454 -0.0800757864878 
-1.42664612779e-21 0.74444265681 0.49629510454 -0.0800757864878 
1.36798157472e-21 0.636124515135 0.42408301009 -0.250607479176 
-2.54983451075e-21 0.609524710816 0.406349807211 -0.235580665542 
-2.54983451075e-21 0.609524710816 0.406349807211 -0.235580665542 
4.00493855144e-21 0.639696125589 0.426464083726 -0.246405461349 
4.00493855144e-21 0.639696125589 0.426464083726 -0.246405461349 
4.00493855144e-21 0.639696125589 0.426464083726 -0.246405461349 
4.00493855144e-21 0.639696125589 0.426464083726 -0.246405461349 
4.00493855144e-21 0.639696125589 0.426464083726 -0.246405461349 
2.92552346439e-21 0.615203327737 0.410135551824 -0.232468549808 
2.92552346439e-21 0.615203327737 0.410135551824 -0.232468549808 
2.92552346439e-21 0.615203327737 0.410135551824 -0.232468549808 
5.44470200484e-21 0.578871067183 0.385914044789 -0.208023314468 
5.44470200484e-21 0.578871067183 0.385914044789 -0.208023314468 
5.44470200484e-21 0.578871067183 0.385914044789 -0.208023314468 
2.02712588311e-21 0.63560576372 0.423737175813 -0.225712674418 
2.02712588311e-21 0.63560576372 0.423737175813 -0.225712674418 
2.02712588311e-21 0.63560576372 0.423737175813 -0.225712674418 
2.02712588311e-21 0.63560576372 0.423737175813 -0.225712674418 
2.02712588311e-21 0.63560576372 0.423737175813 -0.225712674418 
2.02712588311e-21 0.63560576372 0.423737175813 -0.225712674418 
2.02712588311e-21 0.63560576372 0.423737175813 -0.225712674418 
-6.26107657862e-22 0.668559302701 0.445706201801 -0.243372028665 
-6.26107657862e-22 0.668559302701 0.445706201801 -0.243372028665 
2.51183865437e-21 0.690599532186 0.460399688124 -0.253565324003 
2.51183865437e-21 0.690599532186 0.460399688124 -0.253565324003 
8.41724613737e-21 0.713603024934 0.475735349956 -0.258792100283 
8.41724613737e-21 0.713603024934 0.475735349956 -0.258792100283 
-3.41952722298e-21 0.894068202881 0.596045468587 -0.00170360145175 
-3.41952722298e-21 0.894068202881 0.596045468587 -0.00170360145175 
9.64923804365e-23 0.900511407846 0.600340938564 0.0230913002493 
9.64923804365e-23 0.900511407846 0.600340938564 0.0230913002493 
-4.95273203912e-21 0.891070920699 0.594047280466 0.0485501711573 
-4.95273203912e-21 0.891070920699 0.594047280466 0.0485501711573 
-4.83049237366e-22 0.907545078052 0.605030052035 0.0626627827569 
1.6670645118e-21 0.924255321162 0.616170214108 0.071748995761 
1.6670645118e-21 0.924255321162 0.616170214108 0.071748995761 
2.6860014631e-21 0.910618068673 0.607078712449 0.0783969964795 
2.6860014631e-21 0.910618068673 0.607078712449 0.0783969964795 
2.6860014631e-21 0.910618068673 0.607078712449 0.0783969964795 
-7.4985228692e-22 0.92529005281 0.616860035207 0.0864366581905 
-7.4985228692e-22 0.92529005281 0.616860035207 0.0864366581905 
2.83559862525e-21 0.901256594898 0.600837729932 0.0849950998606 
2.83559862525e-21 0.901256594898 0.600837729932 0.0849950998606 
4.41847283918e-21 0.887868950053 0.591912633369 0.0867062810053 
4.41847283918e-21 0.887868950053 0.591912633369 0.0867062810053 
4.41847283918e-21 0.887868950053 0.591912633369 0.0867062810053 
1.86608319401e-21 0.872548680114 0.581699120076 0.0865117576668 
1.86608319401e-21 0.872548680114 0.581699120076 0.0865117576668 
1.86608319401e-21 0.872548680114 0.581699120076 0.0865117576668 
1.86608319401e-21 0.872548680114 0.581699120076 0.0865117576668 
-4.38293983971e-21 0.886579780015 0.591053186677 0.0888131534248 
-4.20440629594e-21 0.907315722974 0.60487714865 0.0903741496462 
-4.20440629594e-21 0.907315722974 0.60487714865 0.0903741496462 
-4.20440629594e-21 0.907315722974 0.60487714865 0.0903741496462 
-4.20440629594e-21 0.907315722974 0.60487714865 0.0903741496462 
-4.20440629594e-21 0.907315722974 0.60487714865 0.0903741496462 
2.03843165293e-22 0.922020502742 0.614680335161 0.0868102674312 
6.45912968166e-21 0.910385526054 0.606923684036 0.0804791697222 
6.45912968166e-21 0.910385526054 0.606923684036 0.0804791697222 
6.45912968166e-21 0.910385526054 0.606923684036 0.0804791697222 
2.18536243094e-21 0.932316695487 0.621544463658 0.0682216051916 
2.40364038777e-22 0.937552547897 0.625035031931 0.0436597806624 
5.56011271322e-21 0.919771852115 0.613181234743 0.0352511447274 
5.56011271322e-21 0.919771852115 0.613181234743 0.0352511447274 
-3.2765847216e-21 0.934136523632 0.622757682422 -0.00243509838619 
5.77636358927e-21 0.935928432744 0.623952288496 -0.0270436078959 
5.77636358927e-21 0.935928432744 0.623952288496 -0.0270436078959 
2.28793407251e-21 0.879014244205 0.586009496137 -0.0848846725987 
9.31312302154e-22 0.840068108324 0.56004540555 -0.0920282945695 
3.18853150014e-21 0.793693412604 0.529128941736 -0.137805306904 
9.0587994819e-21 0.736045449733 0.490696966489 -0.146365242285 
-2.69309984709e-22 0.6684944804 0.445662986933 -0.190880123517 
-2.69309984709e-22 0.6684944804 0.445662986933 -0.190880123517 
-2.69309984709e-22 0.6684944804 0.445662986933 -0.190880123517 
-2.69309984709e-22 0.6684944804 0.445662986933 -0.190880123517 
2.13241015016e-23 0.597839716068 0.398559810712 -0.18558813155 
2.13241015016e-23 0.597839716068 0.398559810712 -0.18558813155 
2.13241015016e-23 0.597839716068 0.398559810712 -0.18558813155 
2.13241015016e-23 0.597839716068 0.398559810712 -0.18558813155 
2.13241015016e-23 0.597839716068 0.398559810712 -0.18558813155 
2.13241015016e-23 0.597839716068 0.398559810712 -0.18558813155 
2.13241015016e-23 0.597839716068 0.398559810712 -0.18558813155 
2.13241015016e-23 0.597839716068 0.398559810712 -0.18558813155 
2.13241015016e-23 0.597839716068 0.398559810712 -0.18558813155 
2.13241015016e-23 0.597839716068 0.398559810712 -0.18558813155 
-2.70922308646e-21 0.52445183212 0.349634554747 -0.159556209928 
-2.70922308646e-21 0.52445183212 0.349634554747 -0.159556209928 
-2.70922308646e-21 0.52445183212 0.349634554747 -0.159556209928 
-2.70922308646e-21 0.52445183212 0.349634554747 -0.159556209928 
-2.70922308646e-21 0.52445183212 0.349634554747 -0.159556209928 
-2.70922308646e-21 0.52445183212 0.349634554747 -0.159556209928 
-2.70806634749e-20 -2.22259513847e-17 -1.48173009231e-17 0.0546326531015 
-2.70806634749e-20 -2.22259513847e-17 -1.48173009231e-17 0.0546326531015 
-2.70806634749e-20 -2.22259513847e-17 -1.48173009231e-17 0.0546326531015 
6.96957072155e-21 0.0667245411857 0.0444830274571 0.0558323452829 
0.0310924301296 0.062318653016 0.0415457686773 0.0586466782379 
0.090627165254 0.114232672947 0.0761551152981 0.0777294556629 
0.15083730307 0.175345766446 0.116897177631 0.138350896326 
0.221232060131 0.165949427457 0.110632951638 0.270084304404 
0.295772113865 0.099473178646 0.0663154524306 0.393419097699 
0.370380218719 0.0229400079701 0.0152933386468 0.498976548064 
0.402158647427 7.72271064854e-18 5.1484737657e-18 0.467890712325 
0.42132971008 1.29622244051e-21 8.6414829367e-22 0.403909117812 
0.439560221581 5.10003264707e-22 3.40002176472e-22 0.400856076243 
0.448858914738 4.4962630351e-22 2.99750869007e-22 0.4022066812 
0.460232294486 9.59891882314e-22 6.39927921543e-22 0.452612790853 
0.471386681673 7.19310203737e-22 4.79540135825e-22 0.450931120878 
0.480390209224 -8.2966145743e-22 -5.53107638287e-22 0.44961574893 
0.480390209224 -8.2966145743e-22 -5.53107638287e-22 0.44961574893 
0.485241927043 3.99534356276e-22 2.66356237517e-22 0.523598775598 
0.475087785222 -2.39821173509e-23 -1.5988078234e-23 0.523598775598 
0.475087785222 -2.39821173509e-23 -1.5988078234e-23 0.523598775598 
0.475087785222 -2.39821173509e-23 -1.5988078234e-23 0.523598775598 
0.412303197484 0.0742251309256 0.0494834206171 0.523598775598 
0.366394560402 0.149013065275 0.099342043517 0.523598775598 
0.285631118694 0.27638767878 0.18425845252 0.523598775598 
0.203501923367 0.435039324181 0.290026216121 0.523598775598 
0.140174788478 0.633561574648 0.422374383099 0.523598775598 
0.106438893774 0.86284053834 0.57522702556 0.523597351883 
0.473914082698 1.17242859335 0.781619062235 0.0948384254427 
0.430726108378 1.21523029987 0.810153533247 0.105917068219 
0.368772673094 1.26218220818 0.841454805453 0.0921822530643 
0.327659669243 1.29534990728 0.863566604856 0.0780839402225 
0.249125516513 1.34849877258 0.898999181717 0.0584213303287 
0.17372971325 1.39991479103 0.933276527356 0.0316565855626 
0.112050619725 1.44146212088 0.960974747255 0.012424908973 
0.074439879684 1.46571278933 0.977141859551 -0.00506682568119 
0.388499278892 1.48112818149 0.98741878766 0.0369570576257 
0.517758305959 1.4935346415 0.995689760999 0.0723411499411 
0.618932148351 1.50150628703 1.00100419135 0.121905894211 
0.752115925103 1.49154074472 0.994360496478 0.230600376116 
0.803409315819 1.49499252904 0.996661686028 0.261815244451 
0.805765551213 1.51838167392 1.01225444928 0.221598679944 
0.811876703588 1.53750255967 1.02500170645 0.178761435266 
0.817719186957 1.55199344267 1.03466229511 0.137034362117 
0.825137139679 1.56310267722 1.04206845148 0.092566694171 
0.834523575395 1.57096862523 1.04731241682 0.0424532823904 
0.840721649679 1.57676036557 1.05117357705 -0.0199060459024 
0.977091918999 1.46680005523 0.977866703487 -0.523598775598 
0.97824135038 1.47281925042 0.981879500279 -0.523598775598 
0.980752951272 1.47671945505 0.9844796367 -0.523598775598 
0.982766415814 1.47903655714 0.986024371426 -0.523598775598 
0.983311148343 1.48192775468 0.987951836455 -0.523598775598 
0.986330176144 1.48223046874 0.988153645826 -0.523598775598 
0.987841021771 1.48411182675 0.989407884503 -0.523598775598 
0.989828698974 1.48580993902 0.990539959347 -0.523598775598 
0.990160491808 1.48947387036 0.992982580239 -0.523598775598 
0.992980730089 1.48896695072 0.992644633815 -0.523598775598 
0.995015051923 1.48952572826 0.993017152173 -0.523598775598 
0.994276715588 1.49352546192 0.995683641277 -0.523598775598 
0.995415718489 1.49410026028 0.996066840185 -0.523598775598 
0.997421477799 1.49399577574 0.995997183829 -0.523598775598 
0.99678512038 1.49708095262 0.998053968415 -0.523598775598 
0.996790827991 1.50006897305 1.00004598203 -0.523598775598 
0.997460951871 1.50220713768 1.00147142512 -0.523598775598 
0.998563473115 1.50498875299 1.00332583533 -0.523598775598 
0.999147564152 1.50918413266 1.0061227551 -0.523598775598 
1.0030696723 1.50856847174 1.00571231449 -0.523598775598 
1.00281808154 1.51217716322 1.00811810881 -0.520065002008 
1.00677991577 1.50967772756 1.00645181837 -0.521964790793 
1.0052769005 1.51332806971 1.0088853798 -0.516781125439 
1.00347626434 1.51687953553 1.01125302369 -0.511777300566 
1.00597630554 1.51467040195 1.00978026797 -0.513873119859 
1.00512406216 1.51612680999 1.01075120666 -0.512536138136 
1.00460483091 1.51621995002 1.01081330001 -0.513373774172 
1.00537548417 1.51177588377 1.00785058918 -0.521721341712 
1.00128985939 1.50351265445 1.00234176963 -0.523598775598 
0.993953924745 1.49649123414 0.997660822762 -0.523598775598 
0.985050982451 1.48738276541 0.991588510272 -0.523598775598 
0.973263052718 1.46892127127 0.979280847511 -0.523598775598 
0.959323338345 1.45142033937 0.967613559579 -0.523598775598 
0.942712802174 1.43494769424 0.956631796162 -0.523598775598 
0.928466295239 1.41203946293 0.941359641953 -0.523598775598 
0.909664875945 1.39004960969 0.926699739792 -0.523598775598 
0.697663715959 1.47622047722 0.984146984813 0.186606333721 
0.557561828187 1.46497464279 0.976649761863 0.0995832724051 
0.420325557064 1.44643115206 0.964287434704 0.0583882323969 
0.141042529796 1.42197955762 0.947986371744 0.0212103685646 
0.197394755098 1.38332568787 0.922217125246 0.0354306211306 
0.25373384711 1.34368840416 0.89579226944 0.0492658828546 
0.310898049364 1.30178700026 0.867858000174 0.0597977566277 
0.368717543367 1.2568453507 0.837896900466 0.0637787956786 
0.4265803049 1.20956898198 0.806379321323 0.0627980301859 
0.486521369289 1.1564871169 0.770991411266 0.0572866668978 
0.538888706848 1.10922060079 0.739480400525 0.0587720670978 
0.610172186998 1.03541382533 0.690275883551 0.047805766782 
0.663024587323 0.972089810859 0.648059873906 0.0404280660162 
0.682607814196 0.902696997795 0.60179799853 0.0297034685308 
0.722096196668 0.822772101264 0.548514734176 0.0280008692798 
0.761525493272 0.761312388867 0.507541592578 0.0231767098628 
0.831887721049 0.657408098032 0.438272065354 0.0113972846924 
0.808080973092 0.391351567408 0.260901044939 0.000410857740157 
0.880691416435 0.358764565531 0.239176377021 -0.0076664583372 
0.879530846678 0.131018532839 0.0873456885591 -0.0179792293422 
0.928305618922 0.119110415094 0.0794069433962 -0.0235887107426 
0.986698892025 0.106369039822 0.0709126932148 -0.0312471943405 
1.21258223406 0.546595360047 0.364396906698 -0.0153622695935 
1.2958406518 0.59785727256 0.39857151504 -0.0141540664408 
1.35230080294 0.617958534612 0.411972356408 -0.0131221141271 
1.36775000999 0.613389911844 0.408926607896 -0.0121244817208 
1.39042078723 0.616861242404 0.41124082827 -0.0116116981592 
1.42246887801 0.626564787468 0.417709858312 -0.0110756307965 
1.43338343504 0.625695565417 0.417130376944 -0.0108108360937 
1.42668877046 0.617286144989 0.411524096659 -0.0103836271598 
1.43263560979 0.614636317891 0.409757545261 -0.0102547070311 
1.44226688757 0.615485032884 0.410323355256 -0.0100577545539 
1.44061160309 0.611415157809 0.407610105206 -0.00989942226465 
1.44310232367 0.610354974865 0.406903316576 -0.0100544208563 
1.44312463099 0.606599581051 0.404399720701 -0.010027173638 
1.44974848284 0.607485084566 0.404990056377 -0.0100134243988 
1.43078080646 0.595083613441 0.396722408961 -0.00990832398752 
1.43579928395 0.594972957888 0.396648638592 -0.00983474498784 
1.42596032889 0.585159585957 0.390106390638 -0.00979122486777 
1.43513965747 0.591259526098 0.394173017398 -0.00986469531378 
1.42736880605 0.583222488779 0.388814992519 -0.00983298671007 
1.43615045516 0.586681014139 0.391120676093 -0.00996044416543 
1.42923039581 0.580862781451 0.3872418543 -0.0100170072019 
1.3711858361 0.536486009476 0.357657339651 -0.00962377445284 
1.39242606372 0.555545206451 0.370363470967 -0.00995408765621 
1.39655871336 0.560944167452 0.373962778302 -0.00984525645449 
1.39310985316 0.560490752428 0.373660501619 -0.0102749245262 
1.41224309475 0.576768825998 0.384512550665 -0.0106153584444 
1.39532991221 0.564587924728 0.376391949819 -0.0103566055592 
1.39630510698 0.566178493036 0.37745232869 -0.0106441936915 
1.4071342119 0.575741258457 0.383827505638 -0.0107798567212 
1.4011747966 0.570698384825 0.380465589883 -0.0106769389743 
1.39387023346 0.565836334245 0.37722422283 -0.0107883324972 
1.36183452916 0.543497102714 0.362331401809 -0.0102918612093 
1.40235152499 0.573472206004 0.382314804003 -0.0105336594435 
1.40127945455 0.573170282857 0.382113521905 -0.0104819870518 
1.39188592644 0.56525833 0.376838886667 -0.0105115166026 
1.39514584864 0.569461843824 0.379641229216 -0.0105867729633 
1.35765011779 0.544476711098 0.362984474065 -0.0103943468628 
1.36826722915 0.553280597367 0.368853731578 -0.010211747375 
1.35304515247 0.546069724876 0.364046483251 -0.00995145240096 
1.39408848048 0.585197569003 0.390131712669 -0.0102209675819 
1.39187044482 0.596005583473 0.397337055649 -0.0100005703723 
1.36932153575 0.597930872014 0.398620581342 -0.0095847902032 
1.37532686647 0.619452228303 0.412968152202 -0.0093201752994 
1.39305086756 0.644244338901 0.429496225934 -0.00878741850238 
1.30632230871 0.613391123995 0.408927415997 -0.00785628843841 
1.30020497917 0.629840058335 0.419893372223 -0.00717035830599 
1.26762994899 0.635957201155 0.423971467437 -0.00591450279624 
1.24025528411 0.646734319811 0.431156213207 -0.00505809120641 
1.22227549847 0.672452963713 0.448301975809 -0.00393596257622 
1.20906823104 0.699033325554 0.466022217036 -0.00281467876586 
1.19797443115 0.72916086837 0.48610724558 -0.00158079478731 
1.17680294828 0.763101146556 0.508734097704 0.000153208190398 
1.1582131446 0.800043323845 0.533362215897 0.00249314012425 
1.15248159746 0.843439024736 0.562292683157 0.00532387191241 
1.19430964247 0.895549606851 0.597033071234 0.00906008251506 
1.21098006197 0.939692419697 0.626461613131 0.0138991039138 
1.26026869776 0.974263181641 0.649508787761 0.0181769328849 
1.27815026343 1.00761165342 0.67174110228 0.0233844237575 
1.31219874117 1.0305292021 0.68701946807 0.0277360630455 
1.32430235454 1.05627325564 0.704182170429 0.0341455483664 
1.33835845054 1.07622493744 0.717483291625 0.0402283546294 
1.3295023855 1.09478651311 0.729857675407 0.0460159288285 
1.3424605076 1.10419958366 0.736133055776 0.0500932950636 
1.338951351 1.11455346105 0.743035640699 0.0541020088312 
1.33619558793 1.12227061451 0.748180409676 0.0571307622918 
1.33647787073 1.12743173261 0.751621155071 0.0589556444505 
1.34474989075 1.12968669245 0.753124461634 0.0601051209888 
1.36409468037 1.12718146522 0.751454310145 0.0598367591038 
1.36291942754 1.12953097836 0.753020652243 0.0605203423073 
1.36328322204 1.13047468064 0.753649787091 0.060915605023 
1.37171112409 1.12818138071 0.752120920475 0.0603630500744 
1.3597408309 1.13290276067 0.755268507112 0.0618285155704 
1.36001674745 1.13325856068 0.755505707117 0.0617841532839 
1.36113141963 1.13295568856 0.755303792371 0.0618636848268 
1.3732439635 1.12955702442 0.753038016278 0.0608896610306 
1.37059816496 1.12997945446 0.753319636306 0.0610391765271 
1.37015565895 1.13002597806 0.753350652042 0.0609930036192 
1.3685307225 1.13045247949 0.753634986328 0.0609551977034 
1.36502894055 1.13097127829 0.753980852192 0.061450227313 
1.36597677337 1.12958445529 0.753056303523 0.0610742884435 
1.3803410982 1.12424084901 0.749493899342 0.0593043640488 
1.37551670687 1.12382982366 0.749219882442 0.0589311990756 
1.37245402188 1.12104979376 0.747366529176 0.0575347260978 
1.37414883009 1.11524213012 0.743494753412 0.0553191147452 
1.3792287651 1.10519434414 0.736796229426 0.0518919501762 
1.38435813758 1.0951504228 0.730100281868 0.0480743699389 
1.38835369616 1.08361948238 0.722412988251 0.0441608714248 
1.37585902579 1.06901908756 0.712679391706 0.0391545550406 
1.37313338299 1.04879738948 0.699198259654 0.034015762802 
1.36356629431 1.02505736361 0.683371575742 0.0284097911638 
1.32633975397 0.987632100569 0.658421400379 0.0213315121462 
1.28664351522 0.936817059502 0.624544706335 0.0147382625084 
1.21577865001 0.870640265378 0.580426843585 0.00993051504159 
1.16526939759 0.775041701127 0.516694467418 0.00592839271498 
1.13396236931 0.654307624254 0.436205082836 0.00389246439075 
1.15802963867 0.54924873799 0.366165825327 0.00290716857499 
1.19744825975 0.457945123113 0.305296748742 0.0018467589165 
1.26669778854 0.42127208153 0.280848054354 0.00104551530725 
1.30106993926 0.369145274794 0.246096849863 0.0007515301413 
1.3437238731 0.342199794615 0.22813319641 -4.28078091513e-05 
1.33656971508 0.235579506161 0.157053004108 0.000691621861572 
1.34496582948 0.145083611861 0.0967224079076 0.000534447912982 
1.38520920576 0.160691944182 0.107127962788 -0.000405265955731 
1.43414555543 0.22083198858 0.14722132572 -0.00222502072431 
1.46768100152 0.256854311065 0.171236207377 -0.00339346290235 
1.47562832172 0.248996824795 0.165997883196 -0.00371916555782 
1.4849634264 0.249446295151 0.1662975301 -0.00398080399659 
1.47070811422 0.208418031971 0.138945354648 -0.00397273533463 
1.47290759521 0.205364160379 0.136909440253 -0.00413165169137 
1.4696952687 0.18561358625 0.123742390833 -0.00415670715985 
1.45915567398 0.158149995 0.10543333 -0.00442504659605 
1.44265769812 0.115081065512 0.0767207103412 -0.00437405626273 
1.42181212026 0.0631423121753 0.0420948747835 -0.00414440897106 
1.43567728755 0.112369480187 0.0749129867915 -0.00448457292431 
1.45618900332 0.173266917551 0.115511278367 -0.00520035936472 
1.47747607447 0.224421958316 0.149614638877 -0.00562282530895 
1.46067756366 0.188011236976 0.125340824651 -0.00543308442946 
1.46647554586 0.205742975004 0.137161983336 -0.00561553434866 
1.45924165118 0.188365031264 0.125576687509 -0.00534285827372 
1.45238575915 0.168749891054 0.11249992737 -0.00521176441415 
1.43951269566 0.133546246403 0.0890308309351 -0.0051710780105 
1.47570697998 0.224962634674 0.149975089783 -0.00610289627721 
1.47742553549 0.221270983158 0.147513988772 -0.00628050163111 
1.4461442444 0.142881621554 0.0952544143691 -0.00532413283011 
1.43388379401 0.111850535713 0.0745670238088 -0.00490412451764 
1.44422533129 0.140970265349 0.0939801768994 -0.00523636217644 
1.46795177921 0.203794215946 0.135862810631 -0.00596918602962 
1.44688158611 0.149188524115 0.0994590160766 -0.00521226200215 
1.46647454855 0.203050250198 0.135366833466 -0.00538986523403 
1.44089682693 0.138232867955 0.0921552453035 -0.00452111069756 
1.46142997498 0.197006359535 0.131337573023 -0.00510945880891 
1.47317243491 0.226232454089 0.15082163606 -0.00548260722924 
1.44305241716 0.154779357658 0.103186238438 -0.0047174828495 
1.4474121392 0.167665693352 0.111777128901 -0.00472706673449 
1.44528306105 0.160700482335 0.10713365489 -0.00445269981474 
1.44499167614 0.16376820892 0.109178805946 -0.00461909774825 
1.44264220307 0.15938605082 0.106257367213 -0.00429724897885 
1.42617880024 0.117359945382 0.0782399635883 -0.00362303632013 
1.43283845073 0.160690398057 0.107126932038 -0.00383336635612 
1.42845180037 0.168071414643 0.112047609762 -0.00387636267658 
1.41566051751 0.149151838056 0.099434558704 -0.0030421780585 
1.40819436007 0.14771810043 0.0984787336198 -0.00282920552773 
1.37004634552 0.0680733182408 0.0453822121605 -0.00118136258893 
1.33137579744 0.00708126334886 0.00472084223257 0.000507859881941 
1.30180075043 0.0181819204848 0.0121212803232 0.00106695945229 
1.25478601663 0.037933692736 0.0252891284907 0.00102131147878 
1.18810528374 1.89330272215e-17 1.26220181476e-17 0.00260453725901 
1.12503900855 -3.84304884037e-17 -2.56203256025e-17 0.00346860457865 
1.05716765323 0.0155746978453 0.0103831318968 0.00172713935492 
0.974535348471 0.0341512155539 0.0227674770359 0.00447024777994 
0.885059778194 0.0544155011021 0.0362770007348 0.00771721321381 
0.798450964796 0.0732770624438 0.0488513749625 0.00206035946799 
0.680719798325 -3.18305740475e-16 -2.12203826983e-16 -0.0021672856141 
0.574411262193 3.81594238509e-17 2.54396159006e-17 -0.0170491365752 
0.42408917613 -5.26225583491e-17 -3.5081705566e-17 -0.0297877266049 
0.289743808748 1.5222553211e-17 1.01483688073e-17 0.0140658628147 
0.207124228501 -2.60208521397e-18 -1.73472347598e-18 0.0155425453338 
0.131876838598 4.73423877535e-19 3.15615918357e-19 0.0178675763288 
0.0830125045831 5.0195544199e-18 3.34636961327e-18 0.0199145815303 
0.0363884159424 1.50354415162e-18 1.00236276775e-18 0.0210722532838 
0.00741728455579 0.0193593811365 0.012906254091 0.0234462460726 
2.15700729744e-18 -1.45712565648e-17 -9.71417104321e-18 0.0256113716586 
-3.46164664247e-21 0.0289115538797 0.0192743692531 0.0292812974369 
6.80808839664e-21 0.0273200565641 0.0182133710428 0.0324321795073 
2.3225158466e-21 0.0590774849225 0.0393849899484 0.0350478052459 
2.3225158466e-21 0.0590774849225 0.0393849899484 0.0350478052459 
2.52385748306e-20 1.23379086892e-19 8.22527245948e-20 0.0347292780504 
2.52385748306e-20 1.23379086892e-19 8.22527245948e-20 0.0347292780504 
2.52385748306e-20 1.23379086892e-19 8.22527245948e-20 0.0347292780504 
2.52385748306e-20 1.23379086892e-19 8.22527245948e-20 0.0347292780504 
-1.21371159595e-20 0.00210439646888 0.00140293097925 0.0392243142015 
-1.21371159595e-20 0.00210439646888 0.00140293097925 0.0392243142015 
5.10809112257e-21 0.0507246499666 0.0338164333111 0.0423839015824 
5.10809112257e-21 0.0507246499666 0.0338164333111 0.0423839015824 
5.10809112257e-21 0.0507246499666 0.0338164333111 0.0423839015824 
-1.05873720406e-20 0.0734210710241 0.0489473806828 0.0459263596921 
0.0268625763428 0.0619652654259 0.0413101769506 0.0483000377813 
0.0311361087646 0.148655027532 0.0991033516881 0.0572991430757 
