0.0 0.0 0.0 0.0 
0.100011741868 0.400662338687 0.267108225792 -0.523598775598 
0.0926746900995 0.405131963254 0.270087975502 -0.523598775598 
0.0786121158058 0.41763520919 0.278423472793 -0.523598775598 
0.0707922288702 0.425785670411 0.283857113607 -0.523598775598 
0.0707922288702 0.425785670411 0.283857113607 -0.523598775598 
0.0610208883106 0.434556308163 0.289704205442 -0.523598775598 
0.0522177817176 0.44349492109 0.295663280727 -0.523598775598 
0.0427152895775 0.455369388581 0.303579592387 -0.523598775598 
0.0356621241014 0.457146522881 0.304764348587 -0.523598775598 
0.042845618124 0.456123267302 0.304082178202 -0.523598775598 
0.0398465485002 0.449882048921 0.299921365948 -0.523598775598 
0.0470811064136 0.44592090729 0.29728060486 -0.523598775598 
0.0432908736215 0.441820241608 0.294546827739 -0.523598775598 
0.0432908736215 0.441820241608 0.294546827739 -0.523598775598 
0.0563522806181 0.424173362373 0.282782241582 -0.523598775598 
0.0636392619399 0.420855698593 0.280570465728 -0.523598775598 
0.0616137570158 0.417102633532 0.278068422355 -0.523598775598 
0.0616137570158 0.417102633532 0.278068422355 -0.523598775598 
0.0616137570158 0.417102633532 0.278068422355 -0.523598775598 
0.0616137570158 0.417102633532 0.278068422355 -0.523598775598 
0.0672615525426 0.406654805667 0.271103203778 -0.523598775598 
0.0672615525426 0.406654805667 0.271103203778 -0.523598775598 
0.0672615525426 0.406654805667 0.271103203778 -0.523598775598 
0.0695820083146 0.397013493131 0.264675662087 -0.523598775598 
0.0731387941541 0.395922528484 0.263948352323 -0.523598775598 
0.0731387941541 0.395922528484 0.263948352323 -0.523598775598 
0.0731387941541 0.395922528484 0.263948352323 -0.523598775598 
0.0829395470539 0.388855550779 0.259237033853 -0.523598775598 
0.0829395470539 0.388855550779 0.259237033853 -0.523598775598 
0.0762905892947 0.400218880598 0.266812587065 -0.523598775598 
0.082034158619 0.400044604976 0.266696403317 -0.523598775598 
0.0826370200184 0.393963804531 0.262642536354 -0.523598775598 
0.0741419002443 0.407045105994 0.271363403996 -0.523598775598 
0.0784038642593 0.406628995554 0.271085997036 -0.523598775598 
0.0784038642593 0.406628995554 0.271085997036 -0.523598775598 
0.0784038642593 0.406628995554 0.271085997036 -0.523598775598 
0.0880028012795 0.398665842561 0.265777228374 -0.523598775598 
0.0880028012795 0.398665842561 0.265777228374 -0.523598775598 
0.0880028012795 0.398665842561 0.265777228374 -0.523598775598 
0.0832284039306 0.398504541778 0.265669694519 -0.523598775598 
0.0863814097585 0.400545190047 0.267030126698 -0.523598775598 
0.0884482985163 0.400580826301 0.2670538842 -0.523598775598 
0.0884482985163 0.400580826301 0.2670538842 -0.523598775598 
0.0884482985163 0.400580826301 0.2670538842 -0.523598775598 
0.0870324526419 0.396380065991 0.264253377327 -0.523598775598 
0.0870324526419 0.396380065991 0.264253377327 -0.523598775598 
0.0963531949734 0.38243265746 0.254955104974 -0.523598775598 
0.101249032023 0.37597814508 0.25065209672 -0.523598775598 
0.101249032023 0.37597814508 0.25065209672 -0.523598775598 
0.105774412737 0.369110027458 0.246073351639 -0.523598775598 
0.0958505557187 0.376659905302 0.251106603535 -0.523598775598 
0.0988926106519 0.376162977254 0.250775318169 -0.523598775598 
0.115244014448 0.357980227606 0.238653485071 -0.523598775598 
0.108004485918 0.366733173336 0.244488782224 -0.523598775598 
0.0969009912282 0.380469662721 0.253646441814 -0.523598775598 
0.104015420278 0.374267767209 0.249511844806 -0.523598775598 
0.104015420278 0.374267767209 0.249511844806 -0.523598775598 
0.105395476975 0.37675198799 0.251167991993 -0.523598775598 
0.0973529812195 0.387381985277 0.258254656851 -0.523598775598 
0.0942950390285 0.395880924402 0.263920616268 -0.523598775598 
0.0888052167795 0.402237227927 0.268158151951 -0.523598775598 
0.0941978436674 0.399847708258 0.266565138839 -0.523598775598 
0.0938709008361 0.402345439885 0.268230293257 -0.523598775598 
0.0895362827584 0.407858474181 0.271905649454 -0.523598775598 
0.0933985709466 0.404144483222 0.269429655481 -0.523598775598 
0.0954299551502 0.400902246554 0.267268164369 -0.523598775598 
0.0903048035526 0.405201713373 0.270134475582 -0.523598775598 
0.10412055175 0.388640493337 0.259093662225 -0.523598775598 
0.109761030659 0.379630172418 0.253086781612 -0.523598775598 
0.116731878434 0.365017965508 0.243345310339 -0.523598775598 
0.125400716175 0.351558039699 0.234372026466 -0.523598775598 
0.136408994112 0.336160957529 0.224107305019 -0.523598775598 
0.160943142334 0.303407393624 0.20227159575 -0.523598775598 
0.182803030022 0.273761464171 0.182507642781 -0.523598775598 
0.218576387015 0.224475290047 0.149650193365 -0.523598775598 
0.255002163375 0.173775189328 0.115850126219 -0.523598775598 
0.288078080006 0.122678914087 0.0817859427249 -0.523598775598 
0.3439632388 0.0434016996381 0.0289344664254 -0.523598775598 
0.375651148329 -1.5392566404e-18 -1.0261710936e-18 -0.510942798314 
0.388050327825 1.40901196465e-21 9.39341309764e-22 -0.333261245908 
0.519300699081 3.77135991911e-22 2.51423994607e-22 0.45378925511 
0.563207564126 1.21514502133e-23 8.1009668089e-24 0.33766961448 
0.620125949473 1.90745100223e-06 1.27163400149e-06 0.24540940808 
0.834574067574 0.492355683611 0.328237122408 0.0542545154256 
0.892892127017 0.451292951328 0.300861967552 0.0488250597372 
0.859302592383 0.155130140525 0.103420093683 0.062408087248 
0.922807882456 0.136228390524 0.0908189270162 0.0536508534367 
0.963045859049 -9.35831751951e-18 -6.23887834634e-18 0.0603204320128 
1.03697431513 -8.70008322284e-23 -5.80005548189e-23 0.0453780850678 
1.13580354637 -2.4636180497e-22 -1.64241203313e-22 0.0345717795006 
1.20697014746 -6.04833362878e-22 -4.03222241919e-22 0.0322371719391 
1.26230831036 4.77023115059e-22 3.18015410039e-22 0.0293902247382 
1.31655740888 2.28157474595e-22 1.52104983064e-22 0.0260483455842 
1.37626774888 1.1019232645e-21 7.34615509665e-22 0.0199299485968 
1.41231081962 -9.37942197919e-23 -6.25294798613e-23 0.0179105893108 
1.44185249601 -3.77567894689e-22 -2.51711929793e-22 0.0176891377918 
1.46443105892 -6.89159800774e-22 -4.59439867183e-22 0.0153628887552 
1.48304691141 -6.74998342391e-22 -4.49998894927e-22 0.0142564999384 
1.4918649833 2.28402886143e-21 1.52268590762e-21 0.0124387700903 
1.49690053485 1.85415177688e-21 1.23610118459e-21 0.00808319200059 
1.50754025147 1.25423949962e-22 8.36159666412e-23 0.00406073215554 
1.52095758761 -2.03585161816e-22 -1.35723441211e-22 0.00200714078975 
1.52431303148 -7.53184569713e-22 -5.02123046475e-22 -0.00157924099338 
1.5323564242 5.78984884693e-22 3.85989923129e-22 -0.00424372807151 
1.53129843365 1.76612500974e-22 1.17741667316e-22 -0.00489480112288 
1.52440323617 5.51321748047e-22 3.67547832031e-22 -0.00751276228997 
1.51841568581 7.85515890366e-22 5.23677260244e-22 -0.0032455722139 
1.51560828036 -1.2601712954e-22 -8.40114196934e-23 -0.0056949231253 
1.51648754946 -1.00655870933e-22 -6.71039139551e-23 -0.00796540289763 
1.51370738756 2.73354843267e-22 1.82236562178e-22 -0.0113148667922 
1.51729219118 0.0157166061137 0.0104777374092 -0.00997964319157 
1.51565178851 0.0158230806087 0.0105487204058 -0.010911888486 
1.506096856 0.00183141601396 0.00122094400931 -0.0127494526241 
1.51769280824 0.0467309861053 0.0311539907368 -0.0140139820756 
1.49915014152 1.3734697312e-18 9.15646487469e-19 -0.0111897848296 
1.50653733384 0.0169863295147 0.0113242196764 -0.0115516336982 
1.49132694731 8.85576596283e-18 5.90384397522e-18 -0.00751097414152 
1.49589385049 3.47524696846e-22 2.31683131231e-22 -0.00861912325568 
1.49418239686 -1.20582058851e-21 -8.03880392343e-22 -0.0093734688223 
1.49144917207 -1.60253107677e-22 -1.06835405118e-22 -0.0067591616733 
1.48734662814 -2.04744123979e-22 -1.36496082653e-22 -0.00405921548331 
1.49625560754 1.78240610202e-22 1.18827073468e-22 -0.00673726571972 
1.49169184539 -9.45481333031e-22 -6.30320888687e-22 -0.00545840235984 
1.49044010423 -7.73675662362e-23 -5.15783774908e-23 -0.00653889710357 
1.48895506475 -3.84456242961e-22 -2.56304161974e-22 -0.0064058204652 
1.49089493399 -1.80690287776e-22 -1.20460191851e-22 -0.00830542135388 
1.48856558376 3.62342770688e-22 2.41561847125e-22 -0.00598079236468 
1.49097846415 9.47985882543e-22 6.31990588362e-22 -0.00620147976883 
1.50456003066 2.32350537699e-08 1.54900358466e-08 -0.0104748139783 
1.50311341516 6.67915151807e-22 4.45276767871e-22 -0.00868043194605 
1.51398170371 0.0186781178359 0.0124520785573 -0.00976226011635 
1.52610056228 0.0743756858597 0.0495837905731 -0.00826176141001 
1.51018092575 0.0175307681295 0.011687178753 -0.00885218060962 
1.50494360411 0.00632004171996 0.00421336114664 -0.00858572570016 
1.48591730412 -6.86332630397e-18 -4.57555086931e-18 -0.00512397981195 
1.47432367432 -7.87864219547e-19 -5.25242813031e-19 -0.00136212947578 
1.4586660133 0.00249943554943 0.00166629036628 0.00203545799268 
1.43577687462 0.00686050648155 0.0045736709877 0.00193590924641 
1.41892642191 0.0319792491304 0.0213194994202 0.000542580436531 
1.41088708312 0.0903381180496 0.0602254120331 -0.00160695450222 
1.37506798145 0.0975254174518 0.0650169449679 -0.00119102543808 
1.32857025231 0.0340209413315 0.0226806275544 -0.00195369216052 
1.2922717573 0.0420551809774 0.0280367873183 -0.00105354483011 
1.25006913736 0.0508670728307 0.0339113818871 0.00425593903417 
1.20222026628 0.0609268878599 0.04061792524 0.0111036321804 
1.12782252142 -3.04525951933e-17 -2.03017301288e-17 0.0188603806857 
1.06646795925 -1.01305376909e-17 -6.75369179392e-18 0.0283597881367 
1.02468154063 9.08998206678e-19 6.05998804452e-19 0.0283303428027 
0.967730206929 0.0124189839811 0.00827932265408 0.0323964069448 
0.917231833529 0.025020289246 0.0166801928306 0.0348113033666 
0.852705524553 0.0417025630131 0.0278017086754 0.0402012967071 
0.810986934122 0.0515673411264 0.0343782274176 0.0327188767566 
0.727834901432 3.23701016471e-17 2.15800677647e-17 0.0350188753687 
0.64402723583 -2.28515386284e-18 -1.52343590856e-18 0.0449340092596 
0.574027376786 4.28538244391e-18 2.85692162927e-18 0.0211304863071 
0.483133800797 -4.15927661531e-17 -2.77285107687e-17 -0.0348504415012 
0.419414261462 -1.78057997483e-17 -1.18705331655e-17 -0.179397891172 
0.338121074571 -3.05581191914e-18 -2.03720794609e-18 -0.0929629949239 
0.259698377444 3.62755582722e-18 2.41837055148e-18 -0.0490277992887 
0.203340953079 -8.4390586047e-18 -5.6260390698e-18 -0.0370684631288 
0.157181841969 -1.72048018139e-17 -1.14698678759e-17 -0.0312224264513 
0.120494664766 4.19794747953e-19 2.79863165302e-19 -0.0293172663085 
0.0881129063968 0.013695699181 0.00913046612066 -0.0266922011862 
0.0635150202599 0.01719850179 0.01146566786 -0.0217314569046 
0.0410466149683 0.0249682332659 0.0166454888439 -0.0156417842888 
0.0273899929837 -2.23075642655e-18 -1.48717095103e-18 -0.0101050621634 
0.0179817377816 1.87117482575e-22 1.24744988383e-22 -0.0094315149131 
0.00472100589394 5.82612818202e-19 3.88408545468e-19 -0.00597830267676 
0.0032753112637 1.45993971892e-21 9.73293145949e-22 -0.00305164555838 
1.96942691312e-05 1.04108774945e-21 6.94058499631e-22 -0.00148386214514 
1.63195499248e-20 9.53665095093e-22 6.35776730062e-22 0.000270885671715 
1.63195499248e-20 9.53665095093e-22 6.35776730062e-22 0.000270885671715 
1.63195499248e-20 9.53665095093e-22 6.35776730062e-22 0.000270885671715 
-2.44207785261e-21 -4.85499856311e-22 -3.23666570874e-22 0.00145231770764 
0.000897425613975 1.88841631086e-21 1.25894420724e-21 0.00338183328286 
-1.0123576506e-18 -6.2895336733e-23 -4.19302244887e-23 0.00136603898093 
-9.74302659932e-21 1.05842553277e-21 7.05617021845e-22 0.00206725377292 
5.35962798203e-21 0.00523126008825 0.0034875067255 0.00046867288525 
0.00391249293195 2.33350421107e-18 1.55566947405e-18 0.00277005209106 
5.84438909215e-21 -3.69232624004e-22 -2.46155082669e-22 -7.26649465203e-09 
0.00713777541713 5.58852582764e-22 3.72568388509e-22 -0.00234333661868 
0.0201252500994 4.08808749506e-22 2.72539166337e-22 -0.0010535022989 
0.0319920553731 1.65626509438e-21 1.10417672959e-21 0.000413051294999 
0.0429381264416 5.98169509216e-22 3.98779672811e-22 -0.00021796642208 
0.0551449552648 -1.08957330146e-21 -7.26382200975e-22 -0.000829054151489 
0.066088269376 5.59503550315e-22 3.73002366877e-22 -0.00166962996121 
0.0792498475438 -9.65838675388e-22 -6.43892450259e-22 -0.00263688350366 
0.0988379185398 -1.16912469354e-22 -7.79416462363e-23 -0.00261298101943 
0.110880147536 1.65599127812e-21 1.10399418541e-21 -0.00258410015523 
0.118865152785 8.97511108099e-22 5.98340738733e-22 -0.0024882856494 
0.138251007085 2.52757124364e-22 1.68504749576e-22 -0.0025579424298 
0.151674423818 -2.30996002023e-21 -1.53997334682e-21 -0.00208844691442 
0.165094217825 4.42756974303e-22 2.95171316202e-22 -0.00303200893396 
0.187655848549 -3.26032108653e-22 -2.17354739102e-22 -0.00399171860224 
0.209084791378 -9.36894894676e-24 -6.2459659645e-24 -0.00526015185073 
0.228881342225 1.08405186566e-22 7.22701243771e-23 -0.0209019432626 
0.25018429102 2.35059189138e-21 1.56706126092e-21 -0.0338121754696 
0.284156786987 1.11818058814e-21 7.45453725424e-22 -0.0336014525234 
0.316909041249 2.2926009648e-22 1.5284006432e-22 -0.0736836099413 
0.375750709437 -7.40692079527e-22 -4.93794719685e-22 -0.154921293469 
0.421141230401 -6.9515769531e-22 -4.6343846354e-22 -0.148511117514 
0.457764344419 2.9186440239e-21 1.9457626826e-21 -0.143772871666 
0.50063229761 2.28658594852e-21 1.52439063235e-21 -0.13690281948 
0.530538000985 -7.82288665309e-22 -5.21525776873e-22 -0.0853202094053 
0.569790432273 -5.10013805458e-22 -3.40009203638e-22 -0.0809477737859 
0.611523153597 -1.53907913885e-21 -1.02605275924e-21 -0.0756059286951 
0.639468493279 -2.59969161954e-22 -1.73312774636e-22 -0.051766852324 
0.665172350621 -4.09030897726e-22 -2.72687265151e-22 -0.0509346929613 
0.689786099455 -1.1789117947e-22 -7.85941196469e-23 -0.0476158061826 
0.721484235199 -6.25793547767e-22 -4.17195698511e-22 -0.045032200188 
0.749304611358 1.56783208529e-23 1.0452213902e-23 -0.0415052162368 
0.779235338867 5.39227495998e-26 3.59484997332e-26 -0.0391083509978 
0.807814150325 3.52218160856e-22 2.34812107238e-22 -0.0334822720981 
0.848859137752 -1.21620748904e-22 -8.10804992691e-23 -0.0370641801302 
0.861208113689 -2.93285152022e-22 -1.95523434681e-22 -0.0301417074805 
0.887876989144 -6.14162281807e-23 -4.09441521204e-23 -0.0256904805 
0.919671290037 4.29380903791e-23 2.86253935861e-23 -0.0291441015782 
0.948634922806 3.17059332953e-23 2.11372888635e-23 -0.0268722888617 
0.964670533994 -4.34362627957e-23 -2.89575085305e-23 -0.0294870119225 
0.978926988101 4.42026557738e-08 2.94684371825e-08 -0.0300796817604 
0.998812691937 5.4966447489e-07 3.6644298326e-07 -0.0297091656084 
1.01031967532 4.78974540081e-07 3.19316360054e-07 -0.0230530848627 
1.02027297846 5.43527870118e-07 3.62351913412e-07 -0.0242168754098 
1.02027297846 5.43527870118e-07 3.62351913412e-07 -0.0242168754098 
1.03018394502 6.95954507541e-07 4.63969671694e-07 -0.0211348784678 
1.03018394502 6.95954507541e-07 4.63969671694e-07 -0.0211348784678 
1.28997839989 0.577007589241 0.384671726161 0.00591924521715 
1.28821683662 0.577926184234 0.385284122822 0.0052260761225 
1.32814592199 0.602764754669 0.401843169779 0.00512970046461 
1.32944627306 0.601250478876 0.400833652584 0.00522770244428 
1.32360077707 0.590652621876 0.393768414584 0.0051065723308 
1.30189980014 0.568262832222 0.378841888148 0.00400159841023 
1.30420837749 0.565101533421 0.376734355614 0.00606248267278 
1.3202663673 0.567171537621 0.378114358414 0.00423146915304 
1.29628870496 0.538983188463 0.359322125642 0.00405130865306 
1.30586918567 0.531994264798 0.354662843198 0.00164407199686 
1.30041636473 0.519876559122 0.346584372748 0.0017237999999 
1.30323229032 0.518116067242 0.345410711494 0.00199981370451 
1.32144482273 0.530854603109 0.353903068739 0.001928110198 
1.31231318529 0.5126752648 0.341783509867 0.000203615915251 
1.32950891871 0.527753595567 0.351835730378 0.00321790297537 
1.3206354208 0.513555297399 0.342370198266 0.0022860374161 
1.31788716104 0.502780462224 0.335186974816 0.00307145527015 
1.2970629176 0.46036452305 0.306909682033 0.00265145191219 
1.30806080191 0.453186623477 0.302124415652 0.00311833419386 
1.31037430551 0.432898131887 0.288598754591 0.00220595893055 
1.32215441069 0.426191149601 0.284127433067 0.00156276536101 
1.33076738398 0.421119770166 0.280746513444 0.000913861666423 
1.31978513439 0.388026559397 0.258684372932 -0.000638065008673 
1.29857539598 0.335513957679 0.223675971786 -0.000145925651968 
1.28796840131 0.28494927824 0.189966185493 -0.00414984807949 
1.31546446753 0.319729634671 0.21315308978 -0.00292014846743 
1.3095102851 0.290730934166 0.193820622777 -0.00199677269928 
1.31857909764 0.287908206458 0.191938804305 -0.00192469904587 
1.31077621932 0.249425814819 0.166283876546 -0.00216145560584 
1.31622581458 0.214264224252 0.142842816168 -0.00291642229525 
1.33770808951 0.207197321848 0.138131547899 -0.00025960776159 
1.34338555228 0.152331775639 0.101554517092 3.3185572939e-05 
1.32425770528 0.0418449767717 0.0278966511812 0.0018786395661 
1.32324115633 3.99214363628e-17 2.66142909086e-17 0.00368338862673 
1.33259404634 1.0147185452e-21 6.76479030135e-22 0.00441065318671 
1.34148018538 3.72737855739e-22 2.48491903826e-22 0.00449866557601 
1.36108972518 -7.55883399843e-22 -5.03922266562e-22 -0.00190320131458 
1.36420032003 -9.7384470242e-22 -6.49229801613e-22 -0.000460967753336 
1.36704569299 2.44435745592e-22 1.62957163728e-22 0.000251608597209 
1.37206765611 4.23926505404e-22 2.8261767027e-22 -0.000599674388656 
1.38251985816 6.72063446492e-23 4.48042297661e-23 -0.00412958310582 
1.39272871322 -4.50794537327e-23 -3.00529691551e-23 -0.00616810862922 
1.4029758875 9.70710564361e-22 6.47140376241e-22 -0.0043968578947 
1.42179107723 1.9988063741e-22 1.33253758273e-22 -0.00746367369286 
1.43615879461 4.10613040815e-22 2.7374202721e-22 -0.00780146000375 
1.44755336633 6.18393875756e-22 4.12262583838e-22 -0.0116594015331 
1.46385415075 3.75444094679e-22 2.50296063119e-22 -0.0136472163982 
1.46352264938 4.12693039916e-22 2.75128693278e-22 -0.0114902261117 
1.47028016324 -1.08412975805e-22 -7.22753172032e-23 -0.0101256240047 
1.47794564138 1.0539890706e-21 7.02659380401e-22 -0.0109195925316 
1.47977018737 -1.54320436421e-22 -1.02880290947e-22 -0.00814076488325 
1.48208588739 1.09883323458e-21 7.32555489719e-22 -0.00644871985983 
1.49118807508 1.53781258358e-22 1.02520838906e-22 -0.00872611883775 
1.50184421206 6.01595851696e-22 4.0106390113e-22 -0.0125496255079 
1.49225725056 1.25051447045e-21 8.33676313633e-22 -0.0100159719846 
1.49420742776 8.53244226283e-22 5.68829484189e-22 -0.0116902930617 
1.48864823194 6.97492881494e-22 4.64995254329e-22 -0.00819030831386 
1.48446844188 -2.27548193711e-21 -1.51698795807e-21 -0.00978909330333 
1.48445234024 1.71525200687e-22 1.14350133791e-22 -0.00962676378061 
1.48711612734 8.946359809e-22 5.96423987267e-22 -0.00821063978176 
1.48332818082 1.41451689206e-21 9.43011261373e-22 -0.00653354203847 
1.48591463423 8.83359096098e-23 5.88906064065e-23 -0.00702717927892 
1.4827984509 1.45726715895e-22 9.71511439301e-23 -0.00653521554395 
1.48944372166 1.39025078455e-21 9.2683385637e-22 -0.00576359242398 
1.48517163713 7.16075017549e-22 4.77383345033e-22 -0.00541944641911 
1.48606210492 5.87126035571e-22 3.91417357047e-22 -0.00676564258369 
1.47871685917 2.43429652236e-22 1.62286434824e-22 -0.0066900302682 
1.47778888458 3.06887101622e-22 2.04591401081e-22 -0.00339561764786 
1.47199511893 -2.11856764079e-22 -1.41237842719e-22 -0.000751883152518 
1.47209018031 6.29740730558e-23 4.19827153705e-23 -0.00445304120825 
1.47446352077 1.0044560507e-21 6.69637367135e-22 -0.00481035110345 
1.46740372054 -1.08456062169e-22 -7.23040414461e-23 -0.00220981643602 
1.46218384243 1.86142023489e-23 1.24094682326e-23 -0.00279343139441 
1.4530229235 9.03051600394e-22 6.02034400262e-22 0.000713085565606 
1.45541347242 -3.37125509769e-22 -2.24750339846e-22 0.000350338055792 
1.43873529171 1.67389999506e-21 1.11593333004e-21 0.00432393419636 
1.443083849 -5.31191382765e-22 -3.5412758851e-22 0.00498115501355 
1.44154474013 8.70064711599e-22 5.80043141066e-22 0.00325514049342 
1.42961658515 -1.51976425962e-21 -1.01317617308e-21 0.00581551702503 
1.43217677404 5.89910566324e-22 3.93273710882e-22 0.00634113834629 
1.42579764508 -1.41921094529e-21 -9.46140630191e-22 0.00803773853041 
1.42094546472 1.26700756554e-21 8.44671710361e-22 0.009598874609 
1.41962790055 8.31675132338e-22 5.54450088225e-22 0.00875723194759 
1.41669182753 -7.44759218306e-23 -4.96506145537e-23 0.0107513568206 
1.41419510166 3.35565833169e-23 2.23710555446e-23 0.0102964601568 
1.40657769579 -2.54979006799e-23 -1.69986004532e-23 0.00993082360327 
1.39827838584 -1.27847845623e-22 -8.52318970821e-23 0.0136780921435 
1.38703209251 -4.0555260838e-22 -2.70368405587e-22 0.0107321643803 
1.38666661335 1.76885967953e-22 1.17923978636e-22 0.0126293004091 
1.37920557907 -1.06499317168e-21 -7.09995447784e-22 0.0118751872373 
1.37309931643 1.49776625513e-21 9.98510836752e-22 0.0142101805513 
1.3750838499 1.30890017174e-21 8.72600114493e-22 0.0124942103119 
1.36443726789 -7.17686242964e-22 -4.78457495309e-22 0.0140950670188 
1.36364345419 -8.44654164547e-22 -5.63102776365e-22 0.0131490133803 
1.36610615442 -5.09024933358e-22 -3.39349955572e-22 0.0105787940698 
1.35710291966 1.34499801922e-21 8.96665346149e-22 0.00611134937169 
1.35176028844 2.7958392585e-22 1.863892839e-22 0.00650093264297 
1.33846058877 9.7748587938e-22 6.5165725292e-22 0.0127890961807 
1.33631860133 -6.26938583941e-22 -4.1795905596e-22 0.00931498739255 
1.31881324366 -1.07508304874e-21 -7.16722032491e-22 0.0116533285876 
1.3203889722 1.33272812209e-22 8.88485414724e-23 0.00838111926219 
1.33443580333 0.0584283787003 0.0389522524668 0.00594539314943 
1.3279432921 0.0600597608441 0.0400398405627 0.00589014153955 
1.31663988048 0.0622119508408 0.0414746338939 0.0078604414552 
1.28213519906 -9.11151695397e-19 -6.07434463598e-19 0.00913611865505 
1.26733688313 9.9738102299e-20 6.64920681993e-20 0.0103365054025 
1.26175829498 0.00124125025059 0.000827500167057 0.00836341714233 
1.24618694686 0.00479076712098 0.00319384474732 0.0103063417982 
1.22195628865 2.00484145188e-17 1.33656096792e-17 0.0146174435259 
1.20668274501 0.00321737824961 0.00214491883307 0.0134387322021 
1.19170381613 0.00699356788563 0.00466237859042 0.0102587682547 
1.17330223656 0.0116129876957 0.00774199179712 0.010935994238 
1.18106722859 0.0995241535335 0.066349435689 0.0117497533674 
1.15665054636 0.106592150166 0.071061433444 0.00935338187309 
1.12968649647 0.114498717436 0.0763324782906 0.00872004429839 
1.16568648504 0.284874601931 0.189916401287 0.0068684899469 
1.16217569742 0.343393811353 0.228929207568 0.00789208166613 
1.15026608632 0.35004341199 0.23336227466 0.00490478907015 
1.16555250201 0.420334166142 0.280222777428 0.00834611174633 
1.17920017936 0.462975522901 0.308650348601 0.00920633320806 
1.13638405596 0.431610413836 0.287740275891 0.0099593996214 
1.18241518702 0.500469742974 0.333646495316 0.010129275506 
1.20789282751 0.535884355838 0.357256237225 0.00910149497612 
1.23616028994 0.568006820984 0.378671213989 0.00863886654455 
1.25444774826 0.587156063578 0.391437375718 0.0087857060764 
1.23106744225 0.572336428443 0.381557618962 0.00900604937613 
1.22972596509 0.574004071438 0.382669380959 0.00940679239155 
1.22604178685 0.576867734037 0.384578489358 0.0104107762158 
1.19947567644 0.552396114318 0.368264076212 0.00741794185137 
1.18682406236 0.539312427155 0.359541618103 0.00850852628446 
1.21907581626 0.568097052891 0.378731368594 0.00897914154646 
1.2161816207 0.570638845171 0.380425896781 0.0104647393606 
1.21562044137 0.570971207059 0.380647471373 0.0100588973581 
1.16894523208 0.540758690518 0.360505793679 0.0103490720536 
1.2059415775 0.584058427659 0.389372285106 0.00976625485732 
1.16087723695 0.561717811341 0.374478540894 0.011079797326 
1.11402378817 0.528880033775 0.352586689183 0.00983714419309 
1.17275167855 0.591594187709 0.394396125139 0.0112176514572 
1.12962080051 0.569488148121 0.379658765414 0.011345618289 
1.15844026228 0.600902513998 0.400601675999 0.0125006916173 
1.14599659647 0.614182155669 0.409454770446 0.0110425294137 
1.13512554164 0.626166272153 0.417444181436 0.00988177811487 
1.18280394167 0.676877421055 0.451251614037 0.0133005381968 
1.18915501578 0.704894449006 0.469929632671 0.0159247804934 
1.17754190116 0.723992258054 0.482661505369 0.015474385286 
1.16767837652 0.742789366294 0.495192910863 0.0127951473987 
1.19448986799 0.782853059932 0.521902039955 0.0158734154494 
1.23056123553 0.816153054384 0.544102036256 0.0196727325786 
1.24309452457 0.844739619125 0.563159746083 0.0218168490452 
1.25526352568 0.87738870363 0.58492580242 0.0264453237012 
1.27378204933 0.908246741247 0.605497827498 0.0313722743588 
1.29348187733 0.935145438833 0.623430292555 0.0351422719309 
1.32603528795 0.964313006751 0.642875337834 0.0441071165714 
1.32373916381 0.98544679151 0.656964527674 0.0482545110046 
1.34338809989 1.00208854862 0.668059032412 0.0547153931629 
1.35398540761 1.01495559812 0.676637065416 0.0601909076347 
1.36612211041 1.02300900996 0.682006006643 0.0624030288963 
1.36470668245 1.03159653349 0.687731022328 0.0663744766964 
1.36418250071 1.03807442777 0.692049618515 0.0681360602928 
1.36216796368 1.04514521508 0.696763476719 0.0725249816566 
1.36175589699 1.04949184866 0.699661232441 0.0738333390435 
1.36148131529 1.05368782719 0.702458551462 0.0766463412043 
1.37709791387 1.05582458753 0.703883058355 0.0824910245659 
1.37630511353 1.05984128891 0.706560859276 0.0848502282134 
1.36283029696 1.06427281053 0.709515207018 0.0839106123034 
1.36261811322 1.06607766352 0.710718442346 0.084675659912 
1.36274741554 1.0654409513 0.710293967533 0.0846813186278 
1.36274741554 1.0654409513 0.710293967533 0.0846813186278 
1.37629615517 1.06434847914 0.70956565276 0.0887716338799 
1.37591338946 1.06601267292 0.71067511528 0.0889726597808 
1.37586415786 1.06544427724 0.710296184828 0.0889032030001 
1.37587324227 1.06459416108 0.709729440721 0.0886263523187 
1.37614770477 1.06412546779 0.70941697853 0.0880108412889 
1.37825911058 1.06205487539 0.708036583592 0.0852781074703 
1.39075543422 1.05989759065 0.706598393764 0.0889358166495 
1.37935811072 1.06053919901 0.707026132671 0.0872498425388 
1.38763220118 1.05794283021 0.705295220141 0.0882390370082 
1.38643507907 1.05715493062 0.704769953748 0.0896762871342 
1.38417806597 1.05701028739 0.704673524927 0.0925026698341 
1.36872967513 1.0583034856 0.705535657064 0.0898198882882 
1.36883501526 1.05702865223 0.704685768154 0.0892560700715 
1.36963177782 1.05450188698 0.70300125799 0.0873890922379 
1.35274434649 1.05662872039 0.704419146929 0.086234977349 
1.35369023673 1.05491161154 0.703274407691 0.0829459304945 
1.35295485113 1.05409024256 0.702726828371 0.0844081816708 
1.34115615713 1.05521018059 0.703473453726 0.0827407162098 
1.34030554953 1.05510611484 0.703404076558 0.0845881150766 
1.34137550148 1.05318963557 0.702126423713 0.0820688297988 
1.340125567 1.05593026014 0.703953506758 0.0858441037591 
1.33650435502 1.05897931431 0.705986209542 0.0950630135072 
1.31569192315 1.06343627946 0.708957519641 0.0968396315276 
1.31219275604 1.06643573448 0.710957156317 0.1048363378 
1.28733603897 1.07033617721 0.713557451471 0.111188439075 
1.26455266586 1.07315038198 0.715433587986 0.118288442609 
1.26105831875 1.07104876553 0.714032510352 0.129565776384 
1.25577541581 1.06911137497 0.712740916649 0.142592492829 
1.22947534342 1.06730529061 0.711536860406 0.145061763392 
1.22671344996 1.0645112299 0.70967415327 0.1531350391 
1.19269727074 1.06598800951 0.71065867301 0.15379219895 
1.1902067806 1.06436246667 0.709574977782 0.160031228645 
1.16243288809 1.06360676399 0.709071175992 0.15840939394 
1.15987653914 1.06464479405 0.709763196033 0.164547662227 
1.15799734077 1.06379515547 0.709196770315 0.166117500214 
1.15784546766 1.06144232328 0.707628215521 0.165507311267 
1.15749638484 1.06012623174 0.706750821159 0.165753993989 
1.15582271926 1.06027544832 0.706850298878 0.169134398959 
1.15362769849 1.06001046425 0.706673642835 0.172892628172 
1.12388550603 1.06068187642 0.70712125095 0.167391291317 
1.12417435281 1.05883602945 0.705890686302 0.166604939076 
1.12458274818 1.05757801493 0.705052009955 0.165971111987 
1.12511885387 1.05585524115 0.703903494098 0.165194624219 
1.12511885387 1.05585524115 0.703903494098 0.165194624219 
1.12518278838 1.05701531097 0.704676873982 0.16638127793 
1.12518278838 1.05701531097 0.704676873982 0.16638127793 
1.12474425657 1.05853647199 0.70569098133 0.168035532749 
1.12510620115 1.05584039895 0.703893599303 0.167077663626 
1.12510620115 1.05584039895 0.703893599303 0.167077663626 
1.12592799361 1.05286542123 0.701910280823 0.165166915454 
1.12721904416 1.05275410959 0.701836073061 0.163374671705 
1.12727576216 1.05465739004 0.703104926692 0.164611070458 
1.12746730094 1.05629825372 0.704198835814 0.16513020911 
1.13003118302 1.05435183712 0.70290122475 0.161106838738 
1.13007381672 1.05553006127 0.703686707511 0.162688653748 
1.13050458514 1.05426250461 0.702841669738 0.162414265335 
1.13368675581 1.05445377134 0.70296918089 0.159749117616 
1.17598182852 1.05275600884 0.701837339225 0.167582115595 
1.17839106635 1.05102015824 0.700680105492 0.163830639945 
1.17873390617 1.05261533589 0.701743557259 0.167188209972 
1.17851907706 1.05510265584 0.703401770557 0.16774222792 
1.17851907706 1.05510265584 0.703401770557 0.16774222792 
1.17839130592 1.05790838316 0.705272255439 0.165718698255 
1.17984616155 1.05526496739 0.703509978258 0.160796695924 
1.1792796952 1.05999102627 0.706660684179 0.162815028138 
1.17973136049 1.05922944671 0.706152964474 0.161338030652 
1.18241679584 1.05987153095 0.706581020637 0.156602372539 
1.18284590531 1.06122740402 0.707484936016 0.156594912537 
1.18650984248 1.06004924722 0.706699498148 0.150108819845 
1.21757598827 1.0580760107 0.705384007136 0.154453290341 
1.21898514457 1.05964038237 0.706426921582 0.152249323308 
1.22103184457 1.059357218 0.706238145335 0.148999311157 
1.22130821033 1.06035400921 0.706902672804 0.149432887041 
1.2230505323 1.06229997595 0.708199983965 0.146359771359 
1.22511460395 1.06320290649 0.708801937657 0.142300496713 
1.22732518447 1.06537897001 0.710252646676 0.140091794424 
1.25216453319 1.06425649278 0.709504328523 0.141643355752 
1.25439287566 1.06358650429 0.709057669526 0.136323741269 
1.2764862346 1.06123619602 0.70749079735 0.136481531706 
1.27730842862 1.06210793117 0.708071954113 0.13421503713 
1.27751314608 1.06341284175 0.708941894498 0.130185822912 
1.2770414537 1.06539236296 0.710261575304 0.12796192934 
1.27877073927 1.06508558107 0.710057054048 0.1230563697 
1.28206342421 1.06348629877 0.708990865843 0.116678812142 
1.30422755557 1.06292466669 0.708616444458 0.115993142115 
1.30557347861 1.06404392215 0.709362614765 0.112931169476 
1.31985525213 1.06331422437 0.708876149577 0.110042609263 
1.32264929869 1.06367527776 0.70911685184 0.104087074998 
1.34159848008 1.06202586007 0.708017240047 0.101460314574 
1.34423545655 1.06227281995 0.708181879969 0.0967119586909 
1.34697362914 1.06340623964 0.708937493092 0.0925964610215 
1.34728023628 1.06466243236 0.709774954907 0.0927992718389 
1.34786161684 1.06671385254 0.71114256836 0.091646147983 
1.34806258621 1.06791887616 0.711945917438 0.0900595218643 
1.34789430077 1.06881543192 0.712543621283 0.0901186881296 
1.34798146849 1.06799102311 0.711994015404 0.0896584018421 
1.35082291364 1.06644010997 0.710960073313 0.0854874508534 
1.35085758447 1.06715702853 0.711438019019 0.0862222982422 
1.3506936177 1.06797574564 0.711983830424 0.0867609769889 
1.35095687148 1.06717090061 0.711447267074 0.0863123288407 
1.35334983161 1.066160339 0.710773559333 0.0838447421077 
1.35317765491 1.06785852633 0.711905684222 0.0845700924467 
1.35192552831 1.068905046 0.712603364003 0.0863728174752 
1.35207039157 1.06842142166 0.712280947776 0.0859930604781 
1.35172137028 1.06959886715 0.713065911433 0.0838311671914 
1.3516491601 1.06891394253 0.712609295017 0.0839672552001 
1.35316560204 1.06750407625 0.711669384168 0.0813206460975 
1.35299060631 1.0676043539 0.711736235934 0.0828291878128 
1.35479886148 1.06558445829 0.710389638858 0.0806836758297 
1.35392000297 1.06535339703 0.710235598023 0.0840247113476 
1.35543100176 1.06360544151 0.70907029434 0.0823601627167 
1.35548349829 1.06299972352 0.708666482345 0.0821579951583 
1.35640457017 1.05928987732 0.706193251545 0.0799359150996 
1.36437720164 1.05481639271 0.703210928471 0.0803285149638 
1.36511143325 1.05078168541 0.700521123607 0.0782699790379 
1.36524187203 1.04741008284 0.698273388558 0.0774162930589 
1.35831028605 1.04230963799 0.694873091994 0.0728181992062 
1.35858008802 1.03651956181 0.691013041204 0.0716298478639 
1.35993436547 1.02707321367 0.684715475782 0.0657675978938 
1.33834630196 1.0148211552 0.676547436803 0.0582080305481 
1.32265510232 0.99850947096 0.66567298064 0.0526311553977 
1.28807874009 0.978571756061 0.652381170707 0.0451991899187 
1.26985992787 0.946080580939 0.630720387292 0.0358732089927 
1.23740370663 0.907753095017 0.605168730012 0.0298559894523 
1.18670892872 0.857388992091 0.571592661394 0.0238856870169 
1.13208721867 0.785626764231 0.523751176154 0.0168297008944 
1.026601348 0.661022185358 0.440681456906 0.0113987166115 
1.06704110242 0.610297410633 0.406864940422 0.01090574404 
0.994575656812 0.416768335989 0.277845557326 0.00914696446088 
1.0476353129 0.386732459364 0.257821639576 0.00939534675043 
1.05047753039 0.218993223168 0.145995482112 0.0087667210572 
1.10557439849 0.200346751731 0.133564501154 0.00923802252371 
1.0979596449 3.37882023364e-18 2.25254682242e-18 0.00971845839787 
1.14031890275 2.15663825929e-07 1.43775883953e-07 0.00779252828746 
1.16496898637 1.12578840667e-21 7.50525604447e-22 0.00849939082901 
1.18626875372 -3.57843283878e-22 -2.38562189252e-22 0.00927432359272 
1.20371859476 -1.79511014708e-22 -1.19674009805e-22 0.00730324342356 
1.23477467379 0.0496448826401 0.0330965884267 0.0020695732677 
1.23319496303 0.00933582890024 0.00622388593349 0.0017119417772 
1.23976047919 0.00780619278446 0.00520412852297 -5.31731545361e-05 
1.23145456494 0.00871341263151 0.00580894175434 0.00235349470439 
1.23742000676 0.00754261671805 0.00502841114537 0.00260747969367 
1.2280359199 2.44016166713e-17 1.62677444475e-17 0.00860786208794 
1.22926274892 1.48006859281e-22 9.86712395208e-23 0.00853648199737 
1.22813971183 0.000600305594182 0.000400203729454 0.00846670818435 
1.24684058254 0.0891017323784 0.0594011549189 0.00624322750573 
1.24398071376 0.0900673209791 0.0600448806528 0.00435432113179 
1.26310542043 0.164000922665 0.109333948443 0.00315799599774 
1.24315061352 0.124927084203 0.0832847228021 0.00457160714627 
1.25487314536 0.174580269859 0.116386846573 0.00333484080089 
1.22820110337 0.121396437872 0.0809309585815 0.00516887819023 
1.19667489558 0.0565003559063 0.0376669039375 0.00600638791988 
1.19551535108 0.0570597258839 0.0380398172559 0.00397939963918 
1.22059456756 0.160068893301 0.106712595534 0.00540176206966 
1.25482311759 0.266748049599 0.177832033066 0.003833125695 
1.24756788941 0.268938813824 0.17929254255 0.00659190802923 
1.26019388564 0.305681017031 0.203787344687 0.00659373540794 
1.22777913221 0.255487098301 0.1703247322 0.00651953791361 
1.26878846541 0.344300566199 0.2295337108 0.00466602835124 
1.26322650035 0.346131456231 0.230754304154 0.00544109516242 
1.2498738978 0.329097701168 0.219398467446 0.0052456971599 
1.24334318825 0.331330706278 0.220887137519 0.00571620380661 
1.26347144377 0.368959939316 0.245973292877 0.00707134141207 
1.26149701707 0.370478549021 0.246985699348 0.00678160384886 
1.22800533943 0.32769530803 0.218463538687 0.00634025696879 
1.20786403167 0.284373666139 0.189582444093 0.00609006159834 
1.20604971511 0.285120550033 0.190080366689 0.00574272585335 
1.21021817372 0.284128949663 0.189419299776 0.00733411309507 
1.22716505996 0.320662732536 0.213775155024 0.0072817104077 
1.22937005467 0.320241729591 0.213494486394 0.00558108587685 
1.20573531577 0.282121399633 0.188080933088 0.0087575975132 
1.20229196704 0.28336571724 0.18891047816 0.00991635818323 
1.16300685437 0.193002902929 0.128668601953 0.0106358892605 
1.15961386228 0.193527019511 0.129018013007 0.0125725997534 
1.19781699067 0.277740037502 0.185160025001 0.00991915430977 
1.20840432669 0.311201985493 0.207467990329 0.00962021812554 
1.18984430241 0.280958220662 0.187305480441 0.00969874452554 
1.18583565338 0.28225897079 0.188172647193 0.00920702208842 
1.18135509493 0.283812117944 0.189208078629 0.0104417565136 
1.19019905383 0.317473123342 0.211648748895 0.0117544882915 
1.18809218139 0.319135801772 0.212757201182 0.0117229942125 
1.21543494988 0.394870413343 0.263246942229 0.0123440474259 
1.19708620356 0.404958217346 0.269972144897 0.0131439094015 
1.13953080901 0.356765677855 0.237843785236 0.0125512502622 
1.13435683469 0.40265049401 0.268433662674 0.0151881282928 
1.10740475902 0.417941893995 0.27862792933 0.0165717510926 
1.07932879123 0.434388350578 0.289592233718 0.0161314715712 
1.05078498733 0.452477253596 0.301651502397 0.0170903929141 
1.01336526949 0.477188768323 0.318125845548 0.0154381877958 
0.981835185741 0.500011853108 0.333341235406 0.0137969902214 
0.93464674026 0.534009848933 0.356006565956 0.0159254663198 
0.887580688802 0.570891929537 0.380594619691 0.0138187835639 
0.838503579685 0.611218239613 0.407478826409 0.0119554225314 
0.497767570927 -1.39279704391e-17 -9.28531362609e-18 0.0898661714485 
0.411480313301 0.0550135148958 0.0366756765972 0.0869940190511 
0.333788547698 0.117867637716 0.0785784251439 0.0560780487446 
0.255299696263 0.0463015618499 0.0308677078999 -0.0968916951395 
0.166780805094 0.0902466353719 0.0601644235813 -0.0535019420113 
0.0977239001949 0.103111785667 0.0687411904446 -0.0260551406135 
0.0464106107524 0.0929977845464 0.0619985230309 -0.0143258703223 
0.00529473057981 0.107448458807 0.0716323058714 -0.00872502368424 
4.99859651164e-18 0.21461937326 0.143079582174 -0.00348157530071 
8.00893301841e-21 0.355466146012 0.236977430674 -0.0168654164211 
-1.52769480482e-21 0.469301784874 0.312867856583 -0.105682652099 
1.36848464174e-21 0.521025083429 0.34735005562 -0.182001808718 
2.19650548611e-21 0.535300616486 0.356867077657 -0.189320680081 
2.19650548611e-21 0.535300616486 0.356867077657 -0.189320680081 
-1.31713594532e-21 0.564321230514 0.376214153676 -0.20714145705 
-7.86622436581e-22 0.546399933792 0.364266622528 -0.206197621183 
-1.59145067758e-21 0.532387887726 0.354925258484 -0.19998367876 
-1.59145067758e-21 0.532387887726 0.354925258484 -0.19998367876 
-1.59145067758e-21 0.532387887726 0.354925258484 -0.19998367876 
2.48230094443e-21 0.548199910704 0.365466607136 -0.203192870705 
2.48230094443e-21 0.548199910704 0.365466607136 -0.203192870705 
2.48230094443e-21 0.548199910704 0.365466607136 -0.203192870705 
2.48230094443e-21 0.548199910704 0.365466607136 -0.203192870705 
-6.44977751609e-21 0.534533245542 0.356355497028 -0.197041986786 
-6.44977751609e-21 0.534533245542 0.356355497028 -0.197041986786 
-1.84161704239e-21 0.518834698243 0.345889798829 -0.182931421057 
-3.64500202163e-21 0.317435066784 0.211623377856 0.0131415856491 
-3.64500202163e-21 0.317435066784 0.211623377856 0.0131415856491 
-3.64500202163e-21 0.317435066784 0.211623377856 0.0131415856491 
1.55603638869e-20 0.217892496202 0.145261664135 0.0249197458927 
1.55603638869e-20 0.217892496202 0.145261664135 0.0249197458927 
1.55603638869e-20 0.217892496202 0.145261664135 0.0249197458927 
2.20517938125e-21 0.217519524605 0.145013016403 0.0147648026197 
5.75644090287e-21 0.134874530813 0.0899163538754 0.0110933592341 
-5.36114612721e-22 0.133984111047 0.0893227406983 0.0067139550075 
0.0225784995737 0.0892039335581 0.0594692890388 0.00409868293721 
0.0459254456815 0.0750010865459 0.0500007243639 0.00587153108823 
0.0772246464633 0.0647752787076 0.0431835191384 0.00441336272121 
0.120059665116 0.0804487746686 0.0536325164458 -0.00315767696028 
0.172879094558 0.0751073010264 0.0500715340176 -0.00456531507641 
0.239596172811 0.123359618018 0.0822397453454 -0.0489610362384 
0.306098690403 0.113648883252 0.0757659221682 -0.0462645455102 
0.367382630369 0.175539790438 0.117026526958 0.0658357911595 
0.450809842481 0.229580453756 0.153053635837 0.0390993216139 
0.576785423338 0.369447036385 0.246298024257 0.0305075075192 
0.727498581022 0.510316285062 0.340210856708 0.030380743435 
0.793036771616 0.471058265754 0.314038843836 0.0361812425887 
0.848604235494 0.439611336578 0.293074224385 0.0418459322555 
0.897170055522 0.410938870682 0.273959247121 0.042583656884 
0.870601053295 0.156313572987 0.104209048658 0.0548138838306 
0.919864255372 0.142154565588 0.0947697103921 0.055283991436 
0.963395836078 0.128147989554 0.0854319930358 0.0534000080436 
0.973593240678 7.02304709134e-18 4.68203139423e-18 0.0649381213655 
1.01801197979 3.50288399862e-22 2.33525599908e-22 0.0655714540245 
1.06793538634 -5.543850234e-22 -3.695900156e-22 0.0560842466516 
1.1099744495 3.77742726111e-22 2.51828484074e-22 0.0501632679168 
1.15471610313 6.19903254447e-22 4.13268836298e-22 0.0438761501137 
1.18604402527 3.7558095556e-22 2.50387303706e-22 0.0399236498904 
1.21029101175 7.96567064415e-22 5.3104470961e-22 0.041907318825 
1.21374687788 1.54054517273e-22 1.02703011515e-22 0.0470394347342 
1.2295864638 -9.61245050806e-23 -6.4083003387e-23 0.0468837078409 
1.23626821408 2.68080267143e-22 1.78720178095e-22 0.0517951139378 
1.24163600271 5.29441322317e-22 3.52960881545e-22 0.0482929637794 
1.24163600271 5.29441322317e-22 3.52960881545e-22 0.0482929637794 
1.21365750093 4.89409117461e-22 3.26272744974e-22 0.0592924024791 
1.17813168966 1.09363102214e-23 7.29087348095e-24 0.0704149387391 
1.12904191806 -2.21408671556e-22 -1.47605781037e-22 0.0906580583373 
1.07872751865 2.77926511454e-23 1.85284340969e-23 0.105839758826 
1.0128586052 -1.27882324522e-20 -8.52548830147e-21 0.128402448886 
0.966292755984 0.0101011009697 0.00673406731315 0.151906852661 
0.889578170236 0.0344615502381 0.0229743668254 0.182375348135 
0.872152293653 0.371151681086 0.247434454057 0.14304985221 
0.866252944332 0.585272684235 0.39018178949 0.135440409295 
0.83792674189 0.725911769382 0.483941179588 0.138666871339 
0.794625967263 0.807589617612 0.538393078408 0.142305492292 
0.764396577942 0.890092594651 0.593395063101 0.145160818441 
0.739400827295 0.969636786705 0.64642452447 0.148480878307 
0.671661780409 1.02117666873 0.680784445821 0.144038095806 
0.622917896504 1.07424359311 0.716162395405 0.135969051324 
0.556465807251 1.13652038126 0.757680254173 0.123481071709 
0.476708130853 1.19598864602 0.797325764017 0.104204133824 
0.397322147957 1.24433232848 0.829554885653 0.0799268435375 
0.291420912123 1.28951220794 0.859674805296 0.0440716172928 
0.131518555473 1.32297664616 0.881984430776 0.00517625644919 
3.05814876626e-18 1.34992796993 0.899951979954 -0.0331753496844 
-3.30785270375e-21 1.38533706993 0.923558046617 -0.0524574764336 
8.21427332377e-22 1.41656289639 0.944375264263 -0.0678648514239 
-2.04060301667e-21 1.43554875167 0.957032501116 -0.0788344916345 
1.49889308581e-21 1.44811014035 0.965406760233 -0.0858396114902 
-1.33254507568e-21 1.46041695852 0.973611305678 -0.0868476022703 
-3.44230981448e-22 1.46617006378 0.97744670919 -0.0944456935501 
-2.1995942026e-21 1.47096678619 0.980644524126 -0.0948804259848 
-1.07173183761e-21 1.47538279718 0.983588531456 -0.095373187781 
3.82038257216e-22 1.47997479616 0.986649864108 -0.0958095420632 
-2.77416995894e-21 1.47918270884 0.986121805891 -0.0961805363059 
1.63200124427e-21 1.4798990007 0.986599333802 -0.0968801981469 
-9.03927163258e-22 1.47759895903 0.985065972688 -0.09718891399 
3.78179926594e-22 1.47606841528 0.984045610186 -0.102296018452 
6.7741285484e-22 1.47728704957 0.984858033044 -0.102391863813 
5.02826982321e-22 1.47840532223 0.985603548155 -0.10243453414 
-1.50887443675e-21 1.47979701562 0.986531343748 -0.102604881259 
-1.2009557779e-21 1.48036761921 0.986911746143 -0.102703689348 
-1.2009557779e-21 1.48036761921 0.986911746143 -0.102703689348 
-6.52223830431e-22 1.47957224197 0.986381494648 -0.102744022826 
1.72312679286e-21 1.47870319816 0.985802132104 -0.102693873098 
1.72312679286e-21 1.47870319816 0.985802132104 -0.102693873098 
1.72312679286e-21 1.47870319816 0.985802132104 -0.102693873098 
1.72312679286e-21 1.47870319816 0.985802132104 -0.102693873098 
-2.19046938285e-21 1.48108395977 0.987389306517 -0.102715790957 
4.66408768465e-23 1.48047938419 0.986986256125 -0.102481692353 
2.30463563344e-21 1.47899022638 0.985993484254 -0.102207312177 
6.19461935457e-22 1.47654107227 0.984360714845 -0.101891555348 
-1.49088128066e-21 1.47360797736 0.98240531824 -0.101401240129 
-2.66069562737e-21 1.4709125313 0.980608354202 -0.0957149575313 
-3.98769563342e-22 1.4680221663 0.978681444199 -0.0953254512077 
9.66272585093e-22 1.46279830026 0.975198866838 -0.0901941618694 
-2.92678889848e-21 1.44152379857 0.96101586571 -0.0785793636195 
1.88573220181e-21 1.42486132742 0.949907551613 -0.065481703908 
1.20042000351e-21 1.40176486322 0.934509908816 -0.0525691133192 
-3.1500042437e-22 1.37295811493 0.915305409954 -0.0360507452215 
1.33157433085e-19 1.33753440811 0.891689605407 -0.0165994353475 
0.164912990239 1.30935994828 0.872906632187 0.0229310466138 
0.318618080734 1.27034371641 0.846895810937 0.0572817951147 
0.422276408228 1.22070734019 0.813804893458 0.0821775281982 
0.501620281288 1.17036799703 0.780245331353 0.0992185573281 
0.575425882972 1.11100321746 0.740668811638 0.106057553681 
0.631655636231 1.05828068372 0.705520455813 0.108672479299 
0.681767192442 1.00181205855 0.667874705698 0.107299635531 
0.727379885703 0.941849543911 0.627899695941 0.097386560627 
0.747402316768 0.876132678301 0.584088452201 0.0918349397133 
0.777565291093 0.809888234225 0.539925489483 0.0829973417371 
0.809913290297 0.753095898516 0.502063932344 0.0734979309526 
0.838813976345 0.706158374673 0.470772249782 0.0650869551835 
0.864218862589 0.66578160805 0.443854405367 0.0603162797276 
0.885926174325 0.627444195944 0.418296130629 0.0511006715518 
0.840807973562 0.508835802323 0.339223868215 0.0480916458271 
0.868706819186 0.488014489559 0.32534299304 0.0430207004378 
0.890837057874 0.466775057247 0.311183371498 0.035938947102 
0.846188882274 0.296229017916 0.197486011944 0.0352085596704 
0.875759689756 0.283129937414 0.18875329161 0.0213039899062 
0.887698286193 0.275672894077 0.183781929385 0.012868166376 
0.889680436042 0.273481739521 0.182321159681 0.0020636995687 
0.896016240518 0.270090247524 0.180060165016 -0.000995541825449 
0.896180742472 0.269647978252 0.179765318835 -0.00788274632905 
0.86235139854 0.280606310817 0.187070873878 -0.00345352718052 
0.848719305686 0.285877215369 0.190584810246 -0.00910122620014 
0.806365009053 0.301437391824 0.200958261216 -0.00847376957553 
0.762300020122 0.318874190978 0.212582793986 -0.00697516744192 
0.736752925974 0.330440701154 0.220293800769 -0.0110377760093 
0.814621845045 0.565314527341 0.376876351561 -0.00793712686378 
0.771296638952 0.598446948556 0.398964632371 -0.00596127771332 
0.696696223713 0.567794660419 0.378529773613 -0.00946042421139 
0.586474469602 0.48260732179 0.321738214527 -0.0126684014485 
0.467273199971 0.343348379348 0.228898919565 -0.0237967570395 
0.394772034319 0.364046826218 0.242697884145 -0.0288287101262 
0.317135037412 0.334852160052 0.223234773368 -0.0474627088042 
0.247801388978 0.351028521856 0.234019014571 -0.0531948203086 
0.200637235938 0.357795647127 0.238530431418 -0.110655188767 
0.156548586135 0.390924659491 0.260616439661 -0.127899525499 
0.124526263433 0.41268808975 0.275125393166 -0.141477370156 
0.0933829518949 0.440532473315 0.293688315543 -0.14584861242 
0.06669563715 0.466762522448 0.311175014966 -0.146356209726 
0.0390194994894 0.491920819657 0.327947213104 -0.141932442193 
0.0148252162584 0.510946523583 0.340631015722 -0.132065446669 
-1.39345321894e-18 0.538817440676 0.359211627117 -0.131556002203 
2.27762418667e-21 0.581912567318 0.387941711546 -0.210988402706 
2.27762418667e-21 0.581912567318 0.387941711546 -0.210988402706 
1.15524614611e-21 0.598479043479 0.398986028986 -0.220303927606 
1.15524614611e-21 0.598479043479 0.398986028986 -0.220303927606 
5.09644584494e-21 0.604295760207 0.402863840138 -0.229504134655 
3.559825531e-21 0.593136747526 0.395424498351 -0.228132928306 
3.559825531e-21 0.593136747526 0.395424498351 -0.228132928306 
-1.19619635452e-21 0.604072010596 0.40271467373 -0.235271823428 
-1.19619635452e-21 0.604072010596 0.40271467373 -0.235271823428 
-1.19619635452e-21 0.604072010596 0.40271467373 -0.235271823428 
1.9301770647e-21 0.597148421062 0.398098947375 -0.234241548118 
1.9301770647e-21 0.597148421062 0.398098947375 -0.234241548118 
-3.25912010911e-21 0.606282993527 0.404188662351 -0.239990124589 
-1.76347124244e-21 0.600170379407 0.400113586271 -0.239212191462 
-2.52889852748e-21 0.577470818252 0.384980545502 -0.22749278452 
2.87794840458e-18 0.571409043601 0.3809393624 -0.190640124559 
2.87794840458e-18 0.571409043601 0.3809393624 -0.190640124559 
2.87794840458e-18 0.571409043601 0.3809393624 -0.190640124559 
0.00486694310259 0.568357303736 0.378904869158 -0.189042645507 
0.000594926613766 0.554905056547 0.369936704365 -0.184028385153 
0.000594926613766 0.554905056547 0.369936704365 -0.184028385153 
0.00837847057732 0.552751808156 0.368501205437 -0.181766490116 
0.0100150124273 0.550780236601 0.367186824401 -0.180329308677 
0.0134962750017 0.529225577268 0.352817051512 -0.174039119217 
0.0281358637966 0.499359205574 0.332906137049 -0.164985370828 
-1.57670348161e-15 0.10497117826 0.0699807855066 0.0481451534493 
3.03553308759e-21 0.102684350334 0.0684562335559 0.0441243737813 
0.00716012875114 0.0629744103984 0.0419829402656 0.0395225322662 
0.0237696212157 0.0623590827805 0.0415727218537 0.0379693126986 
0.0450813638164 3.84151546448e-19 2.56101030965e-19 0.0364634849503 
0.0650802552587 -1.26317988922e-22 -8.42119926146e-23 0.0384728192852 
0.0870038526881 -7.4622404804e-22 -4.97482698694e-22 0.0409278731766 
0.11693809449 -2.54969350325e-22 -1.69979566883e-22 0.0386621816441 
0.148627179144 -1.69852591146e-22 -1.13235060764e-22 0.036684111732 
0.192774166408 3.57727313806e-22 2.38484875871e-22 0.0436773052487 
0.251077338261 1.65282588113e-23 1.10188392075e-23 0.0414522761341 
0.316816020488 4.30468318345e-22 2.86978878897e-22 0.0396468535681 
0.386065970772 1.6361493505e-21 1.09076623367e-21 0.0383519721861 
0.47587636585 -1.15087084633e-22 -7.67247230886e-23 -0.0236201140439 
0.550439374013 1.91877078552e-22 1.27918052368e-22 0.00138190661006 
0.622324904199 0.00203004699784 0.00135336466522 0.0216914786106 
0.803852214322 0.347635196474 0.231756797649 0.01484444587 
0.887883885774 0.313605192986 0.209070128657 0.0195310948122 
0.904371629577 0.0590265608082 0.0393510405388 0.0294927473972 
0.980310594291 0.0386522300732 0.0257681533821 0.0313311491467 
1.04013671107 4.47882546086e-17 2.98588364057e-17 0.0337693339857 
1.09871550236 6.71287593133e-22 4.47525062089e-22 0.0273448052324 
1.1544793354 -6.86792921925e-22 -4.5786194795e-22 0.0211025037965 
1.19326062752 -1.26306395344e-22 -8.42042635629e-23 0.0236496974532 
1.22216625007 5.81454373128e-22 3.87636248752e-22 0.0232992235894 
1.24127075783 -9.67390990581e-22 -6.44927327054e-22 0.0216943290623 
1.25947645199 -1.10221307527e-22 -7.34808716849e-23 0.0185522922495 
1.25980188182 -5.93268883432e-22 -3.95512588954e-22 0.0228900392588 
1.25980188182 -5.93268883432e-22 -3.95512588954e-22 0.0228900392588 
1.23487791467 8.86376320119e-23 5.90917546746e-23 0.0293278603222 
1.20736043106 7.538561582e-22 5.02570772134e-22 0.0355287290246 
1.18352992544 -2.58643065994e-23 -1.72428710663e-23 0.0421668865159 
1.1260518985 8.07118941213e-20 5.38079294142e-20 0.0584012106728 
1.05786829782 5.01194096167e-18 3.34129397444e-18 0.071339749833 
0.981890097385 0.0108232118628 0.00721547457518 0.0921888780922 
0.901342667856 0.0280502393324 0.0187001595549 0.112211146036 
0.811912620597 0.0570650867749 0.0380433911833 0.143719816791 
0.846155270554 0.546156645376 0.364104430251 0.0951767930671 
0.835896904191 0.697711382034 0.465140921356 0.0995107536107 
0.774482725283 0.795903398537 0.530602265691 0.10856869755 
0.744969542086 0.879956869037 0.586637912692 0.112082393053 
0.724484589434 0.95383209544 0.635888063626 0.115899435086 
0.663300762428 1.02613393416 0.684089289439 0.117999915863 
0.607553623872 1.08446632455 0.722977549701 0.112737584603 
0.538393522355 1.14513463553 0.763423090353 0.108035174186 
0.468556864324 1.19839938896 0.798932925975 0.0941817046904 
0.387852105423 1.24737904516 0.831586030109 0.0751355488752 
0.286562385876 1.29186388821 0.861242592142 0.0485764798114 
0.0828933375727 1.33693091246 0.891287274972 0.00458104731728 
1.04733688313e-16 1.37470306066 0.916468707108 -0.0272215841975 
-2.48561962244e-21 1.41357038192 0.942380254613 -0.0453013654597 
3.83018340878e-22 1.449955155 0.966636769998 -0.0614365045419 
3.68758795338e-21 1.47688695957 0.98459130638 -0.0738113026343 
-3.81777993249e-22 1.50126896684 1.00084597789 -0.0847001948669 
-1.11615573535e-21 1.52701882847 1.01801255231 -0.0931737381402 
3.82571746939e-22 1.54873487079 1.03248991386 -0.100667688154 
7.78302514999e-05 1.56684663757 1.04456442505 -0.102052389143 
0.916872063377 1.52423592086 1.01615728058 0.0865844999718 
0.929263428546 1.52841509594 1.01894339729 0.0768522689729 
0.936188218068 1.53363529252 1.02242352834 0.0681072315284 
0.940253342929 1.53549866653 1.02366577769 0.0600497482022 
0.940558125364 1.53755379914 1.0250358661 0.059925004325 
0.933695394628 1.54047335245 1.02698223497 0.0456405697076 
0.927241048509 1.54401188649 1.02934125766 0.046684969377 
0.914390866314 1.54920723122 1.03280482081 0.0484769287489 
0.897036263637 1.5549792934 1.03665286226 0.037142418791 
0.884994268354 1.56074986314 1.04049990876 0.0378792832003 
0.870263944229 1.56648822605 1.04432548404 0.0251130844449 
0.856544632634 1.57200771229 1.04800514153 0.0253380923457 
0.842413960164 1.57804168477 1.05202778985 0.0225710724881 
0.827125414661 1.58222631664 1.05481754443 0.0210054128249 
0.805792293726 1.58791500147 1.05861000098 0.0224938000717 
0.7832806774 1.59405535904 1.06270357269 0.0239282495784 
0.760263747292 1.59826480862 1.06550987241 0.0279744866427 
0.729801533185 1.60388159433 1.06925439622 0.0370610095431 
0.698778415108 1.60816765425 1.0721117695 0.0490768130044 
0.665697894172 1.61149414955 1.07432943304 0.06352997779 
0.630749243377 1.61248188444 1.07498792296 0.0812472124399 
0.587230740931 1.61238299643 1.07492199762 0.0886948127721 
0.562140999617 1.61067248428 1.07378165618 0.108490313197 
0.513384465412 1.61247713654 1.07498475769 0.110239451896 
0.476553880946 1.6143496337 1.07623308913 0.116691911886 
0.43793069899 1.61429401244 1.07619600829 0.122190421467 
0.390870469302 1.61483502703 1.07655668468 0.124113660829 
0.331830516286 1.61409153058 1.07606102039 0.120341527653 
0.258538064161 1.61603365305 1.0773557687 0.111124596014 
1.45756339729e-14 1.62571225597 1.08380817064 0.0620253132223 
6.09693946425e-22 1.61979445974 1.07986297316 0.0699431067371 
7.85014847537e-22 1.61505156539 1.07670104359 0.075358475088 
2.08480112392e-21 1.6128861003 1.0752574002 0.0808924149171 
1.61814752942e-21 1.61203435645 1.07468957097 0.086164229143 
-2.00489819031e-21 1.6109078921 1.07393859473 0.0862249335326 
-1.67726140889e-22 1.60911007783 1.07274005189 0.086291523808 
5.70526976172e-22 1.60623198889 1.07082132592 0.0909102230651 
-4.16301889826e-22 1.60449366527 1.06966244351 0.0908961068109 
5.89136473177e-22 1.60362553456 1.06908368971 0.0909557706581 
5.89136473177e-22 1.60362553456 1.06908368971 0.0909557706581 
2.84732856497e-22 1.60441678447 1.06961118964 0.0910999060185 
-2.20962335127e-21 1.60539006331 1.07026004221 0.0911566150595 
-2.07019093301e-22 1.6046928369 1.0697952246 0.0911139391675 
-2.66332481927e-21 1.60556421179 1.0703761412 0.091166567304 
-4.52269803346e-22 1.60696233197 1.07130822131 0.0912160062237 
-1.45608079781e-24 1.6086092735 1.07240618233 0.0912516096311 
-2.29853303185e-21 1.60977405682 1.07318270455 0.0912579571124 
1.60906161976e-21 1.60855279661 1.07236853107 0.0911476289485 
-2.9507641204e-21 1.6095384475 1.07302563167 0.0910867882007 
-2.9507641204e-21 1.6095384475 1.07302563167 0.0910867882007 
-2.72741883985e-21 1.61122924953 1.07415283302 0.0911652549548 
-2.34774237118e-21 1.60997101226 1.07331400817 0.0911333960075 
-1.07594641756e-21 1.60930007532 1.07286671688 0.0911379255904 
-3.13561614899e-21 1.60800483605 1.07200322403 0.0911246156383 
-2.38830072903e-22 1.60589180355 1.0705945357 0.0910670279973 
-3.53459964266e-23 1.60622710369 1.07081806912 0.0911115738697 
2.54167379737e-22 1.60428547848 1.06952365232 0.0911875368181 
1.83049244555e-21 1.60407571754 1.06938381169 0.0952477919601 
-1.01417642548e-21 1.60568484454 1.07045656303 0.0953840324002 
1.19914654707e-21 1.60605470607 1.07070313738 0.0954577406858 
-9.24220270998e-22 1.6105046258 1.07366975054 0.0955663128512 
1.05893176247e-21 1.61295775329 1.07530516886 0.0910673138041 
2.50688969699e-21 1.61904725794 1.07936483863 0.0851394794241 
-8.95272754802e-23 1.62915561991 1.08610374661 0.073327954935 
3.35330952991e-22 1.64121874488 1.09414582992 0.059546962526 
5.32058943497e-21 1.65380837948 1.10253891965 0.0457540740777 
0.425323105875 1.64030485472 1.09353656982 0.109567755337 
0.495042721154 1.64923177072 1.09948784714 0.0872656394203 
0.553719790002 1.65692610546 1.10461740364 0.055180448177 
0.622652711628 1.66424023771 1.10949349181 0.00370694840807 
0.680403982557 1.66624882365 1.1108325491 -0.0618584045401 
0.736849919413 1.66363738479 1.10909158986 -0.12887774543 
0.790817338886 1.65907763534 1.1060517569 -0.194130757355 
0.833638832046 1.65425077633 1.10283385088 -0.234857568396 
0.867750188592 1.65118423233 1.10078948822 -0.255456131963 
0.898482608881 1.6492386359 1.09949242393 -0.269685067254 
0.921626478519 1.65026461287 1.10017640858 -0.272237036877 
0.940289917269 1.64795901729 1.09863934486 -0.286224896179 
0.955861825178 1.64927329389 1.09951552926 -0.286932415015 
0.967888442443 1.64988402241 1.0999226816 -0.286851535685 
0.977581417548 1.64956639621 1.0997109308 -0.287507537205 
0.985565044226 1.64897896347 1.09931930898 -0.289089704254 
0.990500971011 1.64964441171 1.09976294114 -0.288589929265 
0.994014772373 1.65017816288 1.10011877525 -0.288367379157 
0.994167978142 1.6507505234 1.10050034893 -0.28847201356 
0.997156238553 1.65117803145 1.1007853543 -0.285956071056 
0.997156238553 1.65117803145 1.1007853543 -0.285956071056 
0.996974483839 1.65049808018 1.10033205345 -0.285762546361 
0.996889900816 1.65035158336 1.1002343889 -0.28570623083 
0.996922710456 1.65090061321 1.10060040881 -0.285796924364 
0.996919196886 1.65132710015 1.10088473343 -0.285837789747 
0.993350648239 1.65093579888 1.10062386592 -0.285319211809 
0.9932199878 1.6505043273 1.1003362182 -0.285238087576 
0.989799079646 1.65071274947 1.10047516631 -0.285232713771 
0.986022596814 1.64887742071 1.0992516138 -0.286048314923 
0.982347744656 1.64733828401 1.09822552268 -0.287282632369 
0.978294545302 1.64690065007 1.09793376671 -0.287273949441 
0.972650338732 1.64664638831 1.09776425887 -0.286413896805 
0.967726331458 1.64481840576 1.09654560384 -0.284645002011 
0.962225753655 1.64410394717 1.09606929812 -0.283873388404 
0.958159646277 1.64426380654 1.09617587102 -0.282730179966 
0.953770615492 1.64379404852 1.09586269901 -0.281680234002 
0.94859770236 1.64324836718 1.09549891145 -0.281278495601 
0.942244322672 1.64290215417 1.09526810278 -0.28182132686 
0.930880448609 1.64352146162 1.09568097441 -0.281776862383 
0.917641364227 1.64479791726 1.09653194484 -0.280973744814 
0.904566542578 1.64683016768 1.09788677846 -0.280971394763 
0.888393656956 1.65011203181 1.10007468787 -0.281643978566 
0.870064766568 1.65168910053 1.10112606702 -0.280721668256 
0.84980812747 1.65598798564 1.10399199043 -0.264959558844 
0.822722677215 1.66065217538 1.10710145025 -0.249798519067 
0.793649388932 1.66395579943 1.10930386629 -0.230597278926 
0.760608317147 1.66958978125 1.11305985416 -0.198985927459 
0.719240980492 1.67500515261 1.11667010174 -0.151314308785 
0.676262036423 1.6799579134 1.11997194226 -0.102377589827 
0.626697311905 1.68280033935 1.1218668929 -0.0478141071333 
0.571490082278 1.68141480245 1.12094320163 0.00869415052277 
0.515156151823 1.67617936577 1.11745291052 0.0504421493156 
0.47290416316 1.66736391155 1.11157594103 0.0887071096926 
0.398929045526 1.65307808985 1.1020520599 0.109741413696 
0.326070659771 1.64200419628 1.09466946418 0.11630687682 
0.225210163398 1.63746831443 1.09164554295 0.106999945108 
-5.84009523619e-15 1.63790377935 1.0919358529 0.0708720533111 
-1.33840890999e-21 1.63023971078 1.08682647385 0.0782177488172 
-2.73383640497e-23 1.62347017177 1.08231344785 0.0847342665084 
-1.94046975802e-22 1.61890231665 1.0792682111 0.088427175979 
-7.78860096402e-22 1.61841735325 1.07894490217 0.0885623685653 
-6.67624831379e-22 1.61401845429 1.07601230286 0.0927425882077 
-6.67624831379e-22 1.61401845429 1.07601230286 0.0927425882077 
-1.38271970456e-21 1.61374737309 1.07583158206 0.0927594193785 
1.83046347914e-21 1.61285359713 1.07523573142 0.0927526975825 
-6.88714595055e-22 1.61213141234 1.07475427489 0.092770498546 
-1.42490266778e-21 1.61104179281 1.07402786187 0.0927897289613 
-2.32941884007e-21 1.61191774341 1.07461182894 0.0928574786864 
7.66720095148e-22 1.61068411767 1.07378941178 0.0928692699472 
-1.71150979603e-21 1.61036515401 1.07357676934 0.0928802316139 
-1.35230409847e-21 1.61080041916 1.07386694611 0.0929272075164 
-1.35230409847e-21 1.61080041916 1.07386694611 0.0929272075164 
-7.2529946637e-22 1.61227398007 1.07484932005 0.0930433176164 
2.21780278328e-21 1.61123761765 1.07415841177 0.0930405505759 
-2.46155174098e-21 1.61303019061 1.07535346041 0.0931635042146 
3.71120188004e-22 1.60963124245 1.07308749497 0.0968101516049 
-1.16412419539e-21 1.60757299352 1.07171532901 0.0967633906302 
-4.65981139024e-22 1.60524181196 1.07016120797 0.0967215905913 
-4.86656179519e-22 1.60323323558 1.06882215705 0.0967489318089 
5.2146164698e-22 1.59987642002 1.06658428002 0.100410166686 
4.59774381351e-22 1.59097019735 1.06064679823 0.104061528234 
3.97591771477e-23 1.5820889058 1.0547259372 0.108822471655 
3.24167517172e-22 1.57259066925 1.0483937795 0.113533830364 
-5.03432964649e-22 1.56100804434 1.04067202956 0.118797648356 
-2.69144279466e-21 1.54705824691 1.0313721646 0.12330815537 
3.18270297182e-21 1.52941315968 1.01960877312 0.130053856636 
3.48283732183e-21 1.50595715513 1.00397143676 0.134833847185 
2.17441466909e-21 1.48082517166 0.987216781108 0.141702667748 
-3.26437157158e-21 1.45594835996 0.970632239973 0.149016627134 
-2.1777275122e-24 1.42211046553 0.948073643688 0.156164294952 
0.0806450533336 1.38350842603 0.922338950687 0.167441037934 
0.154518827494 1.3482827206 0.898855147066 0.174669501923 
0.221325125241 1.30876077385 0.872507182568 0.172866110039 
0.278043651202 1.27276752252 0.848511681682 0.170915282735 
0.329043003976 1.23755722332 0.82503814888 0.163666255765 
0.369568751493 1.20420280831 0.802801872208 0.156074374903 
0.408317958809 1.16879119382 0.779194129214 0.143843024328 
0.411206221885 1.14052758715 0.760351724768 0.133250284072 
0.414732441474 1.1103238638 0.740215909202 0.117723562565 
0.417270915429 1.08331549426 0.722210329507 0.100635982368 
0.367407464811 1.05073542541 0.700490283608 0.0891921209788 
0.299604145001 1.01568489453 0.677123263017 0.0783343665403 
0.233543430844 0.960106065532 0.640070710355 0.0699689190486 
0.175416981888 0.914944719165 0.60996314611 0.0650648822653 
0.120706132197 0.869601721374 0.579734480916 0.0637104866122 
0.0725004198288 0.809663502757 0.539775668505 0.0665466830727 
0.0343159301745 0.766001127454 0.510667418303 0.0760717174383 
1.04613908474e-18 0.719590993356 0.479727328904 0.0927909975436 
-2.00480379419e-21 0.724594148232 0.483062765488 0.0623977251275 
-1.42164883976e-21 0.740201899049 0.493467932699 0.0419787828316 
5.56551989151e-21 0.761895299079 0.507930199386 0.0250990577546 
1.29236774194e-21 0.742960228539 0.495306819026 0.0182612702811 
-2.11585029293e-21 0.753731942504 0.50248796167 0.00933357755419 
-7.09061589601e-21 0.764858579327 0.509905719551 0.00582412786823 
3.995760542e-22 0.742814175789 0.495209450526 -0.000278101656496 
6.03938250012e-23 0.768450727332 0.512300484888 -0.0038562258583 
4.56522747844e-21 0.779414305205 0.519609536803 -0.00581759331459 
4.56522747844e-21 0.779414305205 0.519609536803 -0.00581759331459 
1.19279698462e-21 0.793006613282 0.528671075522 -0.00149260067877 
1.19279698462e-21 0.793006613282 0.528671075522 -0.00149260067877 
-6.52650504567e-21 0.807233923499 0.538155949 0.00507369712354 
8.29495767364e-21 0.821948260081 0.547965506721 0.010682606014 
2.37346782365e-21 0.807617285361 0.538411523574 0.0134274016574 
7.2363057298e-21 0.81990579417 0.54660386278 0.0187689508667 
-1.8590230341e-21 0.834281504879 0.556187669919 0.026327863393 
5.48289020078e-21 0.843282746277 0.562188497518 0.0325481506149 
3.537987627e-21 0.850193826277 0.566795884185 0.038140063063 
2.21973440179e-21 0.857906478634 0.571937652422 0.0421385281386 
3.34603404888e-21 0.863431230303 0.575620820202 0.0463723307485 
3.84400595828e-21 0.887024450294 0.59134963353 0.0538559380398 
8.3659817633e-22 0.90878726925 0.6058581795 0.0614478875545 
-4.1746139288e-22 0.93340676761 0.622271178407 0.0684356960398 
0.0145790415287 0.966430056508 0.644286704339 0.0698414665141 
0.0359289785595 0.993518305505 0.662345537003 0.0717792557953 
0.0510364047693 1.0205719817 0.68038132113 0.0732055203139 
0.0732245426984 1.04092714476 0.693951429837 0.0746374218357 
0.0947003273198 1.07174467811 0.714496452071 0.0784188181059 
0.107708159664 1.09627282016 0.730848546775 0.0828447771998 
0.119741071379 1.1184742613 0.745649507532 0.0872501193087 
0.118972163638 1.13879228032 0.759194853544 0.0953619845094 
0.139858645825 1.15879973599 0.77253315733 0.0979916031538 
0.137583399729 1.17589207283 0.783928048554 0.101621892856 
0.13594174715 1.19861342015 0.799075613433 0.109620222352 
0.135786494192 1.21660046626 0.811066977507 0.11692933993 
0.135830243273 1.23338554383 0.822257029217 0.124065700533 
0.135789529079 1.25161864636 0.834412430908 0.131332143975 
0.134641544172 1.27060446977 0.847069646515 0.134716725759 
0.131510136825 1.28936970255 0.859579801697 0.141455305458 
0.0991757948594 1.30696403551 0.871309357009 0.14589151499 
0.0985119437006 1.32135168376 0.880901122504 0.148324514458 
0.0678810565513 1.33198337083 0.887988913884 0.152177792006 
0.0672776542534 1.34613903613 0.89742602409 0.154215669093 
0.0239477584521 1.3596567123 0.906437808199 0.156631024127 
-1.82458483923e-20 1.374215312 0.916143541334 0.158823388395 
-1.47136433261e-22 1.39097404817 0.927316032111 0.160731241511 
1.04141868846e-21 1.40686551018 0.937910340118 0.16240196388 
3.41802027978e-22 1.42502512561 0.950016750404 0.160342582981 
-1.02371523749e-21 1.44132465809 0.960883105393 0.158592991021 
3.27285045638e-21 1.45574307627 0.970495384177 0.156424768453 
6.07050608062e-22 1.47039237384 0.980261582559 0.15404656211 
3.2840248145e-21 1.48702674136 0.991351160908 0.15114968443 
1.24750183816e-21 1.50440970063 1.00293980042 0.14655244558 
2.72692885475e-21 1.52444630979 1.01629753986 0.138392576088 
-8.01776379726e-22 1.54450258885 1.02966839257 0.130247876978 
-5.7416336211e-21 1.56354049069 1.04236032713 0.121003804868 
-1.65700350268e-21 1.58271603679 1.05514402453 0.111073640973 
2.10833286974e-21 1.60332491939 1.06888327959 0.0997998114875 
-1.10139286144e-22 1.62050620431 1.08033746954 0.0906149858872 
5.73530436578e-23 1.63351272242 1.08900848161 0.0838629137703 
-3.9118409693e-22 1.64324901265 1.09549934176 0.0761707545086 
-3.50805715712e-23 1.65312847982 1.10208565322 0.0703397921274 
-1.26070539255e-22 1.65882961258 1.10588640839 0.0702856621253 
4.70154956396e-23 1.66513561129 1.11009040753 0.0603660819103 
-6.65324140066e-21 1.6710609318 1.1140406212 0.0558335897015 
7.58475586557e-05 1.67533342593 1.11688895062 0.0557451903173 
0.00245202517939 1.67973868776 1.11982579184 0.0484945344707 
0.00274898982946 1.68395032337 1.12263354891 0.0485076954355 
0.347112892471 1.66326562663 1.10884375108 0.106084781646 
0.347363493164 1.66531536797 1.11021024532 0.106109624043 
0.353489212004 1.66744374453 1.11162916302 0.100486440143 
0.353489212004 1.66744374453 1.11162916302 0.100486440143 
0.353675704138 1.66808936985 1.1120595799 0.100510315752 
0.353875869525 1.66861065676 1.11240710451 0.100488512671 
0.354112266039 1.66925276922 1.11283517948 0.100457017484 
0.366254842525 1.66812560019 1.11208373346 0.0960253238146 
0.366408114197 1.66937646069 1.11291764046 0.096176386231 
0.366509409751 1.67004724616 1.11336483077 0.0962899081203 
0.366666140342 1.6708163509 1.11387756726 0.0963774286723 
0.366666140342 1.6708163509 1.11387756726 0.0963774286723 
0.367019795445 1.67295175742 1.11530117161 0.0964457893567 
0.36709216309 1.67186335083 1.11457556722 0.0963940450047 
0.367126787198 1.67092772528 1.11395181685 0.0963836526159 
0.36717755778 1.67012305169 1.11341536779 0.0963727395598 
0.367246011497 1.66978515599 1.11319010399 0.0964206596644 
0.367035050147 1.66722878873 1.11148585915 0.0964750431313 
0.364546732685 1.66574489046 1.11049659364 0.105578729661 
0.3642055033 1.66274526321 1.10849684214 0.105569324823 
0.355800236925 1.65800289384 1.10533526256 0.114575687727 
0.344956711498 1.65424027573 1.10282685049 0.118501465565 
0.30905128262 1.65083670799 1.10055780533 0.112634965418 
0.301457558501 1.64426626992 1.09617751328 0.120352589433 
5.51355218275e-16 1.65168266042 1.10112177362 0.0635974150228 
-1.96949566407e-22 1.64003267508 1.09335511672 0.0700935726817 
-2.50621463782e-21 1.62753707486 1.08502471657 0.0783731600337 
-1.33677782393e-21 1.61353125814 1.07568750542 0.0846863564325 
-1.69763798649e-21 1.59903444853 1.06602296569 0.0919555271584 
-1.48360132202e-21 1.586345881 1.05756392067 0.0981883900823 
2.51310164259e-21 1.57282271878 1.04854847918 0.103057348342 
1.46776497849e-21 1.55964563396 1.03976375598 0.108482555863 
5.18125930927e-22 1.54325166824 1.02883444549 0.114497081422 
1.56440720905e-21 1.52212184625 1.0147478975 0.120568110753 
7.43228990307e-22 1.49948055119 0.999653700794 0.127082449084 
8.72069802779e-22 1.47633721815 0.984224812103 0.131978661692 
3.44354849964e-21 1.44775981105 0.965173207369 0.135894694956 
-5.88852113006e-22 1.41990098374 0.946600655826 0.138104346851 
2.27574032802e-22 1.38825978112 0.925506520748 0.13950766829 
0.000615303601131 1.35728364306 0.904855762039 0.136268217672 
0.0693098731587 1.32356417712 0.882376118082 0.134274338748 
0.110343485898 1.29627519962 0.864183466412 0.131089685384 
0.139682912272 1.26470254739 0.843135031591 0.122237122797 
0.142810990655 1.23178528297 0.821190188645 0.110971133225 
0.14611436899 1.19709197746 0.798061318307 0.0985381085061 
0.148775259535 1.15501034756 0.770006898371 0.084423546021 
0.107592008627 1.10222290344 0.734815268962 0.0743587879537 
0.0668722696338 1.05770267587 0.705135117248 0.0674748017354 
0.0218079470189 1.0008284429 0.667218961935 0.0626594872802 
-5.74500279842e-19 0.958282429064 0.63885495271 0.0533355572855 
3.39030638641e-21 0.930076212739 0.620050808493 0.0376667549398 
-3.72628171029e-21 0.907509270799 0.605006180533 0.0243503414969 
7.3188917333e-22 0.894556903178 0.596371268786 0.0117684729857 
2.69316525631e-21 0.874583363054 0.58305557537 0.00724777707467 
-1.18362874883e-20 0.858545769899 0.572363846599 0.00253360420861 
-1.18362874883e-20 0.858545769899 0.572363846599 0.00253360420861 
-1.18362874883e-20 0.858545769899 0.572363846599 0.00253360420861 
1.29987532223e-21 0.857161107978 0.571440738652 -0.0154240325699 
1.29987532223e-21 0.857161107978 0.571440738652 -0.0154240325699 
-4.35149197676e-21 0.847016081449 0.564677387633 -0.0235475358468 
-2.42572675539e-21 0.856874574715 0.571249716477 -0.0301770857294 
-2.29716728557e-21 0.83848753956 0.55899169304 -0.0377539790918 
-2.29716728557e-21 0.83848753956 0.55899169304 -0.0377539790918 
-6.87903778429e-21 0.820128068842 0.546752045895 -0.0542145821426 
-3.00847995165e-22 0.84315363424 0.562102422827 -0.0605183984988 
-3.00847995165e-22 0.84315363424 0.562102422827 -0.0605183984988 
-3.00847995165e-22 0.84315363424 0.562102422827 -0.0605183984988 
-3.00847995165e-22 0.84315363424 0.562102422827 -0.0605183984988 
5.93307639423e-21 0.830812399527 0.553874933018 -0.0658879927161 
5.93307639423e-21 0.830812399527 0.553874933018 -0.0658879927161 
5.93307639423e-21 0.830812399527 0.553874933018 -0.0658879927161 
5.93307639423e-21 0.830812399527 0.553874933018 -0.0658879927161 
5.93307639423e-21 0.830812399527 0.553874933018 -0.0658879927161 
-1.60206227157e-21 0.825661640913 0.550441093942 -0.0907127629035 
-1.60206227157e-21 0.825661640913 0.550441093942 -0.0907127629035 
-6.89270012563e-21 0.809336359419 0.539557572946 -0.0888066033307 
-1.05854556895e-20 0.79767054502 0.531780363347 -0.0897968463735 
-1.05854556895e-20 0.79767054502 0.531780363347 -0.0897968463735 
2.40355129202e-21 0.835412368467 0.556941578978 -0.0380464512584 
-4.2274835862e-22 0.820215759465 0.54681050631 -0.0215477292673 
2.54009529458e-21 0.840118663341 0.560079108894 0.0186467837916 
5.42123650117e-21 0.866675272909 0.577783515273 0.0368856682524 
2.40558283562e-21 0.869708160001 0.579805440001 0.0714563332741 
1.87740422986e-21 0.881506722952 0.587671148634 0.0985863760803 
-6.4991663179e-21 0.895996218309 0.597330812206 0.109044812528 
8.28684493487e-21 0.874593879905 0.583062586603 0.137231670071 
7.03353890807e-21 0.880427307365 0.586951538243 0.145504591491 
-2.87706978392e-22 0.889226558996 0.592817705997 0.154570722295 
-1.89210676475e-21 0.876207188728 0.584138125819 0.17713688094 
2.01138587473e-21 0.863356253167 0.575570835445 0.176413594959 
-7.00229534019e-22 0.840567172795 0.560378115197 0.205895669178 
-7.00229534019e-22 0.840567172795 0.560378115197 0.205895669178 
-7.00229534019e-22 0.840567172795 0.560378115197 0.205895669178 
1.08352624779e-21 0.843800257192 0.562533504795 0.211847958435 
1.08352624779e-21 0.843800257192 0.562533504795 0.211847958435 
2.8986272151e-21 0.834469949341 0.556313299561 0.211872464265 
2.8986272151e-21 0.834469949341 0.556313299561 0.211872464265 
1.89715895784e-21 0.841410429849 0.560940286566 0.218050757379 
1.89715895784e-21 0.841410429849 0.560940286566 0.218050757379 
1.89715895784e-21 0.841410429849 0.560940286566 0.218050757379 
1.89715895784e-21 0.841410429849 0.560940286566 0.218050757379 
-3.82295058468e-21 0.850123208317 0.566748805544 0.216952409553 
3.73314338166e-21 0.861340626659 0.574227084439 0.178858167354 
-1.27248939691e-21 0.853127144032 0.568751429355 0.168464401947 
8.94599464281e-21 0.875450623758 0.583633749172 0.136102200634 
2.61933346403e-21 0.87841354947 0.58560903298 0.109051598314 
-3.8200514374e-22 0.862420131536 0.574946754357 0.0760492851463 
4.03929799595e-21 0.859706000806 0.57313733387 0.0392857426241 
-4.08842358547e-21 0.849430772228 0.566287181485 0.00159219301736 
1.02656745968e-20 0.820359563514 0.546906375676 -0.0457758428166 
6.33293897958e-21 0.78476514382 0.523176762547 -0.101441880143 
-8.99337826224e-21 0.610012466396 0.406674977597 -0.420241061387 
4.51879096322e-21 0.630059668266 0.420039778844 -0.37665450401 
4.51879096322e-21 0.630059668266 0.420039778844 -0.37665450401 
-6.71360296384e-22 0.641922169103 0.427948112736 -0.326061274213 
-1.15787043322e-21 0.652795404702 0.435196936468 -0.331008576492 
-1.15787043322e-21 0.652795404702 0.435196936468 -0.331008576492 
-1.15787043322e-21 0.652795404702 0.435196936468 -0.331008576492 
-1.15787043322e-21 0.652795404702 0.435196936468 -0.331008576492 
-1.15787043322e-21 0.652795404702 0.435196936468 -0.331008576492 
-1.15787043322e-21 0.652795404702 0.435196936468 -0.331008576492 
-1.15787043322e-21 0.652795404702 0.435196936468 -0.331008576492 
-1.15787043322e-21 0.652795404702 0.435196936468 -0.331008576492 
-1.15787043322e-21 0.652795404702 0.435196936468 -0.331008576492 
3.27432124856e-22 0.641013639163 0.427342426109 -0.318221426283 
3.27432124856e-22 0.641013639163 0.427342426109 -0.318221426283 
3.40451490964e-21 0.65307770738 0.435385138253 -0.319615670837 
3.40451490964e-21 0.65307770738 0.435385138253 -0.319615670837 
3.40451490964e-21 0.65307770738 0.435385138253 -0.319615670837 
3.40451490964e-21 0.65307770738 0.435385138253 -0.319615670837 
-4.82248435826e-21 0.663615241882 0.442410161255 -0.325746628454 
-4.82248435826e-21 0.663615241882 0.442410161255 -0.325746628454 
-1.7248985641e-21 0.654340389976 0.436226926651 -0.3223130062 
-1.7248985641e-21 0.654340389976 0.436226926651 -0.3223130062 
4.44819817628e-21 0.668446238879 0.445630825919 -0.334510729867 
4.44819817628e-21 0.668446238879 0.445630825919 -0.334510729867 
5.79380430039e-21 0.634257777125 0.422838518084 -0.430881664164 
5.79380430039e-21 0.634257777125 0.422838518084 -0.430881664164 
-1.13656001333e-21 0.605864145585 0.40390943039 -0.523598775598 
-4.18698735983e-21 0.596033136782 0.397355424521 -0.523598775598 
-3.37239132386e-21 0.588350355386 0.392233570257 -0.523598775598 
5.72323658402e-21 0.578102683601 0.385401789067 -0.523598775598 
-3.41128152164e-21 0.566670514074 0.377780342716 -0.523598775598 
1.3667916346e-20 0.554122740582 0.369415160388 -0.523598775598 
-1.0371463221e-20 0.540568697042 0.360379131361 -0.523598775598 
1.9372350139e-20 0.528343233356 0.352228822238 -0.523598775598 
1.67810679032e-22 0.521441701641 0.347627801094 -0.523598775598 
1.67810679032e-22 0.521441701641 0.347627801094 -0.523598775598 
7.00610651654e-21 0.509818863095 0.339879242063 -0.523598775598 
7.00610651654e-21 0.509818863095 0.339879242063 -0.523598775598 
-2.03253020415e-21 0.500884703191 0.333923135461 -0.523598775598 
-2.03253020415e-21 0.500884703191 0.333923135461 -0.523598775598 
-2.03253020415e-21 0.500884703191 0.333923135461 -0.523598775598 
-2.03253020415e-21 0.500884703191 0.333923135461 -0.523598775598 
-2.03253020415e-21 0.500884703191 0.333923135461 -0.523598775598 
-2.03253020415e-21 0.500884703191 0.333923135461 -0.523598775598 
-2.03253020415e-21 0.500884703191 0.333923135461 -0.523598775598 
-2.03253020415e-21 0.500884703191 0.333923135461 -0.523598775598 
-2.03253020415e-21 0.500884703191 0.333923135461 -0.523598775598 
-2.24486525178e-21 0.492754783078 0.328503188719 -0.523598775598 
-2.24486525178e-21 0.492754783078 0.328503188719 -0.523598775598 
-2.24486525178e-21 0.492754783078 0.328503188719 -0.523598775598 
2.13875334494e-20 0.499860347657 0.333240231771 -0.523598775598 
2.13875334494e-20 0.499860347657 0.333240231771 -0.523598775598 
2.13875334494e-20 0.499860347657 0.333240231771 -0.523598775598 
2.21440790855e-20 0.507954451091 0.338636300727 -0.523598775598 
2.21440790855e-20 0.507954451091 0.338636300727 -0.523598775598 
2.21440790855e-20 0.507954451091 0.338636300727 -0.523598775598 
2.21440790855e-20 0.507954451091 0.338636300727 -0.523598775598 
9.67544885883e-21 0.516047860063 0.344031906709 -0.523598775598 
9.67544885883e-21 0.516047860063 0.344031906709 -0.523598775598 
9.67544885883e-21 0.516047860063 0.344031906709 -0.523598775598 
1.0686853125e-20 0.528403082763 0.352268721842 -0.523598775598 
9.26899199818e-21 0.539323333373 0.359548888915 -0.523598775598 
1.85180410348e-20 0.553086937466 0.368724624977 -0.523598775598 
-1.69687068212e-20 0.563414331902 0.375609554601 -0.523598775598 
2.19652262361e-21 0.579334083692 0.386222722461 -0.523598775598 
-2.53483880314e-21 0.605412843078 0.403608562052 -0.523598775598 
-3.36105165124e-21 0.630786652444 0.420524434962 -0.523598775598 
-8.64533549942e-21 0.653555692488 0.435703794992 -0.523598775598 
-8.64533549942e-21 0.653555692488 0.435703794992 -0.523598775598 
4.24312743472e-21 0.673940566934 0.449293711289 -0.468032179375 
4.24312743472e-21 0.673940566934 0.449293711289 -0.468032179375 
5.59895137677e-21 0.690946899431 0.460631266287 -0.378770253114 
2.09972531094e-21 0.675893285845 0.450595523896 -0.366188105454 
-7.03895781779e-22 0.666360924968 0.444240616645 -0.346827426355 
-7.03895781779e-22 0.666360924968 0.444240616645 -0.346827426355 
-7.03895781779e-22 0.666360924968 0.444240616645 -0.346827426355 
-4.02533489042e-22 0.654997117191 0.436664744794 -0.324613171447 
-4.02533489042e-22 0.654997117191 0.436664744794 -0.324613171447 
-2.6282816905e-22 0.648074023991 0.432049349327 -0.301157645602 
-2.6282816905e-22 0.648074023991 0.432049349327 -0.301157645602 
-2.6282816905e-22 0.648074023991 0.432049349327 -0.301157645602 
-2.6282816905e-22 0.648074023991 0.432049349327 -0.301157645602 
-2.6282816905e-22 0.648074023991 0.432049349327 -0.301157645602 
-2.6282816905e-22 0.648074023991 0.432049349327 -0.301157645602 
-2.6282816905e-22 0.648074023991 0.432049349327 -0.301157645602 
-2.6282816905e-22 0.648074023991 0.432049349327 -0.301157645602 
-3.9264250106e-18 0.627424979911 0.41828331994 -0.282508622961 
-3.9264250106e-18 0.627424979911 0.41828331994 -0.282508622961 
-3.9264250106e-18 0.627424979911 0.41828331994 -0.282508622961 
0.0117294858951 0.624582297285 0.41638819819 -0.277533016808 
0.0203001701617 0.619939368233 0.413292912155 -0.274266075391 
0.0203001701617 0.619939368233 0.413292912155 -0.274266075391 
0.0273670819703 0.613840895515 0.409227263677 -0.271533409947 
0.0360889865044 0.595077982841 0.396718655227 -0.268821484726 
0.0541069639787 0.575240712733 0.383493808489 -0.266747515078 
0.0718421351809 0.554547245235 0.36969816349 -0.26433780026 
0.114156540261 0.505160138832 0.336773425888 -0.246299164026 
0.159249499091 0.435931442776 0.290620961851 -0.28067318127 
0.196090081746 0.390528970885 0.260352647257 -0.251312079653 
0.233109594274 0.345284951602 0.230189967734 -0.215165836165 
0.304208952206 0.471223759122 0.314149172748 -0.0629049324323 
0.380597117427 0.542322501534 0.361548334356 -0.0332953123813 
0.462093546069 0.591114657056 0.394076438038 -0.0203016602598 
0.564606769392 0.67095321714 0.44730214476 -0.00856149160121 
0.677848110041 0.747416954025 0.49827796935 0.000643213171777 
0.730918775614 0.76621926525 0.5108128435 0.00401582765149 
0.734135358078 0.763529272506 0.509019515004 0.00938090707789 
0.767240343881 0.768861854675 0.512574569784 0.0130463965013 
0.766627419573 0.770145077159 0.513430051439 0.0212483795151 
0.764978600712 0.773830276211 0.515886850807 0.031547984657 
0.764239193462 0.77677420188 0.51784946792 0.038183884078 
0.755592572276 0.799437337429 0.532958224953 0.0496280939031 
0.754194969281 0.806077934141 0.537385289427 0.060327629994 
0.750184149589 0.8281480486 0.552098699067 0.0681326502838 
0.735987867717 0.871810183197 0.581206788798 0.0849476375218 
0.725895121418 0.908652069625 0.605768046417 0.0955533833807 
0.708813319586 0.964514299331 0.643009532887 0.111380279578 
0.660256780963 1.01189740917 0.674598272778 0.125877150452 
0.652144640374 1.05884922276 0.705899481838 0.144480978438 
0.5729274493 1.10931249571 0.739541663808 0.155229852424 
0.530218509241 1.15112035351 0.767413569008 0.163013314357 
0.481222957066 1.19357125155 0.7957141677 0.166109909016 
0.422984001303 1.24043625684 0.826957504562 0.15890183206 
0.370397394696 1.2780363646 0.852024243065 0.147505054981 
0.274993329283 1.33209067531 0.88806045021 0.115534538895 
0.156727788387 1.38360793457 0.922405289715 0.0763793381421 
0.0226919605064 1.42278186055 0.948521240369 0.0375049450891 
-4.51344858404e-19 1.44814904218 0.965432694784 0.0154346072638 
4.12225290198e-21 1.47413988455 0.982759923035 -0.00229305937294 
-6.31844073654e-22 1.4968531594 0.997902106265 -0.0162111927931 
2.48555744487e-21 1.51651609223 1.01101072815 -0.0283965258332 
6.47912794394e-23 1.53229745375 1.02153163583 -0.0417811217758 
-1.89099705648e-22 1.54564680388 1.03043120259 -0.0523987681758 
4.71763870785e-22 1.56374480035 1.04249653357 -0.0600131352457 
0.00216667641577 1.57814352084 1.05209568056 -0.0682335255175 
0.76792089152 1.54077147699 1.02718098466 0.134179145282 
0.781645090429 1.54955990249 1.03303993499 0.122918807459 
0.795287940599 1.55640935931 1.03760623954 0.111264281871 
0.805117708775 1.5622026276 1.0414684184 0.101960545353 
0.812291762519 1.5663726848 1.04424845654 0.0949749724264 
0.818372552933 1.5707280435 1.047152029 0.0885770156989 
0.821836434935 1.57465122222 1.04976748148 0.0815872579654 
0.822229216474 1.57709320637 1.05139547091 0.0815008555061 
0.828147103977 1.57895446016 1.05263630677 0.0727451967173 
0.828337668279 1.58030817789 1.05353878526 0.0726324113804 
0.833130735974 1.58186279964 1.05457519976 0.0626492564082 
0.833430216005 1.58411409922 1.05607606615 0.0625369142532 
0.832087709894 1.5873786275 1.05825241833 0.0466722680536 
0.832262691741 1.58778838436 1.05852558957 0.0465921379067 
0.838761784591 1.58768253747 1.05845502498 0.0422360584686 
0.839235154118 1.59062603082 1.06041735388 0.0421472382929 
0.842533348591 1.59133337967 1.06088891978 0.0356603561432 
0.842630618395 1.59193042915 1.06128695277 0.0355619169225 
0.842960319304 1.59405935419 1.06270623613 0.035445389052 
0.846275876591 1.59609084826 1.0640605655 0.0267363695224 
0.846563395142 1.59785856931 1.0652390462 0.0266101907265 
0.852706732488 1.59978886649 1.06652591099 0.0157549578612 
0.854034196978 1.60300700433 1.06867133622 0.00360224003272 
0.854170757136 1.60360934499 1.06907289666 0.00350787118561 
0.859992805244 1.60438311821 1.06958874547 -0.00171514832734 
0.861912493463 1.60378867746 1.06919245164 -0.00866275743324 
0.862130024695 1.60526920328 1.07017946886 -0.00878753754944 
0.862311370713 1.60595450098 1.07063633399 -0.00890638167484 
0.867053824923 1.60450712309 1.0696714154 -0.0137785964064 
0.867106200745 1.60514520488 1.07009680325 -0.0138516669023 
0.867051927497 1.6053617057 1.07024113713 -0.0139123379704 
0.860017075912 1.60537266996 1.07024844664 -0.0139151719472 
0.8453118447 1.60085097645 1.0672339843 -0.0059680403694 
0.832189104662 1.59586936715 1.06391291143 0.0199505324586 
0.811076728532 1.58903211379 1.05935474253 0.0359840566403 
0.792208479337 1.57261159012 1.04840772675 0.0809122075905 
0.763944396115 1.55693059973 1.03795373315 0.105098020738 
0.738380320123 1.54091131275 1.0272742085 0.129099674303 
0.71556308563 1.51857831815 1.01238554543 0.150187424483 
0.670462085226 1.50058383698 1.00038922465 0.15148602806 
0.595829843159 1.47863031452 0.985753543012 0.137130208579 
2.15306071461e-13 1.47793255667 0.985288371115 -0.00285049935245 
1.5707208686e-21 1.44768691897 0.965124612644 0.0117529979432 
-3.84917784981e-22 1.41408664465 0.942724429767 0.0267961516181 
0.0494219468303 1.37669635385 0.917797569232 0.0483247559292 
0.188508025579 1.33809500059 0.892063333723 0.0773373428773 
0.294329049528 1.2956480466 0.863765364402 0.0985043791288 
0.373452152586 1.25374262257 0.835828415049 0.110403142778 
0.446257897271 1.20635917633 0.804239450888 0.115068377508 
0.511429409012 1.15887849606 0.772585664039 0.116652620338 
0.566319607036 1.11289231756 0.741928211707 0.112434916959 
0.636376217299 1.0493619244 0.699574616266 0.103965601558 
0.689560235216 0.989440391033 0.659626927355 0.0907195180367 
0.734072273853 0.931263046463 0.620842030975 0.0776877613103 
0.75717107723 0.857301027732 0.571534018488 0.0635948634685 
0.787373910926 0.791290410164 0.52752694011 0.0516353962788 
0.846002539887 0.68658109563 0.45772073042 0.0295812913338 
0.848793111353 0.522363068585 0.348242045724 0.0104267543726 
0.916513590056 0.473067646559 0.315378431039 -0.0050569841921 
0.887991883037 0.216929296217 0.144619530811 -0.0301466072436 
0.939529555316 0.201492613259 0.13432840884 -0.0414253684694 
0.990338824563 0.188406300341 0.125604200228 -0.0490045208356 
1.24680826646 0.590144569612 0.393429713075 -0.0225342416881 
1.3175273382 0.6212589849 0.4141726566 -0.0208705026334 
1.37175059718 0.634300668067 0.422867112045 -0.0204892911182 
1.39276708263 0.632835964507 0.421890643005 -0.0205281486023 
1.41712023579 0.636109427278 0.424072951518 -0.0203239875628 
1.44736368456 0.642859274721 0.428572849814 -0.0198070062379 
1.45813634677 0.642851736457 0.428567824305 -0.0194720955568 
1.46076629016 0.639209872211 0.426139914807 -0.0206123459707 
1.46542159456 0.633536696617 0.422357797744 -0.0212260719345 
1.47706017618 0.636967428554 0.424644952369 -0.0212712258363 
1.47957972876 0.633793287461 0.422528858308 -0.0218761447504 
1.47532972924 0.629189056168 0.419459370779 -0.0216845580522 
1.47742402308 0.626693447352 0.417795631568 -0.0219198709787 
1.47785843893 0.62522973903 0.41681982602 -0.0206393920427 
1.46559742786 0.615413808444 0.410275872296 -0.021808238372 
1.46945317996 0.612006780487 0.408004520325 -0.0225027320932 
1.47172866127 0.609432359867 0.406288239911 -0.0236718368888 
1.47164610812 0.609320690387 0.406213793591 -0.0226013763396 
1.45600822172 0.598053242428 0.398702161618 -0.0216559538527 
1.45755779857 0.596916707965 0.397944471976 -0.0211647735252 
1.44767782208 0.590269160077 0.393512773385 -0.0202707866988 
1.41299280992 0.566163497951 0.377442331967 -0.0229444623307 
1.42272076906 0.578046933716 0.385364622477 -0.0213969230196 
1.42120064382 0.579361786218 0.386241190812 -0.0204370606119 
1.41938311898 0.581000843938 0.387333895958 -0.0211642314758 
1.42842755245 0.590314380316 0.393542920211 -0.020073882561 
1.42064150313 0.584996447756 0.389997631837 -0.0209932170249 
1.41210061124 0.579273139742 0.386182093161 -0.0195713757026 
1.42065571973 0.586618791923 0.391079194615 -0.0192000867518 
1.41490326219 0.582067696574 0.388045131049 -0.0193043044043 
1.4135438372 0.582764578388 0.388509718925 -0.0197957830821 
1.38454586091 0.565258715167 0.376839143444 -0.019599121345 
1.40973858187 0.584744131409 0.38982942094 -0.0171171605289 
1.40974525699 0.584862022721 0.389908015147 -0.017657078759 
1.40847892945 0.586023842536 0.39068256169 -0.0184506726662 
1.41396883924 0.590890124384 0.39392674959 -0.0190957003999 
1.37898053794 0.567117041207 0.378078027471 -0.0189150737437 
1.38685404334 0.573177438494 0.382118292329 -0.0187229103028 
1.37835404837 0.570923239232 0.380615492821 -0.019266379167 
1.41086335467 0.603557718852 0.402371812568 -0.0179838768654 
1.40679188442 0.608468113385 0.405645408923 -0.0180848224275 
1.38365788481 0.609601538355 0.40640102557 -0.0164503252639 
1.37837358201 0.623000821433 0.415333880955 -0.0138096519064 
1.38804034154 0.642338408771 0.428225605847 -0.0109684263133 
1.32242451212 0.624499522019 0.41633301468 -0.0116455383703 
1.3198000394 0.639940777204 0.426627184803 -0.0113778330984 
1.29043888977 0.645227828522 0.430151885681 -0.00941690249298 
1.27565488713 0.662693486969 0.441795657979 -0.00761705143194 
1.24497107847 0.679569528146 0.453046352097 -0.00422541131349 
1.22800756685 0.702859155644 0.468572770429 -0.0006268425342 
1.21096974903 0.728867272633 0.485911515089 0.00260568657806 
1.19132997692 0.761992490387 0.507994993591 0.00619034436951 
1.17432741684 0.795696317989 0.530464211993 0.0090308294486 
1.15814874978 0.83402399003 0.556015993353 0.0134327818117 
1.2159393151 0.888288794642 0.592192529761 0.0211723058739 
1.23285513749 0.92943040566 0.61962027044 0.0298721143136 
1.27926447534 0.964056393006 0.642704262004 0.0408506413661 
1.30739819633 0.994844523249 0.663229682166 0.0482959220926 
1.34394686916 1.01744908894 0.678299392627 0.0581381475924 
1.3614652907 1.0414818483 0.694321232202 0.0694278321997 
1.38107965085 1.05859929176 0.705732861171 0.0778051575572 
1.37840242021 1.07469000165 0.716460001103 0.085591794033 
1.3925468521 1.08397301868 0.72264867912 0.0931917925222 
1.3904318886 1.09343348169 0.72895565446 0.0996902924695 
1.39030188446 1.09980891703 0.73320594469 0.101047371218 
1.38992925317 1.10393968365 0.735959789099 0.103860666291 
1.40226718929 1.10535389632 0.736902597549 0.106732800124 
1.41569549198 1.10498759602 0.736658397346 0.112353465008 
1.4150115104 1.10767198993 0.738447993284 0.114202281439 
1.41510270518 1.10832606126 0.738884040839 0.114190003816 
1.41741791354 1.10740120275 0.7382674685 0.112520401948 
1.41439160019 1.10987889317 0.739919262114 0.117718781084 
1.41426278501 1.11062375184 0.740415834561 0.117900610038 
1.41492723407 1.11005824295 0.74003882863 0.116020983874 
1.41742002289 1.10827772389 0.738851815927 0.113670554837 
1.41742002289 1.10827772389 0.738851815927 0.113670554837 
1.41742002289 1.10827772389 0.738851815927 0.113670554837 
1.41742002289 1.10827772389 0.738851815927 0.113670554837 
1.41730567666 1.10784523628 0.738563490852 0.11379167566 
1.41736542482 1.10639270623 0.737595137487 0.113364213703 
1.43012311615 1.1024947424 0.734996494932 0.111011101776 
1.42986346147 1.10158524727 0.734390164849 0.111034018277 
1.42152363907 1.09921162885 0.732807752565 0.107441324818 
1.42243548526 1.09397588136 0.729317254241 0.104033490248 
1.42395152186 1.08534634496 0.723564229971 0.0988438054981 
1.4259532098 1.07684961157 0.717899741045 0.0929634141815 
1.42753137408 1.06699178401 0.711327856005 0.0875321543208 
1.41347793169 1.05258010712 0.701720071411 0.076677391065 
1.40494694689 1.03384980757 0.689233205049 0.06849857402 
1.38935968683 1.01179339698 0.674528931317 0.0595741366973 
1.34934759131 0.975806862366 0.650537908244 0.0456074222876 
1.29836365823 0.925349849684 0.616899899789 0.0331730475131 
1.2296200853 0.857876687286 0.571917791524 0.0206382554268 
1.16871034328 0.759549134521 0.506366089681 0.0129738736349 
1.12440485421 0.632308855795 0.421539237196 0.00967494470971 
1.14750334884 0.523076937102 0.348717958068 0.00765446207333 
1.19499126003 0.432096441292 0.288064294195 0.0036426657848 
1.25943231366 0.394337558661 0.262891705774 0.00214241712278 
1.29883276691 0.349085497052 0.232723664701 -0.00027482315288 
1.34005178374 0.317582911629 0.211721941086 -0.00219792417319 
1.34216751508 0.228660512844 0.152440341896 -0.00314971372348 
1.36555835083 0.173834102822 0.115889401882 -0.00855834446157 
1.39811156772 0.165579491793 0.110386327862 -0.0107814131439 
1.43656012555 0.209191402748 0.139460935165 -0.00997322185486 
1.46616446825 0.23866158315 0.1591077221 -0.0115585900655 
1.46862095421 0.222675494708 0.148450329805 -0.0107617414144 
1.47481235185 0.220886108739 0.147257405826 -0.010983538748 
1.47028182675 0.203760280567 0.135840187045 -0.0137193716171 
1.47157774374 0.203513951276 0.135675967518 -0.0141451406609 
1.46604373198 0.177069270359 0.118046180239 -0.0134843055736 
1.45499092333 0.149912040014 0.099941360009 -0.013395472031 
1.45367674735 0.150064374087 0.100042916058 -0.0160673351064 
1.43530878501 0.108772642276 0.0725150948504 -0.0167314310125 
1.43508189774 0.108901514688 0.0726010097921 -0.0150624280144 
1.4592482712 0.177998352185 0.118665568123 -0.0159542112613 
1.46914407507 0.201550734195 0.13436715613 -0.0136480834278 
1.46505548943 0.202429160624 0.13495277375 -0.015849594852 
1.46618748689 0.202320165546 0.134880110364 -0.015764697049 
1.46302610171 0.202669344449 0.135112896299 -0.0151281881909 
1.45601338606 0.181813511261 0.121209007507 -0.0156603514618 
1.45039280166 0.161196494641 0.10746432976 -0.0170570626971 
1.4769325118 0.224496859489 0.149664572992 -0.0160762831208 
1.4827104019 0.223442873071 0.148961915381 -0.0182136567638 
1.46796468319 0.192862844258 0.128575229505 -0.0198585617333 
1.45148212508 0.152223923438 0.101482615626 -0.018072011318 
1.45137161455 0.152268494093 0.101512329395 -0.0166444291037 
1.46919835814 0.195468931822 0.130312621215 -0.0167838487829 
1.45880281099 0.168340036053 0.112226690702 -0.0186969062038 
1.47121586399 0.20048133279 0.13365422186 -0.0173706008116 
1.45254491957 0.163990509674 0.10932700645 -0.0175824093612 
1.46252440348 0.187812090427 0.125208060285 -0.0162795605808 
1.47265900763 0.214148807211 0.142765871474 -0.0161848150224 
1.46314150455 0.193153567879 0.128769045253 -0.0193961023579 
1.46284731893 0.193068434653 0.128712289769 -0.0177068645727 
1.4630626392 0.192916957029 0.128611304686 -0.0181342095191 
1.45821310245 0.193881812034 0.129254541356 -0.0170149576989 
1.45641258802 0.193925094564 0.129283396376 -0.0166251108619 
1.4356382238 0.154144979255 0.102763319503 -0.0153141765596 
1.43893704577 0.175520687999 0.117013791999 -0.0142050818211 
1.42217867022 0.155131327574 0.10342088505 -0.0110175011952 
1.40104571408 0.115611928124 0.0770746187494 -0.00753900149237 
1.39672082312 0.116438095446 0.0776253969643 -0.00723926727547 
1.35938768453 0.0380549422579 0.0253699615053 -0.00533955199954 
1.33117716875 0.0117304109313 0.0078202739542 -0.00500041740428 
1.30177425129 0.0178673949251 0.0119115966167 -0.00312359334994 
1.25033407561 0.0125349654997 0.00835664366646 -0.00085578951407 
1.19263312904 4.75301044512e-18 3.16867363008e-18 -1.04854067638e-05 
1.12385844476 5.54110725626e-18 3.69407150417e-18 0.0094375545271 
1.05560755129 0.0171003803337 0.0114002535558 0.00884260289265 
0.976490933537 0.0369491981396 0.0246327987597 0.0120527243468 
0.887404118133 0.0596727470567 0.0397818313712 0.0190259678401 
0.796897485919 0.0831617395035 0.055441159669 0.0201111030667 
0.694985968585 0.108979965999 0.0726533106661 0.0201366666064 
0.551819075508 1.43737423576e-17 9.58249490506e-18 0.056918498242 
0.40828739181 1.98393862671e-18 1.32262575114e-18 0.0411529104618 
0.288999018524 0.0476122122847 0.0317414748564 -0.0171662241553 
0.196144893914 0.012135547474 0.00809036498265 0.00823119125167 
0.125218262816 0.0444172273009 0.0296114848673 0.0169754144363 
0.0724475604158 0.0501695307274 0.0334463538183 0.0191747388546 
0.031644735954 0.107763330143 0.071842220095 0.0280862199226 
0.00251729391594 0.109931192689 0.0732874617928 0.0302652506174 
2.34733221286e-19 0.110633563507 0.0737557090043 0.0395760607746 
2.0110231298e-20 0.112448061541 0.0749653743608 0.0452144728542 
2.0110231298e-20 0.112448061541 0.0749653743608 0.0452144728542 
5.30017671387e-21 0.138841861956 0.0925612413043 0.0517215366094 
5.30017671387e-21 0.138841861956 0.0925612413043 0.0517215366094 
5.30017671387e-21 0.138841861956 0.0925612413043 0.0517215366094 
-1.12945654177e-20 0.141147794883 0.094098529922 0.0577382989161 
-1.12945654177e-20 0.141147794883 0.094098529922 0.0577382989161 
-1.12945654177e-20 0.141147794883 0.094098529922 0.0577382989161 
1.9813120053e-20 0.190875554703 0.127250369802 0.0673583301784 
1.9813120053e-20 0.190875554703 0.127250369802 0.0673583301784 
1.9813120053e-20 0.190875554703 0.127250369802 0.0673583301784 
1.9813120053e-20 0.190875554703 0.127250369802 0.0673583301784 
1.9813120053e-20 0.190875554703 0.127250369802 0.0673583301784 
1.9813120053e-20 0.190875554703 0.127250369802 0.0673583301784 
0.0266192269767 0.216033815727 0.144022543818 0.076158568857 
0.0325752294549 0.279820931531 0.186547287687 0.0969015570771 
