0.0 0.0 0.0 0.0 
2.26805854708e-21 1.52614819981e-22 1.0174321332e-22 -0.0130660589223 
3.38453022289e-21 3.80503359318e-22 2.53668906212e-22 -0.0040070828938 
3.26062152338e-21 0.0208500411547 0.0139000274364 0.00077527950773 
-7.32478367515e-21 0.00899387885284 0.00599591923523 0.00423493885995 
0.0106489937667 2.06324663861e-17 1.37549775907e-17 0.00797100564714 
0.00566270666279 0.00882146824898 0.00588097883266 0.0065602671107 
0.00295719470659 0.0700881352453 0.0467254234969 0.0078582248481 
3.5001714812e-18 0.112505947792 0.0750039651949 0.00894970316046 
0.00262128069742 0.0812175161189 0.054145010746 0.00852938720369 
0.00590120809206 0.0579736705111 0.0386491136741 0.00929960808394 
0.0115468047047 -2.01067945196e-18 -1.34045296797e-18 0.00958053440006 
0.0129963802468 -1.79671721182e-21 -1.19781147455e-21 0.00945436526031 
0.0135704933381 7.48826303716e-22 4.99217535811e-22 0.00919865993964 
0.0129430025752 1.01308706032e-21 6.75391373547e-22 0.0108407013752 
0.0119343945736 -1.08151661621e-21 -7.2101107747e-22 0.00987877543112 
0.00821652737663 1.59914549697e-21 1.06609699798e-21 0.00969745866497 
0.000831846796896 0.0392844301047 0.0261896200698 0.0095651387143 
-2.42685724707e-18 0.0920400850116 0.0613600566744 0.010052010115 
-3.61258468688e-21 0.0757476924914 0.050498461661 0.0105811610018 
0.0047351242368 2.00930154689e-17 1.33953436459e-17 0.0104903709957 
0.00145190823012 0.0289629481165 0.0193086320777 0.0114267860873 
0.00212604427242 0.02839883015 0.0189325534334 0.0115427366741 
0.00260546447462 0.0304282941887 0.0202855294592 0.0107452866828 
2.41105669525e-19 0.070221551016 0.046814367344 0.0100482506424 
0.00407539700945 0.0446998433263 0.0297998955508 0.0105848705997 
0.00539229417346 0.0363857836564 0.0242571891043 0.0093548122998 
0.00357260480524 0.0593682292087 0.0395788194725 0.0104841260721 
0.00307061466262 0.0625075076067 0.0416716717378 0.0108123111371 
7.16299251871e-19 0.0807982028833 0.0538654685889 0.0109216534128 
-8.45955709685e-22 0.124443159921 0.0829621066137 0.01012068281 
4.12769613597e-21 0.105797939444 0.0705319596293 0.010060197766 
0.000958446442667 0.053363340346 0.0355755602307 0.00766056148142 
0.00464369181627 0.029656612256 0.0197710748373 0.00611239581836 
0.00559582081934 0.0197534107468 0.0131689404979 0.00440649459214 
0.00874896253937 6.4884464361e-18 4.3256309574e-18 0.00436035009331 
0.00950843834918 -1.45475509265e-21 -9.69836728431e-22 0.00418940057605 
0.00975836831061 6.06267994029e-22 4.04178662686e-22 0.00405678086411 
0.00614117351611 -3.07296001557e-22 -2.04864001038e-22 0.00391565767218 
0.000351921309859 -1.01024735468e-20 -6.73498236453e-21 0.00178175518337 
-7.94093456195e-23 -3.17637292821e-22 -2.11758195214e-22 -4.0581445674e-09 
0.00342729979982 0.00848876811606 0.00565917874404 -0.00144774790495 
0.0137023429862 6.13640317388e-18 4.09093544925e-18 -0.0029761361749 
0.0202688059184 2.14096507336e-21 1.42731004891e-21 -0.00517717552973 
0.0281565289789 1.47880741807e-22 9.85871612044e-23 -0.00594915687667 
0.0361492939075 -2.11991826872e-21 -1.41327884581e-21 -0.00711964597879 
0.0363354510269 -1.44499005222e-21 -9.63326701477e-22 -0.0135701523659 
0.0531321317221 2.45921954854e-21 1.63947969903e-21 -0.0141605100917 
0.0684034024897 -5.86959913915e-22 -3.91306609277e-22 -0.0154263811832 
0.112132512534 -5.73483361855e-22 -3.82322241236e-22 -0.0220493490852 
0.158372688285 1.06950237843e-22 7.13001585619e-23 -0.0300020698779 
0.216556122826 1.31490246961e-21 8.76601646408e-22 -0.0408072203216 
0.301164094157 -1.72048083265e-21 -1.14698722177e-21 -0.0837371121771 
0.382343795717 0.01996012831 0.0133067522067 -0.0918392766302 
0.48335269785 -6.87873374095e-20 -4.58582249397e-20 0.169670061338 
0.656857954066 0.352494470019 0.234996313346 0.0182604776718 
0.745821466952 0.324088070854 0.216058713902 0.0192504920732 
0.846901309581 0.289911904925 0.193274603284 0.0142834978003 
0.886735323792 0.0918767509784 0.0612511673189 0.0177692601798 
0.95620414913 0.0756768522074 0.0504512348049 0.0205369763627 
1.01111000146 4.06733214131e-17 2.71155476088e-17 0.0202677483606 
1.06523300414 5.69959770959e-23 3.79973180639e-23 0.0242677659292 
1.13209098853 -1.02225218731e-22 -6.81501458206e-23 0.0205612798562 
1.18947966132 1.26396246547e-22 8.42641643644e-23 0.0213710656781 
1.24321532255 -1.52538467304e-22 -1.01692311536e-22 0.0224802469088 
1.30588261008 1.37816220436e-21 9.18774802909e-22 0.0206244126243 
1.3502876232 -7.02098210533e-22 -4.68065473689e-22 0.0225000571482 
1.39056899737 7.28346814347e-22 4.85564542898e-22 0.0226800349335 
1.41994167293 9.13962122779e-22 6.09308081853e-22 0.0232777601801 
1.43571752174 9.59651662275e-24 6.3976777485e-24 0.0252988593616 
1.45673397751 2.5314120224e-22 1.68760801493e-22 0.0243848043599 
1.46143287857 -1.78378832072e-22 -1.18919221381e-22 0.025512698205 
1.47112221043 7.59333768413e-22 5.06222512275e-22 0.0232482802406 
1.47797956245 9.83078755664e-22 6.55385837109e-22 0.0214311493715 
1.49122454257 1.36619511266e-22 9.10796741774e-23 0.018013734038 
1.5067204365 0.0523319235501 0.0348879490334 0.015389795471 
1.49169988976 -1.44868912982e-18 -9.65792753216e-19 0.0165009089117 
1.48551342391 -4.96921342342e-22 -3.31280894895e-22 0.0180633007937 
1.49114522511 5.4862932349e-22 3.65752882327e-22 0.0154952992999 
1.49215485457 -9.64576610983e-23 -6.43051073988e-23 0.0137275460579 
1.4940439967 1.02560531755e-21 6.8373687837e-22 0.0128838461335 
1.49090430201 -6.89204974232e-22 -4.59469982821e-22 0.0130236502365 
1.48168247836 -1.80075947777e-22 -1.20050631851e-22 0.0137352541195 
1.47711251689 3.98548050961e-22 2.65698700641e-22 0.0138699833641 
1.47572387641 1.83135737118e-22 1.22090491412e-22 0.0135179930066 
1.47049544837 8.83149749682e-22 5.88766499788e-22 0.0136779458569 
1.47533702899 1.77676966638e-21 1.18451311092e-21 0.0120074526104 
1.46954073022 5.28140315668e-22 3.52093543778e-22 0.0129797923019 
1.48600324168 -6.33186903587e-22 -4.22124602391e-22 0.00832044936245 
1.47198661496 7.09484364866e-22 4.72989576577e-22 0.0111764771419 
1.46580099694 -1.26381765067e-22 -8.42545100448e-23 0.0127195473653 
1.46688371607 -3.01239722705e-22 -2.00826481803e-22 0.0116075683336 
1.46964364223 6.89343010701e-23 4.59562007134e-23 0.0100583011991 
1.46317828799 -3.23081123919e-22 -2.15387415946e-22 0.010116683212 
1.46535459564 2.94274137053e-22 1.96182758035e-22 0.00842244894555 
1.45784500216 2.42265142957e-22 1.61510095305e-22 0.00825534047067 
1.44361681585 7.32777083718e-22 4.88518055812e-22 0.00839502969358 
1.42448748115 -1.11681901121e-19 -7.44546007475e-20 0.00729055825274 
1.39127428879 -6.18529665026e-18 -4.12353110017e-18 0.007207970926 
1.34773799538 -3.25299957945e-18 -2.1686663863e-18 0.00829621573043 
1.29520375632 9.70530727089e-18 6.47020484726e-18 0.00873774291148 
1.2447999826 3.79518465558e-18 2.53012310372e-18 0.0082549438952 
1.19014346959 5.67253841353e-18 3.78169227569e-18 0.00915974726851 
1.11649746774 5.44171650615e-17 3.6278110041e-17 0.0105900254849 
1.05047448762 9.4622639695e-18 6.30817597966e-18 0.00922717751211 
0.968799511607 0.0180900365154 0.0120600243436 0.0106424068294 
0.855086955189 0.0437423470577 0.0291615647052 0.0132474626913 
0.757898842202 0.0649206013248 0.0432804008832 0.0125346342779 
0.58276431665 -3.8334324744e-15 -2.5556216496e-15 0.0482318314346 
0.44034860667 7.1657570763e-18 4.7771713842e-18 0.0513794574516 
0.338298462061 2.5644420322e-18 1.70962802147e-18 -0.112917017866 
0.262028181054 9.73479146388e-18 6.48986097592e-18 -0.0836184557624 
0.212506465991 1.77697956433e-21 1.18465304288e-21 -0.0653808498403 
0.177217095898 -1.8630831377e-21 -1.24205542513e-21 -0.0654923640865 
0.147564277313 8.1006964722e-22 5.4004643148e-22 -0.049916653307 
0.131149176515 -1.76038112632e-21 -1.17358741755e-21 -0.0502547243388 
0.131149176515 -1.76038112632e-21 -1.17358741755e-21 -0.0502547243388 
0.131149176515 -1.76038112632e-21 -1.17358741755e-21 -0.0502547243388 
0.131149176515 -1.76038112632e-21 -1.17358741755e-21 -0.0502547243388 
0.131149176515 -1.76038112632e-21 -1.17358741755e-21 -0.0502547243388 
0.131149176515 -1.76038112632e-21 -1.17358741755e-21 -0.0502547243388 
0.131149176515 -1.76038112632e-21 -1.17358741755e-21 -0.0502547243388 
0.136400707577 -4.58405044997e-23 -3.05603363331e-23 -0.0521311735772 
0.140438064494 -8.26181060341e-22 -5.50787373561e-22 -0.0549688213495 
0.156078020502 -2.39093985937e-21 -1.59395990625e-21 -0.0560933835107 
0.161460820023 -1.7499806416e-21 -1.16665376106e-21 -0.0582127274443 
0.171418825245 1.16191108805e-21 7.74607392031e-22 -0.060223918111 
0.184770608095 2.16446203339e-21 1.44297468893e-21 -0.0616616451694 
0.195315952913 1.50261986594e-21 1.00174657729e-21 -0.0779614069417 
0.215117463805 1.66361045214e-21 1.10907363476e-21 -0.0779095007439 
0.239173624621 1.07692881359e-22 7.17952542396e-23 -0.0789937301927 
0.278657576188 -1.17987362646e-21 -7.86582417641e-22 -0.109633398958 
0.323013267049 -1.15161839836e-21 -7.67745598907e-22 -0.141520866438 
0.404980873407 -2.81675699802e-22 -1.87783799868e-22 -0.134265237234 
0.503214991654 3.68912823868e-06 2.45941882579e-06 0.141241162982 
0.690106898261 0.256873490808 0.171248993872 0.0330634099948 
0.823881237454 0.221516371427 0.147677580951 0.029245392004 
0.942542246386 0.188429242998 0.125619495332 0.0257469983282 
1.0070922249 7.74893145674e-18 5.16595430449e-18 0.0284254236602 
1.10760427054 2.07748290786e-22 1.38498860524e-22 0.0214492588631 
1.18590390295 8.89066012771e-23 5.92710675181e-23 0.0203008946056 
1.25801075598 -3.89775431104e-22 -2.59850287402e-22 0.0198021261095 
1.32985773611 3.55786624584e-22 2.37191083056e-22 0.0183111633904 
1.3862196199 1.74133634558e-22 1.16089089705e-22 0.0203005680872 
1.43690620222 2.96016079655e-22 1.97344053104e-22 0.0186341703798 
1.4678415781 1.19704227402e-22 7.98028182682e-23 0.0179665746872 
1.48816032021 1.91641891147e-21 1.27761260765e-21 0.0173665729935 
1.49640459454 1.97073343672e-21 1.31382229115e-21 0.0184795618643 
1.5062921766 -1.04064424334e-21 -6.93762828896e-22 0.0174438002305 
1.5220084005 1.12676551517e-21 7.51177010112e-22 0.0140681433765 
1.53362340751 -1.40112032915e-22 -9.3408021943e-23 0.0115355997267 
1.53431984636 -5.21544379214e-22 -3.47696252809e-22 0.0110526479715 
1.53431984636 -5.21544379214e-22 -3.47696252809e-22 0.0110526479715 
1.53431984636 -5.21544379214e-22 -3.47696252809e-22 0.0110526479715 
1.52688091305 2.98165407829e-22 1.98776938552e-22 0.0120479697812 
1.53165295634 4.80610079399e-22 3.20406719599e-22 0.0104886776452 
1.53994724243 -4.7208500152e-23 -3.14723334347e-23 0.00812921671001 
1.53273710749 8.63795111561e-22 5.75863407707e-22 0.00824839293279 
1.53840439889 -5.75705353416e-22 -3.83803568944e-22 0.00660951204864 
1.52817407677 3.05450060728e-22 2.03633373818e-22 0.00820602311013 
1.518777978 9.86100500949e-23 6.57400333966e-23 0.0100424103046 
1.52222010183 3.37108064699e-22 2.24738709799e-22 0.00961678557847 
1.51447445265 -9.88224428831e-23 -6.58816285887e-23 0.0109839160103 
1.51331653514 -2.61672715869e-22 -1.74448477246e-22 0.0115141573065 
1.51443101019 6.02816379749e-23 4.01877586499e-23 0.0102723828064 
1.52097208601 1.12452690241e-21 7.49684601603e-22 0.00958462026858 
1.52766684136 6.92894627255e-22 4.61929751503e-22 0.00657598377214 
1.5301062386 2.39703579525e-22 1.5980238635e-22 0.00598021383874 
1.52317049789 1.85585998089e-21 1.23723998726e-21 0.00654779936382 
1.51518145126 3.64072818644e-22 2.42715212429e-22 0.00795930206015 
1.51518145126 3.64072818644e-22 2.42715212429e-22 0.00795930206015 
1.5119286551 -5.11188623566e-22 -3.40792415711e-22 0.00885027234386 
1.50873344974 -9.64728282899e-22 -6.431521886e-22 0.00988484739451 
1.50873344974 -9.64728282899e-22 -6.431521886e-22 0.00988484739451 
1.51245650496 5.53684525022e-22 3.69123016682e-22 0.00818780242653 
1.51553191663 8.70327324394e-22 5.80218216263e-22 0.00691615560553 
1.51622515035 9.21663998615e-22 6.14442665743e-22 0.00593816190427 
1.51339285612 1.1296097641e-21 7.53073176066e-22 0.00775939116428 
1.50664514089 -4.06697838288e-22 -2.71131892192e-22 0.00889967158496 
1.51423666079 1.3322421835e-21 8.88161455668e-22 0.00733046264873 
1.51872426384 8.7557380086e-22 5.8371586724e-22 0.00593483965832 
1.50198160489 -2.89858584094e-22 -1.93239056063e-22 0.00969361472482 
1.4952154999 -1.45602089742e-21 -9.70680598279e-22 0.0111001577158 
1.50133503832 5.53019456863e-22 3.68679637909e-22 0.0103987029563 
1.51168952452 7.87262063831e-22 5.24841375887e-22 0.00927407545279 
1.49990678419 1.19361429095e-21 7.95742860632e-22 0.0111528455157 
1.48548413366 2.79968054501e-22 1.86645369667e-22 0.0132924015979 
1.48141527059 -5.25835052153e-22 -3.50556701435e-22 0.0122290754978 
1.47061118412 3.88351269969e-23 2.58900846646e-23 0.0125767749452 
1.43868212213 5.17057316917e-22 3.44704877945e-22 0.0131888132749 
1.39953840205 2.08007268926e-22 1.38671512618e-22 0.0136530336441 
1.36427013969 6.44564600499e-22 4.29709733666e-22 0.015424353776 
1.33981236923 4.85498220889e-22 3.23665480593e-22 0.0124155384377 
1.29408442624 3.85563163401e-22 2.57042108934e-22 0.0170427735073 
1.2408476713 1.16213122392e-22 7.74754149279e-23 0.0249458214828 
1.22179649652 4.74031759795e-22 3.16021173197e-22 0.0238830342827 
1.17577597558 -4.27999854018e-19 -2.85333236012e-19 0.0287382151202 
1.12818879555 6.83490556389e-19 4.55660370926e-19 0.0324425755167 
1.07575643872 2.25092798277e-18 1.50061865518e-18 0.0353980260377 
1.00656160311 0.0129450429066 0.00863002860437 0.0379325232442 
0.920211287443 0.0323464682985 0.021564312199 0.0437242854875 
0.820288769946 0.0550461682786 0.0366974455191 0.0470037155172 
0.657241979546 -5.25773365143e-16 -3.50515576762e-16 0.0814908463774 
0.536254391548 5.58873858694e-17 3.72582572463e-17 0.0886259136174 
0.421864374229 -2.54348364396e-19 -1.69565576264e-19 -0.0524864083566 
0.340457063407 -4.24641973552e-18 -2.83094649035e-18 -0.11929055669 
0.288257711935 -3.89201563329e-22 -2.59467708886e-22 -0.122958331881 
0.238090894781 6.47800959229e-22 4.31867306152e-22 -0.075926400524 
0.202900217397 -2.62924575239e-22 -1.75283050159e-22 -0.0763973360379 
0.188970289362 6.40029637823e-22 4.26686425215e-22 -0.0544619324935 
0.167092043181 -3.43714270003e-22 -2.29142846669e-22 -0.0546633487615 
0.15166765228 4.50830111894e-22 3.00553407929e-22 -0.0541329233778 
0.147915491312 1.08756388288e-21 7.25042588584e-22 -0.0533596168564 
0.153973056734 4.96567615733e-22 3.31045077156e-22 -0.0515713747605 
0.149689098764 -3.6901226491e-22 -2.46008176606e-22 -0.0501018022483 
0.149689098764 -3.6901226491e-22 -2.46008176606e-22 -0.0501018022483 
0.14058613684 -2.79277806399e-22 -1.86185204266e-22 -0.0498982702211 
0.14058613684 -2.79277806399e-22 -1.86185204266e-22 -0.0498982702211 
0.152877194492 -2.1794073328e-22 -1.45293822187e-22 -0.0490871907022 
0.157837824128 3.86920150197e-22 2.57946766798e-22 -0.0496098089817 
0.171643607996 1.06229124326e-21 7.08194162173e-22 -0.0501265170909 
0.198199321325 -2.25624018841e-21 -1.50416012561e-21 -0.0502865654779 
0.211353467833 -6.71393410608e-22 -4.47595607072e-22 -0.0512562591768 
0.221895777281 -1.83445396807e-22 -1.22296931205e-22 -0.0528904472305 
0.254582203223 -1.43393802779e-21 -9.55958685193e-22 -0.0542729612567 
0.289007607248 2.62492618457e-22 1.74995078971e-22 -0.0561550159539 
0.331810087104 3.47792589137e-22 2.31861726092e-22 -0.057925991298 
0.392572049733 6.77803200187e-22 4.51868800125e-22 -0.058607115294 
0.448731695947 6.54466653394e-22 4.36311102262e-22 -0.0573036851414 
0.528896615989 -9.09846204209e-23 -6.06564136139e-23 0.0479484598945 
0.622251849131 -2.52649888484e-23 -1.6843325899e-23 0.0451448902952 
0.712781279045 -1.04494616166e-22 -6.96630774442e-23 0.0469695596277 
0.804099728297 9.97530220863e-23 6.65020147242e-23 0.0503184018745 
0.8957334685 3.15594961164e-23 2.10396640776e-23 0.0507666966907 
0.973787317575 0.000363927103827 0.000242618069218 0.0458249094694 
1.09172732348 0.221368838641 0.147579225761 0.0337039247594 
1.10994588806 0.0861851631041 0.0574567754027 0.0368360256045 
1.1259072627 4.08259488833e-18 2.72172992556e-18 0.0405378650626 
1.16067412081 -6.73466970202e-22 -4.48977980134e-22 0.0366476202403 
1.19886878751 0.0453574820045 0.0302383213363 0.0307498598434 
1.19870693221 -2.63652484179e-17 -1.75768322786e-17 0.033852924851 
1.19795122532 -2.76317092983e-22 -1.84211395322e-22 0.0357844524696 
1.19795122532 -2.76317092983e-22 -1.84211395322e-22 0.0357844524696 
1.20136122415 -5.20849038385e-22 -3.47232692257e-22 0.037028812412 
1.20513976088 2.18336297666e-22 1.45557531778e-22 0.0361667176309 
1.20513976088 2.18336297666e-22 1.45557531778e-22 0.0361667176309 
1.20248710373 1.43552173876e-22 9.57014492506e-23 0.0364276225555 
1.20848702856 3.1280492271e-23 2.0853661514e-23 0.0337854297836 
1.20363336472 4.13172074466e-22 2.75448049644e-22 0.034863015354 
1.19896399872 -2.68844151554e-22 -1.79229434369e-22 0.0355327532142 
1.20208504216 2.76241627683e-22 1.84161085122e-22 0.0346591475209 
1.20664793774 0.0212958966142 0.0141972644095 0.0333987786374 
1.23127468244 0.115507817833 0.0770052118889 0.0292362596946 
1.22861672295 0.120016161847 0.0800107745647 0.0294765600308 
1.22564002948 0.112664664074 0.0751097760491 0.0293713330272 
1.20828533259 0.0682575995308 0.0455050663539 0.0321069940253 
1.20233482289 0.0648630061322 0.0432420040881 0.033079407835 
1.20467312044 0.0893517737152 0.0595678491435 0.0323751323904 
1.18604112294 0.0359178214498 0.0239452142998 0.0360752966576 
1.17142686599 -3.85909632684e-18 -2.57273088456e-18 0.0395391007033 
1.17137768399 0.00385890594808 0.00257260396539 0.0403433016765 
1.16526458369 5.03248427191e-18 3.35498951461e-18 0.0421575903661 
1.16413678805 2.82513003809e-20 1.88342002539e-20 0.0424535567759 
1.16725601648 0.0327766621964 0.0218511081309 0.040403058599 
1.1380654936 -1.08694735265e-17 -7.24631568432e-18 0.0461647121344 
1.13715694226 0.150904193018 0.100602795345 0.0378944058076 
1.10807332833 0.271335624317 0.180890416211 0.0349745002721 
1.08349988901 0.42071050744 0.280473671627 0.0326528230279 
1.11954552686 0.651542161912 0.434361441275 0.0315065567005 
1.23635699392 0.818445261822 0.545630174548 0.0358215121307 
1.27698524881 0.908789225041 0.605859483361 0.0445748656641 
1.32491315283 0.968459534275 0.645639689517 0.0538779470487 
1.35809124164 1.00197258298 0.667981721985 0.0613018264774 
1.38326619285 1.02220590536 0.681470603573 0.0667637529898 
1.40374424959 1.03538603603 0.690257357355 0.070359045639 
1.40578294206 1.04667540613 0.697783604087 0.0746716825949 
1.41222579687 1.05324104726 0.702160698172 0.076874855992 
1.42088494964 1.05668051249 0.704453674995 0.0783044614281 
1.42641239604 1.05881815125 0.7058787675 0.0792867969209 
1.42308982214 1.062013294 0.708008862664 0.0795898352185 
1.4256272062 1.06242791288 0.708285275253 0.0796976047923 
1.42580655515 1.06274653924 0.708497692825 0.0793223347943 
1.41211082744 1.06527930131 0.710186200873 0.0789463728843 
1.41737644159 1.0633093097 0.708872873133 0.0778574356516 
1.40971488129 1.0636533372 0.7091022248 0.0768087922965 
1.40775738496 1.06220839161 0.70813892774 0.0755084483095 
1.40068531394 1.06276345043 0.708508966953 0.0758308721535 
1.39405468632 1.0628078508 0.7085385672 0.0756706527377 
1.41124522722 1.05682970922 0.704553139482 0.0741809587746 
1.40820754018 1.05495095401 0.703300636004 0.0738971653189 
1.4037869432 1.05375239512 0.702501596749 0.0736624706713 
1.40191429327 1.05140139979 0.700934266526 0.0732388495626 
1.39820699605 1.0488189603 0.699212640201 0.0727326574263 
1.39119499637 1.04628919765 0.697526131767 0.0734393336483 
1.38991198066 1.04450174824 0.696334498826 0.072803363319 
1.39134235299 1.043154414 0.695436276 0.0730057069603 
1.39607529625 1.04162389284 0.694415928563 0.0725635003838 
1.39322145643 1.04069424845 0.693796165634 0.0724880326316 
1.39920619151 1.03734925812 0.691566172079 0.0717892448409 
1.39791003897 1.03446456739 0.689643044924 0.0710598515578 
1.40039955579 1.02735310685 0.684902071231 0.0690952997331 
1.39769643449 1.01992810116 0.679952067443 0.0667915633941 
1.39173056999 1.00354889774 0.669032598496 0.0612649574119 
1.37685135762 0.98646636895 0.657644245966 0.0566098299942 
1.35992223199 0.968491659832 0.645661106555 0.0518724534128 
1.35113230969 0.948164890909 0.632109927273 0.0477846941062 
1.33040803811 0.931657995661 0.621105330441 0.0449626889884 
1.32643655786 0.917463183879 0.611642122586 0.0426327029538 
1.3233187728 0.906061570806 0.604041047204 0.040417337793 
1.3161787989 0.896880368857 0.597920245905 0.0393461703079 
1.33161465906 0.888492834941 0.592328556627 0.0372928381095 
1.32588267702 0.880839377245 0.587226251497 0.0369094096959 
1.3151092713 0.873009466807 0.582006311205 0.0366518044419 
1.29264490984 0.86484492562 0.576563283747 0.0370433061853 
1.30357604291 0.858867393138 0.572578262092 0.036050532444 
1.27987171661 0.850879097778 0.567252731852 0.0360846878315 
1.25744913965 0.842447384519 0.561631589679 0.0362664226014 
1.24779972174 0.83478422909 0.556522819393 0.0352238621411 
1.26997861144 0.831619689796 0.554413126531 0.0345555677671 
1.27343546919 0.82781452256 0.551876348374 0.0345403484731 
1.28301833794 0.825708661707 0.550472441138 0.0338860188864 
1.26204534064 0.818560545141 0.545707030094 0.0335529882235 
1.25379433715 0.8134436317 0.542295754467 0.0338440517066 
1.26092655945 0.806974854809 0.537983236539 0.0330454539608 
1.26850938184 0.799517252536 0.533011501691 0.0327367533485 
1.23792180668 0.783111996986 0.522074664657 0.0325144116933 
1.22475774792 0.769383506395 0.512922337597 0.0307956026311 
1.20028882971 0.749142944118 0.499428629412 0.0304111759983 
1.18047932369 0.727406664015 0.48493777601 0.030096774656 
1.16256690091 0.700160434936 0.466773623291 0.0289804654339 
1.17910509605 0.68664350323 0.457762335487 0.0270539433609 
1.18833030538 0.671676825451 0.447784550301 0.0254138949105 
1.1538762047 0.629734058756 0.419822705837 0.0254462315838 
1.18213958219 0.626626416914 0.41775094461 0.0240991777637 
1.14696427898 0.582830201511 0.388553467674 0.0248064352582 
1.15580036051 0.569277649846 0.379518433231 0.0242899936882 
1.13449318378 0.531604136414 0.354402757609 0.0248305870844 
1.12088387493 0.498606890239 0.332404593493 0.025145388031 
1.11249703179 0.47290895236 0.315272634906 0.0245847530881 
1.11988969857 0.462108894028 0.308072596018 0.0241045794825 
1.11283032008 0.435532436716 0.29035495781 0.0235382640949 
1.1104503484 0.404349414862 0.269566276575 0.0235608304623 
1.07667212178 0.29559602544 0.19706401696 0.0259107874548 
1.05805657728 0.161776619793 0.107851079862 0.0291678345532 
1.04860489923 -6.87801109356e-18 -4.58534072904e-18 0.0350682283798 
1.06715171055 -3.33406436757e-22 -2.22270957838e-22 0.037663497809 
1.08741242959 1.61648578145e-22 1.07765718763e-22 0.0378611502402 
1.10034666596 -1.071854386e-22 -7.14569590664e-23 0.0431636706452 
1.1303852738 8.33772622678e-23 5.55848415119e-23 0.0383351109241 
1.13437661503 3.40733870162e-22 2.27155913441e-22 0.0435453919811 
1.15250781224 1.04547369545e-22 6.96982463636e-23 0.0403603057719 
1.17851467156 2.8510377692e-22 1.90069184614e-22 0.0362295452116 
1.18613594208 4.36554105597e-22 2.91036070398e-22 0.0328631798804 
1.20637813268 -1.9985752451e-22 -1.33238349673e-22 0.03064397953 
1.22509744683 2.47390311415e-22 1.64926874277e-22 0.0280955459458 
1.24542953638 -3.20131102284e-22 -2.13420734856e-22 0.0243882592102 
1.25612354492 -7.67489175438e-22 -5.11659450292e-22 0.023989076791 
1.26453828822 2.04519312388e-23 1.36346208259e-23 0.0216064454022 
1.27954465692 -4.27999104576e-22 -2.85332736384e-22 0.0196802786951 
1.2934817624 1.39843791187e-21 9.32291941248e-22 0.0169804619223 
1.2934817624 1.39843791187e-21 9.32291941248e-22 0.0169804619223 
1.28986893951 2.38782305327e-22 1.59188203551e-22 0.024859346964 
1.29116063844 -1.84967511284e-23 -1.23311674189e-23 0.0260428982357 
1.2906301385 -5.24989445992e-22 -3.49992963995e-22 0.0282337594254 
1.30032125232 7.67100002024e-22 5.11400001349e-22 0.0267993055977 
1.29430009118 1.40699999647e-21 9.37999997645e-22 0.0291426801564 
1.29005780509 -1.12493191645e-23 -7.4995461097e-24 0.0296227593195 
1.28264813088 -6.53192403424e-22 -4.35461602283e-22 0.032085850485 
1.28011764913 2.94213791624e-22 1.96142527749e-22 0.0302178203873 
1.26121938074 2.82810212738e-22 1.88540141825e-22 0.033990759085 
1.24479173933 -4.50338039059e-22 -3.00225359373e-22 0.0378088184761 
1.24479173933 -4.50338039059e-22 -3.00225359373e-22 0.0378088184761 
1.24116330661 3.16749154022e-22 2.11166102682e-22 0.0350075940866 
1.24419041229 2.54400321383e-22 1.69600214255e-22 0.0309856312965 
1.23732190943 2.81050762511e-22 1.87367175007e-22 0.0347211090316 
1.19999843715 1.15446016679e-23 7.69640111194e-24 0.0416258407733 
1.18409221171 2.64137262398e-22 1.76091508265e-22 0.0420130331023 
1.16269182986 7.17662677274e-23 4.78441784849e-23 0.0466650449458 
1.14569495292 4.19423534197e-22 2.79615689465e-22 0.0472616128396 
1.12598390845 -2.79718509352e-22 -1.86479006235e-22 0.0520688978991 
1.09751710849 -5.46817449333e-23 -3.64544966222e-23 0.0604375985721 
1.07037827828 -4.06454911215e-23 -2.7096994081e-23 0.0640714182369 
1.07037827828 -4.06454911215e-23 -2.7096994081e-23 0.0640714182369 
1.03371885166 1.16906523956e-22 7.79376826371e-23 0.0680088976461 
1.03371885166 1.16906523956e-22 7.79376826371e-23 0.0680088976461 
0.999286948923 -5.32778027408e-23 -3.55185351605e-23 0.069802183142 
0.999286948923 -5.32778027408e-23 -3.55185351605e-23 0.069802183142 
0.965495581886 -1.63648600008e-23 -1.09099066672e-23 0.0731458439044 
0.965495581886 -1.63648600008e-23 -1.09099066672e-23 0.0731458439044 
0.915697946976 0.00742484507737 0.00494989671825 0.0807237351052 
0.882269294438 0.018389023911 0.012259349274 0.0869024744352 
0.850779287947 0.0347997828138 0.0231998552092 0.0939646859793 
0.850779287947 0.0347997828138 0.0231998552092 0.0939646859793 
0.796603745782 0.0595786997536 0.0397191331691 0.09888017934 
0.811790302687 0.395298679478 0.263532452986 0.0707075905248 
0.770486964156 0.413820317182 0.275880211455 0.0772164879796 
0.731161419992 0.444025217384 0.29601681159 0.0815933433875 
0.785289015455 0.70289275858 0.468595172387 0.0588908062558 
0.769036776577 0.726583429929 0.484388953286 0.0706143240557 
0.736963070648 0.779774603678 0.519849735785 0.0776737602677 
0.723096497849 0.823971296416 0.54931419761 0.0723363311657 
0.705313739854 0.876590579067 0.584393719378 0.0792660375539 
0.693340781635 0.918918530317 0.612612353544 0.0788752782586 
0.687044391318 0.942933272038 0.628622181359 0.0724275689531 
0.677346489841 0.973874097257 0.649249398172 0.0708273725122 
0.668768240059 0.997984181188 0.665322787459 0.0676203189503 
0.638136672542 1.01970802216 0.679805348107 0.0485481613616 
0.630575587073 1.04637660472 0.697584403148 0.0527769263411 
0.622975541755 1.07016122815 0.713440818765 0.0550162306855 
0.564851631821 1.0855052776 0.723670185064 0.040947064041 
0.561131604373 1.10688533374 0.737923555829 0.0426883181107 
0.514588563304 1.13159673108 0.754397820723 0.0323817082852 
0.512218596799 1.14956789919 0.766378599461 0.0325219708033 
0.473603820356 1.16971958251 0.779813055007 0.0189630565571 
0.470398838932 1.1988877134 0.7992584756 0.0195499618175 
0.402184687021 1.22360619925 0.815737466167 0.00344821332343 
0.356916122941 1.25774031246 0.838493541643 -0.0155364326491 
0.31185086381 1.2910186082 0.860679072132 -0.030078165595 
0.277567687637 1.31558085873 0.877053905818 -0.0443156044495 
0.244596305878 1.33897537245 0.892650248298 -0.0553807686423 
0.244055038782 1.35273538177 0.901823587848 -0.0614181657011 
0.212763314566 1.36111553579 0.907410357195 -0.0698448850765 
0.213206897515 1.37180202308 0.914534682052 -0.0730599325276 
0.508816268104 1.37963114387 0.919754095911 -0.0435843637769 
0.561711709435 1.37940257835 0.9196017189 -0.0402097635132 
0.602783217126 1.3779132795 0.918608852998 -0.0393883377804 
0.629782328353 1.38079592765 0.920530618431 -0.0372876287961 
0.651610754171 1.3817259477 0.9211506318 -0.0370695657883 
0.665452597706 1.38384349365 0.9225623291 -0.0371673596494 
0.676162737943 1.38652695902 0.924351306013 -0.0362394168037 
0.689281459995 1.38559653738 0.92373102492 -0.0376643235074 
0.699271835831 1.3852752453 0.923516830197 -0.0388876171152 
0.705226248394 1.38573096156 0.923820641042 -0.0394684107999 
0.712924490108 1.38384144125 0.922560960834 -0.0410926711991 
0.714074036034 1.38690512696 0.924603417971 -0.0401264711229 
0.71844858063 1.38497955758 0.923319705054 -0.0406659712397 
0.717118299076 1.38621194322 0.924141295479 -0.0407653756334 
0.717572203587 1.38698891141 0.924659274276 -0.0419566391415 
0.714234323765 1.39032747659 0.926884984392 -0.0404359184211 
0.716472385327 1.38719838818 0.924798925452 -0.042026125688 
0.713739037215 1.38616216033 0.924108106886 -0.0419018030682 
0.707240148972 1.38593349209 0.923955661396 -0.0416679037285 
0.698102442678 1.37838239118 0.918921594123 -0.0432588174677 
0.654079823168 1.3704496177 0.913633078466 -0.0453166902978 
0.596673097467 1.36129907088 0.907532713921 -0.0481650175972 
0.490101119859 1.34799727041 0.898664846938 -0.0535268485582 
0.268099658833 1.32064638955 0.88043092637 -0.070059067661 
0.310006861864 1.29028101805 0.86018734537 -0.0577102632187 
0.358746410613 1.25368481914 0.835789879426 -0.0488671039929 
0.412862884941 1.21169158122 0.807794387477 -0.0365811806131 
0.461206894324 1.1723831192 0.781588746132 -0.025256051717 
0.519567085468 1.12026592187 0.746843947912 -0.0225472326499 
0.56319173473 1.08038322485 0.720255483237 -0.00996930732875 
0.56973873576 1.04213926919 0.694759512792 -0.00817958834989 
0.631136185962 1.00250641248 0.668337608321 0.00431498343896 
0.641476770246 0.964260396306 0.642840264204 0.00181749717395 
0.65812228436 0.921601142423 0.614400761615 0.00173526608893 
0.683779326927 0.870630839629 0.580420559753 0.00121579815359 
0.708841742151 0.836272533118 0.557515022079 0.00560598243777 
0.741493633714 0.79004663759 0.526697758393 0.00519327263458 
0.776918216127 0.742499562057 0.494999708038 0.0034907844635 
0.80737491268 0.70202242904 0.468014952694 0.00574832186043 
0.826784649445 0.672132540533 0.448088360356 0.00867870983958 
0.841929910583 0.643787113419 0.429191408946 0.0055929352756 
0.863949196899 0.606390782822 0.404260521881 0.00931870002344 
0.80830522595 0.378628789109 0.252419192739 0.0111177950882 
0.847006626596 0.362716103184 0.241810735456 0.0060942092004 
0.880721942029 0.343650747396 0.229100498264 0.00899361620839 
0.916241065412 0.319933473744 0.213288982496 0.00410915916533 
0.901473093174 0.0615588676591 0.041039245106 0.0124092662419 
0.939106039736 0.0528323036313 0.0352215357542 0.00929826744734 
0.939106039736 0.0528323036313 0.0352215357542 0.00929826744734 
0.96713898227 0.0435260559371 0.0290173706247 0.0114929745321 
0.997799544773 0.0318211584198 0.0212141056132 0.00579050606653 
1.02019667254 0.0202514210327 0.0135009473551 0.00575805512574 
1.04239193286 0.00821260982031 0.00547507321354 0.00154091686343 
1.06324894734 -4.16604311218e-20 -2.77736207478e-20 -0.00098226485948 
1.07682020261 4.31021915504e-22 2.87347943669e-22 -0.00183812059746 
1.08969910385 4.36786173554e-22 2.91190782369e-22 -0.0023483538397 
1.09834360569 -1.65349274852e-22 -1.10232849901e-22 -0.00399489351378 
1.116847401 -9.11608948716e-23 -6.07739299144e-23 -0.0073851768209 
1.1312008962 2.00779280828e-22 1.33852853885e-22 -0.00946821548189 
1.14182838944 1.28396943366e-22 8.55979622438e-23 -0.00891895402844 
1.15201288789 -3.14711588816e-22 -2.09807725877e-22 -0.0114598479387 
1.16613474705 5.74196818619e-22 3.82797879079e-22 -0.0131592546404 
1.18832054249 -5.0440637797e-23 -3.36270918647e-23 -0.0167607380207 
1.20132420007 2.75160013728e-22 1.83440009152e-22 -0.0179804177136 
1.20933801278 -6.85312823848e-23 -4.56875215898e-23 -0.0196456805449 
1.20166046022 -2.95577323862e-22 -1.97051549241e-22 -0.0188741534528 
1.2110541254 1.44055321701e-23 9.60368811342e-24 -0.0213450733427 
1.21645894039 -1.33233230789e-22 -8.88221538593e-23 -0.0220943511597 
1.21540225247 -2.40139199793e-22 -1.60092799862e-22 -0.0228713145043 
1.21246016303 8.21500908355e-23 5.47667272237e-23 -0.0210030958102 
1.20368989276 1.00350681489e-22 6.69004543261e-23 -0.0181400792106 
1.20931951658 5.8580521828e-22 3.90536812186e-22 -0.0197134625849 
1.20931951658 5.8580521828e-22 3.90536812186e-22 -0.0197134625849 
1.20931951658 5.8580521828e-22 3.90536812186e-22 -0.0197134625849 
1.21264365112 -2.34676592607e-22 -1.56451061738e-22 -0.020138060665 
1.20799329855 -2.76234213153e-23 -1.84156142102e-23 -0.018171925466 
1.21466709862 -1.3861654405e-22 -9.24110293668e-23 -0.0172340075086 
1.2038998806 2.76450710786e-23 1.84300473857e-23 -0.0154841950046 
1.20250704577 1.80414600019e-22 1.20276400012e-22 -0.0135422880751 
1.18541869364 5.97572242522e-22 3.98381495015e-22 -0.0100145023667 
1.17445178178 1.27139548658e-22 8.47596991056e-23 -0.00717190008147 
1.18300797946 -2.15103258514e-22 -1.43402172343e-22 -0.0101574834797 
1.18883767622 3.90912272825e-22 2.60608181883e-22 -0.00987667605561 
1.18498531295 -1.24988258845e-22 -8.33255058966e-23 -0.00833932111855 
1.18176620518 -2.011896425e-22 -1.34126428334e-22 -0.00728075789544 
1.16648990116 -5.71716363342e-22 -3.81144242228e-22 -0.00328692801522 
1.15677938333 -2.68553611739e-22 -1.79035741159e-22 0.000235555140898 
1.15677938333 -2.68553611739e-22 -1.79035741159e-22 0.000235555140898 
1.15677938333 -2.68553611739e-22 -1.79035741159e-22 0.000235555140898 
1.14159100417 -2.75997558318e-22 -1.83998372212e-22 0.00526841130791 
1.13686807126 -6.72163440227e-22 -4.48108960151e-22 0.00388805030595 
1.11630004606 -8.87812109161e-23 -5.91874739441e-23 0.011522825473 
1.09368718564 9.90726020006e-23 6.60484013337e-23 0.0127657248508 
1.0637072472 3.34150354596e-23 2.22766903064e-23 0.0228798553873 
1.04053944327 -7.59018258324e-23 -5.06012172216e-23 0.0259644995547 
1.01691985756 8.2894171691e-23 5.52627811273e-23 0.0269837083273 
1.00222635643 -4.18678696588e-23 -2.79119131059e-23 0.0276592557002 
0.9680466631 0.0025322771221 0.00168818474807 0.0349210011509 
0.913450255989 0.0119826681215 0.00798844541431 0.0473245214201 
0.870664583835 0.0231866512838 0.0154577675225 0.0557823019834 
0.817706842116 0.0412051290573 0.0274700860382 0.0666373826751 
0.809459437185 0.377634338036 0.251756225357 0.0507917965951 
0.744021426828 0.405216046311 0.270144030874 0.0606384744274 
0.790495036193 0.70580797037 0.470538646914 0.0477906381353 
0.727876943275 0.796836152707 0.531224101805 0.0443216467214 
0.700949648162 0.872378795652 0.581585863768 0.0410624555516 
0.679555425446 0.930740000681 0.620493333788 0.0491495788044 
0.663004636577 0.984510059237 0.656340039491 0.0500060920099 
0.649434524874 1.01233189665 0.674887931103 0.0369266322364 
0.641643641266 1.03917751198 0.692785007988 0.0398332679915 
0.602078205361 1.05099259734 0.700661731561 0.0303602861564 
0.599345280527 1.06190909869 0.70793939913 0.0330121566157 
0.596889609218 1.06945982585 0.712973217235 0.0345370846965 
0.594694075248 1.07374255776 0.715828371841 0.0351840766034 
0.59241156319 1.07761242208 0.718408281385 0.0354919667309 
0.59118754213 1.0742394262 0.716159617464 0.0347285503522 
0.590454740827 1.07068650533 0.713791003552 0.0333291835162 
0.588347317151 1.07734415977 0.718229439848 0.0333477513138 
0.588347317151 1.07734415977 0.718229439848 0.0333477513138 
0.588347317151 1.07734415977 0.718229439848 0.0333477513138 
0.586099851508 1.08332566019 0.722217106793 0.0332213472848 
0.585004256869 1.07978744441 0.71985829627 0.0321462966667 
0.585004256869 1.07978744441 0.71985829627 0.0321462966667 
0.584956538873 1.0730182852 0.715345523466 0.0310490320532 
0.586147349757 1.06170477826 0.70780318551 0.0298027638492 
0.58934939111 1.04368852576 0.695792350509 0.0286569990062 
0.595807128458 1.0169977033 0.677998468866 0.0292317890271 
0.628816836833 0.984151523357 0.656101015572 0.0451648754679 
0.644336295117 0.938139530558 0.625426353705 0.0376543746416 
0.697194663106 0.874261275617 0.582840850411 0.0487817362965 
0.73506401879 0.800590349987 0.533726899992 0.0330496900607 
0.792401029226 0.714437551127 0.476291700752 0.0316582343138 
0.804020317413 0.547389068228 0.364926045485 0.0371918790052 
0.835911446591 0.224438193286 0.14962546219 0.0365912158035 
0.930441884678 0.196749815393 0.131166543595 0.0210190659703 
0.961807524488 1.48282679779e-17 9.88551198524e-18 0.0258154694274 
1.02030964583 5.20629206582e-23 3.47086137722e-23 0.0152976494383 
1.06719868763 1.02029478291e-22 6.80196521941e-23 0.00584326880217 
1.10075512387 2.22970283993e-23 1.48646855995e-23 0.00196543151403 
1.13630367386 -1.0162558039e-22 -6.77503869266e-23 -0.0046013931326 
1.15108957785 -2.84188602029e-23 -1.8945906802e-23 -0.0089736675809 
1.17473357122 4.1723667635e-22 2.78157784233e-22 -0.0116505750796 
1.181032401 6.57893268192e-23 4.38595512128e-23 -0.0138597265707 
1.18886360713 2.15323488268e-22 1.43548992178e-22 -0.0159873264055 
1.19746951674 6.0616637656e-22 4.04110917707e-22 -0.0179284449009 
1.19927465571 -1.03654884593e-22 -6.91032563951e-23 -0.018840899704 
1.20238371239 4.11983636943e-22 2.74655757962e-22 -0.0194274869798 
1.20006032223 -3.45012952233e-22 -2.30008634822e-22 -0.0181776905642 
1.2069154619 2.5533085309e-22 1.70220568727e-22 -0.0192687334225 
1.21183476004 9.77471696622e-24 6.51647797748e-24 -0.019571835339 
1.19943864334 4.55668928407e-20 3.03779285605e-20 -0.0174977649718 
1.19744555746 2.01205531182e-22 1.34137020788e-22 -0.0154823896148 
1.20243305033 1.74267392379e-22 1.16178261586e-22 -0.0160245635789 
1.21016134904 2.71308385943e-22 1.80872257295e-22 -0.0174177012588 
1.20311804745 -3.31289739511e-22 -2.20859826341e-22 -0.0151682458557 
1.19810370811 -1.29248864272e-22 -8.61659095145e-23 -0.0137691793861 
1.1955814612 2.53110821212e-22 1.68740547475e-22 -0.0143212829744 
1.18863684422 4.4408445637e-22 2.96056304247e-22 -0.0130855655963 
1.19410068925 -1.31425032041e-22 -8.76166880273e-23 -0.0142001851894 
1.20403751804 -1.31622666947e-22 -8.77484446316e-23 -0.0166067446575 
1.20654779065 1.66593841269e-22 1.11062560846e-22 -0.0155881882391 
1.22788177331 0.0464823995022 0.0309882663348 -0.0165102371401 
1.2139914935 1.84182502637e-17 1.22788335091e-17 -0.0156681015905 
1.20785509945 -4.55033045927e-21 -3.03355363951e-21 -0.0140735664973 
1.20374652328 8.46836920468e-24 5.64557946979e-24 -0.0120576423092 
1.19501771726 1.35025763122e-22 9.00171754144e-23 -0.0102217487023 
1.19501771726 1.35025763122e-22 9.00171754144e-23 -0.0102217487023 
1.19282523887 4.76960557745e-22 3.17973705163e-22 -0.00794492955028 
1.18811104307 2.40180828463e-22 1.60120552308e-22 -0.00807367092839 
1.19037573047 5.07614894555e-22 3.38409929703e-22 -0.00957368342324 
1.18707896486 -1.02224733278e-22 -6.81498221855e-23 -0.00734649738725 
1.17773418984 7.56125430425e-22 5.04083620284e-22 -0.00654888615728 
1.16113894323 7.2634631868e-22 4.8423087912e-22 -0.00335353260696 
1.15397090569 2.72326292422e-22 1.81550861615e-22 0.00126013104091 
1.15397090569 2.72326292422e-22 1.81550861615e-22 0.00126013104091 
1.14835091199 -2.07074687531e-22 -1.38049791687e-22 0.00292819583909 
1.13445718158 -3.21198379559e-22 -2.14132253039e-22 0.00782701465121 
1.10874999707 -9.10608723971e-23 -6.07072482647e-23 0.0110072943183 
1.05185636695 0.0040976748127 0.00273178320846 0.0239075407975 
0.997650234434 0.00883821063927 0.00589214042618 0.0293931486749 
0.931757266833 0.0187547157737 0.0125031438491 0.0404263066727 
0.824215138726 0.0433398282408 0.0288932188272 0.0622631840676 
0.806481677131 0.453985210463 0.302656806975 0.0534702890117 
0.796232151907 0.678868423497 0.452578948998 0.0584641548586 
0.76053333876 0.809654075793 0.539769383862 0.0644272957184 
0.716119171282 0.893873965393 0.595915976929 0.0700846564897 
0.682191006767 0.971271646236 0.647514430824 0.0739535294842 
0.646906546991 1.02689658205 0.684597721366 0.0665472293879 
0.583839187911 1.06569662695 0.710464417964 0.0741098799119 
0.577576815771 1.10247210647 0.734981404316 0.0773077998394 
0.522374481775 1.12521214448 0.750141429655 0.063893429265 
0.520512360695 1.14030008324 0.760200055491 0.0644634045756 
0.498232063099 1.16088536357 0.773923575715 0.0549263596075 
0.496820690543 1.16874232006 0.779161546707 0.0561744470795 
0.495139481876 1.17778942657 0.785192951044 0.0571956752587 
0.466291401223 1.18073491515 0.787156610103 0.0481873531133 
0.465570777609 1.18549269715 0.790328464765 0.0492691754022 
0.464918628168 1.1880833763 0.792055584201 0.049786498097 
0.463932996527 1.19444937229 0.796299581526 0.0501327007358 
0.462686548289 1.20214493473 0.801429956486 0.0507608330898 
0.462686548289 1.20214493473 0.801429956486 0.0507608330898 
0.461385454428 1.2040797677 0.802719845131 0.0502543376477 
0.460246232537 1.20685958276 0.804573055171 0.0500219265894 
0.459357529195 1.20442695707 0.802951304714 0.0491139031347 
0.425578151447 1.20822912582 0.80548608388 0.0429844166462 
0.425578151447 1.20822912582 0.80548608388 0.0429844166462 
0.425578151447 1.20822912582 0.80548608388 0.0429844166462 
0.426219150046 1.20025217759 0.800168118396 0.0420560097583 
0.426219150046 1.20025217759 0.800168118396 0.0420560097583 
0.426234273205 1.20329264082 0.802195093881 0.0421899885988 
0.426868940923 1.19741166625 0.798274444164 0.0418566417587 
0.427423885016 1.19579131323 0.797194208819 0.0424151872926 
0.428468760127 1.18856508648 0.792376724318 0.0423460908523 
0.430080991927 1.17884039686 0.785893597908 0.042327909202 
0.472192090492 1.16930345094 0.779535633958 0.04902716047 
0.473813450793 1.15268318904 0.768455459362 0.0481451969505 
0.521031273812 1.12567537482 0.750450249883 0.0539142378661 
0.56326201611 1.08552151493 0.723681009955 0.0602788738366 
0.625466627202 1.01928016392 0.679520109279 0.0609871878963 
0.661405377389 0.940987966412 0.627325310941 0.0642826864322 
0.703474431931 0.867912025211 0.578608016807 0.0635643348687 
0.766178802115 0.747372883416 0.498248588944 0.0499413172649 
0.840770182391 0.638149557173 0.425433038115 0.0448127984897 
0.8248476246 0.268754390602 0.179169593735 0.0451399113389 
0.913091452164 0.240159861376 0.160106574251 0.0283193048239 
0.95404945726 -9.32652622564e-18 -6.21768415042e-18 0.0263373193986 
1.01569485021 -4.04423980335e-23 -2.6961598689e-23 0.0117556687728 
1.06208517788 8.94249292865e-23 5.96166195243e-23 -0.00278289430313 
1.10177304918 4.90762032826e-22 3.27174688551e-22 -0.00978913950798 
1.11837461269 2.81390810692e-22 1.87593873795e-22 -0.00948581259211 
1.13958529429 -9.31123780364e-23 -6.20749186909e-23 -0.0131540088941 
1.13958529429 -9.31123780364e-23 -6.20749186909e-23 -0.0131540088941 
1.145143401 3.75942844384e-22 2.50628562923e-22 -0.0143266554641 
1.15081672785 -5.18237465793e-22 -3.45491643862e-22 -0.0158772297567 
1.16525236426 1.85289226119e-22 1.23526150746e-22 -0.0180723962068 
1.16546762977 -1.68317545564e-22 -1.12211697043e-22 -0.015745961521 
1.1724118061 2.87087894981e-23 1.91391929988e-23 -0.0174021012957 
1.17009946407 -2.86549985239e-22 -1.91033323493e-22 -0.0141862861064 
1.17825480694 -3.90143194466e-22 -2.60095462977e-22 -0.0161740425799 
1.18017726314 4.76737947484e-22 3.17825298323e-22 -0.0167517412229 
1.17763148088 -5.01298774529e-22 -3.34199183019e-22 -0.0141191277665 
1.17348486733 -3.98506480041e-22 -2.65670986694e-22 -0.0135961376102 
1.18270652307 -9.65888386534e-23 -6.43925591023e-23 -0.0162310161024 
1.17057285308 9.88828769052e-23 6.59219179368e-23 -0.0141925111884 
1.15705133968 2.56356429e-22 1.70904286e-22 -0.01132073566 
1.15676148946 2.73313568056e-22 1.8220904537e-22 -0.0141524578355 
1.14192068674 -2.82743750729e-22 -1.8849583382e-22 -0.0128784535222 
1.11930961918 3.12695755362e-22 2.08463836908e-22 -0.00910693430186 
1.11503111105 2.89729479346e-23 1.93152986231e-23 -0.0141096343098 
1.10545679287 -2.90317539554e-22 -1.93545026369e-22 -0.016672370239 
1.08953077311 -6.9007235118e-23 -4.6004823412e-23 -0.0145052213191 
1.07180977804 1.45630016091e-22 9.70866773937e-23 -0.0149718386592 
1.06132631772 2.98217261529e-22 1.98811507686e-22 -0.0166910328911 
1.03965400199 0.00159987516123 0.00106658344082 -0.0148896268436 
1.01965389782 0.00348277856951 0.00232185237967 -0.0158158725393 
0.996783311014 0.00675911008432 0.00450607338955 -0.0177496174432 
0.966521622237 0.0121404995774 0.0080936663849 -0.0167677450392 
0.937221700531 0.0181589735135 0.0121059823423 -0.0192690251952 
0.884207418331 0.029901962432 0.0199346416213 -0.017834035878 
0.83571652742 0.0415781143895 0.0277187429264 -0.0180968109495 
0.781619037615 0.05514852431 0.0367656828733 -0.0195865176469 
0.808432947313 0.410227146899 0.2734847646 -0.0119350121142 
0.760633334092 0.431519286095 0.287679524063 -0.0157411873306 
0.581211830756 1.08653124823e-16 7.24354165489e-17 -0.0673306963663 
0.50129410252 -1.24247965307e-17 -8.28319768713e-18 -0.117285596374 
0.431584093432 3.68628738645e-18 2.4575249243e-18 -0.129031857255 
0.347177234556 -7.89399408868e-18 -5.26266272579e-18 0.00156601935849 
0.272671891961 8.60496108381e-18 5.73664072254e-18 0.00147184083633 
0.223324071946 -1.22820139126e-21 -8.18800927508e-22 0.00212336161831 
0.176396396018 -8.65618439692e-23 -5.77078959795e-23 0.00350181078602 
0.134470443189 2.3831803272e-22 1.5887868848e-22 0.00491815024189 
0.113989664446 1.04033297772e-21 6.93555318477e-22 0.00633354578969 
0.105204874303 1.05478476184e-21 7.0318984123e-22 0.00716010859862 
0.0968352267897 -6.14709813864e-22 -4.09806542576e-22 0.00799404883093 
0.0923626403311 -1.61688059602e-22 -1.07792039734e-22 0.00914998879322 
0.0851250799396 5.10337711329e-22 3.40225140886e-22 0.0100421620359 
0.0882835702776 3.17615327033e-23 2.11743551355e-23 0.0108051942606 
0.0942356038008 -1.72759720509e-22 -1.15173147006e-22 0.0119704465724 
0.0942356038008 -1.72759720509e-22 -1.15173147006e-22 0.0119704465724 
0.0904956453588 9.2430899445e-22 6.162059963e-22 0.0128806279605 
0.0904956453588 9.2430899445e-22 6.162059963e-22 0.0128806279605 
0.0904956453588 9.2430899445e-22 6.162059963e-22 0.0128806279605 
0.0868958083573 -2.10265272117e-21 -1.40176848078e-21 0.0132616416154 
0.0868958083573 -2.10265272117e-21 -1.40176848078e-21 0.0132616416154 
0.0841090645744 9.0578186434e-22 6.03854576227e-22 0.0132494034271 
0.0874652356663 1.38384171697e-21 9.22561144645e-22 0.0136213157701 
0.0822355679314 1.10988130597e-21 7.39920870648e-22 0.0133111241209 
0.0822355679314 1.10988130597e-21 7.39920870648e-22 0.0133111241209 
0.0822355679314 1.10988130597e-21 7.39920870648e-22 0.0133111241209 
0.0759524417796 -9.79940773751e-22 -6.53293849167e-22 0.00621893067124 
0.0819810189525 -1.05099208572e-21 -7.0066139048e-22 0.00536867895844 
0.0799462352788 6.83837208396e-22 4.55891472264e-22 0.00225094466639 
0.0922910797357 4.07653251718e-22 2.71768834479e-22 0.0011906256506 
0.0853269564099 7.07215968031e-22 4.71477312021e-22 -0.00559018819974 
0.0810576876147 -1.38523302624e-21 -9.23488684161e-22 -0.00684486227663 
0.0705090935463 2.90762722037e-21 1.93841814691e-21 -0.0275055475917 
0.0495152902629 9.32336727517e-22 6.21557818345e-22 -0.0601719330317 
0.0433097184024 -2.68156595354e-21 -1.78771063569e-21 -0.0960146285695 
0.0296619653878 8.67097557308e-22 5.78065038205e-22 -0.136835362839 
0.00802417192552 0.0177288410285 0.0118192273523 -0.171328031078 
-3.30636766969e-17 0.0589902331177 0.0393268220784 -0.207598922356 
1.81293784603e-20 0.0242153757714 0.0161435838476 -0.220292655229 
3.81790106652e-21 0.0719651161831 0.0479767441221 -0.272327799815 
1.26156312476e-20 0.00859269413481 0.00572846275654 -0.267021409832 
1.08566955618e-20 0.00469810850439 0.00313207233626 -0.280958194185 
2.61638787326e-21 2.18808571241e-19 1.45872380827e-19 -0.289358672982 
7.7770560422e-22 -6.96607210731e-22 -4.64404807154e-22 -0.299930077826 
5.52742577002e-21 4.61033328931e-22 3.0735555262e-22 -0.306256631269 
7.73744366049e-21 -1.05974228234e-21 -7.06494854895e-22 -0.311875426931 
2.42343767618e-21 -5.85314346763e-22 -3.90209564509e-22 -0.320572678611 
1.28584754003e-21 1.20964601867e-21 8.06430679111e-22 -0.325706440172 
3.11410323835e-21 2.50824848775e-21 1.6721656585e-21 -0.331033052886 
1.93749776962e-21 -3.74999369533e-21 -2.49999579689e-21 -0.338262321635 
-6.49181293968e-22 -3.14812855402e-21 -2.09875236935e-21 -0.344130456209 
0.00176965885359 -1.08873217884e-21 -7.25821452559e-22 -0.350085954902 
0.0145918660814 -1.23132147026e-21 -8.20880980171e-22 -0.362697225425 
0.025396129484 3.07723401922e-21 2.05148934614e-21 -0.375677536643 
0.0395730233413 -2.47166386229e-21 -1.64777590819e-21 -0.392531174099 
0.0510189573399 -3.23360870662e-21 -2.15573913775e-21 -0.407894926077 
0.0641578780106 1.42367389827e-21 9.49115932178e-22 -0.424990416155 
0.0793088084405 -6.19967884277e-22 -4.13311922851e-22 -0.440049023035 
0.0904702432103 2.5950327216e-21 1.7300218144e-21 -0.453681854444 
0.112608801271 4.46233117447e-21 2.97488744965e-21 -0.469249847139 
0.143325036271 -1.6160171815e-21 -1.07734478767e-21 -0.499557233509 
0.173069863368 2.6570745197e-21 1.77138301313e-21 -0.523598775598 
0.188056315574 -1.17020538622e-21 -7.80136924146e-22 -0.523598775598 
0.218061232116 -4.74148054178e-21 -3.16098702785e-21 -0.523598775598 
0.238063068923 -1.35334875276e-21 -9.02232501842e-22 -0.523598775598 
0.270060721278 4.0475467293e-21 2.6983644862e-21 -0.519646299358 
0.304553387673 2.05474141617e-21 1.36982761078e-21 -0.512211637374 
0.336907148685 6.52312759195e-21 4.34875172797e-21 -0.420296822624 
0.580429774484 0.0208434313311 0.0138956208874 0.523598775598 
0.592478428078 -8.95161224039e-20 -5.96774149359e-20 0.500728228377 
0.598368799231 2.88083837008e-07 1.92055891339e-07 0.442284250731 
0.61032677022 9.54804433457e-07 6.36536288971e-07 0.368195935527 
0.804172205934 0.630745510436 0.420497006957 0.0732467734917 
0.815053693792 0.619632314495 0.413088209663 0.0646472819768 
0.829308288357 0.6056606942 0.403773796133 0.0548962675821 
0.84713911514 0.588976756673 0.392651171115 0.0444042353572 
0.874230953994 0.565691077988 0.377127385325 0.0325453289202 
0.944289697477 0.603001625109 0.402001083406 0.0202435478357 
0.85268415542 0.459374205803 0.306249470535 0.0124655368424 
0.848684693361 0.460802507987 0.307201671991 0.0059948042533 
0.859071876111 0.454688114147 0.303125409431 -0.00254148539451 
0.864730105767 0.451056832239 0.300704554826 -0.00985594424096 
0.875389754035 0.444862313753 0.296574875835 -0.0159784206577 
0.875063709202 0.444733138365 0.29648875891 -0.0197291384989 
0.870553505253 0.444972096595 0.296648064397 -0.0229966042522 
0.88573291799 0.435837583922 0.290558389281 -0.0279280627422 
0.895279888787 0.429613865694 0.286409243796 -0.0321021948095 
0.906386220675 0.422870919559 0.281913946373 -0.0353969704114 
0.850372026645 0.245322904713 0.163548603142 -0.0485087539233 
0.859302970239 0.242973640631 0.161982427087 -0.0513659959722 
0.859591989894 0.242984651172 0.161989767448 -0.052755510312 
0.848810302451 0.245913904757 0.163942603171 -0.0519131838518 
0.842906871983 0.247626708212 0.165084472141 -0.0517436629356 
0.847658445285 0.246314620853 0.164209747236 -0.0513137627538 
0.83658905922 0.249364867828 0.166243245218 -0.04948818674 
0.83019475866 0.251167490722 0.167444993815 -0.0475373878987 
0.820802415911 0.253725806482 0.169150537655 -0.0431141484964 
0.827299740898 0.252080978267 0.168053985512 -0.0434006515399 
0.816633766993 0.255299275837 0.170199517224 -0.0393862589785 
0.823600144882 0.253251293696 0.168834195797 -0.036386988585 
0.827992243987 0.251920643818 0.167947095878 -0.0336176278507 
0.811143464242 0.256563843448 0.171042562299 -0.024826492706 
0.803090229914 0.258976403193 0.172650935462 -0.0159383500432 
0.786073514521 0.264403932652 0.176269288435 -0.00425179053115 
0.774780837163 0.268548180904 0.179032120602 0.00891735733016 
0.761609832504 0.273707444639 0.18247162976 0.0227984869685 
0.737447539721 0.283657064182 0.189104709455 0.0399110416777 
0.737702930703 0.284925997802 0.189950665201 0.0493145582095 
0.736090028267 0.286661198217 0.191107465478 0.0591200135733 
0.723835632398 0.292558110278 0.195038740185 0.0713146207612 
0.713379737211 0.297589828759 0.198393219173 0.0842609831261 
0.697286376522 0.317696624131 0.211797749421 0.0998823946524 
0.731707197933 0.487164121555 0.324776081036 0.0903926907401 
0.667972387636 0.430375149916 0.286916766611 0.121138003446 
0.601470154039 0.089684404055 0.0597896027033 0.311883814334 
0.591485477065 0.107574013444 0.071716008963 0.334863540184 
0.581158129335 0.12060752469 0.0804050164602 0.353691559689 
0.574149245107 0.130971271859 0.087314181239 0.3697281964 
0.562786999598 0.144684806195 0.0964565374636 0.389638785654 
0.550827176956 0.158269412989 0.105512941993 0.408910691761 
0.545146418269 0.163780241476 0.109186827651 0.417654158491 
0.532410153078 0.17962742855 0.119751619034 0.438437665388 
0.532410153078 0.17962742855 0.119751619034 0.438437665388 
0.525512033774 0.186854174244 0.124569449496 0.448551473474 
0.512863384372 0.20343603725 0.135624024833 0.468375325592 
0.508859106056 0.209011644871 0.139341096581 0.474470305091 
0.500205458782 0.214832874167 0.143221916111 0.481976438272 
0.487941717828 0.230157980124 0.153438653416 0.496998296236 
0.482697029716 0.234049502309 0.156033001539 0.499834790174 
0.476317838783 0.244489484303 0.162992989536 0.508726076532 
0.468607776213 0.252870664297 0.168580442864 0.51587754704 
0.468607776213 0.252870664297 0.168580442864 0.51587754704 
0.472994656949 0.253767219169 0.169178146113 0.512143721285 
0.475724409151 0.251748537895 0.167832358597 0.50542730604 
0.478879492536 0.253421024698 0.168947349799 0.504155009435 
0.480251094112 0.26072975173 0.173819834487 0.508960583771 
0.477792070985 0.265940024181 0.177293349454 0.512976901629 
0.474318403198 0.274832485382 0.183221656921 0.521274523247 
0.436716289328 0.374998499617 0.249998999745 0.450899820997 
0.429105815337 0.386407396154 0.257604930769 0.463778595926 
0.424385836232 0.394193781245 0.262795854164 0.472410490344 
0.417026678257 0.405171238395 0.27011415893 0.485005206857 
0.413801106185 0.413508694923 0.275672463282 0.494570009651 
0.398204027413 0.43531646095 0.290210973967 0.521103781956 
0.386635777496 0.467078065005 0.31138537667 0.523598775598 
0.365459518885 0.512748170615 0.341832113744 0.523598775598 
0.34497843719 0.575125869001 0.383417246001 0.523598204127 
0.326856806552 0.618996642187 0.412664428125 0.523597631765 
0.678270736521 0.973274264732 0.648849509821 0.225610443556 
0.674926108067 0.994556476551 0.663037651034 0.23839665473 
0.671091013569 1.02120072931 0.680800486209 0.253229211758 
0.668086957237 1.0433476563 0.695565104197 0.265134924949 
0.615238268591 1.05783559804 0.705223732029 0.279027334964 
0.614061204761 1.07727986719 0.718186578127 0.289486568079 
0.608927160686 1.09239310597 0.728262070649 0.306006470052 
0.608015819893 1.10853319116 0.739022127438 0.314070016233 
0.597795957697 1.12548313032 0.750322086877 0.333649848378 
0.597252457575 1.1444594433 0.762972962198 0.341896221556 
0.583475449398 1.1628952196 0.775263479736 0.361034010554 
0.583581561693 1.18095557492 0.787303716612 0.367478756967 
0.583583466057 1.19461303225 0.796408688168 0.372198841406 
0.583381319379 1.2037994589 0.802532972601 0.375407745271 
0.583146097906 1.2119635404 0.807975693603 0.378342179358 
0.507804676586 1.22910532939 0.819403552927 0.363403425576 
0.508411645181 1.24016452487 0.82677634991 0.367635021619 
0.5087482363 1.24683078329 0.831220522195 0.370321782001 
0.509667077455 1.262300141 0.841533427334 0.376119237214 
0.510511952335 1.27549517527 0.850330116846 0.381034407024 
0.511183931891 1.28498180379 0.856654535862 0.384410899997 
0.512332472055 1.29879718893 0.865864792618 0.388929289989 
0.513614557849 1.31243699005 0.87495799337 0.393206923995 
0.514884933121 1.32427744483 0.882851629884 0.396724530917 
0.520453085109 1.33740872823 0.89160581882 0.396689786721 
0.521856648474 1.34939004178 0.899593361189 0.400261981386 
0.52841108497 1.3574721876 0.904981458398 0.39738083244 
0.77471557196 1.29252879472 0.861685863147 0.523598775598 
0.775899425757 1.30000993206 0.866673288038 0.523598775598 
0.777102135798 1.30763950198 0.871759667986 0.523598775598 
0.778053885741 1.31432926973 0.876219513151 0.523598775598 
0.773034071971 1.31979228454 0.879861523027 0.523598775598 
0.77325036021 1.32029167471 0.880194449807 0.523598775598 
0.773595637225 1.32161914676 0.881079431173 0.523598775598 
0.773963370122 1.32338958178 0.882259721188 0.523598775598 
0.773785785825 1.32122741134 0.880818274226 0.523598775598 
0.774248801253 1.32339464376 0.882263095839 0.523598775598 
0.774201458322 1.32215827083 0.881438847223 0.523598775598 
0.78016712011 1.32018175004 0.880121166691 0.523598775598 
0.787910650651 1.31363750935 0.875758339566 0.523598775598 
0.788154866102 1.31583959924 0.877226399491 0.523598775598 
0.788101001035 1.31554546891 0.877030312608 0.523598775598 
0.788413371182 1.31681145772 0.877874305143 0.523598775598 
0.800602454488 1.312894038 0.875262691999 0.523598775598 
0.806812927755 1.31219676528 0.874797843521 0.523598775598 
0.807540641632 1.31601606357 0.877344042378 0.523598775598 
0.818097454261 1.31251600261 0.875010668409 0.523598775598 
0.82676226913 1.3095028788 0.873001919199 0.523598775598 
0.827229723036 1.31186695983 0.874577973218 0.523598775598 
0.827723045701 1.31396164881 0.87597443254 0.523598775598 
0.828190237293 1.31535724869 0.876904832457 0.523598775598 
0.834224436788 1.31688006424 0.877920042827 0.523598775598 
0.834246002018 1.31570445944 0.877136306292 0.523598775598 
0.842857664635 1.31389470112 0.875929800744 0.523598775598 
0.842852921383 1.31308767076 0.875391780503 0.523598775598 
0.842712921552 1.31107077416 0.874047182774 0.523598775598 
0.856992659407 1.29906115978 0.866040773189 0.523598775598 
0.867601680701 1.28162592895 0.85441728597 0.523598775598 
0.881405145292 1.26370918419 0.842472789463 0.523598775598 
0.896416641156 1.24308822493 0.828725483288 0.523598775598 
0.89805436632 1.22237385922 0.814915906147 0.504628196765 
0.312900330681 1.32435094839 0.882900632258 0.175204075097 
0.372039976923 1.27838467018 0.852256446785 0.191052550446 
0.424964820642 1.23428110656 0.822854071043 0.202617117047 
0.475955590604 1.18836723068 0.792244820456 0.208835591474 
0.48394301741 1.1487685126 0.765845675065 0.21608220291 
0.551609448382 1.11651054944 0.74434036629 0.221827912946 
0.558198056616 1.07961370864 0.719742472429 0.224094799154 
0.612359845887 1.05147972856 0.700986485705 0.221219272669 
0.6183159904 1.0186355712 0.679090380797 0.218765123482 
0.626049668174 0.988569567088 0.659046378059 0.216358475193 
0.671942966283 0.979466950147 0.652977966765 0.211584211546 
0.677100799878 0.954070440093 0.636046960062 0.205193047157 
0.680564954322 0.939026867409 0.626017911606 0.201961967558 
0.681913209434 0.931591657781 0.621061105187 0.20020384475 
0.684688467779 0.916265083423 0.610843388949 0.196196523777 
0.686525732359 0.902358592913 0.601572395275 0.193995065393 
0.350967007467 0.530116727884 0.353411151923 0.47978428448 
0.348828239924 0.529620060497 0.353080040331 0.479498212647 
0.352645692328 0.522341611402 0.348227740935 0.472083975997 
0.34334045498 0.531605682723 0.354403788482 0.481606133251 
0.335590271285 0.534248135293 0.356165423528 0.48419825484 
0.335906498622 0.530633277007 0.353755518004 0.479894242057 
0.328581374689 0.533203974609 0.355469316406 0.481680929236 
0.327820604346 0.530719089098 0.353812726065 0.478006631289 
0.321950455672 0.535386592445 0.356924394963 0.480533294147 
0.316760522779 0.536854628443 0.357903085629 0.479911897486 
0.308159462751 0.544171706812 0.362781137874 0.484258150564 
0.314010675589 0.538379278975 0.358919519317 0.471733150667 
0.310407072123 0.535396224118 0.356930816079 0.467488809044 
0.301739152996 0.536231537861 0.357487691908 0.466367829841 
0.29480982278 0.535808013817 0.357205342545 0.463511934831 
0.285492195519 0.531517015467 0.354344676978 0.457461299671 
0.257420867981 0.573134237916 0.382089491944 0.391892312477 
0.233347974371 0.569146808029 0.379431205353 0.388039325317 
0.215554716231 0.563131778393 0.375421185595 0.38105154911 
0.195779498749 0.576717177979 0.384478118653 0.324703904764 
0.176138413825 0.556652380537 0.371101587025 0.303798460592 
0.156937478124 0.539958970723 0.359972647149 0.280051973451 
0.140085540053 0.524130967883 0.349420645256 0.25172222835 
0.14342079205 0.475524399677 0.317016266451 0.205224884901 
0.132676854848 0.449513604637 0.299675736424 0.159238327187 
0.142755170118 0.444425131827 0.296283421218 0.155013474799 
0.0816441864226 -4.29507374927e-16 -2.86338249951e-16 -0.110613484514 
0.106284479561 2.13333349131e-21 1.42222232754e-21 -0.0971989940264 
0.144679559938 -1.1084508231e-21 -7.38967215399e-22 -0.0777000830698 
0.180933888979 -1.00371802769e-21 -6.69145351794e-22 -0.0612918826846 
0.205765590137 2.88301807375e-23 1.92201204917e-23 -0.0433843829363 
0.230473838 5.89209180463e-22 3.92806120309e-22 -0.0208244939373 
0.248281276622 0.000631966236379 0.000421310824253 0.00700523044598 
0.274066555391 0.0177371196055 0.0118247464037 0.0430462784073 
0.302821082486 0.0599326279111 0.039955085274 0.143003436305 
0.336111182643 0.0416518449745 0.0277678966497 0.257030439534 
0.375317967707 0.0109035915769 0.00726906105126 0.398720649647 
0.393164099776 1.28241626067e-17 8.54944173783e-18 0.377842901286 
0.407183168745 -7.94463925862e-22 -5.29642617241e-22 0.375447397555 
0.42044929561 -2.46572427872e-21 -1.64381618581e-21 0.373337058207 
0.43395870346 9.33369964228e-22 6.22246642819e-22 0.369347901018 
0.44030242414 7.33456867284e-22 4.88971244856e-22 0.293868088572 
0.456483302983 5.58393095977e-22 3.72262063985e-22 0.179635515797 
0.468708319212 -1.37062179145e-22 -9.13747860967e-23 0.178137002907 
0.786701625394 0.715767584449 0.477178389633 -0.0206598012775 
0.798317223349 0.70168330935 0.4677888729 -0.0241090233525 
0.807065599197 0.691391300239 0.460927533492 -0.0274185059772 
0.807831702045 0.690291752029 0.460194501353 -0.0282452615766 
0.815382695582 0.681346882815 0.45423125521 -0.0304018002666 
0.81168982146 0.684718013521 0.456478675681 -0.0296810279872 
0.816532194727 0.678588474108 0.452392316072 -0.0303972586473 
0.821274258807 0.67261463397 0.44840975598 -0.0314622015809 
0.821274258807 0.67261463397 0.44840975598 -0.0314622015809 
0.811719720185 0.681267064453 0.454178042968 -0.0303645522126 
0.817401128662 0.674040379358 0.449360252905 -0.0310205593657 
0.817401128662 0.674040379358 0.449360252905 -0.0310205593657 
0.817401128662 0.674040379358 0.449360252905 -0.0310205593657 
0.807381417084 0.683193999463 0.455462666309 -0.0298370861558 
0.814700607843 0.674730273913 0.449820182608 -0.0313617166472 
0.813527844778 0.675406150208 0.450270766806 -0.0295154616993 
0.818342156225 0.669515161241 0.446343440828 -0.0303210929873 
0.823753759248 0.663574642789 0.442383095192 -0.0314322895686 
0.806851144802 0.680323543312 0.453549028875 -0.0278175009776 
0.808410135931 0.678696388726 0.45246425915 -0.0278727632503 
0.805169269925 0.682313731037 0.454875820691 -0.0246165829848 
0.797213423736 0.691175366014 0.460783577343 -0.0214033679179 
0.774383595549 0.716364365502 0.477576243668 -0.0129196407648 
0.759527704662 0.732725161864 0.488483441243 0.000204113003036 
0.741213011244 0.753397737517 0.502265158345 0.0139790555187 
0.725372271993 0.770449874716 0.513633249811 0.028373113418 
0.711573474314 0.783059231146 0.522039487431 0.0409273887353 
0.377885089512 0.260977385125 0.173984923417 0.241876741932 
0.358913953955 0.320609474126 0.213739649417 0.29043516534 
0.329386461301 0.383732970261 0.255821980174 0.340757207452 
0.309524126714 0.424531250755 0.283020833837 0.369060714858 
0.276659396298 0.511626287325 0.34108419155 0.348045466384 
0.269581777658 0.521858251716 0.347905501144 0.357227467933 
0.265681644989 0.532412089971 0.354941393314 0.365904194994 
0.254618365439 0.544295166917 0.362863444611 0.375407094948 
0.241871210777 0.565209662219 0.37680644148 0.391387310132 
0.241871210777 0.565209662219 0.37680644148 0.391387310132 
0.235313648732 0.581797290038 0.387864860025 0.402144792991 
0.228872050235 0.594178461547 0.396118974365 0.409229662721 
0.228872050235 0.594178461547 0.396118974365 0.409229662721 
0.239939807207 0.58667389731 0.39111593154 0.399493668602 
0.237856635211 0.593723290748 0.395815527165 0.403712894642 
0.247402898004 0.585698568295 0.390465712197 0.395514118584 
0.243899034313 0.595543414561 0.39702894304 0.403648078706 
0.243899034313 0.595543414561 0.39702894304 0.403648078706 
0.243899034313 0.595543414561 0.39702894304 0.403648078706 
0.238061829663 0.601324884952 0.400883256634 0.408067837804 
0.238061829663 0.601324884952 0.400883256634 0.408067837804 
0.238061829663 0.601324884952 0.400883256634 0.408067837804 
0.231658963934 0.5961417851 0.397427856733 0.402850019931 
0.221337415848 0.601408087785 0.40093872519 0.404908079741 
0.221337415848 0.601408087785 0.40093872519 0.404908079741 
0.206524185836 0.607203639055 0.404802426037 0.406344248063 
0.206524185836 0.607203639055 0.404802426037 0.406344248063 
0.193579653641 0.607751468253 0.405167645502 0.402370530687 
0.18579409546 0.606108141455 0.404072094304 0.394168120468 
0.166548170197 0.637375202098 0.424916801399 0.357480536247 
0.157007709474 0.629408177541 0.419605451694 0.350717032847 
0.143858048118 0.627504040244 0.418336026829 0.347092238981 
0.132175157523 0.622661966426 0.415107977617 0.340068953902 
0.12620687914 0.617829220363 0.411886146909 0.331412320851 
0.12620687914 0.617829220363 0.411886146909 0.331412320851 
0.132617779879 0.619108873229 0.412739248819 0.330132710233 
0.12842237359 0.634931799225 0.42328786615 0.339649339527 
0.13434230367 0.643871986166 0.429247990777 0.345347298794 
0.129110655187 0.665937524779 0.443958349853 0.361272007611 
0.12405915073 0.687450388115 0.458300258743 0.376881504982 
0.11739418811 0.708081935314 0.472054623543 0.391652955084 
0.113375468602 0.724646715103 0.483097810069 0.403589047161 
0.106765356949 0.744348363709 0.496232242473 0.41719298326 
0.0948984937833 0.768770975387 0.512513983591 0.433064561619 
0.0757188374508 0.802000687334 0.53466712489 0.453510730364 
0.0437285543519 0.842420092619 0.561613395079 0.477058779566 
0.0140732048232 0.880642296577 0.587094864384 0.49991973691 
0.484897626269 1.16751866535 0.778345776898 0.135347268416 
0.482505784112 1.19884331762 0.799228878412 0.140872440983 
0.416200655047 1.2281789337 0.818785955799 0.136353977688 
0.415156429254 1.25167227029 0.834448180192 0.139656344574 
0.346758812869 1.2852614425 0.856840961664 0.131043386752 
0.346225681122 1.30928166743 0.872854444953 0.13363672162 
0.283708868137 1.33304312311 0.888695415405 0.117867978776 
0.280181775897 1.34838078205 0.89892052137 0.109847116436 
0.238563429871 1.36402589541 0.909350596941 0.0989422993001 
0.238027043277 1.37049585576 0.913663903839 0.0887497402931 
0.234990444336 1.37948808264 0.91965872176 0.0743044131055 
0.191242232717 1.39139050883 0.927593672551 0.057474982039 
0.190605016631 1.40230002117 0.934866680779 0.0412458276331 
0.148293022715 1.41569895049 0.943799300326 0.0138687059033 
0.148741764714 1.42839650789 0.952264338595 -0.00635385129207 
0.0968521314093 1.44736813305 0.964912088701 -0.0276251592934 
0.122185737596 1.46857742915 0.979051619436 -0.0411743600516 
0.333192289178 1.48321118541 0.988807456943 -0.0240732050066 
0.421140772656 1.49584307385 0.997228715897 -0.0204846411864 
0.496594103536 1.5095574658 1.00637164387 -0.0138640220842 
0.553548912726 1.51903776485 1.01269184323 -0.0100119729443 
0.603997026329 1.52810235229 1.01873490152 -0.00324170434393 
0.65277102658 1.53702116703 1.02468077802 0.00632362443796 
0.698500409 1.54682054743 1.03121369829 0.0283510165837 
0.739560039559 1.5527247564 1.0351498376 0.055587284988 
0.804497159867 1.55102975205 1.0340198347 0.150172485249 
0.810815758887 1.55989187035 1.03992791357 0.119007644863 
0.816405987161 1.56658169294 1.04438779529 0.0892355532947 
0.824960862699 1.57356955195 1.04904636797 0.0445646028826 
0.83124449336 1.57818402905 1.05212268603 -0.0025459650438 
0.835991950549 1.58010941459 1.0534062764 -0.0565839126381 
0.925469933756 1.49794370821 0.998629138808 -0.449085672544 
0.91981964675 1.50756540126 1.00504360084 -0.426064316013 
0.913881653757 1.51661229262 1.01107486175 -0.402467921011 
0.909258595741 1.52420529395 1.01613686263 -0.382567492722 
0.906112989122 1.52962270027 1.01974846684 -0.369441437868 
0.903971222841 1.53358616577 1.02239077718 -0.357969173074 
0.903952254481 1.53367292973 1.02244861982 -0.358229154329 
0.909754434081 1.5263208084 1.0175472056 -0.375407508887 
0.921123288409 1.51247079358 1.00831386238 -0.407182096489 
0.938450751005 1.48949279492 0.992995196616 -0.459163700667 
0.964019060719 1.45771642705 0.971810951368 -0.52083373674 
0.957883945891 1.45154565144 0.967697100959 -0.523598775598 
0.944939906891 1.44202463072 0.961349753813 -0.523598775598 
0.930584640361 1.43156401444 0.954376009628 -0.523598775598 
0.917088221494 1.42242877039 0.948285846926 -0.523598775598 
0.903566290985 1.41246471815 0.94164314543 -0.523598775598 
0.890037400003 1.40434040187 0.936226934578 -0.523598775598 
0.87622857246 1.39633828393 0.930892189287 -0.523598775598 
0.586799367337 1.52633202129 1.01755468086 -0.00833767375854 
0.528568550264 1.52046668662 1.01364445775 -0.01754519278 
0.474121351737 1.51612335059 1.01074890039 -0.0262499388746 
0.406187725501 1.51532005619 1.01021337079 -0.0283973490526 
0.336593609375 1.51273170936 1.00848780624 -0.0335375891071 
0.257588615932 1.50946325538 1.00630883692 -0.0391813544727 
0.179231728532 1.51185307291 1.00790204861 -0.0421443722931 
0.00317592702761 1.51085487428 1.00723658285 -0.0583178236857 
0.00254847931094 1.50873783236 1.00582522157 -0.05218366026 
0.00199271433103 1.506310928 1.00420728533 -0.0444495543601 
0.043336486204 1.4855713107 0.990380873799 -0.0236387379818 
0.0800032415495 1.46216938165 0.974779587768 -0.00301510454433 
0.118350816163 1.4382065269 0.958804351268 0.0208754239262 
0.159544675431 1.41236499471 0.941576663139 0.0446204342601 
0.194128307831 1.38974832997 0.926498886648 0.0600844329908 
0.232596785973 1.36320960698 0.908806404652 0.0714494920196 
0.267164402302 1.33868951756 0.892459678376 0.0808885837867 
0.279918800005 1.31788403804 0.878589358697 0.089119430123 
0.32687883835 1.29389488615 0.862596590764 0.089873647405 
0.327790710225 1.26375843081 0.842505620538 0.0872239303077 
0.404957205729 1.23068720482 0.820458136548 0.0902738685025 
0.444755318502 1.19685440414 0.797902936094 0.0860008921447 
0.48430985396 1.16159170795 0.774394471968 0.080040852329 
0.523583725681 1.12495685583 0.749971237221 0.0724319501187 
0.559287539898 1.08977162208 0.726514414721 0.0636362539503 
0.564424074011 1.05798109264 0.705320728425 0.0557206148894 
0.567274201883 1.04045907343 0.693639382286 0.0506148184739 
0.253614887598 0.887663655948 0.591775770632 0.0591217457023 
0.157045968985 0.786928342322 0.524618894881 0.0775245411719 
0.0710388523997 0.607252265245 0.404834843497 0.189188501046 
0.0499040423347 0.582841470572 0.388560980382 0.173921546237 
0.0223261390274 0.557924638379 0.37194975892 0.153872069377 
1.20241137387e-17 0.371038315382 0.247358876922 -0.199417850175 
1.20241137387e-17 0.371038315382 0.247358876922 -0.199417850175 
1.20241137387e-17 0.371038315382 0.247358876922 -0.199417850175 
1.20241137387e-17 0.371038315382 0.247358876922 -0.199417850175 
4.22547612605e-21 0.109083406597 0.0727222710648 -0.0815493969034 
4.22547612605e-21 0.109083406597 0.0727222710648 -0.0815493969034 
1.15927263842e-21 0.0294776553844 0.0196517702563 -0.0662456051636 
1.15927263842e-21 0.0294776553844 0.0196517702563 -0.0662456051636 
1.15927263842e-21 0.0294776553844 0.0196517702563 -0.0662456051636 
1.15927263842e-21 0.0294776553844 0.0196517702563 -0.0662456051636 
-2.51496753846e-21 0.127993923314 0.0853292822095 -0.083167053221 
9.56606874325e-21 0.269055092149 0.179370061433 -0.118033991311 
4.23851674445e-21 0.405718877891 0.270479251927 -0.229051865183 
-3.66723457225e-21 0.439964351041 0.29330956736 -0.304583219604 
3.47777915177e-21 0.456628930076 0.304419286717 -0.371345174071 
0.0162391567417 0.463910234074 0.309273489383 -0.513053910099 
0.00759630120532 0.47426510061 0.31617673374 -0.523598775598 
0.0104608077683 0.472207954927 0.314805303285 -0.523598775598 
0.0013834797906 0.48062069829 0.32041379886 -0.523598775598 
-2.64255834798e-19 0.492082983433 0.328055322288 -0.523598775598 
8.56903775935e-22 0.508417757101 0.338945171401 -0.523598775598 
2.02316218656e-21 0.532836559995 0.35522437333 -0.523598775598 
3.49912693374e-21 0.599171625209 0.39944775014 -0.523598775598 
4.37350561195e-22 0.708959279529 0.472639519686 -0.523598775598 
-4.24691498777e-21 0.898188458196 0.598792305464 -0.523598037112 
0.377825495894 1.24928189042 0.832854593616 0.0599663232921 
0.327800654216 1.29028305187 0.860188701248 0.0499189334003 
0.283153256398 1.32549984777 0.883666565178 0.0349164450542 
0.212300357427 1.36992433527 0.913282890179 0.0174407871388 
0.154558874153 1.40825461581 0.938836410538 -0.0090473466798 
0.0982318631576 1.44578548015 0.963856986769 -0.0332246745599 
0.05000640521 1.47791536271 0.985276908475 -0.0564207784576 
0.00903768975459 1.50586948618 1.00391299079 -0.0721343523603 
0.188863695429 1.52549660396 1.01699773597 -0.0638465634714 
0.354442169142 1.53914351254 1.02609567502 -0.0473830007744 
0.453626093456 1.54674658205 1.03116438803 -0.0329308451024 
0.534757469518 1.55209906612 1.03473271075 -0.0161357469041 
0.602830769654 1.55861972885 1.03907981924 0.0122239760584 
0.658612191672 1.56239234844 1.04159489896 0.0400544229919 
0.710641838447 1.56171047175 1.0411403145 0.0721292285261 
0.775946171936 1.55275739927 1.03517159951 0.150200279757 
0.795530308727 1.5557995918 1.03719972787 0.141574803168 
0.816547640675 1.55323567622 1.03549045081 0.13209043996 
0.833170267366 1.55153843211 1.03435895474 0.125102780136 
0.847540846029 1.54860058438 1.03240038959 0.119199479125 
0.858887213846 1.54638480713 1.03092320475 0.114758814847 
0.868031863877 1.54530813464 1.0302054231 0.111354885595 
0.875136022001 1.54353696886 1.02902464591 0.108708100283 
0.879952428002 1.5431984873 1.02879899153 0.107018880918 
0.884276532426 1.54199385202 1.02799590135 0.10545188405 
0.887831781857 1.54113780846 1.02742520564 0.104201748669 
0.891087540537 1.53960615899 1.02640410599 0.103026461619 
0.893881934013 1.53798608796 1.02532405864 0.102025272402 
0.895743662929 1.53578176734 1.02385451156 0.101301413642 
0.903101424653 1.53380950576 1.0225396705 0.118832344041 
0.902025992718 1.53393715617 1.02262477078 0.11923084703 
0.898144865254 1.5344695862 1.02297972413 0.120681083944 
0.89292043247 1.53319761357 1.02213174238 0.122517337373 
0.898770784298 1.52481643344 1.01654428896 0.151926679184 
0.853013331208 1.52284058827 1.01522705885 0.064166374686 
0.826268611404 1.51592133122 1.01061422081 0.0432398717501 
0.800013889796 1.50770467987 1.00513645325 0.0262657591928 
0.758801311806 1.49242021346 0.994946808971 0.00992673794568 
0.711865213467 1.47744541656 0.98496361104 0.00338375686204 
0.658442515549 1.46023475857 0.973489839048 0.000291588110107 
0.563970161905 1.43305412565 0.955369417103 -0.00747448380695 
0.441433733895 1.41049134023 0.940327560156 -0.0148837437526 
0.190579712358 1.38015618502 0.920104123344 -0.0314057322894 
0.257111660562 1.33466236601 0.889774910672 -0.00234732530599 
0.329644547572 1.28333446429 0.855556309526 0.0278922012113 
0.398437339542 1.23145411349 0.820969408995 0.0504863321574 
0.464301997762 1.17772025517 0.785146836779 0.0656746589287 
0.518080069449 1.13041949803 0.753612998687 0.0759532247606 
0.529516575104 1.09056203063 0.727041353755 0.0854932268408 
0.593932796554 1.05637486739 0.704249911595 0.0867864869211 
0.600941879154 1.01631727257 0.677544848381 0.0803894047586 
0.65870932469 0.98059598881 0.653730659207 0.0769916247375 
0.668464343746 0.948404229268 0.632269486179 0.0720643191673 
0.676858681634 0.922800196415 0.615200130943 0.0629361869525 
0.688029867032 0.897792894395 0.598528596263 0.0583140183071 
0.69202429126 0.889306955699 0.592871303799 0.0520425634747 
0.698234893271 0.876355421446 0.584236947631 0.046567162992 
0.696503284615 0.880489528071 0.586993018714 0.0427646960505 
0.693880119323 0.885655525637 0.590437017091 0.0396798616397 
0.686774483631 0.89952368667 0.59968245778 0.0376552883552 
0.678473816052 0.915724934115 0.61048328941 0.0356079353306 
0.669617717884 0.933888833046 0.622592555364 0.0339107839011 
0.660696708211 0.954448125649 0.636298750433 0.0340201319574 
0.653691541912 0.97427276579 0.649515177193 0.0360507290243 
0.646379455551 0.998727700307 0.665818466871 0.0390455298529 
0.64268137756 1.01486259157 0.676575061045 0.0392177151795 
0.64027780529 1.02937116753 0.68624744502 0.0388928287869 
0.639039508312 1.04238151402 0.694921009345 0.038554072573 
1.31685108676 1.11173559954 0.741157066361 0.111193595464 
1.32886182994 1.11276502359 0.741843349057 0.110396772262 
1.33266884495 1.11450567935 0.743003786231 0.109969406018 
1.33524529555 1.11564718712 0.743764791415 0.10989970076 
1.34234893725 1.11445172501 0.742967816671 0.108683859981 
1.34518069901 1.11327785105 0.742185234036 0.105934293442 
1.34015301919 1.11360782082 0.742405213881 0.103695212354 
1.33419160222 1.11341445728 0.742276304852 0.0994371157336 
1.33795901608 1.10852376104 0.739015840692 0.0926414038662 
1.33009283956 1.10656893495 0.737712623301 0.0864741301427 
1.32295833387 1.10455654982 0.736371033212 0.0799905707937 
1.32181112538 1.09986090304 0.733240602028 0.0737968171056 
1.30649275465 1.0993005411 0.732867027398 0.0711554975322 
1.30010085041 1.09631261497 0.730875076647 0.0698301067548 
1.29548726585 1.09172807682 0.727818717879 0.0678367342235 
1.2879656335 1.08920692606 0.726137950705 0.0678611533614 
1.28830790673 1.0859449316 0.723963287733 0.0675640563333 
1.2821423442 1.08321509772 0.722143398482 0.0704301670671 
1.28020197378 1.07965714589 0.719771430592 0.07393714792 
1.27740307397 1.0755581448 0.717038763197 0.0786767397814 
1.28111411627 1.06776971586 0.711846477238 0.0869602478349 
1.27491557169 1.06134891805 0.707565945369 0.0987537825398 
1.28289338614 1.0527293435 0.701819562331 0.110348440222 
1.30246194869 1.04572566846 0.697150445638 0.123051052231 
1.31165244078 1.04196753987 0.694645026579 0.135491016881 
1.30653991066 1.04046153401 0.693641022676 0.148658354691 
1.31023893822 1.03764461682 0.691763077879 0.160204564841 
1.32586466182 1.03256290644 0.688375270962 0.168619631287 
1.31473155776 1.03309553491 0.688730356609 0.177746372865 
1.31461225412 1.02953541055 0.686356940364 0.182926833272 
1.31939489809 1.02500891668 0.683339277788 0.187210686102 
1.31949733339 1.02240428893 0.681602859288 0.190794286645 
1.31168473503 1.02062837494 0.680418916626 0.194462356666 
1.32504407623 1.01400890168 0.676005934453 0.194351110843 
1.32342881008 1.01125613985 0.674170759899 0.19558218931 
1.32838167531 1.00690749149 0.671271660996 0.195265131927 
1.32001951962 1.00635985386 0.670906569243 0.195746902643 
1.31439721223 1.00478199988 0.669854666587 0.195521269977 
1.31856699513 1.00382900602 0.669219337347 0.19529654638 
1.32027150127 1.00322487879 0.668816585859 0.19435006817 
1.33148038121 1.00089370219 0.667262468125 0.192459425543 
1.31992383953 1.0028588908 0.668572593867 0.194609201001 
1.31396959742 1.0039074174 0.669271611603 0.195617965073 
1.30868445869 1.00514576022 0.670097173481 0.19541483066 
1.31100399115 1.00483064416 0.669887096104 0.195252659969 
1.31873392901 1.00314231432 0.668761542878 0.194262603886 
1.32073683482 1.00283748348 0.668558322319 0.193199429897 
1.31519612035 1.0038539548 0.669235969867 0.193011311443 
1.30658259898 1.00524896677 0.670165977845 0.193916310155 
1.30665876429 1.00456494028 0.669709960185 0.19384127332 
1.30511088972 1.00456245989 0.669708306593 0.194179044358 
1.31508067712 1.00291267686 0.668608451238 0.193268058003 
1.31020705943 1.0038591217 0.669239414468 0.193750891309 
1.31079165344 1.00419297756 0.669461985038 0.193205831158 
1.32462431743 1.0016349829 0.667756655265 0.191211726927 
1.32414421106 1.00233622103 0.668224147353 0.190879871507 
1.31167504404 1.00518756117 0.670125040783 0.191150670727 
1.30855899707 1.00889766453 0.672598443022 0.190535797135 
1.31947597501 1.01144807924 0.674298719494 0.185951305662 
1.31638480429 1.01681598296 0.677877321971 0.182143594197 
1.31411983922 1.02459225895 0.683061505969 0.174656404478 
1.30907638659 1.03477411174 0.689849407825 0.159880105939 
1.30574652157 1.04240580898 0.694937205986 0.144026031243 
1.30902054841 1.04777365979 0.698515773194 0.128084602147 
1.3112910896 1.05162286171 0.701081907809 0.109530795621 
1.30855840522 1.05654674919 0.704364499462 0.0951368117509 
1.30367219572 1.06104615515 0.707364103434 0.0833298423163 
1.2943946434 1.06649776866 0.710998512443 0.0739489272362 
1.29714177536 1.07022013765 0.713480091767 0.0666546196366 
1.30216680233 1.07309864624 0.715399097491 0.0613782493765 
1.2893326546 1.07790230611 0.718601537406 0.0589471691742 
1.30356414156 1.07689009195 0.717926727969 0.0567467107376 
1.30471651163 1.07772043379 0.718480289192 0.0548784796462 
1.30809559804 1.07761358561 0.718409057074 0.0533271592293 
1.31138413154 1.07743885262 0.718292568412 0.0528599128967 
1.31880146631 1.07579937999 0.71719958666 0.0523371788241 
1.32125980955 1.07498309325 0.7166553955 0.0519461529155 
1.32112303985 1.07516205445 0.716774702964 0.0524757898244 
1.31834616107 1.0758012426 0.7172008284 0.0528716065031 
1.31519634737 1.07680565964 0.717870439758 0.0528966444193 
1.31626046825 1.07730303206 0.718202021376 0.0524917249009 
1.31596901666 1.0772857364 0.718190490934 0.051700378044 
1.31992123161 1.0760539197 0.717369279803 0.0508579012803 
1.32132946192 1.07588722122 0.717258147477 0.0496260801426 
1.32357020829 1.07487637487 0.716584249916 0.0485575839459 
1.32037525269 1.07522052372 0.716813682479 0.0478122713005 
1.31268859775 1.07716708175 0.718111387832 0.0476710323626 
1.30910869117 1.07837988497 0.71891992331 0.0482134107496 
1.30556240551 1.07888083901 0.71925389267 0.047912248549 
1.32378143935 1.07472736028 0.71648490685 0.0459661358656 
1.31939400918 1.07574270029 0.717161800195 0.0455389752312 
1.31706671232 1.07552578544 0.717017190295 0.0450682014413 
1.32189763878 1.07368377841 0.715789185603 0.0439583522851 
1.31850596267 1.07215118928 0.714767459518 0.0433705243043 
1.30931300849 1.07064015045 0.713760100298 0.0416102920303 
1.32329042853 1.06120663052 0.707471087012 0.0391945106027 
1.31314680198 1.05279533607 0.701863557381 0.0368021898759 
1.28208866378 1.04360265438 0.69573510292 0.0335292461043 
1.27582184442 1.02457866027 0.68305244018 0.0275663906529 
1.26265209129 1.00438086652 0.669587244347 0.0231115616878 
1.23091933362 0.981761963748 0.654507975832 0.0179444038388 
1.1989277628 0.942617771693 0.628411847795 0.0119405370669 
1.14115478379 0.888897166056 0.592598110704 0.00631261058511 
1.04309598298 0.802181032056 0.534787354704 0.00110882297646 
0.980329656848 0.65445387765 0.4363025851 -0.0043675105707 
0.836615556515 0.239027136781 0.159351424521 -0.00665363122937 
0.92326392391 0.213896818729 0.142597879153 -0.00434474920548 
0.959055107438 4.36258424005e-18 2.90838949337e-18 -0.00436491936268 
1.03849147705 2.94463479843e-22 1.96308986562e-22 -0.00442733588837 
1.09696870543 1.49890802974e-22 9.9927201983e-23 -0.00187040713319 
1.16062394218 2.45053322414e-22 1.63368881609e-22 -0.00465695850699 
1.20602432585 1.03004578918e-22 6.8669719279e-23 -0.00243714427122 
1.24059764063 -5.11258834054e-22 -3.40839222703e-22 -0.00378010672396 
1.26970962632 -1.09262748685e-21 -7.28418324565e-22 -0.00344620491946 
1.30238837693 5.69372298018e-22 3.79581532012e-22 -0.0062824079472 
1.31621810096 2.13380048472e-22 1.42253365648e-22 -0.00679788068048 
1.32542972429 1.22899403816e-21 8.1932935877e-22 -0.00552896163622 
1.34106191027 -7.20567003062e-22 -4.80378002042e-22 -0.00804881653373 
1.35055173027 5.46579916397e-23 3.64386610931e-23 -0.00886351829599 
1.35144283304 1.94761662096e-22 1.29841108064e-22 -0.00979396167825 
1.35144283304 1.94761662096e-22 1.29841108064e-22 -0.00979396167825 
1.3441799773 2.26698345062e-22 1.51132230042e-22 -0.00926107604653 
1.34834787547 2.97836368533e-22 1.98557579022e-22 -0.0114684165338 
1.33038014319 -1.0898186492e-22 -7.26545766131e-23 -0.00772673441891 
1.32584353188 5.09884918429e-22 3.39923278953e-22 -0.00678203576691 
1.32093727437 4.33797647955e-22 2.8919843197e-22 -0.00675440270654 
1.32594473485 -9.50287680995e-23 -6.33525120664e-23 -0.00974228485646 
1.3320235817 4.22774638955e-22 2.81849759304e-22 -0.00879806131057 
1.3273659758 1.65366872858e-22 1.10244581905e-22 -0.00776355328794 
1.3192105248 -3.44149173337e-22 -2.29432782225e-22 -0.00618040580311 
1.30960231356 2.31620403104e-22 1.54413602069e-22 -0.00520991061525 
1.31324207936 1.02819482781e-21 6.85463218537e-22 -0.00826834701004 
1.31029186698 2.99655409271e-22 1.99770272847e-22 -0.00502026853264 
1.31029186698 2.99655409271e-22 1.99770272847e-22 -0.00502026853264 
1.31029186698 2.99655409271e-22 1.99770272847e-22 -0.00502026853264 
1.30410490172 -2.48795721231e-22 -1.65863814154e-22 -0.00483625215749 
1.30410490172 -2.48795721231e-22 -1.65863814154e-22 -0.00483625215749 
1.2894634778 6.41110062248e-23 4.27406708165e-23 -0.00219172420653 
1.2894634778 6.41110062248e-23 4.27406708165e-23 -0.00219172420653 
1.2894634778 6.41110062248e-23 4.27406708165e-23 -0.00219172420653 
1.27473756133 9.23897699307e-23 6.15931799538e-23 -0.00607747244587 
1.25265749953 6.97251698732e-22 4.64834465821e-22 -0.00224386885547 
1.22069558779 3.53451296017e-23 2.35634197344e-23 -0.000239531336917 
1.16217141291 8.63995787437e-19 5.75997191625e-19 0.00546863198081 
1.10291131061 9.56140654108e-18 6.37427102739e-18 0.00291476227685 
1.03518095484 0.0120481525445 0.00803210169632 0.000935900188146 
0.919197740233 0.0364831097804 0.0243220731869 0.00408981999631 
0.81871093877 0.0591325859527 0.0394217239685 0.000242155967571 
0.608565469974 -5.41965069692e-16 -3.61310046461e-16 -0.00813152717404 
0.444709109051 2.88290659144e-18 1.92193772763e-18 -0.0145750610953 
0.339863654341 -1.04772871594e-17 -6.98485810629e-18 -0.0205593077977 
0.245755789237 2.83608675405e-25 1.8907245027e-25 -0.0247984263485 
0.165738819981 8.64805843911e-22 5.76537229274e-22 -0.0259375448325 
0.116428476082 -3.48955754219e-22 -2.32637169479e-22 -0.0135284067112 
0.0865835886973 -9.56888888454e-22 -6.37925925636e-22 -0.0114388348208 
0.0617882690827 -5.48282106288e-22 -3.65521404192e-22 -0.00837278886693 
0.0378519336678 -4.21764822439e-22 -2.81176548293e-22 -0.00504236540715 
0.0218218795872 1.90659201631e-21 1.27106134421e-21 -0.00230824335591 
0.013077962752 1.10085217321e-21 7.33901448808e-22 0.000442553446612 
0.0170932273745 6.42651884122e-22 4.28434589415e-22 0.00328591041291 
0.0115926430423 5.30796343211e-23 3.53864228807e-23 0.00531096241567 
0.00819328511651 -7.01697418946e-23 -4.67798279297e-23 0.00620729782478 
0.00819328511651 -7.01697418946e-23 -4.67798279297e-23 0.00620729782478 
0.0162240546858 -2.15599537496e-21 -1.43733024997e-21 0.0079301424334 
0.0113987537755 4.37797541883e-22 2.91865027922e-22 0.00930345788859 
0.0113987537755 4.37797541883e-22 2.91865027922e-22 0.00930345788859 
0.00601939562805 8.06137126576e-22 5.3742475105e-22 0.0112406178559 
0.00601939562805 8.06137126576e-22 5.3742475105e-22 0.0112406178559 
0.00601939562805 8.06137126576e-22 5.3742475105e-22 0.0112406178559 
0.00601939562805 8.06137126576e-22 5.3742475105e-22 0.0112406178559 
0.00141828446089 5.77201022193e-22 3.84800681462e-22 0.0122480086284 
0.0114710905118 -7.00301309135e-22 -4.66867539423e-22 0.0132058903442 
0.0193866018993 -3.58280789289e-22 -2.38853859526e-22 0.0144882352234 
0.0142954573181 -2.22079870236e-21 -1.48053246824e-21 0.0150437036417 
0.0226385856141 1.04727088256e-21 6.98180588375e-22 0.0157591988454 
0.0337873756568 5.2238347713e-22 3.4825565142e-22 0.0158446077031 
0.0470104156148 -1.50803275875e-21 -1.0053551725e-21 0.0160785586079 
0.061902137984 7.43743434697e-22 4.95828956465e-22 0.0163920917491 
0.0992257851845 6.78605208137e-22 4.52403472091e-22 0.0172306006815 
0.128002407717 -1.22131824124e-22 -8.14212160829e-23 0.0178925551528 
0.168473560971 2.09228739555e-21 1.3948582637e-21 0.0177854278373 
0.237162341714 1.73685816011e-21 1.15790544007e-21 0.0178306028514 
0.312850086107 5.74683194449e-22 3.83122129633e-22 0.0174894322669 
0.434728681433 -2.66106025411e-22 -1.77404016941e-22 -0.158638169251 
0.551334301984 2.14993485547e-22 1.43328990365e-22 -0.0533996438091 
0.776697341562 0.308955440493 0.205970293662 -0.00629482089309 
0.91447086278 0.263248282391 0.175498854927 0.00136115085807 
0.985661182629 -2.48594695932e-18 -1.65729797288e-18 0.00790382087922 
1.10941210809 2.57717739313e-22 1.71811826208e-22 0.00634947300765 
1.17429821345 -5.02799347486e-23 -3.35199564991e-23 0.0120167613592 
1.24721078402 -2.47057664312e-22 -1.64705109541e-22 0.00595305863994 
1.28228945952 1.99341567071e-23 1.32894378048e-23 0.00798598276091 
1.30780095537 2.59924376072e-22 1.73282917382e-22 0.00809094529349 
1.32854414913 1.16606854085e-22 7.77379027234e-23 0.00685293183318 
1.35105619347 1.77426798829e-22 1.18284532552e-22 0.00538312094797 
1.36036362833 5.9131264174e-22 3.94208427826e-22 0.00520871824311 
1.3634333019 -7.97159586239e-22 -5.3143972416e-22 0.00637415316638 
1.3634333019 -7.97159586239e-22 -5.3143972416e-22 0.00637415316638 
1.37152366879 -9.11735928865e-23 -6.07823952577e-23 0.00408305395051 
1.37124316303 1.08083782228e-21 7.20558548186e-22 0.00529641424127 
1.36994011744 1.31480453755e-22 8.76536358365e-23 0.00594767713388 
1.36235076607 2.09883863507e-22 1.39922575671e-22 0.00723470572615 
1.35224744306 5.59956571702e-22 3.73304381135e-22 0.00829026528905 
1.35622417965 2.2541613538e-22 1.50277423587e-22 0.00729526034046 
1.35622417965 2.2541613538e-22 1.50277423587e-22 0.00729526034046 
1.35341932121 6.98001020855e-22 4.65334013903e-22 0.00865166560077 
1.34887826748 1.07474342503e-21 7.16495616686e-22 0.00923598452401 
1.34068414753 -8.25776315161e-24 -5.50517543441e-24 0.0100293124042 
1.33516172111 -3.33173679294e-22 -2.22115786196e-22 0.0108775116368 
1.32702631951 -5.4677330497e-22 -3.64515536646e-22 0.0128350859497 
1.30979614481 4.34397237981e-22 2.89598158654e-22 0.014505121117 
1.28648326852 -6.28392412737e-22 -4.18928275158e-22 0.0162905900172 
1.25000161742 -4.76213084022e-23 -3.17475389348e-23 0.0198193811557 
1.21638162396 2.11259517594e-22 1.40839678396e-22 0.0224497874204 
1.17349656707 3.90239961784e-22 2.60159974522e-22 0.0240555113794 
1.11156928347 -1.69406589451e-21 -1.12937726301e-21 0.0315573598453 
1.02606803436 0.00679520221107 0.00453013480738 0.0435244572892 
0.951523325619 0.0159860706949 0.0106573804633 0.0479417184763 
0.851256195018 0.0367836163284 0.0245224108856 0.0616896358353 
0.806122352782 0.50986107431 0.339907382873 0.0535981873784 
0.785402520944 0.729465432287 0.486310288191 0.0517198187686 
0.696432692395 0.863514196854 0.575676131236 0.0584518925247 
0.643054330441 0.996430986342 0.664287324228 0.0613126088377 
0.56959161031 1.07879089057 0.719193927048 0.0564360275359 
0.493734484137 1.14987759024 0.766585060158 0.0477233595942 
0.421301806567 1.21059694976 0.807064633172 0.0309975464381 
0.354896126521 1.26183560094 0.841223733963 0.0104283648576 
0.308274239601 1.29593367663 0.863955784423 -0.0071979260208 
0.440205007019 1.32484183846 0.883227892306 -0.00118192893326 
0.557225527483 1.33869789648 0.892465264322 0.0084176073908 
0.611488756073 1.35031065214 0.900207101424 0.0152204681029 
0.647543545095 1.35704427924 0.904696186159 0.0192452337432 
0.673035791999 1.36005810283 0.906705401886 0.0209473424204 
0.688158477452 1.36196559642 0.907977064282 0.0209513952591 
0.702974309622 1.36445663917 0.909637759446 0.0222499844616 
0.717825262644 1.36530115308 0.910200768722 0.0221630197341 
0.730447713644 1.36238839778 0.908258931854 0.0194876907747 
0.738567523376 1.36243577553 0.908290517021 0.0196302828878 
0.74593226679 1.36257277922 0.908381852811 0.0200205979711 
0.745861208699 1.36420270937 0.909468472913 0.020409535469 
0.749001395075 1.36421526601 0.909476844006 0.0200988278971 
0.754071483638 1.36394604016 0.909297360108 0.0203035561242 
0.761456533325 1.36153821626 0.907692144176 0.0193170048878 
0.765072030127 1.36171595367 0.907810635781 0.0194628175943 
0.772819135463 1.36119139625 0.907460930835 0.0201734954496 
0.774843589366 1.36299699948 0.908664666321 0.0214267942406 
0.784132754096 1.35983058843 0.906553725618 0.0200983424623 
0.788358396222 1.35987999845 0.906586665631 0.0204613897433 
0.790071104601 1.36124294396 0.907495295971 0.0207308672502 
0.796743863635 1.35918460892 0.906123072614 0.0197851603667 
0.790867158531 1.35950711263 0.906338075086 0.0196823335331 
0.771727729837 1.35750886941 0.905005912942 0.0180538283242 
0.734826663499 1.34834644518 0.898897630122 0.0119832187766 
0.645754527402 1.31740811013 0.878272073421 -0.00228612230803 
0.341452959767 1.26852281075 0.845681873833 -0.0301222672444 
0.404998913445 1.21961023056 0.81307348704 -0.0169059513771 
0.50018111194 1.14006003994 0.760040026625 -0.00257991779784 
0.610766751955 1.03225940238 0.68817293492 0.0139948283258 
0.704591596362 0.911849614564 0.607899743043 0.0226120985791 
0.762028470426 0.762569657254 0.508379771503 0.0255713803642 
0.803637686676 0.507550266188 0.338366844125 0.0267449272336 
0.865501913158 0.138698805156 0.0924658701042 0.0310444628883 
0.965431715676 0.113735848795 0.0758238991969 0.0239880036149 
1.02583816783 -3.061451005e-17 -2.04096733667e-17 0.0198849787727 
1.09374972945 -2.14340146841e-22 -1.42893431227e-22 0.0104740693733 
1.12834562126 4.8101169218e-22 3.20674461454e-22 0.0106962933763 
1.16170165253 9.97321281431e-23 6.64880854287e-23 0.00612308953068 
1.19203918808 -5.79698398109e-22 -3.86465598739e-22 0.00376079164078 
1.21419285378 5.36686650157e-22 3.57791100104e-22 0.00160331754184 
1.23343201314 4.68600777867e-22 3.12400518578e-22 5.61903797602e-05 
1.24290592281 1.74596016915e-22 1.1639734461e-22 0.000950035285973 
1.24759272579 -3.28831043096e-22 -2.19220695397e-22 0.000624547692916 
1.2519689736 -5.50844556221e-23 -3.67229704147e-23 0.00231019252358 
1.2472003445 2.21606717818e-22 1.47737811879e-22 0.00701297351645 
1.2472003445 2.21606717818e-22 1.47737811879e-22 0.00701297351645 
1.26330131397 -1.54866711544e-22 -1.03244474363e-22 0.00425649016391 
1.25859769116 -3.69515781389e-22 -2.46343854259e-22 0.00674787148692 
1.24738416862 9.24245410423e-22 6.16163606948e-22 0.0085739783399 
1.24738416862 9.24245410423e-22 6.16163606948e-22 0.0085739783399 
1.24600462849 1.24361047011e-22 8.29073646739e-23 0.0103228492853 
1.23639563346 -1.61532665586e-22 -1.07688443724e-22 0.0123224839367 
1.22478795503 -5.5679141962e-23 -3.71194279746e-23 0.0133256153378 
1.21007770722 6.40552777709e-23 4.27035185139e-23 0.0174580822984 
1.20088806716 -2.27120386533e-22 -1.51413591022e-22 0.0146861547538 
1.17727263863 -7.10408943677e-23 -4.73605962451e-23 0.0184091152539 
1.161479971 2.12268540638e-22 1.41512360425e-22 0.0138413736267 
1.13573096969 5.51508797651e-20 3.67672531767e-20 0.0172225728381 
1.10177586448 -9.33239730807e-19 -6.22159820538e-19 0.0176221996855 
1.05759248996 2.73607163675e-18 1.82404775784e-18 0.0221819265458 
1.01186399405 0.00872081778297 0.00581387852198 0.0271775789794 
0.936149353156 0.0251443504363 0.0167629002908 0.0393669043046 
0.870039609575 0.0404276316368 0.0269517544245 0.0471789114941 
0.806063951922 0.0554924765636 0.0369949843757 0.0546745053367 
0.70000128639 -1.06683603226e-17 -7.11224021508e-18 0.0851657496802 
0.599219728774 1.67408408811e-17 1.11605605874e-17 0.131459495484 
0.507994756314 0.0144551513286 0.00963676755243 0.143436815099 
0.405967987546 0.0624977415669 0.0416651610446 0.117461758037 
0.287135278734 2.42991791557e-17 1.61994527705e-17 -0.144984480114 
0.205870654139 2.06382749902e-22 1.37588499934e-22 -0.101825805508 
0.140764863629 2.25112016964e-22 1.50074677976e-22 -0.0763682931631 
0.094563797341 -1.20637835886e-22 -8.04252239241e-23 -0.0628127041294 
0.055602103381 -4.45706333918e-22 -2.97137555946e-22 -0.0543485822959 
0.0260850145718 -1.1398523159e-21 -7.59901543933e-22 -0.0472180767978 
0.0114537695682 -5.35080305309e-22 -3.5672020354e-22 -0.0444237356638 
2.18273854558e-19 4.98540764552e-22 3.32360509701e-22 -0.03663325691 
2.18273854558e-19 4.98540764552e-22 3.32360509701e-22 -0.03663325691 
-4.91201950277e-23 4.95231871621e-22 3.30154581081e-22 -0.0311181576749 
-4.91201950277e-23 4.95231871621e-22 3.30154581081e-22 -0.0311181576749 
-4.91201950277e-23 4.95231871621e-22 3.30154581081e-22 -0.0311181576749 
-4.91201950277e-23 4.95231871621e-22 3.30154581081e-22 -0.0311181576749 
3.66440396214e-21 2.13454849204e-21 1.42303232803e-21 -0.0266074125333 
3.66440396214e-21 2.13454849204e-21 1.42303232803e-21 -0.0266074125333 
3.66440396214e-21 2.13454849204e-21 1.42303232803e-21 -0.0266074125333 
9.1140762363e-21 3.10162791806e-22 2.06775194538e-22 -0.0216218816315 
9.1140762363e-21 3.10162791806e-22 2.06775194538e-22 -0.0216218816315 
9.1140762363e-21 3.10162791806e-22 2.06775194538e-22 -0.0216218816315 
9.1140762363e-21 3.10162791806e-22 2.06775194538e-22 -0.0216218816315 
9.1140762363e-21 3.10162791806e-22 2.06775194538e-22 -0.0216218816315 
0.00231939070169 6.44860389936e-22 4.29906926624e-22 -0.0185960335 
0.00970404458907 -1.18046029788e-22 -7.86973531919e-23 -0.0169759239647 
0.00970404458907 -1.18046029788e-22 -7.86973531919e-23 -0.0169759239647 
0.00970404458907 -1.18046029788e-22 -7.86973531919e-23 -0.0169759239647 
0.0119435061141 1.18084804497e-23 7.87232029978e-24 -0.0126986935694 
0.00378755386139 1.44847119751e-21 9.6564746501e-22 -0.0125052145068 
0.00817889712449 4.25300222023e-22 2.83533481349e-22 -0.0119498318774 
0.0142666969862 2.00856463533e-21 1.33904309022e-21 -0.010906980351 
0.0142666969862 2.00856463533e-21 1.33904309022e-21 -0.010906980351 
0.0257602082279 -1.7674351665e-21 -1.178290111e-21 -0.00886237170439 
0.0287134791199 1.16926273393e-21 7.79508489287e-22 -0.00623081049367 
0.0444228119777 -1.52034743964e-21 -1.01356495976e-21 0.000331196947434 
0.0656918348805 1.31543196636e-21 8.76954644242e-22 0.00142233599077 
0.0670101001097 9.6904995442e-22 6.46033302947e-22 0.00974971157129 
0.0752294978322 1.55726739289e-21 1.03817826193e-21 0.00910321984111 
