0.0 0.0 0.0 0.0 
-2.82751623086e-21 0.000248764779512 0.000165843186341 -0.00402998617732 
8.93723969081e-21 0.000649126052666 0.000432750701778 0.00144262835437 
-7.65806186169e-21 0.00139880934229 0.000932539561527 0.00567926091416 
-7.98487508746e-23 0.0248457199283 0.0165638132855 0.0074729220565 
2.52050537089e-22 0.00640095892597 0.00426730595065 0.00549018762672 
2.06204705094e-21 0.033389433806 0.0222596225373 0.00499470284066 
0.000125399016876 0.0603528260403 0.0402352173602 0.00603046360623 
-1.09192345118e-19 0.0980318154111 0.0653545436074 0.00641029226255 
0.000642855038874 0.0866002369096 0.0577334912731 0.0073827875006 
0.0031133910903 0.0819389427333 0.0546259618222 0.00771402461433 
0.00709893418141 0.0346184800078 0.0230789866718 0.00942053406027 
0.00650298998336 0.0353924803872 0.0235949869248 0.00669836030083 
0.00459735392953 0.0355406039385 0.023693735959 0.00711299419578 
0.00323744373587 0.037343981942 0.0248959879613 0.00973413208169 
0.00385159842725 0.0590143785708 0.0393429190472 0.00836636469864 
0.000614922580594 0.0595024229427 0.0396682819618 0.00837574174027 
-1.42526972841e-19 0.0795634756304 0.053042317087 0.010202167944 
-2.03356226413e-20 0.0821885462739 0.0547923641826 0.0117960875659 
9.46901223443e-21 0.0619035455116 0.0412690303411 0.0128355156382 
0.00147684350378 0.0103247473036 0.00688316486906 0.0128422565578 
1.50355336924e-19 0.041724756461 0.0278165043073 0.0136943050252 
1.64232726679e-05 0.0232870732275 0.015524715485 0.0136851344626 
0.00194913442364 0.0306858225134 0.0204572150089 0.013020666037 
1.77710749896e-18 0.0672440454016 0.0448293636011 0.0139662403327 
0.0032248200834 0.0556096274416 0.037073084961 0.0128904643144 
0.0048554408623 0.0472960291452 0.0315306860968 0.0100727688578 
0.00250322390439 0.0756415736233 0.0504277157488 0.0111198961615 
0.00320050812692 0.0688420133951 0.0458946755967 0.0118275132694 
4.34036484612e-05 0.0786282254919 0.0524188169946 0.0103378211821 
1.79873194431e-20 0.0946576932723 0.0631051288482 0.00953799814701 
2.19399441831e-19 0.0768853487393 0.0512568991595 0.00766665441269 
0.000781326751728 0.0654895852206 0.0436597234804 0.00743654928023 
0.00398874029012 0.0505813189696 0.0337208793131 0.00434705711974 
0.00506376550535 0.0413610711468 0.0275740474312 0.0017597599729 
0.00505392310088 0.0296993928395 0.0197995952263 0.00240648920407 
0.00608477803663 0.0286361092472 0.0190907394981 0.000804100124516 
0.00359569816885 0.016113117649 0.0107420784327 0.000771238813778 
0.00376557115753 1.68587485058e-18 1.12391656705e-18 0.0014518974929 
0.000117519891983 0.000423023857088 0.000282015904725 1.55803572034e-05 
3.28496561115e-07 7.70388464374e-07 5.13592309583e-07 9.15228944825e-08 
0.00374535391816 0.00271601762363 0.00181067841575 -0.00313590428891 
0.0120655260237 5.75311275752e-19 3.83540850502e-19 -0.00475051365275 
0.0175634957395 -4.92790505256e-23 -3.28527003504e-23 -0.00697891331053 
0.0233190290546 1.15076618399e-22 7.67177455995e-23 -0.0102415555031 
0.0306838947605 -4.63457032587e-22 -3.08971355058e-22 -0.011305127192 
0.0332086439913 -6.91064025388e-22 -4.60709350259e-22 -0.0176953092814 
0.0514672955578 2.30577022675e-21 1.53718015117e-21 -0.0150099113784 
0.0670299300341 -9.88295594512e-22 -6.58863729675e-22 -0.0192456106737 
0.113512521612 1.01826741667e-21 6.78844944444e-22 -0.0286695667704 
0.162151816829 -1.75334559468e-22 -1.16889706312e-22 -0.0460174874612 
0.220461597438 7.68854789825e-22 5.12569859883e-22 -0.0657291638747 
0.313264176196 2.11758236814e-22 1.41172157876e-22 -0.147625420975 
0.392511756396 3.80795749219e-22 2.53863832813e-22 -0.141700624585 
0.501325706419 0.0546682672462 0.0364455114974 0.110879672414 
0.600314268032 0.0285564119323 0.0190376079548 0.0869083160018 
0.689843795645 0.00857176319007 0.00571450879338 0.0720146604188 
0.788326598608 7.09373154874e-20 4.72915436583e-20 0.0449224818945 
0.878606184313 1.11490055663e-22 7.43267037751e-23 0.0326780859872 
0.951964076735 -1.43422758906e-22 -9.56151726037e-23 0.0332160244795 
1.02113343517 -2.53164310657e-22 -1.68776207105e-22 0.0245307235311 
1.0843565573 -2.01696944668e-22 -1.34464629779e-22 0.0205023587917 
1.14607664552 1.83306340639e-22 1.22204227093e-22 0.0189444675324 
1.19780994502 -5.82882512301e-23 -3.88588341534e-23 0.0168356290214 
1.24961705489 1.15199628611e-21 7.67997524076e-22 0.0170359627177 
1.30566855179 -3.28730642733e-22 -2.19153761822e-22 0.0164626055174 
1.34805897967 1.19794678535e-22 7.98631190235e-23 0.0202965266537 
1.38899957904 -7.16397289173e-22 -4.77598192782e-22 0.0199172280194 
1.42016504507 -6.77048090023e-22 -4.51365393348e-22 0.0182381404277 
1.43787671338 1.2793917935e-21 8.52927862336e-22 0.0197032007814 
1.45834601627 1.47518474669e-21 9.83456497796e-22 0.0176604016244 
1.46508237551 -1.25741277391e-21 -8.38275182607e-22 0.0159303603973 
1.47290704813 -1.26671715816e-21 -8.44478105443e-22 0.0116850486205 
1.47864404464 2.75159035037e-22 1.83439356691e-22 0.0084325119778 
1.48577484349 3.98821551461e-22 2.65881034308e-22 0.00712578677098 
1.48811942575 -4.39264478202e-23 -2.92842985468e-23 0.00669098279348 
1.48697364166 -7.91838087757e-23 -5.27892058504e-23 0.00492137733199 
1.48758115172 1.8546241001e-23 1.23641606674e-23 0.00428072862593 
1.49263416201 2.69903883391e-22 1.7993592226e-22 0.00226738439656 
1.49155809371 -1.84014006836e-22 -1.22676004558e-22 0.00192586744599 
1.49234854206 1.25625965144e-22 8.3750643429e-23 0.00258800299206 
1.48953983787 -8.24392614913e-22 -5.49595076609e-22 0.00319969208509 
1.48464928778 -2.00955985314e-22 -1.33970656876e-22 0.000713963674903 
1.48076979037 -6.03537647175e-22 -4.0235843145e-22 0.000743726803419 
1.47765195346 7.95730329371e-22 5.30486886247e-22 0.00138004244671 
1.47204516137 2.8556778987e-22 1.9037852658e-22 0.00181864432183 
1.47459083773 1.72860925921e-22 1.1524061728e-22 0.000802828301686 
1.4722248519 6.12967248855e-23 4.0864483257e-23 -7.03550613537e-05 
1.47967340326 7.06183488892e-22 4.70788992595e-22 -0.00132426006849 
1.47330842937 1.88155133901e-21 1.25436755934e-21 -0.000160136799169 
1.46898285316 -8.43429086953e-22 -5.62286057969e-22 -0.000306579403854 
1.46653155897 -1.0543137974e-21 -7.02875864933e-22 -0.000730999921786 
1.46844590622 3.89321894815e-22 2.59547929877e-22 -0.00149813468463 
1.4621564833 -8.52310799274e-22 -5.68207199516e-22 -7.16507609783e-06 
1.45863742007 -1.04908157388e-21 -6.99387715918e-22 -0.00039920361803 
1.45122590499 5.80977987718e-22 3.87318658478e-22 0.000450268453636 
1.43700543755 9.11848422941e-22 6.07898948627e-22 0.00233985609301 
1.41660906537 1.89149952843e-20 1.26099968562e-20 0.00280808255704 
1.38656110477 1.36994991023e-18 9.13299940151e-19 0.00295585059392 
1.34624085369 -2.7443026677e-18 -1.8295351118e-18 0.00574525633045 
1.29575115172 2.55164057125e-18 1.70109371417e-18 0.00684806328283 
1.24702649478 -3.8171122849e-20 -2.54474152327e-20 0.00795532211953 
1.19778836429 -1.15873228693e-17 -7.72488191289e-18 0.00694785696315 
1.12973309299 3.81154678359e-17 2.54103118906e-17 0.00970891172665 
1.06119501908 1.24900284373e-17 8.32668562488e-18 0.0140210775696 
0.977332660144 1.46447456011e-17 9.76316373409e-18 0.0191199816792 
0.864452939751 -8.05590879453e-17 -5.37060586302e-17 0.0264940632862 
0.757669808331 -4.033553962e-18 -2.68903597466e-18 0.0326633526031 
0.599132103006 -2.85963137598e-18 -1.90642091732e-18 0.0569262593603 
0.457021948777 4.49911750456e-17 2.9994116697e-17 0.0560229267267 
0.362020140204 -3.01662258924e-17 -2.01108172616e-17 -0.191335260401 
0.282758692806 -4.80610851521e-18 -3.20407234348e-18 -0.141369576396 
0.229407827767 7.49068697186e-24 4.99379131457e-24 -0.103020842966 
0.194806691595 1.19140501528e-21 7.9427001019e-22 -0.0882516018556 
0.163865011334 -2.01075484016e-21 -1.34050322677e-21 -0.0777871209783 
0.148050657915 -1.87284714006e-22 -1.24856476004e-22 -0.0780364752481 
0.144252468528 3.60226180983e-21 2.40150787322e-21 -0.0765520540528 
0.139855176601 -1.44022771661e-21 -9.60151811071e-22 -0.0689644237763 
0.139855176601 -1.44022771661e-21 -9.60151811071e-22 -0.0689644237763 
0.144103663474 -9.32009912984e-22 -6.21339941989e-22 -0.0703879821021 
0.146395607391 1.60570704274e-21 1.07047136183e-21 -0.0729712873009 
0.148723269257 2.54431724432e-21 1.69621149621e-21 -0.0750474386216 
0.154490028422 1.08263695982e-21 7.21757973212e-22 -0.077336280374 
0.159149228544 -1.53602860313e-22 -1.02401906875e-22 -0.0859984744775 
0.170109379267 9.9435179562e-22 6.6290119708e-22 -0.0863706623441 
0.177860764369 -2.12541856595e-21 -1.41694571063e-21 -0.0874818272891 
0.186709524608 1.27351188542e-21 8.49007923616e-22 -0.0892139035715 
0.198052626156 1.35332375597e-21 9.02215837311e-22 -0.103597120305 
0.211416422405 1.99579319709e-21 1.33052879806e-21 -0.104671757342 
0.230504641341 1.30887662686e-21 8.72584417909e-22 -0.123648846413 
0.256020280408 -3.38969268406e-22 -2.25979512271e-22 -0.145750339261 
0.292841274748 1.41661591395e-21 9.44410609303e-22 -0.177948870885 
0.342194263116 -1.50228945674e-21 -1.00152630449e-21 -0.223622879844 
0.411920807629 2.76218854192e-21 1.84145902795e-21 -0.0850177598778 
0.517951932337 1.33038270996e-05 8.86921806638e-06 0.158223514348 
0.651914388682 1.0607030438e-07 7.07135362534e-08 0.111252604658 
0.78831409032 1.32992747526e-06 8.86618316841e-07 0.0784491091005 
0.911394115402 1.0715564245e-22 7.14370949664e-23 0.0613993153034 
1.0211216066 -1.73338394771e-22 -1.15558929847e-22 0.0425175896135 
1.1173190581 1.23466297827e-23 8.23108652182e-24 0.0318409183301 
1.19424228315 -9.21530738902e-23 -6.14353825935e-23 0.0268005233713 
1.26609448143 5.60330811344e-22 3.73553874229e-22 0.0237600175632 
1.33986407933 1.14912433058e-21 7.66082887052e-22 0.0178463756164 
1.39599656973 -1.25403389067e-23 -8.36022593782e-24 0.0167634540418 
1.43995518115 6.38176224516e-22 4.25450816344e-22 0.0178899469385 
1.47211490551 -8.64191124764e-22 -5.7612741651e-22 0.0163732835552 
1.49428425992 2.07602368638e-21 1.38401579092e-21 0.0143248555034 
1.50396309881 1.69314260661e-21 1.12876173774e-21 0.0165590068798 
1.51421725106 -1.22783631625e-21 -8.18557544166e-22 0.0144242684144 
1.52576533556 -1.0197892976e-21 -6.79859531734e-22 0.0130506874901 
1.53301219353 2.39890526479e-22 1.59927017653e-22 0.0124251201302 
1.53608530222 2.11153822548e-21 1.40769215032e-21 0.00889518095102 
1.53604975565 2.33463727092e-22 1.55642484728e-22 0.00847641979516 
1.53430657953 6.21741563555e-22 4.14494375704e-22 0.0091356591572 
1.52974530877 6.2815424202e-22 4.1876949468e-22 0.010007383633 
1.53254527941 1.02598522905e-21 6.83990152699e-22 0.0105154148921 
1.53726122535 6.73204724665e-22 4.48803149777e-22 0.0094282948429 
1.5307216944 1.20993930814e-21 8.06626205425e-22 0.00938447258047 
1.53340309308 3.7164330026e-22 2.47762200173e-22 0.00802207136385 
1.52781872512 8.36084129535e-22 5.5738941969e-22 0.00824396353986 
1.52168572092 1.38050009252e-21 9.20333395013e-22 0.00796543542717 
1.52519476484 8.55186590597e-22 5.70124393731e-22 0.00754848377025 
1.51852463128 1.14004652942e-21 7.60031019612e-22 0.009758247777 
1.5138192017 2.86241264659e-22 1.90827509773e-22 0.0111555104613 
1.51196540902 1.06257984013e-21 7.0838656009e-22 0.0121683545902 
1.51518949017 2.0821845922e-21 1.38812306147e-21 0.0112666806917 
1.51829076433 -2.55990085001e-21 -1.70660056667e-21 0.00941741156995 
1.51829076433 -2.55990085001e-21 -1.70660056667e-21 0.00941741156995 
1.51517485271 3.33615189245e-22 2.22410126163e-22 0.00874656483593 
1.51000955538 -1.52533100112e-21 -1.01688733408e-21 0.00862265068814 
1.50991176327 -1.06233197302e-22 -7.08221315349e-23 0.00794554116344 
1.50736601388 1.99792127076e-21 1.33194751384e-21 0.00875371439103 
1.50339364816 -2.16800864724e-22 -1.44533909816e-22 0.0114264802243 
1.50579963589 8.22177763484e-22 5.48118508989e-22 0.0108037063368 
1.50579963589 8.22177763484e-22 5.48118508989e-22 0.0108037063368 
1.50562703685 9.904637672e-22 6.60309178133e-22 0.013462769495 
1.50786354041 -5.74729634842e-22 -3.83153089895e-22 0.012218356681 
1.50786354041 -5.74729634842e-22 -3.83153089895e-22 0.012218356681 
1.50296653872 1.84661009058e-21 1.23107339372e-21 0.0128750204431 
1.50815795003 -2.70222330484e-22 -1.80148220323e-22 0.0114532987065 
1.51069549186 -1.28723440965e-21 -8.58156273098e-22 0.010471758233 
1.50328209485 8.88698834121e-22 5.92465889414e-22 0.011093440968 
1.49939727731 4.56755002275e-22 3.0450333485e-22 0.0120432130603 
1.50327066964 2.29211180201e-21 1.52807453468e-21 0.0114243673319 
1.51168669561 1.16322673002e-21 7.75484486682e-22 0.00937260445164 
1.50307452838 1.55372160156e-21 1.03581440104e-21 0.0123527839646 
1.49113352367 6.71333231575e-22 4.47555487717e-22 0.0131564788834 
1.48229948146 -2.95253608658e-22 -1.96835739105e-22 0.0149397324544 
1.47134171854 2.49505862151e-23 1.66337241434e-23 0.0159603174853 
1.43849206519 -7.60866221576e-23 -5.07244147717e-23 0.0182391220852 
1.40001707984 -1.39962821458e-22 -9.33085476385e-23 0.0223285906824 
1.36703562441 9.92240367453e-22 6.61493578302e-22 0.0255117123291 
1.33847007677 1.77558247213e-21 1.18372164809e-21 0.0275236688232 
1.29881478747 5.94168992203e-22 3.96112661469e-22 0.0307458697879 
1.25418850619 2.04659702888e-21 1.36439801926e-21 0.0371006878068 
1.22988820807 2.84843438294e-23 1.89895625529e-23 0.0417363537856 
1.18698440897 5.82857198766e-20 3.88571465844e-20 0.0481382555235 
1.13909197014 -1.72332721478e-19 -1.14888480985e-19 0.0528130817445 
1.08603788513 -1.01689208147e-18 -6.77928054313e-19 0.0578476110448 
1.01215353163 -1.02834212736e-18 -6.85561418238e-19 0.0649281913799 
0.928645441958 0.0198191954806 0.013212796987 0.0697427609492 
0.833808967244 0.0431947186789 0.0287964791193 0.0723253569894 
0.677504624728 3.45649685447e-17 2.30433123631e-17 0.103204416763 
0.552816488244 -1.71836010873e-18 -1.14557340582e-18 0.105317147063 
0.434555235386 -3.59135040278e-17 -2.39423360185e-17 -0.0563782303483 
0.360221335382 2.92467406517e-18 1.94978271011e-18 -0.195907560502 
0.30638834652 -2.24006300488e-21 -1.49337533659e-21 -0.153979986488 
0.254576727149 6.15172476772e-22 4.10114984515e-22 -0.118914872785 
0.220381338699 1.71311159781e-21 1.14207439854e-21 -0.0958340395602 
0.205009470206 2.08356802353e-23 1.38904534902e-23 -0.0942758501141 
0.182763790603 3.12139623168e-21 2.08093082112e-21 -0.0744088392596 
0.169694073608 -1.1917242572e-21 -7.94482838134e-22 -0.0741573097836 
0.164786037501 2.06556389493e-21 1.37704259662e-21 -0.0722969399188 
0.168095570756 -7.16089174278e-22 -4.77392782852e-22 -0.0695637793949 
0.16402761433 1.82466169576e-21 1.2164411305e-21 -0.0672231004441 
0.167429687151 -4.34987828348e-22 -2.89991885565e-22 -0.0648581148012 
0.159453993143 4.74081796651e-22 3.16054531101e-22 -0.0647692492306 
0.159453993143 4.74081796651e-22 3.16054531101e-22 -0.0647692492306 
0.166667423728 9.61662713356e-22 6.41108475571e-22 -0.0647709183297 
0.171872665145 4.45137722671e-22 2.96758481781e-22 -0.0662675889872 
0.18832682219 3.19630351749e-21 2.13086901166e-21 -0.0672162456942 
0.210584597888 1.53186685935e-21 1.0212445729e-21 -0.0682182740855 
0.226708956709 1.0558640602e-22 7.03909373466e-23 -0.0695609891354 
0.240933312972 4.52836954836e-22 3.01891303224e-22 -0.0715449871558 
0.273343065025 -4.46473696092e-22 -2.97649130728e-22 -0.0727752677873 
0.314911131431 -1.54097801509e-21 -1.02731867672e-21 -0.125159174374 
0.353591671459 1.02006505814e-21 6.80043372091e-22 -0.122138438257 
0.41019803495 -5.0472047547e-22 -3.3648031698e-22 -0.118979344519 
0.469953866107 8.60207046124e-23 5.73471364083e-23 -0.113393687585 
0.541890235869 -7.07811995928e-22 -4.71874663952e-22 0.0030710978406 
0.636221256477 -2.62256533706e-22 -1.74837689137e-22 0.0381447302963 
0.729365592965 5.92694853396e-22 3.95129902264e-22 0.0422452303298 
0.821743182406 3.50147894474e-23 2.33431929649e-23 0.0453624134245 
0.912510233194 4.89979754729e-23 3.26653169819e-23 0.0453977435318 
0.98809904593 9.26502117287e-05 6.17668078191e-05 0.0437490807977 
1.05089193155 6.37393693725e-07 4.2492912915e-07 0.0466492680999 
1.10558504655 -3.82398088175e-24 -2.54932058784e-24 0.0416017809969 
1.14024182279 -3.53529094476e-22 -2.35686062984e-22 0.0406477199626 
1.17100966898 4.58032826753e-23 3.05355217835e-23 0.0386456016035 
1.19787382483 3.95824601829e-24 2.63883067886e-24 0.0340750835083 
1.20724849679 4.94558962002e-23 3.29705974668e-23 0.0356418411229 
1.20655873694 -1.01084290173e-22 -6.73895267819e-23 0.0366837469549 
1.2069283489 1.00040997743e-21 6.66939984951e-22 0.0378339153295 
1.21185325863 -4.42584048137e-22 -2.95056032091e-22 0.0367566481243 
1.21590067782 -9.51205006733e-23 -6.34136671155e-23 0.0376445400594 
1.21866010054 8.89015032392e-22 5.92676688261e-22 0.0346646343107 
1.21788969781 4.52160252796e-22 3.0144016853e-22 0.0330970853651 
1.21773092165 4.85245947393e-22 3.23497298262e-22 0.0340294179272 
1.20939562688 9.22285141322e-20 6.14856760881e-20 0.0375185235602 
1.20265707358 1.04261054903e-21 6.95073699352e-22 0.0385658112967 
1.20653887143 8.64759456498e-22 5.76506304332e-22 0.0365844886873 
1.20453505495 -4.22374502328e-23 -2.81583001552e-23 0.0388869130783 
1.20665074391 -2.07297083678e-23 -1.38198055785e-23 0.0372802855806 
1.20617313264 -9.24868281299e-23 -6.16578854199e-23 0.0368110252661 
1.20316476355 0.00022563086639 0.000150420577594 0.0357218370003 
1.19720932831 6.44068048913e-19 4.29378699275e-19 0.0360709532804 
1.19325308662 -1.35525271561e-19 -9.03501810405e-20 0.0354963254352 
1.19355236971 7.85799451401e-23 5.23866300934e-23 0.0351606171175 
1.18879584829 6.53417214201e-19 4.35611476134e-19 0.0383912472197 
1.18066336244 3.71813096167e-19 2.47875397445e-19 0.0409949403139 
1.17938773959 -3.49625586427e-22 -2.33083724285e-22 0.0405315656319 
1.17401823613 1.8821394101e-19 1.25475960674e-19 0.0410488510172 
1.17206267387 1.36530996357e-22 9.10206642382e-23 0.0408877095416 
1.16843325972 4.29793127589e-20 2.86528751726e-20 0.0395693868336 
1.14657758017 6.87740838078e-19 4.58493892052e-19 0.0431033609147 
1.11192931277 0.00899025389215 0.00599350259477 0.0438571524585 
1.05402578693 0.0243642565103 0.0162428376735 0.0455987605919 
0.975230448107 0.0453550767581 0.0302367178388 0.0456955015357 
0.844505151358 0.0790272519685 0.0526848346456 0.0573763733177 
0.674664714746 3.76813627855e-17 2.51209085237e-17 0.0767576552499 
0.516631174238 4.81047005863e-18 3.20698003908e-18 0.0738542484486 
0.379238930952 1.73280796613e-17 1.15520531075e-17 -0.199765517757 
0.286150841127 -2.7707700873e-22 -1.8471800582e-22 -0.164623765413 
0.217943159936 -3.7790387496e-22 -2.5193591664e-22 -0.119423384042 
0.174314068351 -7.00746830995e-22 -4.67164553997e-22 -0.0970526815985 
0.134321719651 2.2216089506e-21 1.48107263373e-21 -0.0847954707556 
0.11252694532 1.40229192848e-21 9.34861285654e-22 -0.07504850531 
0.0978269171384 7.0742122207e-22 4.71614148047e-22 -0.0730460499593 
0.0887526168742 8.18765054204e-22 5.45843369469e-22 -0.069719358763 
0.0767242163422 3.50610618276e-21 2.33740412184e-21 -0.0668067005952 
0.0729022296436 2.10955185074e-21 1.40636790049e-21 -0.0621087044141 
0.0729022296436 2.10955185074e-21 1.40636790049e-21 -0.0621087044141 
0.0703355079774 1.80941973184e-21 1.20627982122e-21 -0.0616607143556 
0.0762510915233 6.67148456477e-22 4.44765637651e-22 -0.0611642714411 
0.0762510915233 6.67148456477e-22 4.44765637651e-22 -0.0611642714411 
0.0849800197861 -3.55229492517e-22 -2.36819661678e-22 -0.0606007105067 
0.0849800197861 -3.55229492517e-22 -2.36819661678e-22 -0.0606007105067 
0.0813002042791 -2.1969583186e-21 -1.46463887907e-21 -0.0632146823002 
0.0973683935068 -2.30744799399e-21 -1.53829866266e-21 -0.0640526646124 
0.102878590559 1.85672154225e-21 1.2378143615e-21 -0.0668569295911 
0.109161604609 -6.19414917698e-22 -4.12943278466e-22 -0.0687973345987 
0.118683615577 6.7136828108e-22 4.47578854053e-22 -0.070859336931 
0.125877704555 -5.37127638098e-24 -3.58085092065e-24 -0.0806505666778 
0.134050208105 3.97743716126e-21 2.65162477417e-21 -0.0828498346401 
0.141616265749 -1.02031131533e-22 -6.80207543551e-23 -0.0849968186345 
0.141616265749 -1.02031131533e-22 -6.80207543551e-23 -0.0849968186345 
0.148133233982 1.49023447861e-21 9.93489652406e-22 -0.0870901031944 
0.151535750456 1.48216767567e-21 9.88111783782e-22 -0.0890964078265 
0.160910472157 3.21122393404e-21 2.14081595602e-21 -0.0907130481422 
0.173653920624 3.93787539009e-21 2.62525026006e-21 -0.10314059057 
0.19638376538 2.59411313608e-22 1.72940875738e-22 -0.103000338516 
0.221666966895 6.46125750493e-22 4.30750500329e-22 -0.124070798585 
0.276636445876 3.59801862174e-21 2.39867908116e-21 -0.148750865481 
0.326939070286 2.38128840107e-21 1.58752560071e-21 -0.145363756976 
0.374849302118 9.10670766309e-22 6.07113844206e-22 -0.143301568485 
0.426295929824 2.56858979431e-21 1.71239319621e-21 -0.138589416402 
0.466377206091 9.22341214222e-23 6.14894142815e-23 -0.00910788435303 
0.501819916868 -4.91039267179e-22 -3.27359511453e-22 0.0456265159794 
0.525396344251 -1.05982267653e-22 -7.06548451019e-23 0.0452235192602 
0.542358280658 -3.77658289028e-23 -2.51772192685e-23 0.0477382937518 
0.567533798709 -1.85305104164e-22 -1.23536736109e-22 0.0817011126644 
0.581632552264 1.01951942171e-22 6.79679614472e-23 0.0808954132798 
0.594856155281 -4.29606635438e-22 -2.86404423625e-22 0.080394001806 
0.603635276661 7.76615161895e-23 5.17743441264e-23 0.0826447966831 
0.623315735306 4.26938608364e-22 2.84625738909e-22 0.0810802225596 
0.631623131806 2.01570143343e-22 1.34380095562e-22 0.0812565846955 
0.636899415958 -2.97734198936e-22 -1.98489465958e-22 0.0834263793169 
0.64834947275 -4.19756108962e-23 -2.79837405975e-23 0.083522524145 
0.66112798204 2.4259353221e-22 1.61729021474e-22 0.0845891253426 
0.670480443355 2.59385210913e-22 1.72923473942e-22 0.0863785880585 
0.683727972023 -4.9047889102e-23 -3.26985927347e-23 0.0806667714902 
0.679848224871 -1.27991815162e-22 -8.53278767749e-23 0.0785166743314 
0.687585916326 4.29168945128e-23 2.86112630085e-23 0.0784596973873 
0.706022711588 -1.58137536216e-22 -1.05425024144e-22 0.0643847283238 
0.725131663703 3.16542289137e-23 2.11028192758e-23 0.0604262407009 
0.730810976998 -7.29326930053e-23 -4.86217953369e-23 0.0638012422222 
0.745297674193 1.3444975684e-22 8.96331712266e-23 0.0641546385562 
0.761797573983 -3.56778930326e-22 -2.37852620217e-22 0.0635043414926 
0.774421452381 5.02656348059e-22 3.3510423204e-22 0.0654970974097 
0.798622315807 3.07534117583e-22 2.05022745056e-22 0.056742757124 
0.825199953505 4.94509950365e-23 3.29673300243e-23 0.0576393649053 
0.848909773644 2.09348837897e-22 1.39565891931e-22 0.0538963272418 
0.866660078818 -4.00789844988e-23 -2.67193229992e-23 0.0528279005027 
0.890928422179 4.01479940953e-23 2.67653293969e-23 0.0482779379486 
0.904037727279 -5.20759960918e-23 -3.47173307279e-23 0.0455622912605 
0.922289841824 9.33129403035e-10 6.2208626869e-10 0.0431414685952 
0.935561080928 5.73656553894e-09 3.82437702596e-09 0.043333776346 
0.946391998614 1.96508209331e-07 1.31005472887e-07 0.0396977963184 
0.954718860518 2.5517905766e-07 1.70119371773e-07 0.0398621393714 
0.966228094645 5.18175974662e-07 3.45450649775e-07 0.0388683582121 
0.977379070223 4.44785234527e-07 2.96523489685e-07 0.035157803751 
0.992556357082 4.58265265659e-07 3.05510177106e-07 0.0367016185926 
1.00822654781 2.60759665299e-06 1.73839776866e-06 0.0374581395462 
1.02873190492 -1.61167973982e-22 -1.07445315988e-22 0.0410892691707 
1.05404941512 3.74671033505e-23 2.49780689003e-23 0.0422883363139 
1.07474057224 4.39663151364e-22 2.93108767576e-22 0.0459399831524 
1.0939354596 1.61648610419e-22 1.0776574028e-22 0.048578067055 
1.11241037257 7.57285460847e-23 5.04856973898e-23 0.051237761054 
1.14139820909 -2.77231040677e-22 -1.84820693784e-22 0.0487607778122 
1.14920533796 -3.82700967971e-22 -2.55133978647e-22 0.0539593733292 
1.16652179593 -1.5920493641e-22 -1.06136624273e-22 0.0510126543295 
1.18807722043 -6.0567671414e-22 -4.03784476093e-22 0.0451995377434 
1.19787365058 1.2347991998e-21 8.23199466536e-22 0.0419132587436 
1.21017015692 2.1743818003e-22 1.44958786687e-22 0.0440420109879 
1.23037943838 2.53849241692e-22 1.69232827795e-22 0.0422773008433 
1.25247204277 5.11308592628e-22 3.40872395085e-22 0.0386228383224 
1.26628027297 -1.41235116607e-22 -9.41567444047e-23 0.0346447644125 
1.27500599458 9.75556098901e-23 6.50370732601e-23 0.0361553082244 
1.28010553292 -5.26796558751e-23 -3.51197705834e-23 0.0389657977208 
1.29439168113 -1.81825415554e-22 -1.21216943703e-22 0.0365173510242 
1.29912275699 -1.03759881608e-22 -6.91732544052e-23 0.0342435739481 
1.29802339656 1.47884281742e-21 9.85895211612e-22 0.0389270820959 
1.29874466312 1.46125578484e-22 9.74170523224e-23 0.0417763853542 
1.29872475997 5.81636254271e-22 3.87757502848e-22 0.0457827998415 
1.30411545027 7.60616636604e-22 5.07077757736e-22 0.0471280268639 
1.29506314711 -2.23211048489e-22 -1.48807365659e-22 0.051707286329 
1.29208599218 -8.90364443286e-22 -5.93576295524e-22 0.0513867042957 
1.28483594168 -7.6197207583e-22 -5.07981383886e-22 0.0533659956542 
1.28040299156 1.96516551766e-21 1.3101103451e-21 0.0547741532603 
1.26412499647 3.20265234382e-22 2.13510156255e-22 0.0599616389896 
1.24510700443 -1.6083266733e-23 -1.0722177822e-23 0.0670550478257 
1.24346669915 -3.54631376361e-22 -2.36420917574e-22 0.0692167904013 
1.23759705946 1.36694244177e-21 9.11294961177e-22 0.0659670110652 
1.23579182239 -1.40354978475e-23 -9.35699856499e-24 0.0685561029061 
1.22343573036 8.12806027729e-22 5.41870685152e-22 0.0713201657338 
1.19381595568 -2.88792906825e-22 -1.9252860455e-22 0.0821257035875 
1.17869883112 -2.34082621682e-22 -1.56055081121e-22 0.0937990512989 
1.1537960525 -1.57867169668e-22 -1.05244779779e-22 0.0941820526257 
1.1399499513 -5.69595458943e-22 -3.79730305962e-22 0.100000159712 
1.11784877625 1.01455025155e-22 6.7636683437e-23 0.111055193721 
1.09297050947 -1.33883937453e-22 -8.92559583021e-23 0.119376732405 
1.06891885879 -2.24730549472e-23 -1.49820366315e-23 0.127443061503 
1.05196616384 6.65523753325e-23 4.43682502217e-23 0.132743257829 
1.03224739924 -4.39000346048e-23 -2.92666897365e-23 0.13691256069 
1.01404430842 -6.80820193427e-23 -4.53880128951e-23 0.146795933171 
0.99206085049 0.000538985973986 0.000359323982657 0.15957749236 
0.976383074727 0.00194527942206 0.00129685294804 0.166331576566 
0.9544992281 0.00785130402651 0.00523420268434 0.174999337067 
0.939073382397 0.0157690608328 0.0105127072219 0.183417468416 
0.907582824828 0.0294562199345 0.0196374799563 0.192224363401 
0.873138271862 0.0504137394756 0.0336091596504 0.205466516602 
0.840963431494 0.0817642485346 0.0545094990231 0.224878777161 
0.874590433442 0.394398502662 0.262932335108 0.162167962712 
0.840036615138 0.413390217915 0.27559347861 0.168493890219 
0.808385685584 0.441873203022 0.294582135348 0.174134434189 
0.856747863106 0.633609958439 0.42240663896 0.143659170432 
0.827802419199 0.67689877591 0.451265850607 0.146717276759 
0.811761480176 0.725450881767 0.483633921178 0.14745206252 
0.807360237312 0.763741679184 0.509161119456 0.14521644197 
0.795622968326 0.808418370815 0.538945580544 0.145641164706 
0.788442696861 0.840952143541 0.560634762361 0.147184249347 
0.776234749575 0.879316418377 0.586210945584 0.152133522804 
0.763255173201 0.915947438778 0.610631625852 0.151644959319 
0.756896395426 0.93828798815 0.625525325433 0.156521992848 
0.74163796251 0.970529748477 0.647019832318 0.147623407877 
0.722720743102 0.994581600378 0.663054400252 0.141896882768 
0.717891819426 1.01208388271 0.674722588475 0.146880801885 
0.668362775566 1.03539349028 0.690262326854 0.140571484882 
0.665402305815 1.05744890795 0.704965938636 0.145036803382 
0.629988809876 1.07868311566 0.719122077108 0.132523723445 
0.627908440561 1.09917651115 0.73278434077 0.135704605758 
0.584876113201 1.12352840447 0.749018936311 0.120893364257 
0.580573655039 1.14290713393 0.761938089283 0.11390627461 
0.543080715152 1.16358011755 0.775720078364 0.107638340253 
0.536352942836 1.19095772525 0.793971816831 0.0987952442244 
0.479274032173 1.21746970325 0.811646468831 0.0820389220545 
0.431440790355 1.25375652582 0.835837683881 0.0574202192088 
0.387665742771 1.28573571077 0.857157140514 0.0307656669215 
0.35152570944 1.31194003841 0.874626692276 0.0069642501323 
0.322001818451 1.33462214525 0.889748096832 -0.0154720032326 
0.323788949227 1.34882763876 0.89921842584 -0.0295165784787 
0.325163097818 1.35959576789 0.906397178594 -0.0387610244289 
0.327348852353 1.36997550991 0.913317006609 -0.0477978324165 
0.431476742183 1.37616490005 0.917443266701 -0.0333504327963 
0.501951940264 1.37725975106 0.918173167371 -0.0224398226621 
0.553946721882 1.37749203741 0.918328024942 -0.0148266647658 
0.590426852089 1.37859528173 0.919063521154 -0.0106896643465 
0.618245843596 1.37981913584 0.91987942389 -0.00693590426619 
0.636997336088 1.38071992697 0.920479951316 -0.00687659953832 
0.651031138933 1.38236243167 0.921574954443 -0.0044459423525 
0.667067913256 1.38188357358 0.921255715718 -0.00388764536931 
0.679857977672 1.38137178988 0.920914526586 -0.00436345476992 
0.679933007061 1.38223765906 0.921491772708 -0.00433588747554 
0.692420735628 1.38004114992 0.920027433282 -0.00397267025516 
0.693282725896 1.38180063333 0.921200422222 -0.00486210147298 
0.693310175812 1.38149921741 0.920999478272 -0.00336015186236 
0.69337579096 1.38204634679 0.921364231192 -0.00338110386514 
0.694502224776 1.38197351567 0.921315677115 -0.00541193279512 
0.69384174235 1.38394271411 0.922628476073 -0.00335700288301 
0.694341668801 1.38176745374 0.921178302496 -0.00478479426491 
0.693394964552 1.38163327679 0.921088851191 -0.00306627916952 
0.69120825597 1.38096800644 0.920645337626 -0.000785930113703 
0.670276844222 1.37669290694 0.917795271296 -0.00573150666027 
0.614242981386 1.36944365307 0.912962435383 -0.0159194986854 
0.543913537216 1.36017702926 0.906784686176 -0.029638763812 
0.421232975695 1.34561919875 0.897079465834 -0.0477721634923 
0.36771145177 1.32105065824 0.880700438828 -0.0484802240673 
0.366748609341 1.29146550054 0.860977000358 -0.0346785906233 
0.427610598663 1.25653337364 0.837688915762 -0.0141969982217 
0.475577895111 1.21709247726 0.811394984839 0.00686918485132 
0.520351072881 1.17931137952 0.786207586349 0.0242693263867 
0.574003602552 1.13280026412 0.755200176078 0.033368335717 
0.615535778448 1.09155106262 0.727700708414 0.0449897413686 
0.648597837717 1.05539542682 0.703596951213 0.0525372020797 
0.662561855 1.0105963411 0.673730894069 0.0562435583407 
0.711312686313 0.978815711623 0.652543807749 0.0573855215636 
0.722972800432 0.938730523129 0.625820348753 0.0599664498913 
0.741933866602 0.896159316608 0.597439544405 0.0588409872464 
0.762215106541 0.858809730865 0.572539820577 0.0596576207453 
0.784817539387 0.820144132513 0.546762755009 0.0610191049169 
0.80787296548 0.783100114642 0.522066743094 0.0616861905209 
0.829316979327 0.749020095355 0.499346730236 0.0597316859042 
0.847063383344 0.718281493745 0.478854329163 0.0588336852761 
0.863151834153 0.686212627477 0.457475084985 0.0546415402101 
0.880233010346 0.649276862466 0.432851241644 0.0558617695874 
0.896945876235 0.61037087839 0.406913918927 0.0557508462149 
0.848864904227 0.446627333853 0.297751555902 0.0559683742835 
0.881898653701 0.423850932153 0.282567288102 0.0508915670429 
0.859894892268 0.224596607738 0.149731071825 0.0644561575657 
0.892870725426 0.213138166087 0.142092110724 0.055703101094 
0.927111109439 0.198833962915 0.132555975277 0.0471712926186 
0.943346049684 0.188186908557 0.125457939038 0.0547879298729 
0.927802669454 -5.10526105573e-18 -3.40350737049e-18 0.0658551034835 
0.957728423362 -2.2472403753e-23 -1.4981602502e-23 0.058110980129 
0.98402759319 1.24558889502e-22 8.3039259668e-23 0.0452342519238 
1.00835128402 -4.04239698244e-23 -2.69493132162e-23 0.0364954307468 
1.03252940192 -2.61029948017e-23 -1.74019965345e-23 0.0282991748091 
1.05112342782 2.16569937952e-22 1.44379958634e-22 0.0187632214735 
1.06459317861 -2.12238147355e-23 -1.41492098237e-23 0.0182903130537 
1.07294191965 3.85024736694e-24 2.56683157796e-24 0.0125588632259 
1.09782181451 2.32875708319e-22 1.55250472213e-22 0.00598948039355 
1.10810595442 3.50901816018e-22 2.33934544012e-22 0.000390773203277 
1.1249092149 2.61277157618e-22 1.74184771746e-22 -0.00484552284806 
1.13618410529 -3.01815056395e-22 -2.01210037597e-22 -0.00752265604353 
1.1560252239 2.03023184135e-22 1.35348789423e-22 -0.0158133161095 
1.17273121188 -3.53872796353e-22 -2.35915197569e-22 -0.0200175261813 
1.18407891272 1.77388897664e-22 1.1825926511e-22 -0.0217070458773 
1.19404580879 1.21548375423e-22 8.1032250282e-23 -0.024606756659 
1.18721258586 1.36851271811e-22 9.12341812071e-23 -0.0233441919216 
1.19456203744 -3.70001131743e-22 -2.46667421162e-22 -0.0275407226212 
1.19569133021 -2.02907248411e-22 -1.35271498941e-22 -0.0264784318857 
1.19502039449 5.41391233627e-23 3.60927489085e-23 -0.0249546423063 
1.19562944876 3.3562610101e-22 2.23750734007e-22 -0.0267840665796 
1.19117690318 -1.56353228839e-22 -1.04235485892e-22 -0.0248957067302 
1.19190014285 1.43085095871e-22 9.5390063914e-23 -0.0224955578532 
1.19181475366 2.90323218959e-22 1.9354881264e-22 -0.0207271831387 
1.19181475366 2.90323218959e-22 1.9354881264e-22 -0.0207271831387 
1.19140070311 4.67430343594e-22 3.11620229063e-22 -0.0189621271295 
1.18850548568 3.17124941543e-23 2.11416627695e-23 -0.016871222589 
1.19285894779 4.09655674487e-22 2.73103782992e-22 -0.0188076320647 
1.18559617442 6.739392575e-22 4.49292838333e-22 -0.0158744239069 
1.18510526 3.476680297e-22 2.31778686467e-22 -0.0146994159998 
1.17318459623 -4.98328456054e-22 -3.32218970702e-22 -0.00903033630312 
1.16473956175 1.64605594197e-22 1.09737062798e-22 -0.00599913462092 
1.1705749785 3.40850914286e-22 2.27233942857e-22 -0.0105569009218 
1.17565950331 3.95445656353e-22 2.63630437568e-22 -0.0128551205607 
1.16694751605 6.55593521126e-22 4.37062347417e-22 -0.00797918324619 
1.16551418059 2.37660281058e-22 1.58440187372e-22 -0.00563688052891 
1.15608093112 4.30597929074e-22 2.8706528605e-22 -0.00381558303337 
1.14806060127 1.48363355951e-23 9.89089039672e-24 -0.000110395891642 
1.14419503641 -4.25675238462e-22 -2.83783492308e-22 -1.36461147969e-05 
1.14180580092 -2.32114240053e-22 -1.54742826702e-22 0.00406007447671 
1.12533436623 4.08277813769e-22 2.72185209179e-22 0.0122281607347 
1.11422906194 2.28427073494e-22 1.52284715662e-22 0.0177882767147 
1.09247567585 5.74676045497e-22 3.83117363665e-22 0.0274069200605 
1.06942068576 -2.15526160156e-22 -1.43684106771e-22 0.0338206837306 
1.03837690491 -2.87121428715e-19 -1.9141428581e-19 0.0454846063259 
1.01580475042 0.000375971091292 0.000250647394195 0.058021648154 
0.987694641847 0.00227451334234 0.00151634222823 0.0636429381231 
0.965734013559 0.00466564689703 0.00311043126468 0.0717864280863 
0.930313396946 0.0129517360279 0.00863449068528 0.0900088560693 
0.881808056594 0.027154365464 0.0181029103094 0.109494745228 
0.836217694676 0.0454734152377 0.0303156101585 0.129554840465 
0.78516304173 0.0704969800793 0.0469979867196 0.151683539839 
0.858099272089 0.563387710772 0.375591807181 0.0905883869508 
0.804149362876 0.618213498185 0.412142332123 0.0950475063643 
0.829860531177 0.750378801143 0.500252534095 0.0903304497953 
0.78266776274 0.840426638563 0.560284425709 0.094678619859 
0.760895670879 0.904792320144 0.603194880096 0.0928880493359 
0.744830399937 0.956666322803 0.637777548535 0.091698753764 
0.699139604495 0.999563023724 0.666375349149 0.0903164712538 
0.692696566342 1.02581484148 0.683876560984 0.0862690830422 
0.659799821257 1.04423472975 0.696156486501 0.0844901177473 
0.65749276986 1.05979362805 0.706529085364 0.0867507445018 
0.655875182462 1.06808087437 0.712053916246 0.0863616014307 
0.654053931464 1.07618216063 0.717454773755 0.0864761139946 
0.65219268247 1.08261037684 0.721740251224 0.0873965304208 
0.624525933005 1.08105369934 0.720702466229 0.0797648063168 
0.624227856593 1.08370926359 0.722472842391 0.0809471713615 
0.624519209489 1.0812807528 0.720853835201 0.0807882506794 
0.624519209489 1.0812807528 0.720853835201 0.0807882506794 
0.623904013511 1.08645889575 0.7243059305 0.0815649130765 
0.623904013511 1.08645889575 0.7243059305 0.0815649130765 
0.623531535002 1.08859528945 0.725730192967 0.080864180387 
0.623677750994 1.08580505263 0.723870035087 0.0793347583667 
0.624013863367 1.0827653654 0.721843576934 0.0767686433687 
0.624557349841 1.07816106207 0.71877404138 0.0755669655744 
0.625700690627 1.06977114217 0.71318076145 0.0755887427188 
0.628310392097 1.0540740357 0.702716023798 0.0745088464799 
0.670440406448 1.03043796809 0.686958645396 0.0856768161472 
0.679040603965 0.99657096781 0.664380645207 0.0886421420409 
0.725558451822 0.961382515613 0.640921677075 0.09017931188 
0.743432007867 0.900030746183 0.600020497455 0.0904664882036 
0.773833168395 0.829437789103 0.552958526069 0.0894843519476 
0.814649389233 0.754308560118 0.502872373412 0.087461245416 
0.86625170237 0.669186834435 0.44612455629 0.081980668738 
0.853761096717 0.414090801635 0.276060534423 0.0800236682891 
0.882170268325 0.139251202677 0.092834135118 0.0835456283088 
0.944977469504 0.119182665367 0.0794551102447 0.0646504489471 
0.984443051439 4.2961231307e-17 2.86408208713e-17 0.0594633520682 
1.03194682447 -2.55237572969e-23 -1.7015838198e-23 0.0384690261075 
1.073648155 -1.19287472763e-23 -7.95249818421e-24 0.0260597763957 
1.10762463418 3.03950418602e-22 2.02633612401e-22 0.0100634891352 
1.12862704829 2.43615795207e-22 1.62410530138e-22 0.00510882949516 
1.14895947599 1.25536837249e-22 8.36912248329e-23 -0.00200648643663 
1.16263828763 4.55790475826e-22 3.03860317217e-22 -0.00740646790361 
1.17036462839 -8.59065233415e-23 -5.7271015561e-23 -0.00890703983685 
1.18000634749 3.4251111893e-22 2.28340745954e-22 -0.0136381792328 
1.18106231692 4.49217310249e-22 2.99478206833e-22 -0.0164915630252 
1.1848662288 -2.19065761412e-22 -1.46043840942e-22 -0.0159929378354 
1.18658994389 4.85173608309e-22 3.23449072206e-22 -0.0176556533191 
1.19193969123 3.7492814332e-24 2.49952095547e-24 -0.0197000346423 
1.19746340696 -1.66854827249e-22 -1.112365515e-22 -0.0217602292198 
1.19329271612 -1.50725457503e-22 -1.00483638336e-22 -0.0233864655447 
1.19254216803 -6.07695283339e-23 -4.05130188893e-23 -0.0214381637836 
1.19341917955 1.94568847834e-22 1.29712565223e-22 -0.0204630685247 
1.19947982521 -5.5893876424e-22 -3.72625842826e-22 -0.0242324980239 
1.19600636218 5.36208684701e-22 3.57472456467e-22 -0.0217392241455 
1.18972971427 9.41848718983e-23 6.27899145989e-23 -0.0189864367287 
1.18785890201 -1.81461044484e-22 -1.20974029656e-22 -0.0189724581367 
1.18180994383 3.62099072888e-22 2.41399381925e-22 -0.0152709259796 
1.18614886792 8.56071628793e-24 5.70714419196e-24 -0.0163771391799 
1.19155495789 -2.22125714021e-23 -1.48083809348e-23 -0.0160979879273 
1.1914979906 1.55295269425e-22 1.03530179617e-22 -0.0170780565975 
1.20119360913 -1.72006698007e-22 -1.14671132005e-22 -0.0188329032292 
1.20045544847 1.65377309478e-22 1.10251539652e-22 -0.0196148805182 
1.19268019736 3.69570352356e-23 2.46380234904e-23 -0.0160306747627 
1.18802314825 1.37912321717e-22 9.19415478114e-23 -0.0144447023376 
1.18243671376 5.3909442317e-22 3.59396282114e-22 -0.0128539094456 
1.1807350294 1.04049078695e-22 6.93660524634e-23 -0.0105984666046 
1.17944998433 5.51142973493e-24 3.67428648996e-24 -0.00914143469323 
1.17380145175 -2.24675975077e-22 -1.49783983385e-22 -0.00775660606966 
1.17380145175 -2.24675975077e-22 -1.49783983385e-22 -0.00775660606966 
1.17216496733 5.14247982162e-22 3.42831988108e-22 -0.00719760057749 
1.16190622252 -1.32403850362e-22 -8.82692335748e-23 -0.00127074224799 
1.15031646838 1.62461191458e-22 1.08307460972e-22 0.000638759160524 
1.14056845315 4.9563373536e-22 3.3042249024e-22 0.0060310990058 
1.14056845315 4.9563373536e-22 3.3042249024e-22 0.0060310990058 
1.12715206382 -4.04830149925e-23 -2.69886766617e-23 0.0124938719941 
1.10802430946 3.17271668008e-22 2.11514445338e-22 0.0237836195219 
1.0754467297 5.16490813545e-20 3.4432720903e-20 0.0371478995658 
1.01711703147 0.00318753910308 0.00212502606872 0.0543744936272 
0.958821148248 0.0153788966799 0.0102525977866 0.0858352111094 
0.888184376001 0.0347175948581 0.0231450632387 0.114897828215 
0.863402926508 0.415294017767 0.276862678511 0.0954874961982 
0.862298390561 0.636065936821 0.42404395788 0.0976030737271 
0.837542088458 0.752972772374 0.501981848249 0.106253557343 
0.789372454373 0.848444786746 0.565629857831 0.116687568866 
0.763942590734 0.922557276442 0.615038184295 0.121589123915 
0.742051128933 0.990377655723 0.660251770482 0.126213950064 
0.669850706315 1.03900588147 0.692670587646 0.122412765508 
0.65949342456 1.08364938413 0.722432922755 0.121930574544 
0.599143288231 1.11323804901 0.742158699341 0.117117850741 
0.594347830328 1.13900850827 0.759339005511 0.113391374056 
0.555082162336 1.15396409604 0.769309397359 0.107058346084 
0.551745715236 1.1704202639 0.780280175937 0.104126338153 
0.526000566608 1.17716236887 0.784774912578 0.096936972825 
0.525466904631 1.18639113721 0.790927424808 0.0981665241496 
0.525063716863 1.19123830467 0.79415886978 0.0982377455632 
0.522340985346 1.19608900613 0.797392670751 0.0935878671929 
0.521824963688 1.19841156755 0.798941045036 0.0938358248758 
0.521189042424 1.202757131 0.801838087334 0.0940677747485 
0.487395737674 1.20750482683 0.805003217886 0.08658727359 
0.487335649017 1.2087372555 0.805824836999 0.0866732485551 
0.487657255388 1.20879982603 0.805866550689 0.0826720071745 
0.487487054421 1.21130815238 0.807538768253 0.0827082549598 
0.487487054421 1.21130815238 0.807538768253 0.0827082549598 
0.487225745044 1.2141512107 0.809434140467 0.0827540997381 
0.487225745044 1.2141512107 0.809434140467 0.0827540997381 
0.487142047924 1.21260132431 0.808400882873 0.0818085956883 
0.487509710673 1.20974187721 0.806494584804 0.0771165292555 
0.487509710673 1.20974187721 0.806494584804 0.0771165292555 
0.487509710673 1.20974187721 0.806494584804 0.0771165292555 
0.487132427234 1.20595827419 0.803972182795 0.0812835813221 
0.487208048991 1.20358332448 0.802388882987 0.0818037742731 
0.488463434551 1.19723823547 0.798158823644 0.0866387721657 
0.4892619944 1.18815460695 0.792103071298 0.0856841065093 
0.524937512882 1.17668190642 0.78445460428 0.0918837972053 
0.527509716069 1.16148581478 0.774323876518 0.0958324647091 
0.571688878296 1.13733031809 0.758220212061 0.102989364607 
0.612970516306 1.09780403511 0.731869356737 0.109293460337 
0.671880856624 1.03379335075 0.689195567165 0.113024613804 
0.724823963885 0.967988610575 0.645325740383 0.112821750651 
0.744897965917 0.892983444576 0.595322296384 0.108303614539 
0.790335939903 0.781285419378 0.520856946252 0.0945728705914 
0.854844308558 0.670406455547 0.446937637031 0.083040546729 
0.849672592727 0.43342122111 0.28894748074 0.0791637102887 
0.872837570116 0.150494177606 0.100329451737 0.082159618229 
0.951457679838 0.119989781248 0.0799931874984 0.0558807773635 
0.98649941696 -1.66695465157e-17 -1.11130310105e-17 0.0436977299691 
1.03848783538 1.57604626399e-22 1.05069750933e-22 0.0194250893583 
1.07552318417 1.12526714177e-22 7.50178094511e-23 0.00852573079846 
1.09956153265 1.21933993448e-22 8.12893289655e-23 -0.00120790143632 
1.12273489947 4.85902912647e-22 3.23935275098e-22 -0.00786399956114 
1.1296536013 -2.98059710091e-22 -1.98706473394e-22 -0.01128888019 
1.13835130709 -3.4520790324e-22 -2.3013860216e-22 -0.0145205518048 
1.14306454936 -4.52194530497e-22 -3.01463020332e-22 -0.0153866662443 
1.15502597876 -4.92832114647e-22 -3.28554743098e-22 -0.0173279018572 
1.1551097538 -2.65770975264e-22 -1.77180650176e-22 -0.0132992079344 
1.15946218489 -3.46524837183e-22 -2.31016558122e-22 -0.0128416988041 
1.15946218489 -3.46524837183e-22 -2.31016558122e-22 -0.0128416988041 
1.1622830317 4.19131805576e-22 2.79421203717e-22 -0.0100836854466 
1.1644638115 -6.45138909502e-22 -4.30092606334e-22 -0.0140621747408 
1.16356795398 7.19915621168e-22 4.79943747445e-22 -0.0118310481267 
1.15992994426 -9.24947789091e-23 -6.16631859394e-23 -0.0110264770352 
1.162702419 7.38370616224e-22 4.92247077482e-22 -0.0108418931176 
1.1521555059 -3.37940605631e-22 -2.25293737087e-22 -0.0106152009235 
1.14554002564 1.06670474405e-22 7.11136496035e-23 -0.00894373783687 
1.14554002564 1.06670474405e-22 7.11136496035e-23 -0.00894373783687 
1.1289052482 2.26300002439e-22 1.50866668293e-22 -0.00768500953042 
1.11335522069 1.32825705007e-22 8.85504700047e-23 -0.00746253663119 
1.10289202769 -9.33890115865e-24 -6.22593410577e-24 -0.00659827150647 
1.09169730576 4.10749340434e-22 2.73832893623e-22 -0.00643228031242 
1.07596832667 3.71462895444e-22 2.47641930296e-22 -0.00340785058399 
1.06367912653 -4.12996209962e-23 -2.75330806641e-23 -0.00637420226809 
1.05300508396 -7.55590571501e-23 -5.03727047667e-23 -0.00601208552853 
1.03771038656 0.000797465755954 0.000531643837303 -0.00625594644715 
1.01715141423 0.000223347361999 0.000148898241333 -0.00197063273352 
0.996022946417 0.00351300318766 0.00234200212511 -0.00257274599778 
0.963719481951 0.0101549903362 0.00676999355747 0.0054252003686 
0.928420788771 0.0185200645879 0.0123467097253 0.00715748089285 
0.875999777332 0.0320214578877 0.0213476385918 0.00898620651216 
0.829460628576 0.0449443470217 0.0299628980145 0.00971240733827 
0.844764795792 0.299736233776 0.199824155851 -0.000263407837464 
0.786817212596 0.320674092569 0.213782728379 -0.00429862892097 
0.728006268379 0.343011234932 0.228674156621 -0.00701652033939 
0.591469971725 0.0904172076733 0.0602781384489 -0.02025760741 
0.490633789601 -2.93641983358e-15 -1.95761322239e-15 -0.0614612092759 
0.413437669839 4.67419727856e-18 3.11613151904e-18 -0.0752366687525 
0.33986780088 1.00810560463e-16 6.72070403087e-17 -0.0214152435059 
0.268773167881 -1.5003825494e-17 -1.00025503293e-17 -0.00408200048295 
0.219359186549 -1.08341199993e-21 -7.22274666619e-22 -0.0044081026276 
0.176561409693 -1.13845627466e-21 -7.58970849773e-22 -0.00366459445782 
0.140802380405 -1.51473523549e-24 -1.00982349033e-24 -0.00232233852956 
0.118860139311 -6.84704930768e-22 -4.56469953846e-22 0.00392962942412 
0.110675147971 3.36768314861e-21 2.24512209907e-21 0.00537207063105 
0.0999494099841 4.4239699915e-22 2.94931332767e-22 0.00685207992728 
0.0977957695491 -1.49909765704e-21 -9.99398438026e-22 0.00972391813701 
0.0915353923802 -1.74375201311e-21 -1.16250134207e-21 0.0106645854203 
0.0915353923802 -1.74375201311e-21 -1.16250134207e-21 0.0106645854203 
0.0958973246271 1.79258002487e-21 1.19505334992e-21 0.0111776530002 
0.0958973246271 1.79258002487e-21 1.19505334992e-21 0.0111776530002 
0.0958973246271 1.79258002487e-21 1.19505334992e-21 0.0111776530002 
0.0958973246271 1.79258002487e-21 1.19505334992e-21 0.0111776530002 
0.0938460606778 2.49926826999e-22 1.66617884666e-22 0.0113496116925 
0.0938460606778 2.49926826999e-22 1.66617884666e-22 0.0113496116925 
0.0938460606778 2.49926826999e-22 1.66617884666e-22 0.0113496116925 
0.0910613615986 7.64789119018e-22 5.09859412679e-22 0.0113638386909 
0.0910613615986 7.64789119018e-22 5.09859412679e-22 0.0113638386909 
0.0831702928487 5.14457325268e-22 3.42971550179e-22 0.0104649656197 
0.0861152610158 -3.38177866034e-21 -2.2545191069e-21 0.00459934580685 
0.0861152610158 -3.38177866034e-21 -2.2545191069e-21 0.00459934580685 
0.0816236858727 -1.48863110353e-21 -9.92420735686e-22 -0.00128413486789 
0.0854505960597 -2.22940274162e-21 -1.48626849441e-21 -0.0017235792176 
0.087962759225 4.39541421653e-21 2.93027614435e-21 -0.00270001633228 
0.0910785118329 -8.88615890788e-22 -5.92410593859e-22 -0.00869705313146 
0.0901129077442 5.87797986831e-22 3.91865324554e-22 -0.012339106958 
0.0856854119632 7.92941224463e-22 5.28627482976e-22 -0.0185878178449 
0.0752652290162 -3.25821211173e-22 -2.17214140782e-22 -0.0405637551386 
0.0640872300456 0.0191470180123 0.0127646786749 -0.0792416822734 
0.0634563883669 0.0570024253032 0.0380016168688 -0.133373699548 
0.0557385784722 0.0827763711187 0.0551842474125 -0.193855880034 
0.0405483778526 0.107110115045 0.0714067433634 -0.244180086495 
0.0199428616183 0.100460572732 0.0669737151546 -0.266873491289 
0.0132341281549 0.0870733963496 0.0580489308997 -0.290278465806 
0.00199947127098 0.102453179747 0.0683021198311 -0.336882893621 
0.00228406079841 0.0876020308975 0.0584013539317 -0.358117693753 
-1.44051753559e-18 0.0780696712552 0.0520464475035 -0.370700461502 
1.00023869908e-06 0.0689642510078 0.0459761673385 -0.379127290933 
-2.38825675931e-22 0.0636780314168 0.0424520209445 -0.388674621355 
5.39928541572e-23 0.0597253432817 0.0398168955211 -0.393189045818 
0.00543439807442 0.0490362399081 0.0326908266054 -0.398454281403 
0.00297220195742 0.0465022436412 0.0310014957608 -0.403044393914 
0.0136872990041 0.0329576040626 0.0219717360417 -0.409144608616 
0.011975472549 0.0308673438396 0.0205782292264 -0.412787419267 
0.0170343919307 0.0255977881923 0.0170651921282 -0.418909962352 
0.0242967261408 0.0170907237546 0.0113938158364 -0.425229022006 
0.0347048384367 0.00650658006029 0.00433772004019 -0.432738409827 
0.0447873008936 1.18332783147e-19 7.88885220983e-20 -0.441630529759 
0.0602873422471 6.60009151735e-23 4.40006101157e-23 -0.4610542953 
0.0775162837305 1.8697701316e-22 1.24651342107e-22 -0.482889718057 
0.0936989665807 2.59613514633e-22 1.73075676422e-22 -0.504670788634 
0.109576080002 1.1688659719e-21 7.79243981268e-22 -0.523598775598 
0.113897462144 3.21833024648e-22 2.14555349765e-22 -0.523598775598 
0.113897462144 3.21833024648e-22 2.14555349765e-22 -0.523598775598 
0.12381308465 -5.25199922606e-22 -3.50133281737e-22 -0.523598775598 
0.137875287812 1.1688659719e-21 7.79243981268e-22 -0.523598775598 
0.153369054225 -5.25199922606e-22 -3.50133281737e-22 -0.523598775598 
0.163746947641 -2.21926581711e-21 -1.47951054474e-21 -0.523598775598 
0.185934059275 2.86293186641e-21 1.90862124427e-21 -0.523598775598 
0.205862005415 -7.30146350064e-21 -4.86764233376e-21 -0.523598775598 
0.238212300852 6.25106365543e-21 4.16737577029e-21 -0.523598775598 
0.266872330819 -5.25199922606e-22 -3.50133281737e-22 -0.523598775598 
0.302641296918 -9.93509697384e-21 -6.62339798256e-21 -0.517577195807 
0.597477297473 0.0433929700665 0.028928646711 0.523598775598 
0.609166419986 0.0266292423009 0.0177528282006 0.505875338283 
0.623950355014 0.00396241295706 0.00264160863804 0.481661104957 
0.631981714942 2.09425532355e-19 1.3961702157e-19 0.417573932905 
0.635416543359 -1.8507984134e-23 -1.23386560893e-23 0.381985327413 
0.63823240518 -2.88150364019e-23 -1.92100242679e-23 0.332739137069 
0.642930777855 1.70226352302e-08 1.13484234868e-08 0.280264718455 
0.658063551988 5.98426341371e-07 3.98950894248e-07 0.218294611868 
0.674970421069 2.13345055619e-06 1.4223003708e-06 0.15830178462 
0.6943470374 2.09609519492e-06 1.39739679661e-06 0.109641039888 
0.857394113675 0.465868973749 0.310579315832 0.0223482260278 
0.856521930262 0.465182890201 0.310121926801 0.01131807192 
0.865884683906 0.459036075404 0.306024050269 0.00179228694357 
0.870939233977 0.455554035882 0.303702690588 -0.00805335084349 
0.879691689733 0.450217054394 0.30014470293 -0.014451011069 
0.881606381341 0.448184623342 0.298789748895 -0.0194983474913 
0.815671697571 0.283209256164 0.188806170776 -0.0321004333119 
0.830997581636 0.278176438005 0.18545095867 -0.0410235732282 
0.843138007367 0.274093873061 0.182729248707 -0.0489434042725 
0.852052025772 0.2710316667 0.1806877778 -0.0521896365893 
0.861254448796 0.267786185401 0.178524123601 -0.0574743783973 
0.864409363414 0.266510204432 0.177673469621 -0.0577300771434 
0.864409363414 0.266510204432 0.177673469621 -0.0577300771434 
0.856796883185 0.26842129603 0.178947530687 -0.0551590814203 
0.856892864542 0.268425588149 0.178950392099 -0.0585737518899 
0.855456249291 0.268392485222 0.178928323481 -0.0542993144501 
0.846540347103 0.27079996022 0.180533306813 -0.0540193289634 
0.841147814402 0.271987223898 0.181324815932 -0.0529199967524 
0.831577876878 0.274255023576 0.182836682384 -0.0472227545016 
0.8344865596 0.272879841728 0.181919894485 -0.0429418190378 
0.826171947711 0.275229110983 0.183486073989 -0.0387340103955 
0.827440317214 0.27493981638 0.18329321092 -0.0359337421871 
0.826698149186 0.275043924853 0.183362616569 -0.0298446858824 
0.816160253556 0.278544764271 0.185696509514 -0.020231807295 
0.809912251294 0.280869439247 0.187246292832 -0.0117486143361 
0.796286986425 0.285789215965 0.190526143977 0.00159451327982 
0.779944589746 0.292853354703 0.195235569802 0.0209720911715 
0.770941533125 0.297832503354 0.198555002236 0.0346767821521 
0.756152924937 0.304920202002 0.203280134668 0.0494296900548 
0.754792871867 0.306704548967 0.204469699312 0.0589688195477 
0.749649883411 0.310660277723 0.207106851815 0.0699835567828 
0.741352424665 0.315891538142 0.210594358762 0.0819926141366 
0.736509200006 0.319286076189 0.212857384126 0.093863464279 
0.719406811294 0.328830918168 0.219220612112 0.113621105329 
0.696266767168 0.34167098195 0.227780654633 0.13559783342 
0.671012056359 0.355434345973 0.236956230649 0.156391619622 
0.657584015633 0.362615919615 0.24174394641 0.170073662548 
0.641537918089 2.80220884057e-16 1.86813922705e-16 0.471454445142 
0.634592342552 0.0150267218697 0.0100178145798 0.489585609201 
0.630817056268 0.0246634025443 0.0164422683628 0.503350210657 
0.624513008072 0.0394982238549 0.0263321492366 0.523206480523 
0.61196129997 0.0640017701775 0.042667846785 0.523598775598 
0.606429309499 0.0780224431224 0.0520149620816 0.523598775598 
0.590334988549 0.1066141285 0.0710760856666 0.523598775598 
0.583659703243 0.120522772842 0.0803485152278 0.523598775598 
0.575142842803 0.140646295664 0.0937641971094 0.523598775598 
0.558565545327 0.171795565356 0.114530376904 0.523598775598 
0.551404399433 0.189752910842 0.126501940561 0.523598775598 
0.537628671845 0.207256954392 0.138171302928 0.523598775598 
0.524810524862 0.221412856777 0.147608571185 0.523598775598 
0.524810524862 0.221412856777 0.147608571185 0.523598775598 
0.51152543627 0.243286744292 0.162191162861 0.523598775598 
0.505917320089 0.249207255464 0.166138170309 0.523598775598 
0.507589726529 0.25040034717 0.16693356478 0.523598775598 
0.507589726529 0.25040034717 0.16693356478 0.523598775598 
0.510573690294 0.251451164478 0.167634109652 0.523598728487 
0.513797645993 0.255566503337 0.170377668891 0.523598775598 
0.507830374778 0.274816111898 0.183210741265 0.523598775598 
0.505350616299 0.288008717904 0.192005811936 0.523598775598 
0.500031987669 0.303547499366 0.202364999577 0.523598775598 
0.487611245355 0.327620048026 0.218413365351 0.523598775598 
0.47760734983 0.350865456321 0.233910304214 0.523598775598 
0.471042943237 0.367654386925 0.245102924617 0.523598775598 
0.460205552849 0.393826628727 0.262551085818 0.523598775598 
0.447826465534 0.43254501614 0.288363344094 0.523598775598 
0.433443644186 0.474842356748 0.316561571165 0.523598775598 
0.418296818809 0.515501619643 0.343667746428 0.521604757963 
0.62794295489 0.8461835627 0.564122375133 0.257949556363 
0.621570665745 0.873649421294 0.58243294753 0.268055754694 
0.619427212337 0.896437437203 0.597624958136 0.278707051923 
0.618293184474 0.918350291144 0.612233527429 0.288250632126 
0.617063287119 0.943409573447 0.628939715631 0.298871163147 
0.615720491409 0.972709472004 0.648472981336 0.313759934819 
0.615064709806 0.996743613786 0.664495742524 0.330526979685 
0.614826497834 1.01722924073 0.678152827151 0.343871270867 
0.614855706518 1.03961233996 0.693074893306 0.358131173478 
0.615111779172 1.0590866367 0.7060577578 0.369913961865 
0.614170207983 1.07571489288 0.717143261917 0.386094592081 
0.614856577342 1.09688847271 0.731258981808 0.397583471444 
0.615569899985 1.1161647473 0.744109831534 0.407718300641 
0.616356073878 1.1350267787 0.756684519135 0.416959384569 
0.617130872437 1.15202477149 0.768016514328 0.424647495844 
0.547726947529 1.17847805383 0.785652035886 0.414601879798 
0.548645264217 1.18968750224 0.793125001496 0.419040371227 
0.549466667352 1.19933105954 0.799554039692 0.42258269399 
0.550199471966 1.20755919785 0.805039465236 0.425389671718 
0.551048127269 1.21713510349 0.811423402326 0.428816043253 
0.551818146817 1.22582252323 0.817215015489 0.43174221081 
0.550856470173 1.24200897683 0.82800598455 0.430784259463 
0.463661062328 1.27234053478 0.84822702319 0.409920343573 
0.465078533026 1.28445980806 0.856306538706 0.407075406395 
0.399740668625 1.31188707334 0.87459138223 0.386288383364 
0.400642369812 1.32687881014 0.884585873425 0.382899630704 
0.316987354151 1.35376864576 0.902512430505 0.355785815642 
0.317853248727 1.36776844652 0.911845631012 0.348605085027 
0.234636563133 1.39052153076 0.927014353843 0.322445123664 
0.235247182823 1.40044647474 0.933630983161 0.313216166743 
0.157874587669 1.42022974333 0.946819828886 0.289195392255 
0.120417385302 1.43293729714 0.955291531425 0.273727850833 
0.0865653876619 1.44431638925 0.962877592833 0.257750462672 
0.0860496162668 1.45240813865 0.968272092436 0.249237441927 
0.040779217397 1.46097651264 0.973984341761 0.236447616966 
0.0402385461223 1.46256178901 0.975041192676 0.233155768759 
0.0387239493997 1.46473577072 0.976490513812 0.229760801619 
0.0386465953006 1.46610678208 0.977404521388 0.229866639546 
0.0369660831222 1.46520208035 0.976801386902 0.225644474415 
0.0368922804857 1.46630131815 0.977534212098 0.225798542425 
0.0367338939527 1.46498745271 0.976658301804 0.225744117445 
0.036622557833 1.46361560978 0.975743739852 0.225723720978 
0.0365328728127 1.45934590029 0.972897266863 0.225226343692 
0.0366455760709 1.45905301157 0.972702007716 0.225163641903 
0.0388712378558 1.45859203832 0.97239469221 0.222148129894 
0.0412087406342 1.45832661043 0.972217740288 0.217376762892 
0.0443049856277 1.45712055236 0.971413701574 0.209370378969 
0.0472676714005 1.45729528189 0.971530187926 0.200059636456 
0.0496803597064 1.45947929853 0.972986199019 0.189680333852 
0.0512664123757 1.45838818495 0.972258789969 0.182425763023 
0.0531452509947 1.45634233904 0.970894892691 0.176152192346 
0.0551967656288 1.45747220221 0.971648134806 0.16710511605 
0.0563334864097 1.45919533837 0.972796892245 0.15790506205 
0.0570281782593 1.45974850473 0.973165669822 0.150233040231 
0.0574433430635 1.46119590522 0.974130603482 0.142477133907 
0.0576818369344 1.46000160555 0.973334403703 0.135757077563 
0.0579220972415 1.46019652316 0.973464348776 0.129287889241 
0.0578884303543 1.45924110999 0.97282740666 0.129112680573 
0.0578770928155 1.45696185743 0.971307904953 0.12883003942 
0.0809685993782 1.44804283858 0.965361892384 0.138154231363 
0.127168846798 1.42966136417 0.953107576112 0.161874784527 
0.168578959918 1.41031941619 0.940212944127 0.182344399397 
0.216720491441 1.3857159413 0.923810627536 0.206035748552 
0.280665528537 1.34838430164 0.89892286776 0.231486797874 
0.344853027999 1.3038220829 0.869214721935 0.252488313715 
0.403327056662 1.25721730341 0.838144868941 0.267131666505 
0.45335404207 1.21390570154 0.809270467691 0.277990083159 
0.501388434931 1.16918127033 0.77945418022 0.282509756495 
0.504016426685 1.13009014158 0.753393427723 0.28520507129 
0.564454623931 1.0936782412 0.729118827466 0.289127267916 
0.568029194014 1.05515725707 0.703438171383 0.288169829495 
0.612636598918 1.02386327316 0.682575515443 0.284224804538 
0.616324829862 0.990260869903 0.660173913269 0.279884190179 
0.621080938607 0.953189711146 0.635459807431 0.272106580718 
0.623515735934 0.927858417621 0.618572278414 0.266226574094 
0.570581874444 0.879712148945 0.586474765963 0.271244904711 
0.505719494756 0.824759033579 0.549839355719 0.292112620546 
0.424175467141 0.734946132744 0.489964088496 0.349656149916 
0.382166362846 0.540107787665 0.360071858443 0.523598775598 
0.391435386963 0.526825834168 0.351217222779 0.5139253395 
0.397172547694 0.517664218032 0.345109478688 0.508794639688 
0.394108981547 0.513740787239 0.342493858159 0.506653084439 
0.396850078269 0.506927184852 0.337951456568 0.50387923234 
0.390757410702 0.508395226832 0.338930151221 0.508970746724 
0.385250786478 0.511299834392 0.340866556261 0.514634748248 
0.384319682571 0.507787527089 0.338525018059 0.512476142999 
0.38047279958 0.505589223328 0.337059482219 0.51192356165 
0.376837127995 0.503165699621 0.335443799747 0.51069556552 
0.37125560482 0.505587165756 0.337058110504 0.514394659358 
0.369097819824 0.502494592367 0.334996394911 0.512286741874 
0.362563840649 0.503965831805 0.335977221203 0.515142371247 
0.362156121825 0.501743809311 0.334495872874 0.512934072137 
0.36011320934 0.500785642843 0.333857095228 0.511827656398 
0.350010776404 0.503505470243 0.335670313495 0.51267539375 
0.345260964509 0.498917805888 0.332611870592 0.508332479157 
0.336875108729 0.493094870541 0.328729913694 0.503043106976 
0.303917469015 0.538728562355 0.359152374904 0.438401371091 
0.277854403637 0.536648017362 0.357765344908 0.434571920945 
0.262737342682 0.527335086782 0.351556724521 0.426059867131 
0.238954570067 0.54835246257 0.36556830838 0.360705652001 
0.21236515679 0.53505351121 0.356702340807 0.348373193659 
0.190358882397 0.546687611629 0.364458407752 0.294793422302 
0.173715272048 0.522676278316 0.34845085221 0.272071680406 
0.174881157613 0.486572843136 0.324381895424 0.239125832385 
0.168996603489 0.463927695296 0.309285130197 0.213313958186 
0.165141298394 0.440342944653 0.293561963102 0.185272991535 
0.166388079711 0.411189891828 0.274126594552 0.155120033017 
0.115050655573 0.0152944278128 0.0101962852085 -0.125273932968 
0.146637514362 -2.14892307707e-18 -1.43261538471e-18 -0.101764907682 
0.176187948093 6.55810990186e-23 4.3720732679e-23 -0.0836911573871 
0.198563715545 0.00601268302392 0.00400845534928 -0.0607048233913 
0.229104598506 0.0482557531082 0.0321705020722 -0.0446413179702 
0.253776332859 0.0801677252329 0.0534451501553 -0.00716272914162 
0.277899387227 0.10848897404 0.0723259826932 0.0240421531055 
0.298835873796 0.145963263422 0.0973088422812 0.0513895333989 
0.319461385578 0.143285099052 0.0955233993682 0.0516055913734 
0.378578281551 0.33727419334 0.224849462227 -0.0302073315986 
0.413527004544 0.364056944503 0.242704629669 -0.026586559929 
0.458392413749 0.444368856565 0.296245904376 -0.0169867256673 
0.51765267951 0.533288492557 0.355525661705 -0.013924836543 
0.565568135724 0.576311764058 0.384207842706 -0.0134728960892 
0.610500195316 0.608235330132 0.405490220088 -0.0143880013348 
0.631759564292 0.592919456989 0.395279637993 -0.0179085823711 
0.649139038145 0.581816601604 0.387877734403 -0.021258485805 
0.667968908117 0.569771578061 0.379847718708 -0.0243630252218 
0.680838754509 0.562234117435 0.374822744957 -0.0276929557061 
0.694676785233 0.553916780016 0.369277853344 -0.0325049114445 
0.700950662271 0.551282508389 0.367521672259 -0.0347821051511 
0.710076463101 0.546616755836 0.364411170557 -0.0364478925528 
0.754772950604 0.609175918329 0.406117278886 -0.0324183838338 
0.759242526111 0.605592884222 0.403728589481 -0.0316208576306 
0.764437943223 0.60161596478 0.401077309853 -0.0336430152904 
0.764380629046 0.601735643559 0.401157095706 -0.0325648037018 
0.760684451114 0.605128457884 0.403418971923 -0.0328712576562 
0.762913980486 0.603747721758 0.402498481172 -0.0309657084998 
0.766725864046 0.60076487957 0.400509919713 -0.0329710987264 
0.7657039992 0.601851729128 0.401234486085 -0.0326300230688 
0.759834077078 0.607211842 0.404807894667 -0.0322290683991 
0.766861628635 0.601548962901 0.401032641934 -0.0337833246177 
0.763618132418 0.60412857388 0.402752382586 -0.0338396256414 
0.767261565427 0.600501449339 0.400334299559 -0.0344353746708 
0.699166807993 0.495879547676 0.330586365117 -0.0430060323726 
0.685649021424 0.502036554266 0.334691036178 -0.0436815380309 
0.610840591324 0.334858524868 0.223239016579 -0.0577499569951 
0.568467140976 0.230836179286 0.153890786191 -0.0674943234597 
0.53661577282 0.144535535878 0.0963570239187 -0.0804326880381 
0.494463541108 0.10182809162 0.0678853944135 -0.0706386895822 
0.437652275425 0.0179667064795 0.0119778043197 0.0967427952306 
0.423042208509 0.110759153203 0.0738394354684 0.137586887066 
0.412161812964 0.172855821778 0.115237214519 0.18768828717 
0.403791805784 0.21987125411 0.146580836074 0.228739517025 
0.396367741733 0.266465634469 0.177643756313 0.269926837152 
0.381379485142 0.323510338263 0.215673558842 0.321162331937 
0.358371344487 0.37601749082 0.250678327213 0.368326641796 
0.342001420287 0.411936911231 0.274624607488 0.399739963583 
0.326316101031 0.443590573057 0.295727048705 0.42663753234 
0.313728589987 0.491035508718 0.327357005812 0.398746406297 
0.311912372021 0.503891729431 0.33592781962 0.40963736622 
0.301474541397 0.517880602396 0.345253734931 0.421438195004 
0.292956196913 0.531257293154 0.35417152877 0.432174141294 
0.289173209895 0.539658280971 0.359772187314 0.437502232558 
0.28359940133 0.546577334337 0.364384889558 0.441558877547 
0.281920018652 0.554946025141 0.369964016761 0.447052746281 
0.281920018652 0.554946025141 0.369964016761 0.447052746281 
0.287901471887 0.551482560654 0.367655040436 0.441496352936 
0.287901471887 0.551482560654 0.367655040436 0.441496352936 
0.29439869866 0.5526852647 0.368456843133 0.440901920561 
0.292307876777 0.55680121336 0.371200808907 0.443929388857 
0.292307876777 0.55680121336 0.371200808907 0.443929388857 
0.292307876777 0.55680121336 0.371200808907 0.443929388857 
0.292307876777 0.55680121336 0.371200808907 0.443929388857 
0.288787999501 0.561107290312 0.374071526874 0.447343862856 
0.285505695648 0.557671049831 0.371780699887 0.444107397628 
0.285505695648 0.557671049831 0.371780699887 0.444107397628 
0.275779416175 0.557129720607 0.371419813738 0.442966958279 
0.271384825373 0.556745570883 0.371163713922 0.440625933348 
0.257209572163 0.567173692276 0.378115794851 0.446242315382 
0.251112980501 0.565438721817 0.376959147878 0.442080720439 
0.24248140764 0.566605382853 0.377736921902 0.43900215998 
0.229778749917 0.596622728592 0.397748485728 0.400533301025 
0.214567794329 0.595249702911 0.396833135274 0.398882160967 
0.203310413236 0.590128450017 0.393418966678 0.393211738702 
0.186158733024 0.611197275433 0.407464850288 0.365780050504 
0.172273263784 0.607437183657 0.404958122438 0.361901050243 
0.164029869046 0.604851408466 0.40323427231 0.35852177299 
0.159222599361 0.606357435526 0.404238290351 0.357833904494 
0.161725289914 0.613615310161 0.409076873441 0.361873104568 
0.155290535357 0.635124344279 0.423416229519 0.376500376903 
0.15421168032 0.652262101242 0.434841400828 0.388578619395 
0.151160666723 0.670289687055 0.44685979137 0.402810953068 
0.143521781601 0.696483344584 0.464322229722 0.422164677791 
0.137339310519 0.714280496281 0.476186997521 0.436190620045 
0.130512855753 0.733753861014 0.489169240676 0.450850624167 
0.119439582878 0.759628320669 0.506418880446 0.467845576693 
0.105277028515 0.789011471473 0.526007647649 0.484852607134 
0.082161470902 0.826612162243 0.551074774829 0.503102342675 
0.0554461018261 0.866352656344 0.577568437563 0.519370085057 
0.482739863226 1.11658686866 0.744391245776 0.191014034742 
0.478983979236 1.15221897627 0.768145984181 0.199132320715 
0.436762644786 1.18308678137 0.788724520911 0.202524804744 
0.43338026326 1.2139681287 0.809312085801 0.205951442362 
0.382742308305 1.23900690592 0.826004603947 0.205641053442 
0.343679677116 1.2713953054 0.847596870268 0.201288154375 
0.340891890639 1.29571097087 0.863807313914 0.199429737815 
0.277857814004 1.31962994235 0.879753294899 0.189510734923 
0.277563703149 1.33503299949 0.890021999661 0.181487637637 
0.232196615975 1.3514766792 0.900984452797 0.167689729319 
0.23309263376 1.35955298537 0.906368656914 0.157728951709 
0.199119111347 1.37228652145 0.914857680968 0.13907609255 
0.199182465559 1.38393769803 0.92262513202 0.127067551991 
0.148702740589 1.39667676696 0.931117844638 0.100418038007 
0.109651656338 1.41042593621 0.940283957476 0.0711344769524 
0.0591282543256 1.42485140339 0.949900935594 0.0398099844595 
-9.33616737604e-19 1.44216522426 0.961443482837 0.00934558086429 
-1.58180780893e-21 1.46249125446 0.974994169643 -0.0153021699087 
-4.63755156869e-21 1.48117019316 0.987446795443 -0.0352808220666 
-9.25624263431e-22 1.49810644372 0.998737629148 -0.0526057751281 
7.95536531472e-22 1.51559317913 1.01039545276 -0.0691350163938 
-2.95205421902e-22 1.53046880956 1.02031253971 -0.0814474309167 
3.49442098107e-23 1.5437551678 1.02917011186 -0.0933380183125 
1.194940168e-21 1.55669048924 1.03779365949 -0.10651088202 
0.00489468765535 1.56935596398 1.04623730932 -0.117834303203 
0.739868689559 1.53660546441 1.02440364294 0.118923574581 
0.756695522053 1.54544789778 1.03029859852 0.108961558948 
0.772777924992 1.55136267272 1.03424178181 0.10113723551 
0.78774126872 1.55590037932 1.03726691955 0.0942895223512 
0.804890635499 1.56065426758 1.04043617839 0.0875990574131 
0.825840197376 1.56291133565 1.04194089043 0.0986117971436 
0.835479085351 1.56636059435 1.04424039623 0.0929474580771 
0.842346441641 1.56938436559 1.04625624372 0.0885795896705 
0.847252716708 1.57063071467 1.04708714311 0.0848373636111 
0.851103975084 1.57168155107 1.04778770071 0.0814189480537 
0.851362885734 1.57308609839 1.0487240656 0.0813756465739 
0.854753196122 1.57388350564 1.04925567043 0.0787294643931 
0.854875117841 1.57451360217 1.04967573478 0.0786967138093 
0.854875117841 1.57451360217 1.04967573478 0.0786967138093 
0.85464110181 1.57272393846 1.04848262564 0.0786608823612 
0.85224748336 1.57018693641 1.04679129094 0.0801708146984 
0.84428234283 1.5671085189 1.0447390126 0.0851165210126 
0.833281483418 1.56312478874 1.04208319249 0.0919831953917 
0.821835690777 1.55816381339 1.03877587559 0.100008152003 
0.801570255965 1.54963921562 1.03309281042 0.113019776585 
0.779408134968 1.54024472764 1.02682981843 0.127066226286 
0.759783942012 1.53171120724 1.02114080483 0.138746112639 
0.715682587462 1.52690609166 1.01793739444 0.122394018883 
0.700035575911 1.51796436195 1.0119762413 0.133429725993 
0.641935122944 1.51663463955 1.0110897597 0.107000725335 
0.592352965706 1.51236352306 1.00824234871 0.091750942401 
0.511445792877 1.51026096813 1.00684064542 0.0681948532621 
0.420610735944 1.50982392863 1.00654928576 0.0426367470674 
-9.793624571e-15 1.51935184641 1.01290123094 -0.0504227270137 
1.39501142806e-21 1.51359030605 1.00906020403 -0.0374892608731 
1.06534882058e-21 1.50665646354 1.00443764236 -0.0251643869331 
-2.97119221722e-21 1.50582310749 1.00388207166 -0.0135777686796 
-2.45006805987e-21 1.50283976586 1.00189317724 -0.00346483826566 
5.97037513123e-23 1.50031293941 1.00020862628 0.00568713459233 
-1.50759794721e-21 1.49752846222 0.99835230815 0.0159840788232 
8.32053124852e-22 1.47859245383 0.985728302551 0.037867817499 
4.95277709146e-07 1.45652893459 0.971019289727 0.0592336422913 
0.0669258117723 1.43167270542 0.95444847028 0.0922991940206 
0.125734575687 1.40397192366 0.935981282443 0.121105568661 
0.177002300899 1.37903387866 0.919355919104 0.138896788132 
0.22239376941 1.35345897004 0.902305980028 0.153390057751 
0.260648545586 1.328918142 0.885945427998 0.162913221103 
0.290753071805 1.30781372285 0.871875815232 0.168536302006 
0.323157047327 1.28482081121 0.856547207471 0.170285069951 
0.355789917099 1.25510950681 0.836739671206 0.166573924526 
0.389893987922 1.22088483758 0.813923225051 0.160024795627 
0.391200640814 1.18326102487 0.788840683245 0.151459348935 
0.445386944227 1.14606895145 0.764045967636 0.137506623373 
0.449461859373 1.10499690269 0.736664601796 0.123248191903 
0.454437975084 1.06246689312 0.708311262079 0.108825709247 
0.411831499063 1.01412090088 0.676080600584 0.0951503904503 
0.341222044409 0.966092784975 0.64406185665 0.091094917051 
0.259005531954 0.88791117239 0.591940781593 0.0903128247837 
0.175144557901 0.796742213811 0.531161475874 0.106560405447 
0.0821293618117 0.556225764954 0.370817176636 0.333225871986 
0.0688449043167 0.586812505663 0.391208337108 0.222520672372 
0.0480785091545 0.584299057509 0.389532705006 0.186563221673 
0.0320976316635 0.571817918097 0.381211945398 0.17450855696 
0.0132712335335 0.567046675074 0.378031116716 0.129057300257 
-3.01122795759e-18 0.348790929603 0.232527286402 -0.21536567941 
-3.01122795759e-18 0.348790929603 0.232527286402 -0.21536567941 
-4.82569918708e-21 0.310598912133 0.207065941422 -0.172047593102 
-4.82569918708e-21 0.310598912133 0.207065941422 -0.172047593102 
1.17372205568e-21 0.239004712644 0.159336475096 -0.132944873745 
1.17372205568e-21 0.239004712644 0.159336475096 -0.132944873745 
1.17372205568e-21 0.239004712644 0.159336475096 -0.132944873745 
1.17372205568e-21 0.239004712644 0.159336475096 -0.132944873745 
2.49635733234e-22 0.300252891 0.200168594 -0.178792437123 
-4.57703763369e-21 0.342149111614 0.228099407742 -0.212877787014 
-1.63580560063e-22 0.397613084872 0.265075389915 -0.295316617216 
0.00639126763537 0.425243653631 0.283495769087 -0.391486385263 
0.0327864619844 0.424568332839 0.283045555226 -0.515875789335 
0.0229510375686 0.434398439156 0.289598959438 -0.523598775598 
0.00580011463754 0.448208316172 0.298805544115 -0.523598775598 
-4.33680868994e-19 0.447376366741 0.298250911161 -0.523598775598 
-4.33680868994e-19 0.447376366741 0.298250911161 -0.523598775598 
-4.33680868994e-19 0.447376366741 0.298250911161 -0.523598775598 
7.1816699807e-22 0.462476136691 0.308317424461 -0.523598775598 
5.77618211639e-21 0.477022730679 0.318015153786 -0.523598775598 
-1.1214488258e-21 0.511319259825 0.34087950655 -0.523598775598 
7.96349532419e-21 0.558133935605 0.372089290403 -0.523598775598 
1.87985217715e-20 0.652212906085 0.434808604056 -0.523598775598 
0.380021433037 1.23598760477 0.823991736516 0.138751065587 
0.336186947787 1.27645717041 0.850971446939 0.138267687895 
0.292699468375 1.31246322091 0.874975480607 0.130293170478 
0.227156500719 1.35611646141 0.904077640941 0.110268315946 
0.15813192874 1.39578877442 0.930525849611 0.0829824674802 
0.0890054020382 1.43208137639 0.95472091759 0.0517939276021 
0.0109498686774 1.46419746784 0.976131645226 0.0155283879902 
2.92574997505e-19 1.49110070664 0.994067137758 -0.00555454236134 
-3.16636342257e-22 1.51668690386 1.01112460258 -0.0280631501893 
2.07141279503e-21 1.53805095413 1.02536730275 -0.046329053177 
-1.13430795933e-21 1.55304149467 1.03536099644 -0.0620391197334 
2.89627260985e-22 1.56457808711 1.04305205808 -0.0770858795225 
0.00159169947841 1.57638061978 1.05092041318 -0.0871534866795 
0.657890849911 1.5462350585 1.03082337233 0.121323266506 
0.696753318284 1.54811936264 1.03207957509 0.120276189851 
0.717110779176 1.54990481487 1.03326987658 0.105289866572 
0.750912059504 1.55019633598 1.03346422399 0.113286709451 
0.768196971894 1.54896534291 1.03264356194 0.101291976541 
0.785202876071 1.54726444973 1.03150963315 0.0918968066683 
0.809381459846 1.54295099632 1.02863399755 0.101657018256 
0.819270441393 1.5410451154 1.02736341026 0.095684658682 
0.829339321205 1.53914307975 1.0260953865 0.0914760077834 
0.844635938579 1.53566793836 1.02377862557 0.10338670801 
0.850006457851 1.53483690494 1.02322460329 0.100494429417 
0.855146995011 1.53315962315 1.02210641543 0.09862383291 
0.859664892864 1.53204096316 1.0213606421 0.0977925180278 
0.863473757685 1.53066093214 1.02044062143 0.0974365447025 
0.866827113271 1.52920342764 1.01946895176 0.0969833918481 
0.866689545098 1.52774756101 1.01849837401 0.0969478879501 
0.870482861965 1.52676976625 1.01784651084 0.0964633258074 
0.870388301171 1.52626244911 1.0175082994 0.0965475994256 
0.865870522427 1.52658266278 1.01772177519 0.10159495673 
0.862338550769 1.52465974322 1.01643982882 0.105628641633 
0.856379749893 1.52017561829 1.01345041219 0.110609780281 
0.847142378803 1.50909958764 1.00606639176 0.117128858792 
0.836874411149 1.49846240233 0.998974934889 0.124444584235 
0.826069500715 1.48727851064 0.991519007095 0.131395428223 
0.784298919792 1.47286247192 0.981908314615 0.117315046148 
0.729721030581 1.45934760235 0.97289840157 0.0991503080525 
0.655946111517 1.44363249232 0.962421661545 0.0759971317543 
0.477252207729 1.4235083261 0.949005550735 0.0291973237387 
-2.13474339184e-17 1.39917230942 0.932781539612 -0.0431655297531 
0.0984372551618 1.36781020712 0.911873471415 -0.00247219273384 
0.244337154628 1.32475385735 0.883169238233 0.0467140795911 
0.344692681153 1.27509223403 0.850061489353 0.0871531161946 
0.424229784273 1.22484146063 0.816560973751 0.114903025218 
0.496094143969 1.17269882714 0.781799218093 0.131236097512 
0.551257847277 1.12615153629 0.750767690862 0.141539160004 
0.591108434855 1.08701000837 0.724673338912 0.14600435772 
0.598605047289 1.04556904851 0.697046032339 0.146926229532 
0.657619543921 1.0139667044 0.675977802933 0.14140588372 
0.666315828499 0.971501376402 0.647667584268 0.129581805354 
0.676717643221 0.937899244502 0.625266163001 0.117959637714 
0.687411640462 0.90823140364 0.605487602427 0.107494583742 
0.696501266682 0.886079424231 0.590719616154 0.0969681025735 
0.699685749545 0.877029189851 0.584686126567 0.0857016032347 
0.703630706264 0.864639860049 0.576426573366 0.0765582360978 
0.619910458929 0.829122047684 0.552748031789 0.0699949003994 
0.4830616848 0.743133992176 0.495422661451 0.0748170208181 
0.371241033521 0.651572264492 0.434381509661 0.0924797016909 
0.255039979544 0.345621339437 0.230414226291 0.347071071443 
0.211290954152 0.442544075587 0.295029383725 0.248141321458 
0.175549482728 0.459961774962 0.306641183308 0.253432886751 
0.13864168674 0.504012370006 0.33600824667 0.210620813894 
0.099974722347 0.537610966265 0.358407310843 0.22043729793 
0.0717790999769 0.566061283011 0.377374188674 0.221868865583 
0.0449573825861 0.589355637084 0.392903758056 0.192023692835 
0.0216371429073 0.595722207347 0.397148138232 0.193301819647 
0.0059319004014 0.599740253526 0.399826835684 0.192364029263 
-6.260003576e-19 0.588926351979 0.392617567986 0.126259005116 
-6.260003576e-19 0.588926351979 0.392617567986 0.126259005116 
-6.260003576e-19 0.588926351979 0.392617567986 0.126259005116 
-6.260003576e-19 0.588926351979 0.392617567986 0.126259005116 
-5.7972375986e-21 0.377911661609 0.251941107739 -0.227551957422 
-5.7972375986e-21 0.377911661609 0.251941107739 -0.227551957422 
9.06106354135e-21 0.384997773551 0.256665182368 -0.206372256226 
9.63092429139e-21 0.342435153608 0.228290102405 -0.152118432228 
9.63092429139e-21 0.342435153608 0.228290102405 -0.152118432228 
5.04822008521e-21 0.247620590401 0.165080393601 -0.0819449755374 
3.7629445832e-21 0.202586404027 0.135057602685 -0.0659622709421 
3.7629445832e-21 0.202586404027 0.135057602685 -0.0659622709421 
3.7629445832e-21 0.202586404027 0.135057602685 -0.0659622709421 
0.00589057386637 0.201482903292 0.134321935528 -0.0666876298024 
0.0143727703593 0.200976742745 0.133984495163 -0.0797928166397 
0.0249023585542 0.199977694225 0.133318462817 -0.0804196851374 
0.0344005381142 0.198732837995 0.132488558664 -0.109416022613 
0.0480495236062 0.226209694379 0.150806462919 -0.15308496263 
0.0602842741849 0.204800189058 0.136533459372 -0.183782277756 
0.0751868242454 0.172696068839 0.11513071256 -0.230157504079 
0.0991529732026 0.169609108054 0.113072738703 -0.322201729383 
0.10697318049 0.126719283418 0.0844795222789 -0.348217670462 
0.109774565438 0.0934794020983 0.0623196013988 -0.372910749345 
0.10740502878 0.0729789451922 0.0486526301281 -0.393456882063 
0.111255482985 0.0736466612706 0.0490977741804 -0.445605938841 
0.106031149863 0.0571943018903 0.0381295345936 -0.456193645011 
0.103596587933 0.042612094062 0.028408062708 -0.464969035177 
0.094740894922 0.037663514128 0.0251090094187 -0.472098723526 
0.0970455850662 0.0265912981286 0.0177275320857 -0.482224760822 
0.100324958109 0.01921941705 0.0128129447 -0.494630247704 
0.102565191084 0.0118896058509 0.00792640390063 -0.502737389258 
0.0980698590115 0.00878400169633 0.00585600113089 -0.508468725355 
0.118471737777 7.58191187848e-19 5.05460791899e-19 -0.523598775598 
0.118471737777 7.58191187848e-19 5.05460791899e-19 -0.523598775598 
0.118471737777 7.58191187848e-19 5.05460791899e-19 -0.523598775598 
0.115310778602 1.79076595002e-21 1.19384396668e-21 -0.523598775598 
0.115310778602 1.79076595002e-21 1.19384396668e-21 -0.523598775598 
0.115310778602 1.79076595002e-21 1.19384396668e-21 -0.523598775598 
0.115310778602 1.79076595002e-21 1.19384396668e-21 -0.523598775598 
0.121209031921 1.79076595002e-21 1.19384396668e-21 -0.523598775598 
0.116515570844 9.67000555085e-23 6.44667036723e-23 -0.523598775598 
0.116515570844 9.67000555085e-23 6.44667036723e-23 -0.523598775598 
0.116515570844 9.67000555085e-23 6.44667036723e-23 -0.523598775598 
0.116515570844 9.67000555085e-23 6.44667036723e-23 -0.523598775598 
0.116515570844 9.67000555085e-23 6.44667036723e-23 -0.523598775598 
0.116515570844 9.67000555085e-23 6.44667036723e-23 -0.523598775598 
0.116515570844 9.67000555085e-23 6.44667036723e-23 -0.523598775598 
0.110868926537 9.67000555085e-23 6.44667036723e-23 -0.523598775598 
0.110868926537 9.67000555085e-23 6.44667036723e-23 -0.523598775598 
0.110868926537 9.67000555085e-23 6.44667036723e-23 -0.523598775598 
0.110868926537 9.67000555085e-23 6.44667036723e-23 -0.523598775598 
0.110868926537 9.67000555085e-23 6.44667036723e-23 -0.523598775598 
0.110868926537 9.67000555085e-23 6.44667036723e-23 -0.523598775598 
0.119110682629 1.79076595002e-21 1.19384396668e-21 -0.523598775598 
0.119110682629 1.79076595002e-21 1.19384396668e-21 -0.523598775598 
0.11571731246 9.43733002763e-22 6.29155335175e-22 -0.523598775598 
0.11571731246 9.43733002763e-22 6.29155335175e-22 -0.523598775598 
0.12672862018 6.50337492183e-22 4.33558328122e-22 -0.523598775598 
0.130274361019 0.00321343015271 0.00214228676847 -0.520686130359 
0.127118877589 0.0247358025316 0.0164905350211 -0.510287205074 
0.127022751904 0.0570367366345 0.0380244910897 -0.489217790023 
0.109657160456 0.0593452819816 0.0395635213211 -0.407207382851 
0.104290186925 0.0707166560186 0.0471444373457 -0.346693374408 
0.101412500028 0.0744856075086 0.0496570716724 -0.273188086807 
0.094960867323 0.0619870150996 0.0413246767331 -0.200851534068 
0.0905766465338 0.0832175546165 0.0554783697444 -0.159023343406 
0.0791588005317 0.10162616683 0.0677507778869 -0.11488941603 
0.0667201244509 0.0736831042796 0.0491220695197 -0.0750997167852 
0.0568858034822 0.042877532768 0.0285850218453 -0.0475162058808 
0.0460685778502 0.0703271257206 0.0468847504804 -0.038945929801 
0.0431911760168 0.0322136552997 0.0214757701998 -0.0278271408009 
0.040608401094 0.0328734064364 0.0219156042909 -0.022165230926 
0.0396631052413 0.0331900516941 0.0221267011294 -0.0212163601706 
0.0382853370071 0.0338265750357 0.0225510500238 -0.0205139312864 
0.0436101661225 0.0309721502345 0.0206481001563 -0.0160224308987 
0.0452484712028 1.54200653717e-18 1.02800435811e-18 -0.0121983987801 
0.0440605322893 -1.62526627408e-22 -1.08351084939e-22 -0.0144280372704 
0.0418323453292 0.00198279106129 0.00132186070753 -0.0176793563742 
0.0403521989817 0.0294449324026 0.0196299549351 -0.0184672217459 
0.0376333348975 0.0298299749779 0.0198866499853 -0.0176634063652 
0.0390087073142 0.0277267317359 0.0184844878239 -0.0135988901084 
0.0413412724236 0.00936124752721 0.0062408316848 -0.0115104061408 
0.0388426220593 0.00965758003908 0.00643838669272 -0.0107540349525 
0.0438711156304 2.13714938068e-18 1.42476625379e-18 -0.006686658718 
0.0465542394723 6.11239630494e-22 4.07493086996e-22 -0.00395161204077 
0.0425423785074 1.34236321832e-05 8.94908812212e-06 -0.00359843661078 
0.0385469630252 0.000741953529295 0.000494635686197 -0.00339181890256 
0.038511313002 0.00139241933035 0.000928279553564 -0.0004718516083 
0.0483294033588 -8.71518581093e-21 -5.81012387395e-21 0.00672584269528 
0.0448782025616 -2.82020578814e-22 -1.88013719209e-22 0.00673748006072 
0.0457599383811 1.15406592408e-21 7.69377282722e-22 0.00589972278611 
0.0502950880077 8.07165221801e-22 5.38110147867e-22 0.0054733888124 
0.0568765921591 -1.0549057124e-22 -7.0327047493e-23 0.00582387885428 
0.0639381817741 1.91414074902e-22 1.27609383268e-22 0.00970282267485 
0.0880134376179 -4.46647613115e-22 -2.9776507541e-22 0.0119523079801 
0.112668178713 3.55740400703e-22 2.37160267135e-22 0.0094784595061 
0.143813197393 0.0310207690186 0.0206805126791 0.00128657453768 
0.194840656678 0.0257856114152 0.0171904076101 0.000415566991748 
0.247493327262 0.0195197606627 0.0130131737751 0.000356364520384 
0.309410408691 0.0358697584303 0.0239131722868 0.0551670631876 
0.390766638079 -4.6380234888e-18 -3.0920156592e-18 0.117391949393 
0.475905913034 -2.02023941103e-22 -1.34682627402e-22 0.112839261902 
0.568519363452 3.49014328385e-06 2.32676218924e-06 0.0625111975141 
0.84188451141 0.464082560801 0.309388373867 0.00521786935363 
0.914267217663 0.421897069594 0.281264713062 0.00941712399138 
0.892142321303 0.0803668279733 0.0535778853155 0.0178242983503 
0.976467043888 0.0579803191785 0.038653546119 0.0135252914815 
1.03669715408 -2.71990637004e-17 -1.81327091336e-17 0.013134430263 
1.09632509611 -1.02843701155e-22 -6.85624674366e-23 0.0137204066239 
1.15755949934 1.78810957044e-22 1.19207304696e-22 0.0101912779897 
1.20381780416 6.69583403096e-22 4.46388935397e-22 0.00993204707185 
1.23551457668 1.08678643753e-21 7.24524291686e-22 0.0109206106676 
1.26719522272 -1.16193184527e-22 -7.74621230179e-23 0.00709033660724 
1.29765341459 4.50942544201e-22 3.00628362801e-22 0.00336152444879 
1.31329629435 1.06476379308e-22 7.09842528719e-23 0.00234309753604 
1.32087021911 -8.18685892578e-22 -5.45790595052e-22 0.00319835679897 
1.33396337061 -6.97609838341e-22 -4.65073225561e-22 -7.42458211723e-05 
1.33964779893 1.22112258781e-21 8.14081725205e-22 0.000121178414339 
1.34187656327 -3.13814654233e-22 -2.09209769489e-22 -0.000357073821837 
1.33953987349 1.13191162232e-21 7.54607748213e-22 0.000132422562847 
1.33513955902 2.34400035714e-22 1.56266690476e-22 0.00119031520069 
1.33708020887 1.73385568638e-22 1.15590379092e-22 -0.000261804567887 
1.3221015142 6.71396464381e-22 4.47597642921e-22 0.00335330756032 
1.32080604785 -1.05601337873e-21 -7.04008919153e-22 0.00224994983071 
1.31801586175 1.5696539945e-21 1.04643599633e-21 0.00346362897686 
1.31801586175 1.5696539945e-21 1.04643599633e-21 0.00346362897686 
1.3208732068 -3.01220345165e-22 -2.00813563443e-22 0.00116616647192 
1.31445887258 -1.08275742384e-22 -7.21838282563e-23 0.0032923621254 
1.31059755275 7.13733622241e-22 4.75822414828e-22 0.00664850659963 
1.30537467506 3.71722637531e-22 2.47815091687e-22 0.00377119260207 
1.30537467506 3.71722637531e-22 2.47815091687e-22 0.00377119260207 
1.30298942314 -1.92207417858e-22 -1.28138278572e-22 0.00578814100144 
1.30374694186 8.22432908127e-22 5.48288605418e-22 0.00116916996498 
1.30374694186 8.22432908127e-22 5.48288605418e-22 0.00116916996498 
1.30037606456 6.33005925727e-22 4.22003950485e-22 0.00358001920061 
1.29905480125 -3.19182207121e-22 -2.12788138081e-22 0.00162229768333 
1.29252051406 -9.09102221917e-22 -6.06068147945e-22 0.000277639360034 
1.29245880915 4.53884656734e-22 3.02589771156e-22 0.00203694378418 
1.28607885963 -9.16970219049e-22 -6.11313479366e-22 0.00306925206566 
1.2714714886 1.0173903987e-22 6.78260265799e-23 0.00406841788893 
1.25187764334 -8.31404809454e-22 -5.54269872969e-22 0.00716290088927 
1.22691933586 1.25402764098e-23 8.36018427318e-24 0.00752558255219 
1.17132397809 1.69476907692e-19 1.12984605128e-19 0.0097618530174 
1.11262495478 -4.58672110064e-19 -3.05781406709e-19 0.00840124601074 
1.03941560621 6.68033058412e-17 4.45355372275e-17 0.00910988073595 
0.933812534215 0.0236308977681 0.0157539318454 0.0108983349922 
0.829593482744 0.0497141053603 0.0331427369069 0.0115258530169 
0.624552992862 -4.3474110811e-16 -2.89827405407e-16 0.00766885018171 
0.463695092176 -2.20234567148e-17 -1.46823044765e-17 -0.0589157150499 
0.353463801456 3.87196131942e-17 2.58130754628e-17 -0.0723002139699 
0.254202461498 2.48468228222e-17 1.65645485481e-17 -0.0359938560206 
0.17806666021 6.24194785259e-22 4.16129856839e-22 -0.0183586505309 
0.130010746175 6.98903472636e-22 4.65935648424e-22 -0.0167380179047 
0.0987462304707 1.89425303351e-21 1.26283535567e-21 -0.00206141950623 
0.0740708946647 1.66634436157e-21 1.11089624105e-21 0.000298953369705 
0.053592211528 8.63216303014e-22 5.75477535343e-22 0.00219552873265 
0.0397133866911 7.89433767111e-22 5.26289178074e-22 0.00400363860433 
0.0283871089696 -6.57447187485e-22 -4.3829812499e-22 0.00617084716567 
0.0254834285947 -6.60113419756e-21 -4.40075613171e-21 0.00795817082084 
0.0206278130866 1.06461812365e-21 7.09745415769e-22 0.0100291420926 
0.0176010495258 -6.18532738777e-22 -4.12355159185e-22 0.0106662304906 
0.0176010495258 -6.18532738777e-22 -4.12355159185e-22 0.0106662304906 
0.0210730786178 -1.64247539219e-21 -1.09498359479e-21 0.0130079885402 
0.0161450449065 -1.15794818963e-21 -7.71965459752e-22 0.0143162029194 
0.0161450449065 -1.15794818963e-21 -7.71965459752e-22 0.0143162029194 
0.0161450449065 -1.15794818963e-21 -7.71965459752e-22 0.0143162029194 
0.0137823487949 -2.56668505622e-21 -1.71112337081e-21 0.0159340998733 
0.0168175931899 -2.07287014486e-21 -1.38191342991e-21 0.0162256830741 
0.0168175931899 -2.07287014486e-21 -1.38191342991e-21 0.0162256830741 
0.0137695875313 -8.29512717645e-22 -5.5300847843e-22 0.0160247461904 
0.0198010563131 -4.7520547908e-22 -3.1680365272e-22 0.0162530336274 
0.028744191003 -4.66465586382e-22 -3.10977057588e-22 0.0173221396599 
0.028744191003 -4.66465586382e-22 -3.10977057588e-22 0.0173221396599 
0.0354142257097 4.48211929591e-21 2.98807953061e-21 0.018913257764 
0.0466558838268 -7.62691429166e-22 -5.08460952777e-22 0.019931451875 
0.0579054630648 3.7220537507e-21 2.48136916713e-21 0.0212032206335 
0.0716877279644 1.0522961924e-22 7.01530794934e-23 0.0216526595814 
0.104438704287 2.27976918924e-21 1.51984612616e-21 0.0222789142794 
0.13240572427 2.41074619718e-22 1.60716413145e-22 0.0225896347386 
0.178149993946 1.27485410596e-21 8.49902737308e-22 0.0221959965674 
0.250258056121 -1.35745125647e-21 -9.04967504316e-22 0.0204341768009 
0.331772996438 2.76095012343e-21 1.84063341562e-21 -0.018921229137 
0.447844542329 -1.15139728401e-22 -7.67598189339e-23 -0.14324833517 
0.568343300914 3.29004509765e-22 2.19336339844e-22 0.00199577796151 
0.72012268484 0.00356322035727 0.00237548023818 0.0321832823114 
0.864898564741 6.20374506314e-06 4.13583004209e-06 0.0408456775613 
0.994486958954 1.18683858424e-22 7.91225722824e-23 0.0365633981968 
1.10942247457 -3.53876844835e-22 -2.35917896557e-22 0.0309922933249 
1.17819656558 -3.40578786649e-22 -2.27052524433e-22 0.0265844428971 
1.24529836108 2.18134555936e-22 1.45423037291e-22 0.0193215290344 
1.28531486444 6.96813819105e-22 4.6454254607e-22 0.0168182310858 
1.30891764809 -5.70261983712e-22 -3.80174655808e-22 0.0175205569397 
1.33245387099 1.04283162946e-21 6.95221086308e-22 0.011771643823 
1.35152238243 5.96077127436e-22 3.97384751624e-22 0.0108467499877 
1.36057024177 5.86720513707e-22 3.91147009138e-22 0.00825657117867 
1.36580497322 1.14498913454e-21 7.63326089694e-22 0.00682538986107 
1.36528865271 -4.41801661973e-22 -2.94534441315e-22 0.00913535777355 
1.37069505749 3.72345867425e-22 2.48230578283e-22 0.00615712062173 
1.3714628437 4.90786993901e-22 3.27191329268e-22 0.00685803391597 
1.36757513819 8.47336559954e-22 5.64891039969e-22 0.00726469020533 
1.36140019359 4.7133104883e-22 3.1422069922e-22 0.010796024819 
1.35619170821 -2.20798319789e-23 -1.4719887986e-23 0.00935994135256 
1.35022686951 8.43272644834e-22 5.62181763223e-22 0.0131063479608 
1.3507239484 -1.14912583763e-22 -7.66083891753e-23 0.0117217888295 
1.35096679048 1.04347623904e-21 6.95650826027e-22 0.00985944747367 
1.34392613078 9.55038216319e-22 6.36692144213e-22 0.0124169939819 
1.33671016737 5.20465527073e-22 3.46977018048e-22 0.0132634699152 
1.32898150593 1.15009070663e-21 7.66727137753e-22 0.0155321974792 
1.31701865651 1.20076493795e-21 8.00509958633e-22 0.0183850583103 
1.30096930197 -8.92103785552e-22 -5.94735857035e-22 0.0203546287491 
1.2765225085 1.69377669715e-22 1.12918446477e-22 0.0225316847961 
1.24627658017 -1.32259020317e-22 -8.81726802112e-23 0.0244831264426 
1.20181738242 -7.35089705526e-24 -4.90059803684e-24 0.0356915120688 
1.15328449256 1.12335162102e-21 7.48901080677e-22 0.0408737123508 
1.08937614647 -7.70837947968e-19 -5.13891965312e-19 0.0543657696836 
0.99858819761 0.00842727631529 0.00561818421019 0.077653978785 
0.913369536424 0.0285374898295 0.0190249932196 0.109694436152 
0.864672888351 0.328724549356 0.219149699571 0.0964059005533 
0.857856407866 0.65717449296 0.43811632864 0.0932214486986 
0.825103526917 0.803786769025 0.535857846016 0.10080352194 
0.774651901578 0.920469282348 0.613646188232 0.109664421333 
0.68608743428 1.02278221858 0.681854812386 0.107530330553 
0.615135935183 1.0990409142 0.732693942797 0.0982778431792 
0.5432524811 1.16286520608 0.775243470717 0.0803067551052 
0.472480634779 1.22071717585 0.81381145057 0.0537060661395 
0.40565917638 1.26959404278 0.846396028519 0.0257445684781 
0.354972933457 1.30188277449 0.867921849659 -0.000364172785983 
0.35609245438 1.32641261819 0.884275078793 -0.0110952970922 
0.523543096546 1.33876956289 0.89251304193 0.0124596425519 
0.599800290474 1.34866311816 0.89910874544 0.0265360431146 
0.643383985537 1.35383601674 0.902557344494 0.0349576547865 
0.672026766775 1.35661531213 0.904410208089 0.0407893009938 
0.688031028249 1.35805012912 0.905366752749 0.0430970671311 
0.704920852519 1.359861372 0.906574247998 0.0463490333409 
0.721739729286 1.35981787081 0.906545247208 0.0478139414619 
0.723844149869 1.35895013016 0.905966753443 0.0445730057791 
0.741765462994 1.3582315988 0.905487732536 0.0484795240592 
0.743404391625 1.35890769924 0.905938466159 0.0466509745015 
0.744821268297 1.35964473805 0.906429825366 0.0457076257268 
0.746602503141 1.35970154744 0.906467698295 0.0447415474626 
0.759468396631 1.35869207957 0.905794719716 0.049385400965 
0.761748137362 1.35689872832 0.904599152211 0.0452957221246 
0.769561836489 1.35641284163 0.904275227754 0.0482003447141 
0.771266789321 1.35692083007 0.904613886712 0.0469443008099 
0.782615584946 1.35746785488 0.904978569921 0.0513884394637 
0.784525558513 1.35653340111 0.90435560074 0.0492606273343 
0.797516147426 1.35523685044 0.903491233626 0.0527496502413 
0.798270437873 1.35646065954 0.904307106361 0.0519920576807 
0.798299064432 1.35593193787 0.903954625244 0.0519776543156 
0.797557743956 1.35483085789 0.903220571929 0.0533425612285 
0.775695983098 1.35045265961 0.900301773072 0.0456051505877 
0.730765341128 1.3395173426 0.893011561736 0.031909182388 
0.609625514735 1.30923023166 0.872820154441 0.00352078481902 
0.44409686932 1.26371151723 0.842474344822 -0.0199427240002 
0.481530516643 1.21224499404 0.808163329361 -0.00144036398383 
0.567365932781 1.13289173604 0.755261157359 0.0224178791903 
0.6676378967 1.02847595179 0.685650634526 0.0435494901198 
0.753164122981 0.911845309104 0.607896872736 0.0491210708937 
0.800066304351 0.771191016279 0.514127344186 0.0499934696298 
0.88477131873 0.624919420198 0.416612946799 0.0488942430848 
0.859746137682 0.179767229907 0.119844819938 0.0601504711458 
0.931354999098 -2.56227422259e-17 -1.70818281506e-17 0.0600838476973 
1.01909919483 -2.35763132825e-22 -1.57175421883e-22 0.0354332739249 
1.08601231041 -1.71144107568e-22 -1.14096071712e-22 0.0200180197734 
1.12200611044 1.29381197792e-22 8.62541318611e-23 0.0126683901821 
1.15396126702 -1.47103101101e-22 -9.80687340674e-23 0.0091073419111 
1.18127198416 7.25368087677e-22 4.83578725118e-22 0.00525736295814 
1.1997378365 4.8660666138e-23 3.2440444092e-23 0.00368516379757 
1.21755066585 1.04552646251e-23 6.97017641672e-24 0.000703115547265 
1.22918816825 6.42221004152e-23 4.28147336101e-23 -4.21390136627e-06 
1.23330796697 -6.36258010503e-23 -4.24172007002e-23 -0.00160300786922 
1.23855599337 2.66673795837e-22 1.77782530558e-22 -0.000894890999555 
1.23855599337 2.66673795837e-22 1.77782530558e-22 -0.000894890999555 
1.24081026563 3.11030941324e-22 2.07353960883e-22 0.00123666094402 
1.24993084811 7.45747870368e-22 4.97165246912e-22 0.00104858423389 
1.24300236791 6.7150693261e-23 4.47671288407e-23 0.00412047439497 
1.23505006102 1.33299653549e-21 8.88664356997e-22 0.00701235258255 
1.23667590303 -1.1066489707e-23 -7.37765980467e-24 0.00809809133292 
1.23837153064 -2.50005033486e-22 -1.66670022324e-22 0.00703733205796 
1.22875031216 -6.60957501207e-22 -4.40638334138e-22 0.00946164453569 
1.21585676113 -5.91179406767e-23 -3.94119604512e-23 0.0139464725094 
1.2027152628 -1.12885760643e-22 -7.52571737618e-23 0.016060025301 
1.19258703773 -2.65887215897e-22 -1.77258143932e-22 0.017160386314 
1.17246817252 6.37143772221e-22 4.24762514814e-22 0.0191131230853 
1.1522047138 2.29648138538e-22 1.53098759025e-22 0.0190127609564 
1.12451561804 3.6779145957e-19 2.4519430638e-19 0.0215685579214 
1.08825661765 3.46909060491e-18 2.31272706994e-18 0.0292036220489 
1.04332761678 1.53219781998e-18 1.02146521332e-18 0.0367042982255 
0.999067619626 0.00872782118288 0.00581854745525 0.0422189530666 
0.931081159479 0.0251870665019 0.0167913776679 0.0538767377384 
0.869881777668 0.0411913520033 0.0274609013356 0.0621544920428 
0.80603896402 0.0587451019129 0.0391634012753 0.0710409557525 
0.718290201684 0.080841220829 0.0538941472194 0.0812530565802 
0.606802382306 -1.70594488079e-17 -1.13729658719e-17 0.155567412138 
0.518525797201 0.0312542527917 0.0208361685278 0.179532202914 
0.417523892515 0.106226980948 0.0708179872984 0.130229272365 
0.296784920839 1.3078978138e-17 8.71931875866e-18 -0.184615647939 
0.211533748311 -1.71727720041e-18 -1.14485146694e-18 -0.119446504116 
0.149053110272 2.54099262065e-18 1.69399508043e-18 -0.083862007631 
0.0995737603498 4.55893043771e-22 3.03928695848e-22 -0.068569774043 
0.0620690245355 -1.67780937527e-21 -1.11853958351e-21 -0.0577308792407 
0.0358809716358 3.672665107e-21 2.44844340467e-21 -0.0472805495666 
0.0220297357969 9.57244677803e-22 6.38163118535e-22 -0.0393885249654 
0.0106302956125 8.14761799318e-22 5.43174532879e-22 -0.0372118664557 
0.00287638398255 6.50469256204e-22 4.33646170803e-22 -0.0355476269621 
-8.58513534692e-19 1.85891644186e-21 1.23927762791e-21 -0.0317411278284 
-8.58513534692e-19 1.85891644186e-21 1.23927762791e-21 -0.0317411278284 
-1.9675934883e-21 -1.35360685486e-21 -9.02404569908e-22 -0.0265036955459 
-1.9675934883e-21 -1.35360685486e-21 -9.02404569908e-22 -0.0265036955459 
-1.9675934883e-21 -1.35360685486e-21 -9.02404569908e-22 -0.0265036955459 
8.69742380007e-22 -3.71396460432e-21 -2.47597640288e-21 -0.0209589735818 
8.69742380007e-22 -3.71396460432e-21 -2.47597640288e-21 -0.0209589735818 
8.69742380007e-22 -3.71396460432e-21 -2.47597640288e-21 -0.0209589735818 
-7.76249450438e-21 -1.2628730534e-21 -8.41915368931e-22 -0.0179269834968 
7.53749580753e-22 4.29609081912e-21 2.86406054608e-21 -0.0212405497019 
7.53749580753e-22 4.29609081912e-21 2.86406054608e-21 -0.0212405497019 
0.00496494273463 -8.71152546428e-22 -5.80768364285e-22 -0.0215610721882 
0.00734246160126 1.68038362559e-21 1.12025575039e-21 -0.0203828567946 
0.0133726765603 3.38980462296e-21 2.25986974864e-21 -0.0200613110703 
0.0149688465594 3.04441478963e-22 2.02960985976e-22 -0.0196941657251 
0.0149688465594 3.04441478963e-22 2.02960985976e-22 -0.0196941657251 
0.01676181833 -2.31312854906e-22 -1.54208569937e-22 -0.0176097199612 
0.011969520766 2.4329189452e-21 1.62194596347e-21 -0.0165238734118 
0.0153125088862 -7.99909974015e-22 -5.3327331601e-22 -0.0161479329918 
0.0209962903882 -1.87314934005e-21 -1.2487662267e-21 -0.0146408089198 
0.0233216290785 1.47590016258e-21 9.83933441723e-22 -0.0115246588337 
0.0317842437413 -2.11517830701e-22 -1.41011887134e-22 -0.00705806656042 
0.0350851201397 -1.03127157933e-21 -6.87514386218e-22 -0.00709429213603 
0.0507135511278 9.16266515198e-22 6.10844343465e-22 -0.00391204780841 
0.0692213033884 -2.85143310499e-22 -1.90095540333e-22 -0.00443234898357 
0.0755507188659 -2.51402189863e-22 -1.67601459909e-22 -0.000318627290867 
0.0798535679548 1.21374126673e-21 8.09160844486e-22 -0.00437651986965 
