0.0 0.0 0.0 0.0 
6.24466749264e-21 -5.11507788001e-22 -3.41005192001e-22 0.00873941011351 
1.47139887317e-20 4.27700864865e-22 2.8513390991e-22 0.0106336605011 
6.71812089991e-21 2.92579612941e-22 1.95053075294e-22 0.0117248777945 
6.71812089991e-21 2.92579612941e-22 1.95053075294e-22 0.0117248777945 
-6.50188783615e-21 -1.2753457488e-23 -8.50230499202e-24 0.00795117635438 
5.0566667093e-22 0.00999714211267 0.00666476140845 0.00455161049172 
-9.29098636476e-21 0.0282193883767 0.0188129255845 0.00301300711815 
1.28056597594e-20 0.0490215075062 0.0326810050041 0.00299807088759 
1.64353126996e-21 0.0442082483461 0.0294721655641 0.00353291075299 
-2.5000017575e-21 0.0528123215103 0.0352082143402 0.00402580458337 
-9.11904441018e-20 0.0290404701953 0.0193603134635 0.0058474546155 
-9.11904441018e-20 0.0290404701953 0.0193603134635 0.0058474546155 
-9.11904441018e-20 0.0290404701953 0.0193603134635 0.0058474546155 
-3.4148858103e-21 0.043005570632 0.0286703804214 0.0073167274709 
-3.4148858103e-21 0.043005570632 0.0286703804214 0.0073167274709 
-1.34606910726e-21 0.042246641658 0.028164427772 0.0106943103018 
1.24589009402e-20 0.0416456024546 0.0277637349697 0.0123987256767 
2.2438084824e-20 0.0368968211489 0.0245978807659 0.0125491796215 
-5.1869080782e-21 0.0273891555161 0.0182594370107 0.0128052735607 
8.79898904753e-21 0.0107867942744 0.0071911961829 0.0135551476323 
-2.58036030289e-21 0.0239972398293 0.0159981598862 0.0141492585345 
8.38169183164e-21 0.0180590189049 0.0120393459366 0.0133804166297 
2.090914132e-21 0.0207026300372 0.0138017533581 0.0132075296661 
-4.26233982281e-21 0.0381225747027 0.0254150498018 0.0132876393215 
-4.49572027076e-21 0.0319561411123 0.0213040940749 0.0120824868545 
2.72746674415e-21 0.0247821856022 0.0165214570681 0.0106540954209 
-5.31004295695e-21 0.0388845289811 0.0259230193208 0.00989552203611 
1.10511365519e-21 0.0389503310873 0.0259668873915 0.00877798881968 
1.3278534345e-21 0.0366855496359 0.0244570330906 0.00852769966602 
-3.07398647515e-21 0.0367973139738 0.0245315426492 0.00740008257952 
3.57368632707e-21 0.0332359177797 0.0221572785198 0.00641159919395 
4.75748646762e-21 0.0204250151126 0.0136166767417 0.00529991420058 
3.85185000429e-21 0.0149007975476 0.00993386503175 0.00241674599299 
5.57615159417e-22 0.0114258782151 0.00761725214339 0.000319226727143 
-1.34500462013e-21 0.00290539801201 0.001936932008 0.0010327405419 
1.12486200268e-22 0.00273503692849 0.00182335795233 -9.32659670356e-05 
2.17874101647e-20 1.46367293286e-18 9.75781955237e-19 0.000719653165855 
3.98257285229e-07 9.88222738446e-23 6.58815158964e-23 0.00148478557345 
2.86795286909e-21 -3.6835463e-23 -2.45569753333e-23 0.000540126354166 
-3.31798050028e-21 -1.30335186469e-21 -8.68901243126e-22 -7.58853286497e-05 
0.000113646243093 -4.9725672511e-22 -3.31504483407e-22 -0.00570475136771 
0.00774579842847 7.10467313938e-22 4.73644875959e-22 -0.00782862870861 
0.013693037448 -3.33821140011e-22 -2.22547426674e-22 -0.00943486778153 
0.0204732999468 2.1592668348e-21 1.4395112232e-21 -0.0109747800406 
0.0273304875314 -2.99969262381e-21 -1.99979508254e-21 -0.0122650822822 
0.0308940992737 -1.30520091024e-22 -8.70133940157e-23 -0.0167913935921 
0.0480481084563 2.55411571833e-21 1.70274381222e-21 -0.0183107362309 
0.0633804685381 -3.27946878513e-22 -2.18631252342e-22 -0.0207273924728 
0.11050625717 -1.03496343599e-21 -6.89975623993e-22 -0.0414449424458 
0.160745977706 1.91875287427e-21 1.27916858285e-21 -0.0719497328616 
0.220666628463 1.57287869673e-22 1.04858579782e-22 -0.116084481653 
0.305820721746 -8.57019931724e-22 -5.71346621149e-22 -0.168158576776 
0.383676527397 -7.55024807578e-22 -5.03349871718e-22 -0.099540463002 
0.513172816493 0.0968988215568 0.0645992143712 0.114077296553 
0.612997430623 0.0700157773832 0.0466771849221 0.104677090171 
0.702759677679 0.0448378253164 0.0298918835443 0.0976863268305 
0.792808332307 0.0153819496619 0.0102546331079 0.0799364499141 
0.891842004939 0.040184946691 0.0267899644607 0.0617840928185 
0.96158738322 0.016653294181 0.0111021961207 0.0579009002862 
1.02662900562 -2.0141644005e-20 -1.342776267e-20 0.0471191737583 
1.09195815517 1.32362302329e-22 8.82415348862e-23 0.0380901244256 
1.15304021511 -1.05681682582e-22 -7.04544550548e-23 0.0312568876758 
1.20478089285 1.73129408511e-22 1.15419605674e-22 0.0261878500602 
1.2579692831 6.62873643013e-22 4.41915762009e-22 0.0242799688521 
1.31353651148 -2.86555200139e-22 -1.91036800093e-22 0.0219736973656 
1.35762151135 4.12431805729e-22 2.74954537152e-22 0.0224675256269 
1.39890477242 2.67091917659e-22 1.78061278439e-22 0.0208277309416 
1.42946356731 1.31905607193e-21 8.79370714623e-22 0.018203341596 
1.44802140899 2.28682263639e-22 1.52454842426e-22 0.0152769816651 
1.46585268376 5.86863205433e-23 3.91242136955e-23 0.0111580595726 
1.47044893062 -1.71055588923e-22 -1.14037059282e-22 0.00895628319142 
1.47384504014 -3.80903651472e-22 -2.53935767648e-22 0.00635568914028 
1.47619270629 5.26889352407e-23 3.51259568271e-23 0.00418858613996 
1.48782925972 0.0294732886745 0.0196488591163 0.00307888412023 
1.49335750252 0.0462322237003 0.0308214824669 0.00269020076632 
1.48747645779 0.0280818008511 0.0187212005674 0.00146323752644 
1.4850251278 0.0151233692545 0.0100822461697 0.00187606682626 
1.49114953399 0.0245418328104 0.0163612218736 -0.000302649088222 
1.49012629486 0.02462171606 0.0164144773733 0.000224611929155 
1.490885793 0.0240940375798 0.0160626917199 3.28644882358e-05 
1.48534712023 0.00919930357944 0.00613286905296 -0.00108697938281 
1.47813578397 8.67361737988e-19 5.78241158659e-19 -0.00144474889423 
1.47404383488 -2.90431397021e-22 -1.93620931348e-22 0.000501705911087 
1.47146971675 -2.57966472918e-22 -1.71977648612e-22 -0.000171307897817 
1.46755215594 -4.65175689144e-22 -3.10117126096e-22 -0.000766115940209 
1.4682136411 -3.75623724203e-22 -2.50415816135e-22 -8.27548361303e-05 
1.46595684824 -5.94077655104e-23 -3.96051770069e-23 0.00118315490457 
1.47027695233 6.15256905363e-25 4.10171270242e-25 0.00166499789093 
1.46594526039 4.4095054065e-23 2.939670271e-23 0.00216359180462 
1.46221774003 5.8284621196e-22 3.88564141307e-22 0.00226369730505 
1.45926052587 4.28648779417e-22 2.85765852945e-22 0.00137474620633 
1.45943179405 -6.59018215751e-23 -4.39345477168e-23 0.000455393748079 
1.45269055253 2.75572523961e-22 1.83715015974e-22 0.0019195387139 
1.4477360447 0.000825728163583 0.000550485442389 0.00226591291154 
1.44002330757 0.00257478056525 0.00171652037684 0.00327068967965 
1.42631940395 0.00554553919971 0.00369702613314 0.00761961757368 
1.40620907735 -5.45111355676e-20 -3.63407570451e-20 0.00802841043892 
1.38089090511 0.00522843387454 0.00348562258303 0.00769014508997 
1.34115371999 4.7703331594e-18 3.18022210627e-18 0.0130529096396 
1.29396283781 1.62764738728e-18 1.08509825819e-18 0.0161798795219 
1.24663327041 2.98992756089e-18 1.99328504059e-18 0.0199971180611 
1.19988302436 4.71121860985e-18 3.14081240657e-18 0.0217684209329 
1.13485330775 -9.76414609178e-18 -6.50943072785e-18 0.0266214734348 
1.06752072202 0.0213791494696 0.0142527663131 0.0324873269416 
0.992986743228 0.0447914226844 0.0298609484563 0.0390449142543 
0.868131489518 -2.38478525921e-18 -1.58985683947e-18 0.0549099828825 
0.760726520722 -3.25201175752e-17 -2.16800783835e-17 0.0659993036788 
0.608822568495 -6.88649816266e-18 -4.59099877511e-18 0.0943630537487 
0.480785533469 0.0276075551573 0.0184050367716 0.0941115334974 
0.357593422136 -1.3929099232e-17 -9.28606615469e-18 -0.239584354502 
0.308754364536 -6.71055599046e-22 -4.47370399364e-22 -0.30019907635 
0.28068056565 2.61028368211e-21 1.74018912141e-21 -0.327446396251 
0.268707828053 0.0165046493801 0.0110030995867 -0.366108381212 
0.245007342651 0.0463706166571 0.0309137444381 -0.370069753717 
0.244369182836 0.0635928283534 0.0423952189022 -0.41433767743 
0.241066736434 0.0716597388386 0.0477731592257 -0.421072655748 
0.240385096279 0.0783038404966 0.052202560331 -0.432855091877 
0.2431273982 0.0744949580902 0.0496633053934 -0.433598898497 
0.246533345708 0.0682160879296 0.0454773919531 -0.43353384177 
0.246533345708 0.0682160879296 0.0454773919531 -0.43353384177 
0.243878791722 0.060582180143 0.0403881200953 -0.409669230438 
0.245262062492 0.0532064847243 0.0354709898162 -0.405454016598 
0.246336285787 0.043243516258 0.0288290108387 -0.383560661596 
0.253956003875 0.0310197748186 0.020679849879 -0.381966538921 
0.257958095368 0.0220578330006 0.0147052220004 -0.377842884689 
0.257860638629 0.0079046880731 0.00526979204873 -0.35183142138 
0.26176001117 -1.25433271185e-19 -8.36221807902e-20 -0.348144627446 
0.261402662876 1.20597518139e-21 8.03983454259e-22 -0.327886358828 
0.27286055569 -3.54037151721e-21 -2.36024767814e-21 -0.32573950412 
0.287972113769 3.52312314399e-21 2.34874876266e-21 -0.321919985369 
0.304393867831 -3.63029811324e-21 -2.42019874216e-21 -0.287615263186 
0.332419598358 -6.91550911215e-22 -4.6103394081e-22 -0.241335373917 
0.417073849499 2.27015973085e-21 1.51343982057e-21 -0.0920077796499 
0.542663631807 3.37777041955e-05 2.25184694637e-05 0.326222973291 
0.675190337236 0.0440813956733 0.0293875971156 0.153757688034 
0.805826662407 0.0032221750693 0.00214811671287 0.12983174047 
0.930022171678 -1.81268291803e-20 -1.20845527869e-20 0.104211184086 
1.03993096995 1.91550576787e-22 1.27700384525e-22 0.0820679222339 
1.13698258211 -2.20784138603e-22 -1.47189425735e-22 0.0638579684901 
1.21497000545 -1.46020687329e-22 -9.73471248861e-23 0.0529451337103 
1.2849371889 8.41837356619e-22 5.61224904413e-22 0.0461808779999 
1.35827309769 2.45691900915e-21 1.6379460061e-21 0.0373541799424 
1.41394888826 1.23449100139e-22 8.22994000925e-23 0.0346461839711 
1.45676676256 2.47494683999e-21 1.64996456e-21 0.0333395494442 
1.48717559443 1.11808870426e-22 7.45392469506e-23 0.0298130294542 
1.50759072483 1.7838220968e-21 1.1892147312e-21 0.0286916169828 
1.51811518094 1.26588859245e-21 8.43925728301e-22 0.0268913373168 
1.52780340237 2.01520004166e-21 1.34346669444e-21 0.0237210615528 
1.53647961875 -2.51171025486e-22 -1.67447350324e-22 0.0230438789716 
1.54251212167 1.17130175388e-22 7.80867835923e-23 0.0221601407168 
1.54405605804 1.02518185558e-21 6.83454570384e-22 0.0200088836001 
1.54368448072 1.69467945902e-21 1.12978630601e-21 0.0195622554709 
1.54182064468 2.25997034042e-21 1.50664689361e-21 0.0192269893509 
1.53795818635 2.21724140397e-21 1.47816093598e-21 0.0203598082306 
1.54097152398 1.36869080437e-21 9.12460536244e-22 0.0185028750653 
1.54300186534 2.10151013114e-21 1.40100675409e-21 0.0211279629664 
1.5376935401 1.94163776646e-21 1.29442517764e-21 0.0191864573498 
1.5376935401 1.94163776646e-21 1.29442517764e-21 0.0191864573498 
1.53413039278 -1.48053478654e-22 -9.87023191026e-23 0.0190263843896 
1.5286278755 2.38894591653e-21 1.59263061102e-21 0.0182097692247 
1.53039756272 2.67252900201e-23 1.78168600134e-23 0.0181586457414 
1.52398890641 3.63594972703e-22 2.42396648469e-22 0.0199689387206 
1.51949160342 1.72934472172e-21 1.15289648114e-21 0.020722525606 
1.51746346446 2.58191169752e-21 1.72127446502e-21 0.0225829896021 
1.51989004331 2.18457090727e-21 1.45638060485e-21 0.0212530598204 
1.52028252323 -1.71837292053e-21 -1.14558194702e-21 0.0208310045144 
1.52022551137 -2.56098205759e-22 -1.70732137172e-22 0.0211480588454 
1.51729109758 1.83256534801e-21 1.22171023201e-21 0.0207042087195 
1.51313342594 -1.62393742359e-21 -1.08262494906e-21 0.0213641636552 
1.51272772564 9.44331414358e-22 6.29554276239e-22 0.0216837135157 
1.51020145318 2.00239667131e-21 1.3349311142e-21 0.0219204897803 
1.50707257493 -2.478945657e-21 -1.652630438e-21 0.0227448049888 
1.50864016641 -2.600168718e-21 -1.733445812e-21 0.0235884666127 
1.50828754695 2.88709571334e-22 1.92473047556e-22 0.0240785186831 
1.50822010283 1.2875352142e-22 8.58356809468e-23 0.0252231412782 
1.50849915705 8.41166055262e-22 5.60777370175e-22 0.0261514074828 
1.50877225971 -3.18759856079e-22 -2.1250657072e-22 0.0256059434172 
1.50610499654 -7.44611332886e-22 -4.96407555258e-22 0.0257296058411 
1.51048094909 2.38028976699e-22 1.58685984466e-22 0.0240774188022 
1.51193140882 2.49422668369e-22 1.66281778913e-22 0.0239756661486 
1.50540981322 1.1300074123e-21 7.5333827487e-22 0.0250505584361 
1.5013449852 1.65513054664e-21 1.10342036442e-21 0.0260281532885 
1.5044042794 1.07907661424e-21 7.19384409492e-22 0.0262978373181 
1.51194480876 9.6274594323e-22 6.4183062882e-22 0.0250442901495 
1.50563574873 4.94523488256e-22 3.29682325504e-22 0.0278078020079 
1.49697634612 1.30105346876e-21 8.67368979175e-22 0.028830183245 
1.49090680877 8.51193922627e-22 5.67462615084e-22 0.0301368845932 
1.48133956333 3.54415496207e-22 2.36276997471e-22 0.0325668063193 
1.45245141584 7.30789800523e-22 4.87193200349e-22 0.0369400480412 
1.41737309078 4.53320491166e-22 3.02213660777e-22 0.0425730448404 
1.38660956131 9.92855446573e-22 6.61903631049e-22 0.048322834926 
1.35970819395 1.98774470365e-21 1.32516313577e-21 0.0530351350516 
1.32356424576 -7.20850484137e-22 -4.80566989424e-22 0.0597726685302 
1.28326242782 -3.70127580696e-22 -2.46751720464e-22 0.0675821803706 
1.25965239671 -3.43824574131e-22 -2.29216382754e-22 0.0724000182423 
1.21954119437 9.13898308078e-22 6.09265538719e-22 0.0798454025996 
1.17185997118 4.46260117874e-20 2.97506745249e-20 0.0883644782176 
1.11859015167 -6.42439786128e-19 -4.28293190752e-19 0.0940620048436 
1.04158340054 -1.05037054994e-17 -7.00247033291e-18 0.10499175945 
0.951324288159 6.91245145027e-18 4.60830096685e-18 0.113782797814 
0.847240479561 5.91617938803e-18 3.94411959202e-18 0.126165466453 
0.698230570374 -2.18302586546e-18 -1.45535057697e-18 0.155209996102 
0.575938559359 -2.72925624071e-19 -1.81950416047e-19 0.220702674058 
0.485323696583 0.0251559392691 0.0167706261794 0.241086220933 
0.415597378321 0.0644859953281 0.0429906635521 0.258218235835 
0.371091666589 0.0809437753721 0.0539625169147 0.268660335514 
0.331168337851 0.114329254302 0.0762195028681 0.273285124017 
0.302410333282 0.128415520052 0.0856103467012 0.269921416123 
0.28781733125 0.125482477397 0.0836549849315 0.270058122895 
0.284554559434 0.0289628832383 0.0193085888256 -0.43633246261 
0.276882036629 0.0432160464559 0.0288106976373 -0.441977030198 
0.275131814864 0.0513595727867 0.0342397151912 -0.461917970583 
0.276633435938 0.0521684774311 0.0347789849541 -0.462919715351 
0.27636340889 0.0573490384119 0.0382326922746 -0.472483537122 
0.280870501734 0.0507356019553 0.0338237346368 -0.474440857212 
0.273724463708 0.0596861920353 0.0397907946902 -0.471644543382 
0.276077087471 0.0597866380338 0.0398577586892 -0.470214866466 
0.276502862295 0.0501020994113 0.0334013996076 -0.452104220391 
0.278006353634 0.0431949886922 0.0287966591281 -0.443044588135 
0.287897399431 0.0291943006386 0.0194628670924 -0.435006081099 
0.302848180421 0.011947165643 0.00796477709535 -0.426142095494 
0.312222175329 0.00057108550549 0.000380723670326 -0.404092530999 
0.31892784455 -1.68674241124e-21 -1.12449494083e-21 -0.388160041463 
0.339522862756 1.1236300136e-22 7.49086675734e-23 -0.383287285155 
0.357618835977 1.92124552647e-21 1.28083035098e-21 -0.352620389063 
0.38065512754 2.21150643178e-21 1.47433762119e-21 -0.317108153691 
0.417854808973 4.86934054761e-21 3.24622703174e-21 -0.244385272311 
0.474873172836 2.84409298677e-21 1.89606199118e-21 -0.125929931994 
0.556324521984 8.86418454318e-22 5.90945636212e-22 0.0242050389569 
0.647062709589 -7.50097343826e-23 -5.00064895884e-23 0.0627657614348 
0.737888371542 -1.58909326828e-22 -1.05939551218e-22 0.0730146010276 
0.831898977636 5.85289782805e-23 3.90193188537e-23 0.0639256214224 
0.923511398001 6.23594106209e-23 4.15729404139e-23 0.0652524252049 
1.00340573552 3.00629680388e-23 2.00419786925e-23 0.0603202433177 
1.06969244184 6.51491057262e-23 4.34327371508e-23 0.0596817244977 
1.12649401898 -5.46280928472e-23 -3.64187285648e-23 0.0533652875337 
1.1626128531 2.7938874505e-22 1.86259163367e-22 0.0534074666103 
1.19238804083 -7.84403251173e-24 -5.22935500782e-24 0.0519904235702 
1.21699556065 -2.42111739551e-22 -1.61407826367e-22 0.0496907861943 
1.22718622115 -2.56583384776e-22 -1.71055589851e-22 0.0510155990489 
1.22733695772 1.31777668589e-22 8.78517790591e-23 0.0520182521794 
1.23079066571 1.14238186432e-21 7.61587909547e-22 0.051309611049 
1.23180333299 -1.8844805636e-22 -1.25632037573e-22 0.0544066145767 
1.23706244461 -8.6280109721e-23 -5.75200731473e-23 0.0548460246752 
1.23750510066 4.11109811106e-23 2.74073207404e-23 0.0534421415706 
1.23750510066 4.11109811106e-23 2.74073207404e-23 0.0534421415706 
1.23700710737 -2.73107996722e-22 -1.82071997815e-22 0.0544262925078 
1.22887797011 7.7136400305e-22 5.142426687e-22 0.0556304027915 
1.22295840459 8.04257235452e-22 5.36171490301e-22 0.0565573141297 
1.2257161355 4.33752185839e-22 2.89168123892e-22 0.0548662103285 
1.22301547299 1.0629509897e-21 7.08633993133e-22 0.0560279290732 
1.2229788699 -2.53815827975e-22 -1.69210551983e-22 0.0571085454079 
1.22259922189 -3.08409645749e-22 -2.05606430499e-22 0.0559017308916 
1.21948238593 2.10460956174e-22 1.40307304116e-22 0.0536931983067 
1.21363918517 7.10798932024e-23 4.73865954683e-23 0.0552509659 
1.20916917743 2.48818449225e-22 1.6587896615e-22 0.0545640505986 
1.20916917743 2.48818449225e-22 1.6587896615e-22 0.0545640505986 
1.20453361872 1.56998923931e-22 1.04665949287e-22 0.0560301039491 
1.19927512793 -3.01851950644e-22 -2.01234633763e-22 0.054942841814 
1.19927512793 -3.01851950644e-22 -2.01234633763e-22 0.054942841814 
1.19261052218 2.11829951597e-22 1.41219967731e-22 0.0565295483607 
1.18964580084 2.53090414838e-22 1.68726943225e-22 0.0569245912239 
1.18576367242 2.39131257616e-22 1.59420838411e-22 0.055271553239 
1.16497934887 1.7843437567e-18 1.18956250447e-18 0.0581932182189 
1.12547719289 -8.78381577426e-18 -5.85587718284e-18 0.0592213431345 
1.06344948814 -7.79339299856e-18 -5.19559533238e-18 0.0606340878692 
0.980604830952 -1.71679659676e-17 -1.14453106451e-17 0.0609057222992 
0.840724565446 -1.48197873456e-17 -9.87985823038e-18 0.0797919675399 
0.693042958011 -3.27294924057e-19 -2.18196616038e-19 0.0915436610623 
0.542704900765 5.80974590814e-17 3.87316393876e-17 0.0806225796751 
0.387544615867 4.46503889455e-17 2.97669259637e-17 -0.273140390178 
0.328392188038 -6.68413718245e-21 -4.45609145497e-21 -0.370496738791 
0.304751908556 -7.55945869657e-22 -5.03963913105e-22 -0.427652464981 
0.290891270563 0.0182764857063 0.0121843238042 -0.476630412448 
0.267465708393 0.0591200703526 0.0394133802351 -0.510866261847 
0.256108170019 0.0807337632584 0.0538225088389 -0.523598775598 
0.245458641118 0.0972971176538 0.0648647451026 -0.523598775598 
0.238718408416 0.107622445006 0.0717482966707 -0.523598775598 
0.228031409621 0.122986220008 0.0819908133386 -0.523598775598 
0.228031409621 0.122986220008 0.0819908133386 -0.523598775598 
0.221834046059 0.131957251326 0.0879715008838 -0.523598775598 
0.217852894463 0.137490960778 0.0916606405189 -0.523598775598 
0.223030938397 0.131244788751 0.0874965258339 -0.523598775598 
0.223030938397 0.131244788751 0.0874965258339 -0.523598775598 
0.226221766805 0.131107282722 0.0874048551477 -0.523598775598 
0.224404318191 0.1295407132 0.0863604754668 -0.523598775598 
0.222728454485 0.128929023481 0.0859526823208 -0.5233907492 
0.231257567988 0.1171902618 0.0781268411999 -0.518528665172 
0.232475634584 0.109447640512 0.0729650936746 -0.506925209842 
0.23550589702 0.10415595349 0.0694373023269 -0.499279159033 
0.241838501755 0.0938118255061 0.0625412170041 -0.491500031476 
0.241808681891 0.0857238729159 0.0571492486106 -0.467154801925 
0.245573207747 0.0754011286681 0.0502674191121 -0.46055436237 
0.249680426715 0.0668731001438 0.0445820667625 -0.453808834727 
0.245347892829 0.067905987939 0.045270658626 -0.438238250253 
0.249835893704 0.061447336834 0.0409648912226 -0.436891528745 
0.251484976539 0.0611193307081 0.0407462204721 -0.435897390308 
0.259016646754 0.0487416438098 0.0324944292065 -0.432538878736 
0.267015706775 0.035420071903 0.0236133812687 -0.426877969181 
0.276616786447 0.0148447822894 0.00989652152623 -0.399604455972 
0.287476987433 -7.85700271482e-19 -5.23800180988e-19 -0.379280397517 
0.313490858726 -2.3522744219e-22 -1.56818294793e-22 -0.347596380732 
0.342554489878 5.59019450097e-21 3.72679633398e-21 -0.30544071651 
0.377742254209 2.1518470186e-21 1.43456467907e-21 -0.257117197243 
0.42196409546 7.21251345625e-21 4.80834230417e-21 -0.186500135551 
0.466832367668 -3.64124834814e-21 -2.42749889876e-21 -0.084732447185 
0.50938485216 6.40958117123e-22 4.27305411415e-22 0.0470274064444 
0.532740997619 2.43121660284e-22 1.62081106856e-22 0.0475165060643 
0.549539559239 8.55156777106e-22 5.70104518071e-22 0.118561413064 
0.568968221265 4.4815732495e-23 2.98771549967e-23 0.118349486806 
0.582155273774 7.97950526381e-22 5.31967017587e-22 0.118092032306 
0.594610466377 -2.81278142249e-22 -1.87518761499e-22 0.117512494272 
0.603498683423 5.56771095455e-22 3.71180730303e-22 0.117788735132 
0.62071073044 -1.42256693856e-22 -9.4837795904e-23 0.116347008974 
0.628763407171 5.67801026155e-22 3.78534017437e-22 0.114388592812 
0.6337158383 1.1252735747e-22 7.50182383133e-23 0.113128321159 
0.645615447596 3.54356988095e-22 2.36237992063e-22 0.11128180356 
0.65649221344 6.44621464224e-22 4.29747642816e-22 0.110285863011 
0.667205469455 1.81133738374e-23 1.20755825583e-23 0.107517762572 
0.67903412124 9.82247890458e-23 6.54831926972e-23 0.0830158033629 
0.67903412124 9.82247890458e-23 6.54831926972e-23 0.0830158033629 
0.686373746959 -3.11522161334e-22 -2.07681440889e-22 0.083924833877 
0.702352362833 2.01806168125e-22 1.34537445417e-22 0.082101148565 
0.720253732983 6.66037366756e-23 4.44024911171e-23 0.0675622074077 
0.7279455451 -9.41261818541e-23 -6.27507879027e-23 0.0727727415846 
0.741980763719 -1.94824392627e-22 -1.29882928418e-22 0.0739471125682 
0.75857486814 -1.98716583915e-22 -1.3247772261e-22 0.0733558367586 
0.77178977946 4.68394093275e-23 3.1226272885e-23 0.0732963512634 
0.796461468415 -1.35722875254e-23 -9.04819168357e-24 0.0638894512941 
0.821412805045 2.40586454816e-23 1.60390969877e-23 0.0636017218158 
0.843326659554 6.53855844556e-08 4.35903896371e-08 0.0600981155526 
0.863012615133 2.27652665008e-07 1.51768443339e-07 0.0584541323795 
0.890154731119 4.01210572846e-07 2.6747371523e-07 0.0515914839942 
0.904257983511 1.80960224681e-07 1.20640149787e-07 0.0493576894528 
0.92201355542 0.000284911878761 0.000189941252507 0.0482020663561 
0.955893657057 0.0626374379751 0.0417582919834 0.0434546226351 
0.966070217499 0.0591701363781 0.0394467575854 0.0414858037782 
0.974860316958 0.056009047082 0.0373393647214 0.0400232123701 
0.984431859225 0.0532955654051 0.0355303769367 0.0418973555562 
0.994309768461 0.0501574949103 0.0334383299402 0.0401261907183 
1.00719747171 0.0470624626706 0.0313749751138 0.0442382962143 
1.02225825129 0.0426140072412 0.0284093381608 0.0487766128296 
1.04337831704 0.035515794192 0.023677196128 0.0546765126844 
1.06823807257 0.0261537405033 0.0174358270022 0.060486495683 
1.08274741629 1.50195750359e-17 1.00130500239e-17 0.0681278969555 
1.10398558082 1.90753373428e-23 1.27168915619e-23 0.0716750640592 
1.12442913598 -3.67733493382e-22 -2.45155662255e-22 0.076260809497 
1.15270600329 -3.87944530444e-22 -2.58629686962e-22 0.0732737271837 
1.16614111144 -3.08902264361e-22 -2.05934842907e-22 0.0737518656321 
1.18451089107 1.59282046825e-22 1.06188031216e-22 0.0702417829702 
1.20353062777 1.24952293299e-22 8.33015288658e-23 0.0674411261693 
1.21290109941 7.07670650894e-23 4.7178043393e-23 0.0649107295678 
1.22402133068 1.197239944e-21 7.98159962667e-22 0.0696843441496 
1.24493180682 -2.08536329157e-22 -1.39024219438e-22 0.0684732293428 
1.26655617966 -5.80881493851e-22 -3.87254329234e-22 0.0671202755669 
1.28090649136 1.27364638794e-21 8.49097591962e-22 0.0648007045204 
1.28900961843 4.89726421004e-22 3.26484280669e-22 0.0672698123971 
1.29104670685 7.76318565156e-22 5.17545710104e-22 0.0710349273118 
1.30531527774 -1.19096796146e-22 -7.93978640975e-23 0.0690518150392 
1.31092756261 1.59041602494e-21 1.06027734996e-21 0.0677908975701 
1.31042482416 1.73439329715e-21 1.1562621981e-21 0.0695657485125 
1.31154404586 8.01009383877e-22 5.34006255918e-22 0.0701976556668 
1.31133990131 1.99235385475e-21 1.32823590317e-21 0.0722445209618 
1.31186211094 2.58479711183e-22 1.72319807456e-22 0.0734833109513 
1.30292897698 -8.83138452077e-22 -5.88758968052e-22 0.077470224841 
1.29715662833 -1.17677434913e-21 -7.84516232756e-22 0.0797750565451 
1.28762366943 1.2739581615e-21 8.49305440997e-22 0.0823756185665 
1.28044829932 -7.24138781216e-23 -4.82759187477e-23 0.0855045152836 
1.26434300261 6.91170850468e-22 4.60780566979e-22 0.0918173205216 
1.24481560104 -5.61694116544e-24 -3.74462744363e-24 0.101767477455 
1.23838009889 4.0833282928e-22 2.72221886186e-22 0.106508740116 
1.22881693895 -8.90217928248e-22 -5.93478618832e-22 0.108347915331 
1.22103039682 5.22437250753e-22 3.48291500502e-22 0.112826199025 
1.20715012127 1.59609848928e-22 1.06406565952e-22 0.120305212837 
1.17710616426 -3.32451398147e-22 -2.21634265431e-22 0.136491497255 
1.15540772098 1.63966358056e-22 1.09310905371e-22 0.148950430859 
1.13289190485 1.35495129351e-19 9.03300862337e-20 0.161786078183 
1.12159953062 0.0025835156278 0.00172234375187 0.17354051473 
1.09276280809 0.0124590338261 0.00830602255077 0.184742128138 
1.070419077 0.0260349851254 0.0173566567502 0.196224309599 
1.04775165904 0.0455440832747 0.0303627221831 0.206331399503 
1.0297773313 0.0712209933326 0.0474806622217 0.212795899592 
1.01064424227 0.103678804337 0.0691192028916 0.220478109085 
0.994022257872 0.140095988922 0.093397325948 0.22552384063 
0.977619366826 0.17098716888 0.11399144592 0.233244923381 
0.97333867067 0.184160509674 0.122773673116 0.244846645499 
0.946230260376 0.212073155141 0.141382103427 0.253078796628 
0.92878632765 0.250360444823 0.166906963216 0.246305368528 
0.905754159673 0.284318246018 0.189545497345 0.255080554822 
0.877053247096 0.32286559599 0.21524373066 0.261756249883 
0.853881034548 0.359258635257 0.239505756838 0.266585047203 
0.836386043272 0.39588358078 0.263922387187 0.262819793288 
0.813601861206 0.436651818954 0.291101212636 0.266179542468 
0.792436540881 0.480793819707 0.320529213138 0.26482767544 
0.772603482173 0.528217521965 0.352145014643 0.263092736629 
0.825838685054 0.641568079578 0.427712053052 0.224613472845 
0.804672241022 0.676638858988 0.451092572659 0.226502178845 
0.792069832472 0.710846608759 0.473897739173 0.222066087058 
0.778526931893 0.754768394436 0.503178929624 0.217065068271 
0.773116990291 0.791721306788 0.527814204526 0.211851561947 
0.765935195884 0.829408521272 0.552939014181 0.210415090409 
0.758533707998 0.869788275343 0.579858850229 0.204309219236 
0.755488454882 0.901093734581 0.600729156387 0.196090520649 
0.751115987619 0.932348187479 0.621565458319 0.191854382382 
0.746726480789 0.96053436878 0.640356245853 0.185318788559 
0.741956877975 0.983109992598 0.655406661732 0.179707446238 
0.735114251954 1.0082950554 0.672196703602 0.175242477301 
0.72760730395 1.0317871335 0.687858088999 0.167840884345 
0.691892850884 1.05331593823 0.702210625487 0.162420938467 
0.689401994348 1.07510809628 0.716738730854 0.157282620154 
0.68366698009 1.10064726916 0.733764846104 0.150625495179 
0.644600082145 1.1221693896 0.748112926401 0.139590863132 
0.643162594205 1.14314717552 0.762098117014 0.134676953486 
0.606459479036 1.17131121934 0.780874146227 0.120750738374 
0.605917766004 1.19755058508 0.798367056717 0.110721970888 
0.556455702103 1.23580237461 0.823868249739 0.0833414651939 
0.530823335588 1.26854111857 0.845694079044 0.0601704963625 
0.513153832626 1.2951406035 0.863427068997 0.040916163598 
0.516957794207 1.31713362261 0.878089081738 0.0251296270605 
0.520123003278 1.33175758518 0.887838390121 0.01138204143 
0.522890089481 1.34263382722 0.895089218144 0.00139713691985 
0.52674642666 1.35199444089 0.901329627258 -0.00908374578837 
0.551459975079 1.35810531847 0.905403545644 -0.0105217552994 
0.571906153528 1.36038741383 0.906924942551 -0.0114723275577 
0.594647428222 1.36199974171 0.907999827808 -0.0111582164917 
0.597792774428 1.36433487331 0.909556582206 -0.0173133783662 
0.630459633686 1.36487649867 0.909917665778 -0.0135250108176 
0.632960703342 1.36650280288 0.911001868588 -0.0185170267565 
0.649951042929 1.36793872371 0.911959149139 -0.0153945510811 
0.652024919434 1.36828794226 0.912191961508 -0.0193798270203 
0.670801125072 1.36738966434 0.911593109558 -0.0177531766293 
0.671438209489 1.36801617834 0.912010785557 -0.0189778883405 
0.673353212724 1.3665201564 0.911013437601 -0.0226277723462 
0.683290044461 1.36763313061 0.911755420404 -0.0201224548412 
0.683287311305 1.36729559869 0.911530399127 -0.0200919943676 
0.683353357167 1.36770290887 0.91180193925 -0.020187956474 
0.683666661727 1.36792526383 0.911950175889 -0.0212614501483 
0.68369331865 1.36943676106 0.912957840707 -0.0212218962574 
0.683552074308 1.36771375683 0.911809171223 -0.0211996224169 
0.682432648708 1.36745091116 0.911633940774 -0.02021116444 
0.669676549872 1.36694486011 0.911296573405 -0.0237447615608 
0.667665794021 1.36221097423 0.908140649484 -0.0202967027746 
0.630623692501 1.35436465556 0.902909770375 -0.0248437091641 
0.605526440277 1.3442805654 0.896187043602 -0.0267771622208 
0.577375775861 1.32978007934 0.886520052891 -0.0263769408041 
0.573816411839 1.30733078582 0.871553857215 -0.0185701051457 
0.569876001192 1.28049865229 0.853665768194 -0.00801631143746 
0.568544469477 1.2490607885 0.832707192332 0.00109235850908 
0.612947345792 1.21153720765 0.807691471769 0.020678145988 
0.644550513741 1.17522685833 0.783484572222 0.0342786568839 
0.684685029746 1.13412293072 0.756081953816 0.0449863799227 
0.717552706274 1.09544806451 0.730298709672 0.0548729723543 
0.744333747467 1.06137146806 0.707580978709 0.0616865475019 
0.774071483716 1.02507616916 0.683384112777 0.0661670437645 
0.779575274633 0.991492953959 0.660995302639 0.0673976710387 
0.818384835432 0.960758129987 0.640505419991 0.0712362874384 
0.826227662756 0.927781126057 0.618520750704 0.0712756119998 
0.836949865046 0.89731484326 0.598209895507 0.0730993228015 
0.851459034488 0.864345333935 0.576230222623 0.07462177806 
0.895490900298 0.843542702425 0.562361801617 0.076434563906 
0.905940819411 0.811896305051 0.541264203367 0.0778927181899 
0.916287981453 0.786282300967 0.524188200645 0.0750224468923 
0.926432939062 0.764193515537 0.509462343691 0.0726521949697 
0.939139459564 0.736956478033 0.491304318688 0.0712933907727 
0.952190112823 0.711409656948 0.474273104632 0.071061827769 
0.968051492086 0.682817039634 0.455211359756 0.068371744378 
0.984883823358 0.652320320295 0.43488021353 0.0636994740468 
1.00127565041 0.623258754908 0.415505836606 0.0631141644749 
1.0188276019 0.592498268614 0.394998845743 0.0609422537449 
1.03699378422 0.562569402877 0.375046268585 0.057962250152 
1.00967586736 0.503803240291 0.335868826861 0.0613537286779 
1.02610886756 0.487253331573 0.324835554382 0.0586801715958 
1.04909603505 0.463986932028 0.309324621352 0.0533108497906 
1.06843263049 0.442388419035 0.29492561269 0.0489028055732 
1.08740077924 0.420385371023 0.280256914015 0.0434549488924 
1.10472315733 0.400740141409 0.267160094273 0.0396879616546 
1.08364518269 0.314205408151 0.209470272101 0.0347051509502 
1.09638180272 0.307268404433 0.204845602956 0.0313672159854 
1.107159504 0.300524199693 0.200349466462 0.0265547938133 
1.12771284983 0.290521278165 0.19368085211 0.0198240969554 
1.14100516432 0.284124573262 0.189416382175 0.0135355925203 
1.15532162604 0.278550262219 0.185700174813 0.00855583471947 
1.16957685883 0.272177685671 0.181451790447 0.0042944223812 
1.1883482863 0.265012918137 0.176675278758 -0.00130734984551 
1.20462559098 0.260502549389 0.17366836626 -0.00456176173289 
1.21734654571 0.258389689132 0.172259792755 -0.00688289424194 
1.22725824772 0.258265764282 0.172177176188 -0.00819188850538 
1.2232722437 0.26093145169 0.173954301127 -0.00840784320913 
1.23045379285 0.260181617786 0.173454411857 -0.0104385121729 
1.23045379285 0.260181617786 0.173454411857 -0.0104385121729 
1.23148097517 0.260008410412 0.173338940275 -0.0117967730813 
1.23281745092 0.259693775615 0.173129183744 -0.0107175868038 
1.23182966655 0.259856672944 0.173237781963 -0.00865744935387 
1.23153458037 0.259851817578 0.173234545052 -0.00728046796483 
1.2310911085 0.259798368302 0.173198912201 -0.00626334273365 
1.23100972419 0.259577723195 0.173051815463 -0.00729298774925 
1.23057114797 0.259544937357 0.173029958238 -0.00467008402371 
1.22662914808 0.259369616574 0.172913077716 -0.004341198549 
1.23008877251 0.257988503316 0.171992335544 -0.0044665892548 
1.22575676781 0.257389449473 0.171592966315 -0.00434372754301 
1.22506868367 0.257297450024 0.171531633349 -0.00207544376079 
1.21323731207 0.257564322831 0.171709548554 0.000716170472589 
1.18113732904 0.187226601775 0.124817734517 0.000509362243436 
1.18242117041 0.187272804445 0.124848536297 -0.0021304177455 
1.18900978923 0.187863831421 0.125242554281 -0.00151997101129 
1.18167583732 0.193033975401 0.128689316934 0.000426811648343 
1.18052448277 0.194014233554 0.12934282237 0.00345376754396 
1.17090180611 0.198754891265 0.132503260843 0.00589555972485 
1.16286832082 0.202209359723 0.134806239815 0.00949934897426 
1.15939756315 0.204151674959 0.136101116639 0.0106778490866 
1.15177471161 0.209839809706 0.139893206471 0.0139876647712 
1.13795303166 0.216789912184 0.144526608123 0.0210105257108 
1.12605167859 0.224108490974 0.149405660649 0.0268426958481 
1.10570201121 0.233863340627 0.155908893751 0.0350833544584 
1.0823289012 0.246039233344 0.164026155563 0.040995429738 
1.05588076038 0.259100639572 0.172733759715 0.0499153845039 
1.03148855951 0.273381070195 0.182254046797 0.0581718102114 
1.00448104246 0.292518136265 0.195012090844 0.065490266934 
1.03313553775 0.410326583696 0.273551055797 0.0646492748573 
1.00219501364 0.430956559405 0.287304372937 0.0727869359088 
0.959820633173 0.464585509045 0.309723672697 0.0836069011836 
0.970677092639 0.559608677846 0.373072451898 0.0848771189075 
0.934701635659 0.601173460029 0.400782306686 0.0929607358687 
0.898134697782 0.658052744616 0.438701829744 0.0998884613314 
0.911362742618 0.740771718908 0.493847812605 0.0996633460239 
0.885648277555 0.799204970392 0.532803313595 0.101946438901 
0.859647062217 0.876105546425 0.584070364284 0.103647703594 
0.844785984533 0.929760903815 0.619840602543 0.0997211229628 
0.793332573568 0.969639543706 0.646426362471 0.0942466235053 
0.785329211504 1.01140109384 0.674267395892 0.0934070208453 
0.744455950528 1.0338080082 0.689205338802 0.0859070261356 
0.741497854149 1.052596298 0.701730865335 0.0844500224296 
0.716238234916 1.06465466832 0.709769778878 0.0801439047669 
0.715488617762 1.07181345878 0.714542305855 0.0819097496237 
0.713607358697 1.07916080997 0.719440539978 0.0793162914943 
0.712553940253 1.08443562089 0.722957080595 0.0814718986101 
0.711032981478 1.08506346525 0.723375643503 0.078065934894 
0.71022254586 1.08734941007 0.724899606712 0.0793084877753 
0.71022254586 1.08734941007 0.724899606712 0.0793084877753 
0.709392159369 1.08877675038 0.725851166922 0.0794683932257 
0.70856881556 1.09079377733 0.727195851553 0.0798506959313 
0.70856881556 1.09079377733 0.727195851553 0.0798506959313 
0.707470472037 1.09269437546 0.728462916976 0.0793992613481 
0.706970514642 1.09054957218 0.727033048121 0.078396508558 
0.706708380938 1.08807959564 0.725386397096 0.0764734395597 
0.706607205038 1.08409602033 0.722730680223 0.0752631338841 
0.706154238459 1.07646687652 0.717644584347 0.0785508331086 
0.708025608104 1.0633528037 0.708901869134 0.0800506935863 
0.736832634376 1.04044605558 0.693630703717 0.0873077451602 
0.741006502992 1.01082928657 0.673886191046 0.0915467169249 
0.786089361254 0.978529647669 0.652353098446 0.097344154319 
0.821519549016 0.929647025636 0.619764683757 0.101869758888 
0.835373439607 0.871439661339 0.580959774226 0.10238860433 
0.889512967397 0.817601708732 0.545067805821 0.103184045522 
0.91602405388 0.74263733304 0.49509155536 0.0993486879682 
0.962390033908 0.651535617091 0.43435707806 0.0882833604358 
1.01432735755 0.574523664731 0.383015776487 0.074642232169 
1.01551014885 0.467395786659 0.311597191106 0.0702704143055 
1.06805938133 0.422337081906 0.281558054604 0.0556926175923 
1.06861056873 0.303817234695 0.20254482313 0.0474646926465 
1.10799553262 0.282675394289 0.188450262859 0.0350720190893 
1.13998166196 0.266896964594 0.177931309729 0.0234852987754 
1.16078330523 0.255869276918 0.170579517945 0.01777645695 
1.17898119629 0.247932027736 0.165288018491 0.0124286383368 
1.19228220476 0.241841220209 0.16122748014 0.00733510996892 
1.20079766833 0.23769109167 0.15846072778 0.00492144881914 
1.20972479249 0.2343005296 0.156200353066 0.00120394470413 
1.21074926314 0.233932029442 0.155954686295 -0.00124010253751 
1.21684804032 0.231406062725 0.154270708483 -0.0022267600706 
1.21786064208 0.230909515313 0.153939676875 -0.00354599016668 
1.22419773029 0.229183516209 0.152789010806 -0.00571295959705 
1.22941240206 0.228659925698 0.152439950465 -0.00710837297817 
1.22911684265 0.22871336542 0.152475576947 -0.00934845770858 
1.22831555867 0.228757053357 0.152504702238 -0.0075058114173 
1.22831555867 0.228757053357 0.152504702238 -0.0075058114173 
1.23202983991 0.228852967235 0.152568644823 -0.0081174394202 
1.23136880947 0.229077517339 0.152718344893 -0.00744521396766 
1.22532995253 0.230208204232 0.153472136155 -0.00632896714933 
1.22532995253 0.230208204232 0.153472136155 -0.00632896714933 
1.21799658249 0.230116161632 0.153410774421 -0.004060619325 
1.22255647431 0.226599528701 0.151066352468 -0.00544367230038 
1.22398632202 0.226119711635 0.150746474423 -0.00630939616532 
1.22452016974 0.226096683397 0.150731122265 -0.00731054719405 
1.24986531867 0.271437482311 0.18095832154 -0.0055732670933 
1.24986531867 0.271437482311 0.18095832154 -0.0055732670933 
1.2431774904 0.271963348749 0.181308899166 -0.002991487301 
1.22425084262 0.232143171536 0.154762114357 -0.00248321645745 
1.21907958538 0.233376480539 0.155584320359 -0.00131428382102 
1.2180708324 0.23366165973 0.15577443982 0.00109127860224 
1.2180708324 0.23366165973 0.15577443982 0.00109127860224 
1.21097907169 0.234698693193 0.156465795462 0.00286277902053 
1.21067630579 0.234588459825 0.15639230655 0.00464183687798 
1.20662355243 0.235208483431 0.156805655621 0.00598038379116 
1.19710464619 0.236219141283 0.157479427522 0.0101455539057 
1.18458957817 0.237292069632 0.158194713088 0.0130101921446 
1.17410057949 0.236642126606 0.157761417737 0.0158314124 
1.17410057949 0.236642126606 0.157761417737 0.0158314124 
1.15614488264 0.242752167789 0.161834778526 0.0236233145925 
1.13378204486 0.251775783552 0.167850522368 0.0338449795174 
1.09865292763 0.268434825533 0.178956550355 0.0467391737936 
1.03948193118 0.299364550042 0.199576366695 0.0639200374025 
1.03969361317 0.44949713075 0.299664753833 0.0727497194476 
0.978361885059 0.501687807419 0.334458538279 0.0897898343318 
0.962186167285 0.638335530567 0.425557020378 0.100353550331 
0.912238903472 0.719185277323 0.479456851549 0.112009307584 
0.879200390677 0.797621020888 0.531747347259 0.12195894613 
0.853186949095 0.877160654871 0.584773769914 0.128706952884 
0.795836678553 0.935145038438 0.623430025625 0.130255589741 
0.746966905741 0.992609049743 0.661739366495 0.129625802548 
0.706535001535 1.04309015409 0.695393436063 0.12243826407 
0.667657323529 1.08428488634 0.722856590894 0.115614050129 
0.6372415544 1.114988679 0.743325786003 0.108861168644 
0.611522702991 1.13982535516 0.759883570106 0.101077437566 
0.610596840498 1.15576930154 0.770512867695 0.0968964279321 
0.5773470388 1.17072056037 0.780480373583 0.0881616649895 
0.577286619874 1.17800536238 0.78533690825 0.0846244850978 
0.575635372901 1.18648068153 0.790987121022 0.0824224944157 
0.554916747317 1.19208598514 0.794723990094 0.0781346187511 
0.554671173417 1.19647546385 0.797650309236 0.0765814307674 
0.554223826078 1.19893962907 0.799293086049 0.0743720174633 
0.553320789834 1.20284135092 0.801894233946 0.0717950667991 
0.55289808613 1.20682094431 0.804547296204 0.0724136328994 
0.55247251327 1.20855096234 0.805700641561 0.0725107564475 
0.533642475428 1.20982256274 0.806548375159 0.0662797180629 
0.533551616867 1.21160269285 0.807735128566 0.0665245322655 
0.533385737644 1.21250092273 0.808333948487 0.0668202683332 
0.533201890234 1.21404957834 0.809366385559 0.0669860345755 
0.533201890234 1.21404957834 0.809366385559 0.0669860345755 
0.533143092059 1.21327610186 0.808850734576 0.0661510248011 
0.533750340993 1.21098752453 0.807325016355 0.0630865759456 
0.533750340993 1.21098752453 0.807325016355 0.0630865759456 
0.533750340993 1.21098752453 0.807325016355 0.0630865759456 
0.533648722219 1.20702222652 0.804681484345 0.0660946759233 
0.533752302074 1.20411190955 0.802741273034 0.0689209962548 
0.535219807518 1.19834798815 0.798898658769 0.0710121530781 
0.559467944678 1.18921669216 0.792811128104 0.0749908343285 
0.559998471232 1.17875139189 0.785834261262 0.0774861334192 
0.586455317715 1.16418511776 0.77612341184 0.0848147136727 
0.616499252243 1.13962819926 0.759752132837 0.0920300458211 
0.657855853693 1.1001123901 0.733408260064 0.101671552152 
0.716077842192 1.04044506676 0.693630044504 0.111700086369 
0.769285778762 0.981041053984 0.654027369322 0.116817762976 
0.812521884619 0.919828321022 0.613218880681 0.116787148164 
0.869543955743 0.839922256646 0.559948171098 0.110138380862 
0.901731899776 0.744317282043 0.496211521362 0.10087482333 
0.950615999129 0.65084307712 0.433895384747 0.0884113323842 
1.00527110044 0.569192887389 0.379461924926 0.073505303843 
1.01380247791 0.444021406391 0.296014270927 0.0615080924448 
1.06634672815 0.404032289028 0.269354859352 0.046625446338 
1.10932473409 0.373173290142 0.248782193428 0.0315291484346 
1.14047341032 0.351616963397 0.234411308931 0.0231739285623 
1.13651998481 0.280010065583 0.186673377055 0.0137055693472 
1.15734388482 0.271433161621 0.180955441081 0.00825343215594 
1.16494857549 0.267746841644 0.178497894429 0.00587095626909 
1.17325833494 0.263045603071 0.175363735381 0.00400686678859 
1.17845594449 0.259289083865 0.172859389243 0.00378730505469 
1.18634139781 0.256279258315 0.170852838877 0.0036474376081 
1.18674288715 0.255794650017 0.170529766678 0.00481602685201 
1.19123055877 0.253287486291 0.168858324194 0.00448892854248 
1.19123055877 0.253287486291 0.168858324194 0.00448892854248 
1.19188359865 0.253038579244 0.168692386163 0.00645598038808 
1.19679601644 0.251724794343 0.167816529562 0.00364237449938 
1.19679601644 0.251724794343 0.167816529562 0.00364237449938 
1.19539733989 0.25201335611 0.168008904073 0.00535685055655 
1.19539733989 0.25201335611 0.168008904073 0.00535685055655 
1.18777706494 0.254719141857 0.169812761238 0.00483529614423 
1.18126465365 0.256320408466 0.17088027231 0.00546696932505 
1.18126465365 0.256320408466 0.17088027231 0.00546696932505 
1.16740097823 0.260702576665 0.173801717776 0.00677355000563 
1.15487598396 0.262740274227 0.175160182818 0.00575168564594 
1.14481701561 0.264720388156 0.176480258771 0.0076575690879 
1.13557917489 0.266575128666 0.177716752444 0.00829910476608 
1.12269990726 0.268865988053 0.179243992036 0.0102902046626 
1.11236083173 0.269306002566 0.179537335044 0.0105691737896 
1.10322143556 0.270130991712 0.180087327808 0.0127959872253 
1.09061831777 0.271838089986 0.181225393324 0.0155384154445 
1.07410232722 0.275044208367 0.183362805578 0.0206413481306 
1.05525661941 0.280828064658 0.187218709772 0.0227464160494 
1.02861194826 0.290095423118 0.193396948746 0.0262254844568 
0.998346548905 0.302875584583 0.201917056389 0.0291533386636 
0.95425714407 0.323353839369 0.215569226246 0.0301384890481 
0.914118788922 0.344291457802 0.229527638534 0.0299790555993 
0.87236419368 0.366436779251 0.244291186167 0.0242799028093 
0.82203420395 0.393011902152 0.262007934768 0.0187764070859 
0.768801484699 0.421086492213 0.280724328142 0.0136774205409 
0.652527571152 0.320997584229 0.213998389486 0.00919769444506 
0.514965581129 0.157546501804 0.105031001203 0.0109263434021 
0.407300172753 0.0292829865599 0.01952199104 0.0384579226439 
0.335983420549 -6.78182854885e-18 -4.52121903257e-18 -0.0327860032484 
0.269219721534 5.07754278338e-18 3.38502852226e-18 -0.0385846405693 
0.221050034785 5.11036359059e-18 3.40690906039e-18 -0.0300569772232 
0.18051520074 -2.40691754216e-22 -1.60461169477e-22 -0.0306163806896 
0.146703755478 -4.08071334962e-21 -2.72047556641e-21 -0.0199933891521 
0.125742464963 -1.16388255285e-21 -7.75921701903e-22 -0.0151866960554 
0.117117963941 4.33837028483e-21 2.89224685655e-21 -0.0131053511621 
0.107158815708 -4.41123625025e-22 -2.94082416683e-22 -0.0107415358256 
0.105208675367 -4.29182333382e-22 -2.86121555588e-22 -0.00308899142133 
0.100057429036 8.42883598672e-22 5.61922399115e-22 -0.00242887705338 
0.100057429036 8.42883598672e-22 5.61922399115e-22 -0.00242887705338 
0.101926237277 2.59544877534e-21 1.73029918356e-21 -0.00215794662596 
0.100180892993 4.46486556245e-21 2.97657704163e-21 -0.00179971357385 
0.102157720621 3.37369643262e-21 2.24913095508e-21 -0.00194715909495 
0.099499436426 3.64852627026e-21 2.43235084684e-21 -0.00201505517956 
0.099499436426 3.64852627026e-21 2.43235084684e-21 -0.00201505517956 
0.099499436426 3.64852627026e-21 2.43235084684e-21 -0.00201505517956 
0.099499436426 3.64852627026e-21 2.43235084684e-21 -0.00201505517956 
0.0962432196393 4.33183692585e-21 2.8878912839e-21 -0.00149019848312 
0.0948061661417 -1.61850475566e-21 -1.07900317044e-21 -0.00152978446475 
0.088508146678 1.6395028295e-21 1.09300188633e-21 -0.00509122459444 
0.0919875894156 1.07678819478e-21 7.17858796519e-22 -0.00562375894589 
0.0890237393805 -1.44905215654e-21 -9.66034771023e-22 -0.0100245754751 
0.0861833892332 -5.64801022373e-22 -3.76534014916e-22 -0.0113984346558 
0.0893346937714 3.21457362632e-21 2.14304908421e-21 -0.0132498186276 
0.0896559269628 -2.02504775121e-21 -1.35003183414e-21 -0.0185048206135 
0.0924765193828 4.80682394602e-22 3.20454929735e-22 -0.0232761805337 
0.0932506825286 8.71730193842e-22 5.81153462561e-22 -0.0284446038777 
0.0871914859284 3.61430249952e-22 2.40953499968e-22 -0.0373573441363 
0.0775142402741 -6.0086855444e-21 -4.00579036293e-21 -0.0619283463262 
0.0755789135931 0.0498398859399 0.0332265906266 -0.109886440592 
0.0760552558873 0.0716136678939 0.0477424452626 -0.164296871872 
0.061873448897 0.0612829521707 0.0408553014471 -0.205669253082 
0.0428225840384 0.053350323286 0.0355668821907 -0.23521188498 
0.0232248660689 0.0460937009608 0.0307291339739 -0.259078534358 
0.0133530805668 0.0354282774 0.0236188516 -0.285547567103 
8.10722400121e-19 0.0211325175177 0.0140883450118 -0.316302352639 
1.73903986042e-22 0.00453097559017 0.00302065039345 -0.340127700519 
1.48936349213e-20 4.30183175278e-19 2.86788783519e-19 -0.356490317694 
-1.95484528375e-22 -3.7993931152e-22 -2.53292874347e-22 -0.371253962478 
-1.0792077981e-21 1.81357836425e-22 1.20905224284e-22 -0.385481128308 
6.83506121779e-22 -2.09531218642e-22 -1.39687479094e-22 -0.393766739867 
-7.41350483914e-22 7.8840601384e-23 5.25604009227e-23 -0.401745269581 
-7.41350483914e-22 7.8840601384e-23 5.25604009227e-23 -0.401745269581 
2.869074797e-22 -1.43926432294e-22 -9.59509548625e-23 -0.415408527644 
2.869074797e-22 -1.43926432294e-22 -9.59509548625e-23 -0.415408527644 
1.47927962963e-21 7.47241989587e-22 4.98161326391e-22 -0.425978354203 
1.47927962963e-21 7.47241989587e-22 4.98161326391e-22 -0.425978354203 
-1.768232739e-21 -8.88322687569e-23 -5.92215125046e-23 -0.437437926709 
-1.768232739e-21 -8.88322687569e-23 -5.92215125046e-23 -0.437437926709 
0.00805500097551 2.69430449734e-22 1.79620299823e-22 -0.446394684733 
0.00805500097551 2.69430449734e-22 1.79620299823e-22 -0.446394684733 
0.0158473214624 -8.81197347891e-22 -5.87464898594e-22 -0.448551903769 
0.0158473214624 -8.81197347891e-22 -5.87464898594e-22 -0.448551903769 
0.0249346787402 -5.64004629892e-21 -3.76003086595e-21 -0.448106636925 
0.0249346787402 -5.64004629892e-21 -3.76003086595e-21 -0.448106636925 
0.0394669411143 2.8966504078e-21 1.93110027187e-21 -0.443542331046 
0.0563606442244 -8.42508847106e-22 -5.61672564738e-22 -0.437083863642 
0.0743348767079 2.86878439962e-21 1.91252293308e-21 -0.429751024659 
0.0904622394251 -2.68012978224e-22 -1.78675318816e-22 -0.419497407372 
0.119290706228 5.07136825648e-21 3.38091217099e-21 -0.388143592819 
0.150858795471 6.90311009819e-22 4.60207339879e-22 -0.358954537103 
0.212018357053 1.88002947391e-22 1.25335298261e-22 -0.290698343286 
0.459141080022 0.310688023569 0.207125349046 0.474566989391 
0.499467167428 0.309981052721 0.206654035147 0.381569202547 
0.523444812456 0.280850440849 0.187233627232 0.363280232754 
0.56357198374 0.324757403742 0.216504935828 0.276436768973 
0.585539833227 0.303074337713 0.202049558475 0.25980913464 
0.629353550018 0.324387050838 0.216258033892 0.205024916426 
0.642338812508 0.310178368454 0.20678557897 0.189463140014 
0.656920645909 0.293584557404 0.195723038269 0.167526436775 
0.673103854525 0.276496236544 0.184330824362 0.142526686063 
0.710614824123 0.298946138393 0.199297425595 0.104031157973 
0.744035212609 0.315514403517 0.210342935678 0.0737682809487 
0.763700740194 0.303961539968 0.202641026645 0.0517978447457 
0.794562458007 0.352573583501 0.235049055668 0.0299065137303 
0.785423378706 0.327656639365 0.218437759577 0.0139830973836 
0.794101794672 0.32339993017 0.215599953447 -0.000148862471824 
0.810678828511 0.34895655768 0.23263770512 -0.0115511611325 
0.818653094169 0.345806603877 0.230537735918 -0.0209304856288 
0.822412959285 0.344193273765 0.22946218251 -0.0298015338042 
0.813659542873 0.300483266074 0.200322177383 -0.0437480634691 
0.825348775419 0.296910503628 0.197940335752 -0.0513584737216 
0.834894252279 0.294768490233 0.196512326822 -0.0581882318069 
0.843402740285 0.293136062408 0.195424041605 -0.062986410523 
0.87936756312 0.357133318054 0.238088878703 -0.060246600062 
0.88190692238 0.356370095148 0.237580063432 -0.0614135733594 
0.882096321102 0.356449286169 0.237632857446 -0.0623806559174 
0.87689476559 0.358222688819 0.238815125879 -0.0625904700127 
0.874964748267 0.359041656878 0.239361104585 -0.0621831907505 
0.872823741889 0.359847242718 0.239898161812 -0.0605593007472 
0.867679008444 0.361497538931 0.240998359288 -0.0615234883667 
0.86224891661 0.363421994509 0.242281329673 -0.0603480803681 
0.853255577485 0.366393024591 0.244262016394 -0.0545544291092 
0.853001926147 0.366141750829 0.244094500552 -0.0499350881158 
0.846012031639 0.369292700306 0.246195133537 -0.0445095053455 
0.847684560903 0.368966967492 0.245977978328 -0.0412872557259 
0.865026574972 0.40512778136 0.270085187573 -0.0323297673973 
0.856924979458 0.408242335529 0.272161557019 -0.0237387952093 
0.837314042932 0.378845882936 0.252563921957 -0.0164785776364 
0.825479588282 0.384263124757 0.256175416505 -0.00234234332679 
0.811998824228 0.390635459907 0.260423639938 0.0158432624412 
0.789845926752 0.366300011951 0.244200007967 0.0326619388892 
0.760398311296 0.332173743278 0.221449162185 0.049956770388 
0.758557722192 0.334289344691 0.222859563127 0.0612130368237 
0.753736088925 0.338476146266 0.225650764178 0.0742830679623 
0.746310420746 0.343133859154 0.228755906103 0.0864369001926 
0.741219942393 0.346714439902 0.231142959935 0.100296336149 
0.702772802474 0.30800200867 0.205334672447 0.133600064453 
0.665326397129 0.276631258082 0.184420838721 0.172904903223 
0.629834743149 0.254832238205 0.169888158803 0.218143048979 
0.617241461106 0.269218378552 0.179478919034 0.235949075829 
0.578557408873 0.200793348789 0.133862232526 0.338724652142 
0.566718400162 0.217026692062 0.144684461375 0.354287579457 
0.555258829537 0.151613518852 0.101075679235 0.493204435473 
0.544350624691 0.169215199321 0.11281013288 0.506718706249 
0.533566823779 0.182466822396 0.121644548264 0.523598775598 
0.526855303848 0.195444352044 0.130296234696 0.523598775598 
0.512667514855 0.218888637669 0.145925758446 0.523598775598 
0.504564361955 0.232326076524 0.154884051016 0.523598775598 
0.495992669572 0.247807106149 0.165204737433 0.523598775598 
0.48157426231 0.27343637924 0.182290919493 0.523598775598 
0.473524149284 0.285643771998 0.190429181332 0.523598775598 
0.46354315811 0.299674652215 0.199783101477 0.523598775598 
0.450863116491 0.313479253325 0.208986168883 0.523598775598 
0.450863116491 0.313479253325 0.208986168883 0.523598775598 
0.440017482578 0.32942558396 0.219617055973 0.523598775598 
0.435657696378 0.336008748786 0.224005832524 0.523598775598 
0.435657696378 0.336008748786 0.224005832524 0.523598775598 
0.435657696378 0.336008748786 0.224005832524 0.523598775598 
0.435657696378 0.336008748786 0.224005832524 0.523598775598 
0.438771586981 0.33893681773 0.225957878487 0.523598775598 
0.436593662505 0.348373567838 0.232249045226 0.523598775598 
0.432940994439 0.363795784851 0.242530523234 0.523598775598 
0.42578947926 0.382131033848 0.254754022566 0.523598775598 
0.413595419373 0.405376953872 0.270251302581 0.523598775598 
0.402941083549 0.427887522136 0.28525834809 0.523598775598 
0.394514015799 0.446767282077 0.297844854718 0.523598775598 
0.382121428582 0.47390945411 0.315939636073 0.523448557993 
0.369734740038 0.512741792468 0.341827861645 0.513642549447 
0.352574215937 0.545493898747 0.363662599165 0.520528658082 
0.342131771505 0.585230555718 0.390153703812 0.504992577077 
0.318455588182 0.627895360618 0.418596907079 0.509189939753 
0.294493570933 0.670231230261 0.446820820174 0.512292226838 
0.275945227906 0.705668740851 0.470445827234 0.515513971689 
0.253199682821 0.739273267033 0.492848844689 0.523598775598 
0.231473963568 0.777105239552 0.518070159701 0.523598775598 
0.205157980364 0.822800912124 0.548533941416 0.523598775598 
0.180717436171 0.865148157927 0.576765438618 0.523598775598 
0.160126964741 0.901030379351 0.600686919567 0.523598775598 
0.136752240599 0.936850527918 0.624567018612 0.523598775598 
0.112771279546 0.97036969353 0.64691312902 0.523598775598 
0.0881399450453 1.0035165556 0.669011037064 0.523598775598 
0.0516569286168 1.03872296716 0.692481978105 0.523598775598 
0.0174132168921 1.07027757749 0.713518384995 0.523598775598 
4.33680868994e-19 1.09525886621 0.730172577472 0.523598775598 
7.69525637866e-20 1.1190195717 0.746013047803 0.509651960539 
8.51048599636e-22 1.1430364922 0.762024328136 0.488772633441 
5.54056833676e-22 1.16377882158 0.775852547717 0.471150376917 
-1.00262702383e-21 1.18126835206 0.787512234703 0.457112634321 
9.94113783068e-22 1.19580534548 0.797203563652 0.445941130147 
4.70503926742e-22 1.21045723946 0.806971492974 0.435528801744 
-3.55003317689e-22 1.22622198306 0.817481322039 0.423087797737 
8.53474111347e-22 1.24876845498 0.832512303323 0.405498774065 
8.00608714339e-23 1.26894736444 0.845964909628 0.388054611186 
1.78153691408e-21 1.2866265305 0.85775102033 0.372084604396 
-5.0807692101e-22 1.30793565506 0.871957103371 0.352963953725 
5.01084607022e-22 1.32696148684 0.884640991224 0.33605526931 
1.05033728244e-21 1.34368469367 0.895789795778 0.320031730905 
3.13977710793e-21 1.35974092292 0.906493948615 0.304705320003 
2.38022639341e-22 1.37324471907 0.915496479383 0.292024360239 
2.61166016744e-22 1.38485689252 0.923237928344 0.279235265747 
7.44246836502e-22 1.39818532158 0.932123547718 0.266745001683 
2.12107891115e-21 1.40964709497 0.939764729979 0.255357588887 
4.60753098342e-21 1.42009235118 0.946728234122 0.243807660152 
-2.056203725e-21 1.4293174323 0.952878288203 0.234557135865 
4.88509696271e-21 1.43574694465 0.957164629769 0.228477748454 
1.87704708669e-22 1.43805860192 0.958705734614 0.22518082036 
-6.04143106149e-21 1.44021644807 0.960144298712 0.222765472303 
3.31902889044e-21 1.4419579036 0.961305269064 0.220820432383 
1.54142622015e-21 1.44070220734 0.960468138225 0.220407888797 
-2.19741478392e-21 1.44140427458 0.960936183055 0.220443613892 
3.17214775031e-22 1.43988153187 0.959921021245 0.220069955207 
-3.19830059404e-21 1.43811270947 0.958741806315 0.219795755109 
1.19932350488e-21 1.43370100432 0.955800669549 0.220769083466 
3.04144014425e-21 1.43258879474 0.955059196493 0.220376893287 
1.22422068901e-21 1.43221132342 0.954807548943 0.216903960957 
-2.25500353971e-22 1.43235382813 0.954902552085 0.212349026929 
1.23053342835e-21 1.43167458979 0.954449726524 0.205273157839 
-7.10754849629e-22 1.43235920883 0.954906139223 0.196354023167 
7.28131534384e-22 1.43489376638 0.956595844256 0.185995598482 
9.22932607593e-22 1.43434449095 0.956229660632 0.178917364234 
6.82420383676e-22 1.43330080668 0.955533871118 0.173007654534 
-1.85301934968e-21 1.4349557519 0.956637167934 0.162740216592 
6.30165547042e-21 1.43669034325 0.957793562169 0.152841613377 
6.64311467489e-22 1.43732910759 0.958219405062 0.144901137655 
1.13455447882e-21 1.43900234357 0.959334895712 0.137123630676 
-1.61695257121e-21 1.43830446344 0.958869642291 0.130620337022 
-2.47438271071e-21 1.43876783333 0.959178555556 0.123994947757 
3.93038660913e-22 1.43733001365 0.958220009097 0.123545537272 
2.41251343021e-22 1.43465151875 0.956434345831 0.122928772167 
1.6226477394e-22 1.42630359165 0.9508690611 0.130019982829 
4.33581154398e-22 1.4084471929 0.938964795266 0.148905002415 
1.11187389243e-22 1.38951894906 0.926345966037 0.166818089387 
0.0024058846459 1.36452392797 0.909682618646 0.190179664868 
0.0408476159611 1.32401603807 0.882677358711 0.221298224621 
0.0516521385077 1.27337053687 0.848913691245 0.257764881822 
0.0691001256092 1.21688066286 0.811253775241 0.293456986706 
0.0883712110645 1.16059140877 0.773727605847 0.327865498172 
3.89036595186e-16 1.0797605282 0.719840352136 0.434801825063 
6.71963728652e-17 1.01740329549 0.678268863659 0.497095129916 
0.0144489364485 0.97012804555 0.646752030367 0.523598775598 
0.0719171496897 0.918758809483 0.612505872989 0.523598775598 
0.118956324741 0.872308835845 0.581539223896 0.523598775598 
0.161447014369 0.822448758883 0.548299172589 0.523598775598 
0.202836215508 0.764906518673 0.509937679115 0.523598775598 
0.228344438141 0.721606844462 0.481071229641 0.523598775598 
0.25658813952 0.672117097706 0.448078065138 0.523598775598 
0.276102559726 0.63346332414 0.42230888276 0.522552136436 
0.289269353794 0.603031602317 0.402021068211 0.521237076215 
0.30597912806 0.571678532758 0.381119021838 0.520220459252 
0.318076733527 0.547574183711 0.365049455807 0.520379126281 
0.323504165848 0.530682926248 0.353788617498 0.523598775598 
0.324741595753 0.519922220594 0.346614813729 0.523598775598 
0.328158090626 0.509447544713 0.339631696475 0.523598775598 
0.326229761763 0.508252497406 0.338834998271 0.523598775598 
0.323592044047 0.506836890313 0.337891260209 0.523598775598 
0.321922515076 0.504396187057 0.336264124705 0.523598775598 
0.319079953172 0.501955696923 0.334637131282 0.523598775598 
0.31572072519 0.499713256331 0.333142170887 0.523598775598 
0.31213544009 0.499447877978 0.332965251985 0.523598775598 
0.309423866454 0.498832398351 0.332554932234 0.523598775598 
0.298649389516 0.508724676171 0.339149784114 0.523598775598 
0.297225533116 0.506615669239 0.337743779493 0.523598775598 
0.2951328645 0.503862080008 0.335908053339 0.523598775598 
0.291224903649 0.501579927626 0.334386618418 0.523598775598 
0.28648112435 0.498115922384 0.332077281589 0.523598775598 
0.278809253538 0.493165789092 0.328777192728 0.523598775598 
0.253702438933 0.494854121472 0.329902747648 0.523598775598 
0.232009748343 0.494946673184 0.329964448789 0.523598775598 
0.219150964321 0.487601753454 0.325067835636 0.523598775598 
0.202519349348 0.474190846948 0.316127231299 0.519239001004 
0.178985669833 0.468407177498 0.312271451665 0.522664492832 
0.16437602319 0.456535762628 0.304357175085 0.519792383592 
0.158661308736 0.433471591491 0.288981060994 0.519175262862 
0.167006984727 0.400149076533 0.266766051022 0.518135632296 
0.166332650783 0.382395599904 0.254930399936 0.523598775598 
0.172310454412 0.359162990664 0.239441993776 0.523598775598 
0.178449805345 0.339033210788 0.226022140525 0.523598775598 
0.196665784299 0.302001347698 0.201334231798 0.523598775598 
0.219025552148 0.262355242947 0.174903495298 0.523598775598 
0.240496388777 0.225016434864 0.150010956576 0.523598775598 
0.256301177142 0.193869971668 0.129246647779 0.523598775598 
0.272826793696 0.165881460114 0.110587640076 0.520930534635 
0.250255035316 0.12648862304 0.0843257486935 0.0129563653051 
0.268660888806 0.147454841445 0.0983032276297 0.0297078541896 
0.319476773082 0.279884875487 0.186589916991 -0.0597539709983 
0.3465838301 0.309902775398 0.206601850265 -0.0539597163788 
0.371794531713 0.339639518417 0.226426345611 -0.0476801310766 
0.406629789817 0.373508705046 0.249005803364 -0.0420321678241 
0.4386766714 0.418124927192 0.278749951461 -0.0303989335279 
0.468140174599 0.436043844943 0.290695896629 -0.0304453776296 
0.496676204636 0.455192810347 0.303461873565 -0.0309228247539 
0.522945685374 0.465367494759 0.310244996506 -0.0348718668457 
0.553653849122 0.47482991435 0.316553276233 -0.0376406978405 
0.571897512094 0.466664706182 0.311109804122 -0.0433047562045 
0.591250427521 0.458860507683 0.305907005122 -0.0486494056044 
0.618910018882 0.481631727303 0.321087818202 -0.0497486348821 
0.632353963043 0.474697513647 0.316465009098 -0.0546063647782 
0.640295262407 0.471135997259 0.314090664839 -0.0578166015528 
0.648385338086 0.467853920832 0.311902613888 -0.0594651291006 
0.649318904161 0.468001343841 0.312000895894 -0.0610954568227 
0.656709524867 0.465250065823 0.310166710549 -0.0619662461254 
0.661395031998 0.464856565887 0.309904377258 -0.0627819859647 
0.677393758273 0.492344627278 0.328229751519 -0.0600411150102 
0.674079305489 0.494654863171 0.329769908781 -0.0603037863663 
0.675726321375 0.49385881222 0.329239208147 -0.0591144341038 
0.678905835508 0.493571855515 0.329047903677 -0.059444681953 
0.679525237838 0.493725450217 0.329150300145 -0.0606156685658 
0.675073756826 0.497055049282 0.331370032855 -0.0597960677471 
0.679767504117 0.49467771795 0.3297851453 -0.0595758503378 
0.677596086884 0.495597467879 0.330398311919 -0.0602215829886 
0.680078920786 0.492662472562 0.328441648374 -0.0600932792991 
0.647069383976 0.426399264706 0.284266176471 -0.0690448084761 
0.616768956926 0.383032261676 0.255354841117 -0.0747189832084 
0.597842386036 0.345457584225 0.23030505615 -0.078079721934 
0.571386402034 0.303314902129 0.202209934753 -0.0784911233964 
0.558090377678 0.305468732875 0.203645821917 -0.0699311231135 
0.507881455654 0.228748802438 0.152499201625 -0.0617955528662 
0.458288722228 0.176519891144 0.117679927429 -0.00445880460997 
0.425322967283 0.20196083945 0.134640559634 0.0855548700411 
0.39433165165 0.147844479188 0.0985629861256 0.336103981417 
0.389289129414 0.162804414372 0.108536276248 0.482271793976 
0.374575175153 0.208589766912 0.139059844608 0.523598775598 
0.347423646905 0.278373244123 0.185582162749 0.523598775598 
0.317239577687 0.343446845088 0.228964563392 0.523598775598 
0.295835618331 0.388586777567 0.259057851711 0.523598775598 
0.276732818216 0.424560850883 0.283040567255 0.523598775598 
0.268772433654 0.440579900712 0.293719933808 0.523598775598 
0.260855286122 0.457154547154 0.304769698103 0.523598775598 
0.250818402109 0.474320599719 0.316213733146 0.523598775598 
0.24188322419 0.488641395717 0.325760930478 0.523598775598 
0.24282752246 0.491914727046 0.327943151364 0.523598775598 
0.236374818478 0.501349946401 0.334233297601 0.523598775598 
0.231129183082 0.510022649551 0.3400150997 0.523598775598 
0.231129183082 0.510022649551 0.3400150997 0.523598775598 
0.241357526693 0.499701760669 0.333134507112 0.523598775598 
0.241357526693 0.499701760669 0.333134507112 0.523598775598 
0.246018260087 0.498221291197 0.332147527465 0.523598775598 
0.246018260087 0.498221291197 0.332147527465 0.523598775598 
0.246018260087 0.498221291197 0.332147527465 0.523598775598 
0.2469524833 0.501170777806 0.334113851871 0.523598775598 
0.245715356415 0.506485695512 0.337657130342 0.523598775598 
0.242464518642 0.504943716832 0.336629144555 0.523598775598 
0.239637229931 0.503319022968 0.335546015312 0.523598775598 
0.239637229931 0.503319022968 0.335546015312 0.523598775598 
0.233989173834 0.500903849085 0.33393589939 0.523598775598 
0.230271670743 0.499106618795 0.332737745863 0.523598775598 
0.214199131605 0.51564185909 0.343761239393 0.523598775598 
0.210195228341 0.512942821455 0.34196188097 0.523598775598 
0.205281783698 0.511641280506 0.341094187004 0.523598775598 
0.191945962753 0.518795046702 0.345863364468 0.523598775598 
0.175455636559 0.525902397164 0.350601598109 0.523598775598 
0.16825197735 0.520300729019 0.346867152679 0.521928277971 
0.149958702969 0.530383129143 0.353588752762 0.523598775598 
0.132953027418 0.538346630352 0.358897753568 0.52270763206 
0.121422144504 0.544910078226 0.363273385484 0.52004950404 
0.118950789223 0.57890792722 0.385938618147 0.442209384943 
0.113399994982 0.59617692943 0.397451286286 0.444228960064 
0.100872624013 0.627600544824 0.418400363216 0.44751548282 
0.0931913765548 0.653314514515 0.435543009677 0.449998122758 
0.0846699110483 0.682690686464 0.455127124309 0.453687018547 
0.0710498683346 0.719203613122 0.479469075415 0.457419179115 
0.0614638417317 0.745163307696 0.496775538464 0.461172967065 
0.0276499566509 0.761349189256 0.507566126171 0.523598775598 
0.0108961947973 0.796222360183 0.530814906788 0.523598775598 
4.71066952585e-19 0.828709057441 0.55247270496 0.519238396923 
-6.90170929802e-21 0.877455102503 0.584970068335 0.474504250712 
-4.86145137892e-22 0.930932420455 0.620621613637 0.429685239451 
4.15896575493e-09 0.985234165413 0.656822776942 0.389740000423 
0.132464420514 1.08121567068 0.720810447117 0.262892858562 
0.121691837527 1.12715160212 0.751434401413 0.251883328314 
0.11320457791 1.16906537214 0.779376914758 0.23961145915 
0.107010863648 1.2015247724 0.801016514931 0.228353850906 
0.0808744938901 1.23896431373 0.825976209156 0.215439910018 
0.0749725453175 1.26888994207 0.845926628048 0.201216828644 
0.0478211211923 1.29284234685 0.861894897899 0.190731492892 
0.0459227915011 1.31192559194 0.874617061291 0.175588759337 
0.0439600228931 1.32916634347 0.886110895645 0.161556956518 
0.0438874968782 1.34014086022 0.893427240146 0.146930451524 
0.044575934363 1.35357171212 0.902381141416 0.128926348224 
0.0446981681403 1.36717255426 0.911448369506 0.112020854903 
0.0333680586352 1.38024078379 0.920160522527 0.089369120019 
0.0224184931137 1.39466117491 0.929774116607 0.0615665125809 
0.00532080413458 1.40930532497 0.939536883311 0.0330108257924 
8.67361737988e-19 1.42602651579 0.950684343861 0.00817233511143 
7.6554719059e-22 1.44545671396 0.963637809306 -0.0186541088197 
-2.1407280694e-21 1.46293664431 0.97529109621 -0.040351018071 
5.59389578676e-22 1.47891776827 0.985945178844 -0.0578153029334 
1.7149403619e-21 1.49479101842 0.996527345614 -0.0758478112145 
1.63144279019e-22 1.50882077653 1.00588051769 -0.089788926333 
-3.97672275002e-22 1.52107573441 1.01405048961 -0.102511897885 
5.07372134154e-21 1.53315592972 1.02210395315 -0.116417692099 
0.00167397626837 1.54492469634 1.02994979756 -0.127569055496 
0.630600148628 1.52862879322 1.01908586215 0.0351865046618 
0.689922649069 1.53243834477 1.02162556318 0.0539646435586 
0.726298020592 1.53606501456 1.02404334304 0.0649335137521 
0.739694368927 1.54069231095 1.0271282073 0.0558105643872 
0.7839344743 1.54222282374 1.02814854916 0.07666454555 
0.795382322316 1.54629084041 1.03086056027 0.0704007794142 
0.818679497483 1.54791458005 1.03194305337 0.0825669713622 
0.82569158512 1.55095580988 1.03397053992 0.0790254831924 
0.831360658841 1.55220847919 1.03480565279 0.076788303214 
0.836317349917 1.55316222284 1.0354414819 0.0753417047943 
0.836625385606 1.55455519191 1.03637012794 0.0753478646142 
0.842712553365 1.55489162494 1.03659441662 0.0751284458452 
0.842843529342 1.55556486942 1.03704324628 0.0752147044843 
0.842843529342 1.55556486942 1.03704324628 0.0752147044843 
0.842669191236 1.55367561616 1.0357837441 0.0752619776737 
0.84226796983 1.55087044433 1.03391362955 0.075366691617 
0.833269832594 1.54791685585 1.03194457057 0.0828710506585 
0.822124517271 1.54393939356 1.02929292904 0.0900189440562 
0.809829305884 1.53897780947 1.02598520631 0.0968433624405 
0.763028322554 1.53415634902 1.02277089934 0.0788782908758 
0.71025037333 1.5290479347 1.0193652898 0.0642480166466 
0.653474933957 1.52521671361 1.01681114241 0.0481469873188 
0.580161103429 1.52171758519 1.01447839013 0.0265975104797 
0.492515618585 1.51926968382 1.01284645588 0.00280883843694 
0.303166009445 1.52178491456 1.01452327637 -0.0429099804158 
-2.49945176898e-17 1.51885815513 1.01257210342 -0.0978110847415 
4.59222607111e-22 1.51095306544 1.00730204362 -0.0830764550467 
-1.93210649746e-21 1.50446560604 1.00297707069 -0.0712408413034 
-7.7981887338e-22 1.4997685402 0.999845693465 -0.054223769033 
-1.27941244653e-21 1.49403451068 0.996023007122 -0.0405239432045 
9.79396627792e-22 1.48790576008 0.991937173386 -0.0264717882249 
1.34708205102e-21 1.48654884759 0.991032565061 -0.013805950838 
-9.70268362919e-22 1.48368103646 0.989120690972 -0.00197024797315 
5.06673863501e-22 1.48099497719 0.987329984795 0.0089153992169 
2.63658891507e-21 1.47772798953 0.985151993019 0.0207987811538 
-1.856594786e-21 1.45842102665 0.972280684431 0.0455857796383 
-8.23004848455e-22 1.43580693796 0.957204625308 0.0699946585021 
3.76495882048e-24 1.41022586239 0.940150574924 0.0956918722922 
-2.41441945302e-22 1.38076164577 0.920507763849 0.120123528018 
4.94163247754e-06 1.35497236478 0.903314909854 0.139139904199 
0.0255984625978 1.3282646444 0.885509762931 0.155827641495 
0.0493709803981 1.30192194966 0.867947966441 0.167715713977 
0.0546455954934 1.27803790915 0.85202527277 0.178118212742 
0.0893563307065 1.25245293172 0.83496862115 0.182102380286 
0.112771443163 1.21678278309 0.81118852206 0.186036995502 
0.138399215916 1.17525930946 0.783506206307 0.186480354028 
0.148223936635 1.12723139349 0.751487595659 0.188811166354 
0.185767387421 1.07899783495 0.719331889967 0.175976059901 
0.196947724283 1.02351591861 0.682343945737 0.168137898827 
0.209754527005 0.968128870527 0.645419247018 0.156518144846 
0.196207570042 0.90514266109 0.603428440727 0.152313640301 
0.161254200209 0.841010601404 0.560673734269 0.163556069871 
0.107904702776 0.736649283607 0.491099522404 0.211710084755 
0.0300261338546 0.61003658373 0.40669105582 0.465570933633 
0.0495729192039 0.587467109998 0.391644739998 0.365437115295 
0.0456878090541 0.560422249664 0.373614833109 0.359065188908 
0.0380463742842 0.543794703445 0.362529802296 0.353632180656 
0.0300770320851 0.540512129478 0.360341419652 0.351755815044 
0.0269445817534 0.54835928727 0.36557285818 0.275481532783 
0.0223305265857 0.546032121006 0.364021414004 0.274504174206 
0.0199808427246 0.543980867823 0.362653911882 0.27338652987 
0.0257834005723 0.527020515824 0.35134701055 0.268529548828 
0.0257834005723 0.527020515824 0.35134701055 0.268529548828 
0.0307206708025 0.513018949719 0.342012633146 0.261912564711 
0.0348364401522 0.511847256072 0.341231504048 0.260372370158 
0.0387216099448 0.51193715107 0.341291434047 0.259405146435 
0.0416169437291 0.514011459992 0.342674306661 0.258555778047 
0.0395510021683 0.534810906969 0.356540604646 0.258963296813 
0.0333183481768 0.553148346035 0.368765564023 0.260581121184 
0.0217453956845 0.584201555957 0.389467703971 0.265640006792 
0.011541844603 0.617458104379 0.411638736253 0.272914073045 
-2.52793443563e-20 0.638930603877 0.425953735918 0.315287823654 
1.81189281638e-21 0.66638714307 0.44425809538 0.321422237371 
3.02123966158e-21 0.711473828928 0.474315885952 0.301135586636 
2.31328489962e-19 0.743259886275 0.49550659085 0.311884146935 
6.13613909682e-25 0.786117696661 0.524078464441 0.297251878756 
0.124850237369 0.914002861706 0.609335241137 0.148066983015 
0.155931891486 0.968631120959 0.645754080639 0.144061818428 
0.180222783673 1.01580352853 0.677202352356 0.147138421964 
0.191047283015 1.07024287472 0.713495249815 0.153322037695 
0.187100739568 1.11277542182 0.741850281215 0.15846469164 
0.184505051781 1.15619404871 0.770796032471 0.157871078917 
0.181499528262 1.2031056935 0.802070462334 0.151983867556 
0.177397648814 1.24803352852 0.832022352344 0.14332447203 
0.145928494654 1.28673405087 0.857822700582 0.131192278256 
0.1097352386 1.333078178 0.888718785335 0.107733434449 
0.0695810337709 1.37439320973 0.916262139821 0.0796290058383 
0.0258088061165 1.41107232107 0.940714880715 0.0493122043597 
4.73006435801e-18 1.44312874603 0.962085830688 0.0193657676211 
8.59770549513e-22 1.46910573263 0.979403821754 -0.00316581174366 
5.75221434371e-22 1.494068513 0.996045675336 -0.0284993629065 
2.82344054848e-22 1.51541555923 1.01027703949 -0.0487394424267 
7.13725797067e-22 1.53069996458 1.02046664306 -0.0659255307213 
-1.83127511635e-21 1.54226312799 1.02817541866 -0.0827635681171 
-6.26066752923e-22 1.55352141922 1.03568094615 -0.0959636416574 
-3.90520079343e-22 1.56174097475 1.04116064984 -0.10833994107 
0.000490055968335 1.56576478643 1.04384319095 -0.121054899453 
0.00370076318522 1.56716892097 1.04477928064 -0.130788076574 
0.669268729102 1.53995520991 1.02663680661 0.0546283417618 
0.706491222464 1.53615099363 1.02410066242 0.0583371530662 
0.720636433896 1.53465116712 1.02310077808 0.0456981774294 
0.754330096895 1.5300261445 1.02001742967 0.0582715242222 
0.763702678853 1.52803313362 1.01868875575 0.0497035908246 
0.77312992371 1.5260512764 1.0173675176 0.0439071153846 
0.781188925133 1.52406665225 1.01604443483 0.041722314003 
0.803358943582 1.52105790969 1.01403860646 0.0561916071859 
0.807242052714 1.51949605069 1.01299736713 0.052739776596 
0.810739467877 1.51848657683 1.01232438456 0.0503489852684 
0.814041464588 1.51706975422 1.01137983614 0.0480397720378 
0.817022774885 1.5156321675 1.010421445 0.0460385671138 
0.816937070337 1.51403192983 1.00935461989 0.0459788438571 
0.820041073568 1.51328251825 1.00885501217 0.0441532752527 
0.819966025982 1.51276849573 1.00851233049 0.0442311656741 
0.816166636303 1.5130985815 1.00873238767 0.0487826292566 
0.812206525668 1.51126984886 1.00751323257 0.052259103799 
0.804336428159 1.50746845266 1.00497896844 0.05726016851 
0.764160074913 1.50011553607 1.00007702405 0.040110002738 
0.726875284346 1.49248036151 0.994986907676 0.031244639622 
0.678228633168 1.48485839468 0.989905596454 0.0181356653453 
0.558930420672 1.47445432754 0.982969551691 -0.0118659559005 
-1.99530614189e-16 1.46534861375 0.976899075834 -0.123595742214 
2.81563649153e-22 1.44189591797 0.96126394531 -0.105833941 
-2.63934941299e-22 1.40934522587 0.939563483915 -0.0798842347141 
0.0379740296642 1.38418174527 0.922787830179 -0.0452205370187 
0.102973785548 1.35326542739 0.902176951596 -0.00671169710543 
0.18568065927 1.30855980188 0.872373201252 0.0403880072654 
0.263268536077 1.25670354041 0.837802360271 0.0829580806549 
0.330328514612 1.20366223266 0.80244148844 0.11511174128 
0.395575135715 1.14663709374 0.764424729161 0.137673657675 
0.445809550207 1.09461948939 0.729746326262 0.152828515267 
0.480796925936 1.05006796438 0.700045309587 0.162845500129 
0.490430171524 1.00084478861 0.667229859072 0.169667690319 
0.539658375862 0.964184914606 0.64278994307 0.166449354625 
0.550158661108 0.915258365491 0.610172243661 0.157154491393 
0.561501528849 0.873928730715 0.58261915381 0.145868445973 
0.572456639157 0.837275043891 0.558183362594 0.134094442964 
0.57988771284 0.807686704703 0.538457803136 0.121279774021 
0.529370730329 0.7625096616 0.5083397744 0.117491702835 
0.493144157186 0.71678445712 0.477856304747 0.112941666751 
0.426635584984 0.65809558555 0.438730390367 0.120980617445 
0.355581272592 0.578027633018 0.385351755345 0.147875609657 
0.282348158629 0.490603937931 0.327069291954 0.215728615679 
0.228046437842 0.429265437597 0.286176958398 0.322545197894 
0.194525318492 0.4466400585 0.297760039 0.326684059855 
0.154355518806 0.422525488385 0.281683658924 0.523598775598 
0.121438959077 0.451421609555 0.300947739703 0.523598775598 
0.0921642066 0.502292620025 0.334861746683 0.415850072786 
0.0666502583979 0.527350539932 0.351567026622 0.415834350342 
0.0442564488112 0.546475518127 0.364317012084 0.413084640108 
0.0264189498364 0.560958508824 0.373972339216 0.408802004629 
0.0133806272063 0.570262689764 0.38017512651 0.402355782114 
0.0182583997674 0.56927864318 0.379519095453 0.314389073261 
0.0111214555004 0.568979843767 0.379319895845 0.313387836791 
0.00680588139316 0.569513928797 0.379675952531 0.312474481161 
0.00680588139316 0.569513928797 0.379675952531 0.312474481161 
0.0113913487751 0.553079362202 0.368719574802 0.307511844712 
0.013704147773 0.543302900599 0.362201933733 0.302594951144 
0.0170595484668 0.53360078202 0.35573385468 0.297216525755 
0.0231673660336 0.519675624594 0.346450416396 0.29205171021 
0.0272970603334 0.509008258769 0.339338839179 0.286083288612 
0.0347862047973 0.487362470432 0.324908313621 0.280159102226 
0.0440347509664 0.47346363238 0.315642421586 0.273968520781 
0.0475876009035 0.473981326817 0.315987551211 0.273063420855 
0.0560179281242 0.464371689514 0.309581126342 0.268822385313 
0.0677670130384 0.456275384263 0.304183589509 0.266333878877 
0.0749366961308 0.457963593835 0.305309062557 0.266421627836 
0.0841625140588 0.457928088074 0.305285392049 0.266887419099 
0.0955887966807 0.461601662375 0.307734441583 0.268374377682 
0.105652288161 0.474609282444 0.316406188296 0.277304119332 
0.110688736366 0.456026796379 0.304017864253 0.439154040717 
0.129447603518 0.46611245735 0.310741638233 0.441414302707 
0.150222293733 0.477748266213 0.318498844142 0.445041329377 
0.174325935467 0.481230358177 0.320820238785 0.451408027246 
0.189326433663 0.46681207025 0.311208046833 0.523598775598 
0.200959831346 0.476130392773 0.317420261849 0.523598775598 
0.212599382281 0.486740983805 0.324493989203 0.523598775598 
0.222443681013 0.495853968307 0.330569312205 0.523598775598 
0.2312650143 0.503020683119 0.335347122079 0.523598775598 
0.237867832393 0.508996039511 0.339330693007 0.523598775598 
0.244819205848 0.51355747252 0.342371648347 0.523598775598 
0.259111265007 0.507187062683 0.338124708455 0.523598775598 
0.264420797385 0.510240378843 0.340160252562 0.523598775598 
0.274926743931 0.508225192088 0.338816794725 0.523598775598 
0.291724673386 0.494764825958 0.329843217305 0.523598775598 
0.303414441446 0.489198152216 0.326132101478 0.523598775598 
0.312031864148 0.483924578953 0.322616385969 0.523598775598 
0.313545903638 0.485440195327 0.323626796884 0.523598775598 
0.315754647409 0.487188349848 0.324792233232 0.523598775598 
0.321350480261 0.480167120021 0.320111413347 0.523598775598 
0.321350480261 0.480167120021 0.320111413347 0.523598775598 
0.326519947122 0.471464482002 0.314309654668 0.523598775598 
0.327247626305 0.474454620841 0.316303080561 0.523598775598 
0.321057910988 0.482995897411 0.321997264941 0.523598775598 
0.31930987086 0.482081282773 0.321387521849 0.523598775598 
0.31930987086 0.482081282773 0.321387521849 0.523598775598 
0.31930987086 0.482081282773 0.321387521849 0.523598775598 
0.31930987086 0.482081282773 0.321387521849 0.523598775598 
0.31930987086 0.482081282773 0.321387521849 0.523598775598 
0.315127520514 0.490612053513 0.327074702342 0.523598775598 
0.315127520514 0.490612053513 0.327074702342 0.523598775598 
0.316932331713 0.492351530871 0.328234353914 0.523598775598 
0.316272210112 0.490557750491 0.327038500327 0.523598775598 
0.316272210112 0.490557750491 0.327038500327 0.523598775598 
0.315653519948 0.488036721606 0.325357814404 0.523598775598 
0.322532757991 0.478815317978 0.319210211986 0.523598775598 
0.322532757991 0.478815317978 0.319210211986 0.523598775598 
0.313061128471 0.490804066116 0.327202710744 0.523598775598 
0.301316082522 0.495415588882 0.330277059254 0.523598775598 
0.293920598876 0.489958323859 0.326638882573 0.523598775598 
0.28046269006 0.492084142654 0.328056095103 0.523598775598 
0.263053968994 0.490411718404 0.326941145603 0.523598775598 
0.238744894766 0.480696147316 0.320464098211 0.523598775598 
0.217413983463 0.465183234128 0.310122156085 0.523598775598 
0.19870157066 0.447508464415 0.298338976277 0.523598775598 
0.186013835719 0.418643042419 0.279095361613 0.523598775598 
0.173913031856 0.393528111459 0.262352074306 0.523598775598 
0.158280065345 0.382931424897 0.255287616598 0.522622880456 
0.143230415713 0.373477651758 0.248985101172 0.522131772609 
0.131347212503 0.365846672438 0.243897781625 0.522045146668 
0.12238905115 0.3602721622 0.240181441467 0.522212010209 
0.109873349712 0.366499330376 0.244332886918 0.523598775598 
0.109794759549 0.357976460996 0.238650973998 0.523598775598 
0.107182046268 0.356802813742 0.237868542495 0.523598775598 
0.106246114648 0.356243065016 0.237495376677 0.523598775598 
0.103839073826 0.361598627205 0.24106575147 0.523598775598 
0.107970004506 0.354200593678 0.236133729119 0.523598775598 
0.107970004506 0.354200593678 0.236133729119 0.523598775598 
0.108981242402 0.354484792001 0.236323194668 0.523598775598 
0.108981242402 0.354484792001 0.236323194668 0.523598775598 
0.103795405501 0.360950089236 0.240633392824 0.523598775598 
0.102315390805 0.360261555708 0.240174370472 0.523598775598 
0.101429496545 0.359039371006 0.23935958067 0.523598775598 
0.106540128289 0.350025550789 0.233350367192 0.523598775598 
0.105252571195 0.349036698372 0.232691132248 0.523598775598 
0.111447201895 0.337685760628 0.225123840419 0.523598775598 
0.111447201895 0.337685760628 0.225123840419 0.523598775598 
0.109856466403 0.337245434967 0.224830289978 0.523598775598 
0.104991627177 0.344079016243 0.229386010828 0.523598775598 
0.104039413572 0.343800952904 0.229200635269 0.523598775598 
0.11262220393 0.328668045455 0.219112030303 0.523598775598 
0.111384551062 0.328471883946 0.218981255964 0.523598775598 
0.111384551062 0.328471883946 0.218981255964 0.523598775598 
0.113135064578 0.32874311563 0.219162077087 0.523598775598 
0.121080352175 0.317544719375 0.211696479584 0.523598775598 
0.129290390209 0.307249768611 0.204833179074 0.523598775598 
0.152189864033 0.283165237464 0.188776824976 0.523598775598 
0.17518665628 0.267710659884 0.178473773256 0.523598775598 
0.199800487125 0.255764936401 0.170509957601 0.523598775598 
0.245521139898 0.215711639982 0.143807759988 0.523598775598 
0.29269840789 0.172318201539 0.114878801026 0.512636765655 
0.326214163134 0.156729970663 0.104486647108 0.301685184302 
0.396956608819 0.0991933811723 0.0661289207815 0.275247838638 
0.53891886147 0.307245974991 0.204830649994 0.0464393452834 
0.661509906462 0.362633043096 0.241755362064 0.0400540850406 
0.803759679449 0.387343077883 0.258228718589 0.0344714265515 
0.882007060923 0.345206271094 0.230137514063 0.0389749554556 
0.96069677201 0.303435614933 0.202290409955 0.0407302458697 
0.993955051817 0.154767292073 0.103178194715 0.0456188819037 
1.06254055884 0.128077545827 0.0853850305512 0.0431817520822 
1.08564573433 5.47885712444e-19 3.65257141629e-19 0.0492046391706 
1.14941474135 3.98455675135e-22 2.65637116757e-22 0.043380748322 
1.19724239708 5.49039341024e-22 3.66026227349e-22 0.0406929359655 
1.23204206934 1.40726237003e-22 9.38174913352e-23 0.0385093608442 
1.26264604038 1.12911453981e-22 7.52743026538e-23 0.0357856569099 
1.29146169278 1.11467627003e-22 7.43117513356e-23 0.0309588983043 
1.30708508293 3.41733771264e-22 2.27822514176e-22 0.0283535060983 
1.31445925579 -1.16292966539e-23 -7.75286443594e-24 0.027304878388 
1.32492112142 1.31419904402e-22 8.76132696013e-23 0.024490632845 
1.33105242925 -3.32937220376e-22 -2.21958146918e-22 0.0223153772186 
1.33123518817 -3.50490079936e-23 -2.33660053291e-23 0.0219167600567 
1.32915582262 4.98053554215e-22 3.3203570281e-22 0.0207459390553 
1.3253897893 9.64628852478e-22 6.43085901652e-22 0.0193130137183 
1.325283855 -4.11256361063e-22 -2.74170907375e-22 0.0197159788937 
1.31365364126 9.80179894193e-22 6.53453262795e-22 0.0219147273604 
1.31115690337 4.29448470821e-22 2.86298980547e-22 0.0214025684559 
1.31054530559 -1.22791249355e-22 -8.18608329034e-23 0.0205078570476 
1.31054530559 -1.22791249355e-22 -8.18608329034e-23 0.0205078570476 
1.31054530559 -1.22791249355e-22 -8.18608329034e-23 0.0205078570476 
1.30276654882 8.18459554799e-22 5.456397032e-22 0.0214848820099 
1.29666782727 8.31688208532e-23 5.54458805688e-23 0.0231218904398 
1.29275599957 5.49051879044e-22 3.6603458603e-22 0.0243982110612 
1.29275599957 5.49051879044e-22 3.6603458603e-22 0.0243982110612 
1.28907550828 -1.89128345277e-22 -1.26085563518e-22 0.0260368266065 
1.28959822624 5.8509051615e-23 3.900603441e-23 0.0213816323269 
1.28959822624 5.8509051615e-23 3.900603441e-23 0.0213816323269 
1.28490410395 5.79007755143e-22 3.86005170095e-22 0.0204471533876 
1.28363871969 -3.76282250466e-22 -2.50854833644e-22 0.0236448589687 
1.27688310584 7.56735268577e-22 5.04490179051e-22 0.0210522249506 
1.27688310584 7.56735268577e-22 5.04490179051e-22 0.0210522249506 
1.26909494609 2.22528946858e-22 1.48352631239e-22 0.0221603618186 
1.25402315312 4.9369148165e-22 3.29127654433e-22 0.0239343793444 
1.23475319338 1.84834468806e-20 1.23222979204e-20 0.0283723605567 
1.20967086202 8.19079386608e-19 5.46052924405e-19 0.0280069379646 
1.15763519059 0.0119887706561 0.00799251377072 0.0286830730808 
1.10169450608 0.0289088504413 0.0192725669609 0.0269957584353 
1.0595390078 0.127492828801 0.0849952192008 0.0209954232941 
0.960232635492 0.162508552435 0.108339034957 0.0222078681481 
0.891658242346 0.271046585773 0.180697723848 0.0154208263802 
0.618299094201 0.0328278620137 0.0218852413424 0.0225625948911 
0.454351038216 1.11187564225e-16 7.41250428165e-17 -0.0297156263837 
0.362391675239 -9.50256340689e-19 -6.33504227126e-19 -0.17701800844 
0.28630604925 0.0461519040505 0.0307679360337 -0.177710797664 
0.18269663225 -9.64324222443e-17 -6.42882814962e-17 -0.0272375355586 
0.135489660999 5.73831959936e-22 3.82554639957e-22 -0.0181369421325 
0.10339368548 3.48293451513e-21 2.32195634342e-21 -0.0151933764168 
0.0799150333648 2.20200342053e-21 1.46800228035e-21 -0.00645903183445 
0.0617004988543 -6.94324186326e-22 -4.62882790884e-22 -0.0041516506893 
0.0487920685012 1.59138189833e-22 1.06092126555e-22 -0.00156611716577 
0.037837393287 5.4315561212e-21 3.62103741414e-21 0.00141793058539 
0.0337604362218 -1.71677821423e-22 -1.14451880949e-22 0.00405913321169 
0.0281833076977 3.51815839425e-21 2.3454389295e-21 0.00628246574875 
0.0253200121466 2.38498366327e-21 1.58998910885e-21 0.00761832305044 
0.0242999273508 -8.14879254236e-23 -5.43252836157e-23 0.010052634933 
0.0273076625972 1.29245971171e-21 8.61639807808e-22 0.011825696687 
0.0238800232513 3.74235047838e-21 2.49490031892e-21 0.0135123606837 
0.0238800232513 3.74235047838e-21 2.49490031892e-21 0.0135123606837 
0.0238800232513 3.74235047838e-21 2.49490031892e-21 0.0135123606837 
0.0265884004894 -2.61189473133e-21 -1.74126315422e-21 0.0195148109089 
0.0284310012926 -3.06357807111e-21 -2.04238538074e-21 0.0193464545233 
0.0284310012926 -3.06357807111e-21 -2.04238538074e-21 0.0193464545233 
0.0284310012926 -3.06357807111e-21 -2.04238538074e-21 0.0193464545233 
0.0311034078172 -1.66006557455e-21 -1.10671038303e-21 0.0197349605937 
0.0383996214114 2.02476981672e-21 1.34984654448e-21 0.0204728368472 
0.0396571908569 -1.38769893925e-21 -9.25132626165e-22 0.0240013408678 
0.0456818348327 2.54999763899e-21 1.69999842599e-21 0.0241492821126 
0.0549733563706 3.46600486587e-21 2.31066991058e-21 0.024396697782 
0.065258825918 1.18618738945e-21 7.90791592968e-22 0.0305475770092 
0.0793772603174 -2.09891039044e-21 -1.39927359363e-21 0.0353048094049 
0.108356370541 4.38276216465e-21 2.9218414431e-21 0.0411464629712 
0.135954526105 2.90727216747e-22 1.93818144498e-22 0.0389510602023 
0.18226962101 -3.02675079523e-22 -2.01783386349e-22 0.0553446212787 
0.250429583937 4.98526211165e-22 3.32350807443e-22 0.048420574576 
0.327177961264 -2.02885791868e-21 -1.35257194579e-21 0.0434624539718 
0.424759379508 1.44415383843e-22 9.6276922562e-23 0.0402827133075 
0.591800007825 0.130629678747 0.0870864524981 0.0425414328058 
0.780893423086 0.238238423658 0.158825615772 0.0482480172093 
0.914131428044 0.187892938706 0.125261959137 0.0624443668506 
0.997393115635 0.0317404669888 0.0211603113259 0.0793881971015 
1.10398792982 -6.17190856545e-21 -4.1146057103e-21 0.0723292159392 
1.1801728871 -6.66926011184e-22 -4.44617340789e-22 0.0604670508865 
1.24689937949 -4.98433484585e-23 -3.32288989724e-23 0.0478871728615 
1.28836813931 8.03874814479e-22 5.35916542986e-22 0.0405870432907 
1.3120629497 2.20188415173e-22 1.46792276782e-22 0.0390180998056 
1.33315448516 -3.43740139611e-22 -2.29160093074e-22 0.0326302980228 
1.34980827279 -3.2563906383e-22 -2.1709270922e-22 0.0295492161458 
1.35771492698 -4.69258821078e-22 -3.12839214052e-22 0.0268821353668 
1.36324965293 -1.40242007192e-21 -9.3494671461e-22 0.0245314145045 
1.36282050341 6.40818899887e-22 4.27212599925e-22 0.0256784594631 
1.36508653765 5.05698498916e-22 3.37132332611e-22 0.0236314007638 
1.36523094703 -1.73028424722e-22 -1.15352283148e-22 0.0232145124562 
1.36211563632 6.18743308151e-22 4.12495538767e-22 0.021183207103 
1.35632174061 -1.51319605978e-23 -1.00879737319e-23 0.0229226911898 
1.35065491397 -3.01408591766e-22 -2.00939061178e-22 0.0230024357759 
1.34452458578 7.50918225048e-22 5.00612150032e-22 0.0256319070741 
1.34427776436 3.89350115916e-23 2.59566743944e-23 0.0259858297016 
1.34191226087 -4.80280599513e-22 -3.20187066342e-22 0.0256179252283 
1.33475267647 -3.28289019958e-22 -2.18859346638e-22 0.0272259306842 
1.32580043737 4.94248034864e-23 3.2949868991e-23 0.029059202667 
1.31594939789 4.6694513447e-22 3.11296756313e-22 0.0319616205412 
1.30196942112 8.37097409575e-23 5.58064939717e-23 0.0355737294192 
1.28243385304 1.74550968142e-20 1.16367312095e-20 0.0407306357803 
1.25530580431 0.00238319166234 0.00158879444156 0.0444191712817 
1.2205964869 0.00979360995438 0.00652907330292 0.0514043810392 
1.17067734233 0.0264331788602 0.0176221192401 0.0661146575203 
1.11708018473 0.0493407799818 0.0328938533212 0.0750236342463 
1.09793693899 0.218733836573 0.145822557715 0.0747065020255 
1.00580159404 0.261362131619 0.174241421079 0.0984909439473 
1.00596431609 0.473946117967 0.315964078644 0.0945675305267 
0.96786131314 0.598730107225 0.399153404817 0.103172562802 
0.88799119665 0.712229517257 0.474819678171 0.115237299599 
0.844118785938 0.825323911758 0.550215941172 0.119190409454 
0.817577359799 0.928843130822 0.619228753881 0.121487896325 
0.733088724066 1.02496002024 0.683306680158 0.11239732431 
0.670632270685 1.09835159289 0.732234395261 0.0962059737084 
0.610263373425 1.16065617469 0.773770783128 0.0747764072239 
0.554363437069 1.21687220108 0.811248134051 0.0479280837109 
0.511797770932 1.26317495003 0.84211663335 0.0218417336435 
0.493209189663 1.29414098269 0.862760655123 0.0018210050673 
0.495682273887 1.31583543506 0.877223623371 -0.00867467009118 
0.498396678858 1.32871175736 0.885807838243 -0.0174406710707 
0.523903774943 1.33930624232 0.892870828214 -0.0182793337515 
0.525917589521 1.34638679295 0.897591195301 -0.022715092285 
0.55912060298 1.34962265386 0.899748435905 -0.0176201837989 
0.560995541972 1.3515018777 0.901001251801 -0.0215856557342 
0.591170215281 1.3530277328 0.902018488533 -0.0160379864995 
0.593064764377 1.35392278922 0.902615192811 -0.0198680610995 
0.624851470575 1.35152473286 0.901016488571 -0.0147458999963 
0.625972401603 1.35202548553 0.90135032369 -0.0168806200752 
0.626107002522 1.35284742146 0.901898280975 -0.0169024125859 
0.627513359397 1.35327254711 0.902181698075 -0.0185770657001 
0.646712757014 1.35238211823 0.901588078819 -0.0141208559288 
0.647230263714 1.35228431901 0.901522879337 -0.0152010561781 
0.648624818169 1.35082055847 0.900547038977 -0.0174585602466 
0.664155740866 1.35025066734 0.900167111558 -0.0134221630341 
0.665082035638 1.35074668678 0.900497791188 -0.0145063499682 
0.66627562387 1.35180384442 0.90120256295 -0.0159737177271 
0.686145517868 1.35037492509 0.90024995006 -0.010231566983 
0.687171363751 1.35005932143 0.900039547618 -0.012261136269 
0.688716684155 1.3505661868 0.900377457863 -0.0147869848965 
0.688716684155 1.3505661868 0.900377457863 -0.0147869848965 
0.688628083516 1.34928417158 0.899522781053 -0.0136189445021 
0.687105405006 1.3430638418 0.895375894535 -0.0122363672065 
0.643521989291 1.3308320469 0.887221364599 -0.0218144342626 
0.601580237325 1.29794174391 0.865294495941 -0.0251261882178 
0.598777619744 1.25634238618 0.837561590789 -0.0181220907071 
0.618120849053 1.20853434317 0.805689562112 -0.00480223412739 
0.676679420291 1.13483013998 0.756553426657 0.0173901067853 
0.757570516755 1.03675548531 0.69117032354 0.0398713587618 
0.831382298392 0.933168568489 0.622112378992 0.0507752195038 
0.888245900841 0.825697791434 0.550465194289 0.0554369628814 
0.935554897609 0.698628017909 0.465752011939 0.0555216811465 
1.00454519571 0.58359836802 0.38906557868 0.0485192204652 
0.994072792955 0.388603206842 0.259068804561 0.0469858967282 
1.03756336246 0.254887571563 0.169925047709 0.0359569379529 
1.1005030611 0.226997428626 0.151331619084 0.0242110017196 
1.13749432261 0.208704269894 0.13913617993 0.0173893002061 
1.16869270514 0.192865350876 0.128576900584 0.0129090963153 
1.19436663404 0.180154006748 0.120102671165 0.00758475649081 
1.21132589217 0.171735135143 0.114490090095 0.00605013672219 
1.22711528034 0.165066722898 0.110044481932 0.00390085565597 
1.23803920095 0.160478495518 0.106985663678 0.00314464097948 
1.24377117174 0.157305249539 0.10487016636 0.00127816992388 
1.24802983421 0.154934331896 0.103289554597 0.00100936537672 
1.24769422831 0.154714705849 0.103143137232 0.00344862448593 
1.25052279947 0.152500391727 0.101666927818 0.00441450692546 
1.25661167068 0.150446718962 0.100297812641 0.0029973741056 
1.25124628799 0.150836898259 0.100557932173 0.00501630759435 
1.24418877145 0.15007868612 0.100052457413 0.00741308088957 
1.24465111632 0.149300207555 0.0995334717036 0.00875901719202 
1.24465111632 0.149300207555 0.0995334717036 0.00875901719202 
1.22298940028 0.096555256642 0.0643701710947 0.00867082988523 
1.21155871465 0.0990088694988 0.0660059129992 0.0126999682423 
1.20092000883 0.100188135928 0.0667920906189 0.0127154549897 
1.19010167348 0.102624521319 0.0684163475461 0.014660604854 
1.1713491813 0.108466784578 0.0723111897184 0.0159903972408 
1.15284029857 0.115783746025 0.0771891640163 0.0171731788636 
1.12848975971 0.125267848905 0.08351189927 0.0197527368628 
1.09642083611 0.138085252927 0.0920568352849 0.0256958057602 
1.05900229328 0.153407765265 0.10227184351 0.0308446248905 
1.04719042844 0.241136946594 0.160757964396 0.0327913466072 
0.990384394152 0.263462665584 0.175641777056 0.0381489079847 
0.921847760592 0.252734635803 0.168489757202 0.0446011752228 
0.851115873742 0.240635598071 0.160423732047 0.0496096756165 
0.732302615828 0.169453743626 0.112969162417 0.0654613253991 
0.605402640919 0.0786405498514 0.0524270332343 0.117088822726 
0.510625703659 -7.74862080537e-18 -5.16574720358e-18 0.346037568957 
0.452128447907 0.0143405828096 0.00956038853974 0.523598775598 
0.370399634409 0.083072292551 0.0553815283673 0.523598775598 
0.301850462574 0.145031482073 0.0966876547152 0.523598775598 
0.247861143189 0.190231030588 0.126820687059 0.523598775598 
0.202810360602 0.233694517017 0.155796344678 0.523598775598 
0.167970992438 0.267118907683 0.178079271788 0.523598775598 
0.144267346685 0.285500590246 0.190333726831 0.523598775598 
0.136933697724 0.282410109884 0.18827340659 0.523598775598 
0.120994891504 0.299890041619 0.199926694413 0.523598775598 
0.117275510692 0.299423992576 0.199615995051 0.523598775598 
0.104618950076 0.315997997924 0.210665331949 0.523598775598 
0.102602771117 0.315593317487 0.210395544991 0.523598775598 
0.0900941147602 0.330697007812 0.220464671875 0.523291687961 
0.0900941147602 0.330697007812 0.220464671875 0.523291687961 
0.0900941147602 0.330697007812 0.220464671875 0.523291687961 
0.0965394935025 0.315834772835 0.210556515223 0.523598775598 
0.0965394935025 0.315834772835 0.210556515223 0.523598775598 
0.0947973991262 0.315130109846 0.210086739897 0.523598775598 
0.0969086020267 0.315100399006 0.210066932671 0.523598775598 
0.0989940711019 0.316115173879 0.210743449252 0.523598775598 
0.101930608297 0.316763074708 0.211175383139 0.523598775598 
0.112369734625 0.300766030551 0.200510687034 0.523598775598 
0.112369734625 0.300766030551 0.200510687034 0.523598775598 
0.115006877347 0.301797312544 0.201198208363 0.523598775598 
0.115006877347 0.301797312544 0.201198208363 0.523598775598 
0.115006877347 0.301797312544 0.201198208363 0.523598775598 
0.115006877347 0.301797312544 0.201198208363 0.523598775598 
0.115006877347 0.301797312544 0.201198208363 0.523598775598 
0.115006877347 0.301797312544 0.201198208363 0.523598775598 
0.121385653722 0.291813853028 0.194542568685 0.523598775598 
0.121385653722 0.291813853028 0.194542568685 0.523598775598 
0.123872745369 0.292427867316 0.194951911544 0.523598775598 
0.126767777757 0.293700848141 0.195800565427 0.523598775598 
0.141450741834 0.278768283369 0.185845522246 0.523598775598 
0.156889481454 0.26424283252 0.176161888346 0.523598775598 
0.160324751656 0.267137824778 0.178091883185 0.523598775598 
0.158435362192 0.280763803703 0.187175869135 0.523598775598 
