0.0 0.0 0.0 0.0 
-8.49832229787e-21 4.4371131643e-22 2.95807544287e-22 -0.00413275593089 
8.89942566694e-21 5.48220414434e-22 3.6548027629e-22 0.00180978488887 
2.81545484157e-21 9.00495961742e-22 6.00330641162e-22 0.00618504868596 
-2.57339871642e-21 2.85241546591e-22 1.90161031061e-22 0.00770700193288 
3.51833123584e-21 -1.77591686845e-22 -1.18394457897e-22 0.00597948968061 
-1.56255038318e-21 0.000342293210773 0.000228195473849 0.00481218699369 
-1.67623743089e-21 0.0289636007693 0.0193090671796 0.0057986319439 
1.08123103163e-20 0.0659647553894 0.0439765035929 0.00611566058898 
3.05122073453e-22 0.0538497064501 0.0358998043001 0.00694682467344 
3.70743080078e-21 0.0456361389223 0.0304240926149 0.00677808464798 
0.00181748171066 -6.43735973224e-19 -4.29157315483e-19 0.00812847724447 
0.00116142669642 0.000190919183172 0.000127279455448 0.00566361827076 
2.16840434497e-19 0.000190532668982 0.000127021779321 0.00592726231594 
1.22521047214e-21 0.00120225808761 0.000801505391739 0.00857260603191 
9.11622898722e-22 0.0219379787235 0.014625319149 0.00740433544278 
9.11622898722e-22 0.0219379787235 0.014625319149 0.00740433544278 
4.39955011069e-21 0.0471345682625 0.0314230455083 0.00988750897045 
-5.45883884902e-21 0.0473741303767 0.0315827535845 0.011352371131 
6.69016012507e-21 0.0300449374374 0.0200299582916 0.012399294126 
1.3929225286e-20 -2.2191400742e-18 -1.47942671613e-18 0.0129119424932 
1.35426210533e-20 0.0106081098165 0.00707207321102 0.0129610184881 
5.52378663237e-20 1.34084139261e-18 8.93894261741e-19 0.013516911402 
6.33669844534e-21 -6.22209136378e-23 -4.14806090919e-23 0.0121954145613 
-2.62447264986e-20 0.0356693412765 0.023779560851 0.0134430740117 
2.56382115696e-21 0.020011693122 0.013341128748 0.0116512907029 
1.86271734856e-19 0.00970940058318 0.00647293372212 0.00864218087703 
6.10984850489e-21 0.0403854006859 0.0269236004572 0.0101113135604 
-6.06195088549e-21 0.0328481592384 0.0218987728256 0.010607904876 
-8.41306964515e-21 0.0469042769592 0.0312695179728 0.00987818240754 
-1.13250613252e-20 0.0627145761833 0.0418097174555 0.00904971174548 
-3.44642998967e-21 0.0452464514708 0.0301643009805 0.00730500571706 
-4.41420650928e-21 0.0329327091111 0.0219551394074 0.00698614460178 
2.32082484471e-21 0.0139107820041 0.0092738546694 0.00345760378944 
1.31707974317e-19 0.00358672487995 0.00239114991997 0.000829628825941 
7.44666831754e-05 3.89593125781e-19 2.5972875052e-19 0.00162461898617 
0.00135149946662 -3.08174074097e-22 -2.05449382731e-22 0.00103378790193 
-1.08420217249e-19 -4.70561383467e-22 -3.13707588978e-22 0.000871443168347 
0.000971749824703 -2.55768299355e-21 -1.7051219957e-21 0.00106628085137 
-7.87783450321e-19 -4.7981731372e-24 -3.19878209147e-24 0.000453728354158 
-7.87783450321e-19 -4.7981731372e-24 -3.19878209147e-24 0.000453728354158 
0.000717897254117 -2.74436338928e-21 -1.82957559285e-21 -0.00323412663797 
0.00932144688747 -1.08978282734e-21 -7.26521884893e-22 -0.00438692606669 
0.0147890419114 -1.29521209708e-21 -8.63474731385e-22 -0.00716648543691 
0.020577710713 3.60800321816e-22 2.40533547878e-22 -0.0107155048918 
0.0280208672655 -9.95460073963e-22 -6.63640049308e-22 -0.011809099929 
0.0305560687409 1.46664430005e-21 9.77762866699e-22 -0.0188580964768 
0.0487923535974 2.64529436914e-21 1.76352957942e-21 -0.0187142685901 
0.0645402983388 1.23012380183e-21 8.20082534552e-22 -0.0200899739194 
0.111174934585 -1.631391762e-22 -1.087594508e-22 -0.0336558272705 
0.160272182145 -9.94091073859e-22 -6.62727382573e-22 -0.0532022656092 
0.219270296842 -2.63967491899e-21 -1.75978327933e-21 -0.0768594318046 
0.308906821211 5.76356797258e-22 3.84237864839e-22 -0.132588266061 
0.387539443841 -1.80929060069e-22 -1.20619373379e-22 -0.0402991898016 
0.492772360531 0.0282613101957 0.0188408734638 0.142187166144 
0.592619285998 0.00840467694033 0.00560311796022 0.0927429026992 
0.69120334193 0.0278536912835 0.0185691275223 0.0631567768571 
0.787301165038 0.00112474518336 0.000749830122237 0.0419174192527 
0.877940883619 -6.09778109531e-21 -4.06518739687e-21 0.0305516812186 
0.951664231697 -9.8109322535e-23 -6.54062150233e-23 0.0315394261107 
1.02144896862 1.77291721356e-22 1.18194480904e-22 0.0236200069068 
1.08496634351 -1.98600309776e-22 -1.32400206517e-22 0.0192843247648 
1.14698971922 -7.88646720932e-23 -5.25764480621e-23 0.0178409789415 
1.19897332131 -5.86243687731e-23 -3.90829125154e-23 0.0158088328107 
1.25100164326 -3.36728607035e-22 -2.24485738024e-22 0.0161450554232 
1.30727551587 -1.82667152853e-22 -1.21778101902e-22 0.0156184106796 
1.34985482365 2.78157519693e-22 1.85438346462e-22 0.019617326035 
1.39096405819 6.73605636196e-22 4.49070424131e-22 0.019295357243 
1.42223675386 2.08064925968e-22 1.38709950645e-22 0.0176249070349 
1.44004518066 -6.5203650193e-22 -4.34691001287e-22 0.0191832419661 
1.46053571438 1.2022438999e-21 8.01495933267e-22 0.0170726872495 
1.46727828719 1.57824649795e-21 1.05216433197e-21 0.0153067593176 
1.47505606538 7.2984327214e-23 4.86562181427e-23 0.0109693307447 
1.48077316904 4.63409617532e-22 3.08939745021e-22 0.00768448307822 
1.48996001943 0.0124175711014 0.0082783807343 0.00655013011918 
1.49682833145 0.0392170692698 0.0261447128465 0.00653089870823 
1.48920567654 0.000665823626206 0.00044388241747 0.00416848415734 
1.48955446324 -1.24937012674e-20 -8.32913417827e-21 0.00349658652827 
1.49477636931 8.25510514313e-23 5.50340342875e-23 0.00150099303335 
1.49369564769 6.30856328971e-23 4.20570885981e-23 0.00115524437047 
1.49448963763 -7.20673679354e-23 -4.80449119569e-23 0.00181867812988 
1.49168154937 -3.96005365473e-23 -2.64003576982e-23 0.00242723936793 
1.4867910819 2.06181897153e-22 1.37454598102e-22 -8.17647616348e-05 
1.48291134273 7.13487844006e-23 4.75658562671e-23 -6.20594283765e-05 
1.47978909703 1.41489660792e-21 9.4326440528e-22 0.00057255352174 
1.47418070067 3.5424308794e-22 2.36162058627e-22 0.00100116585169 
1.47671549624 -3.51524252505e-23 -2.3434950167e-23 -2.25027406863e-05 
1.47435349971 2.97750823006e-22 1.98500548671e-22 -0.000913221969783 
1.48178928511 -5.52461368501e-23 -3.68307579001e-23 -0.00215558107288 
1.47543787202 4.62249755344e-22 3.08166503563e-22 -0.000998639169363 
1.47110761593 -2.44387868835e-22 -1.6292524589e-22 -0.00115404203707 
1.46864186867 1.15882749752e-21 7.72551665011e-22 -0.00158596201558 
1.47054914343 3.83862751077e-22 2.55908500718e-22 -0.00234900276719 
1.4642534638 -3.45245438653e-23 -2.30163625769e-23 -0.000854899231507 
1.46070673908 -9.22189261049e-23 -6.147928407e-23 -0.00124972015327 
1.45327230901 4.22391409574e-22 2.81594273049e-22 -0.000398320271905 
1.43901511657 3.30963958588e-22 2.20642639059e-22 0.00149676604965 
1.41856006267 9.61649285047e-19 6.41099523365e-19 0.00194818518374 
1.38844059802 6.32433283788e-19 4.21622189192e-19 0.00204254760074 
1.34798924554 -1.69146089834e-18 -1.12764059889e-18 0.00482685534808 
1.29732300363 2.18987676305e-17 1.45991784203e-17 0.00587544034183 
1.24840284961 1.06666751214e-18 7.11111674761e-19 0.00691470433944 
1.1989814817 3.601078557e-18 2.400719038e-18 0.00578876124974 
1.13059638468 -1.36599123016e-17 -9.10660820109e-18 0.00846133096486 
1.06172370249 -3.77890132794e-19 -2.51926755196e-19 0.0125569817737 
0.981980247919 0.0184105874264 0.012273724951 0.0168169426232 
0.863866036133 1.45673997149e-17 9.71159980991e-18 0.0241973380119 
0.756471898638 -1.69324307359e-17 -1.12882871572e-17 0.0299205850355 
0.596272275363 3.90458277599e-17 2.60305518399e-17 0.0608390126163 
0.454868023993 -1.57506327761e-17 -1.05004218508e-17 0.0675660691854 
0.365513432157 8.08883017103e-17 5.39255344735e-17 -0.281216185127 
0.319072750811 0.00433488118794 0.00288992079196 -0.354088194398 
0.290829026124 0.0563472575765 0.0375648383843 -0.430929243478 
0.272583824931 0.0858816682114 0.0572544454743 -0.491487286284 
0.247627934219 0.123103861692 0.0820692411279 -0.518193697571 
0.234976041778 0.136753973021 0.0911693153476 -0.523598775598 
0.233885531321 0.136227631245 0.09081842083 -0.523598775598 
0.230109118887 0.142237364756 0.0948249098373 -0.523598775598 
0.228091789173 0.142043719035 0.0946958126899 -0.523598775598 
0.233593672708 0.134693887138 0.0897959247588 -0.523598775598 
0.233593672708 0.134693887138 0.0897959247588 -0.523598775598 
0.234658112105 0.134853436593 0.0899022910619 -0.523598775598 
0.239966131421 0.125066936598 0.083377957732 -0.523598775598 
0.243470293267 0.120672004234 0.0804480028227 -0.522193647428 
0.253169943678 0.105338488268 0.0702256588456 -0.516920622581 
0.260129121825 0.0951899613005 0.0634599742003 -0.512425894297 
0.266815176451 0.083842847005 0.0558952313367 -0.503947922208 
0.270860310875 0.073671892811 0.0491145952074 -0.476799485004 
0.276568197383 0.0582420432784 0.0388280288522 -0.445953985031 
0.291735505545 0.0371849121154 0.0247899414103 -0.440152337988 
0.30116003632 0.012178549656 0.00811903310402 -0.388305372721 
0.314990764211 -1.08915844038e-17 -7.26105626923e-18 -0.330877489854 
0.340454343631 3.96452010067e-21 2.64301340045e-21 -0.267295962191 
0.408680908603 -1.0675193808e-21 -7.11679587201e-22 -0.135641523279 
0.512748327736 1.69025453137e-21 1.12683635425e-21 0.248238132768 
0.646690375719 1.28300854073e-06 8.55339027153e-07 0.110001405146 
0.785473245946 1.40068429497e-06 9.3378952998e-07 0.076245268523 
0.909974794174 -2.44744070651e-23 -1.63162713768e-23 0.0602695383705 
1.02101089809 1.86184488417e-22 1.24122992278e-22 0.0417119321805 
1.11796705612 5.99945883447e-22 3.99963922298e-22 0.0310725714972 
1.19536346647 -4.55072066486e-22 -3.03381377657e-22 0.0261719268239 
1.26762046203 -7.06470196488e-23 -4.70980130992e-23 0.0232680729091 
1.34166515769 6.18327333988e-22 4.12218222658e-22 0.0172952746131 
1.3980769256 1.39837677576e-21 9.3225118384e-22 0.0163026790566 
1.44221298214 -9.30343031686e-23 -6.20228687791e-23 0.0175269778194 
1.47448347128 9.20511242672e-22 6.13674161781e-22 0.0160244405847 
1.49671854495 -9.25936666315e-22 -6.17291110876e-22 0.0139381445345 
1.50648251688 1.06286290102e-21 7.0857526735e-22 0.0163122632328 
1.51674866822 -4.70508138847e-22 -3.13672092565e-22 0.0141027101287 
1.52829565223 1.98461586708e-21 1.32307724472e-21 0.0126564024573 
1.53553987272 4.49112043166e-22 2.99408028777e-22 0.0119948802113 
1.53858001616 8.82113762662e-22 5.88075841774e-22 0.00833267528261 
1.53854909004 -2.28479608928e-22 -1.52319739286e-22 0.0079048048996 
1.53682263469 5.97615370048e-22 3.98410246699e-22 0.00859404261622 
1.53228629164 7.23465078155e-25 4.82310052103e-25 0.00951777070426 
1.53508989507 3.08531896063e-23 2.05687930709e-23 0.0100457673587 
1.53977617869 -1.25683422332e-21 -8.37889482215e-22 0.00890760205178 
1.53324191286 -1.02720438799e-21 -6.84802925326e-22 0.00886711571079 
1.53590284243 5.19907483081e-22 3.46604988721e-22 0.00743458112553 
1.53032515944 -3.04690792403e-23 -2.03127194935e-23 0.00768113652685 
1.52419368647 1.28648848707e-21 8.57658991377e-22 0.00738618607812 
1.52769203503 1.0277526742e-21 6.85168449467e-22 0.00695463859388 
1.52105649769 -1.08858826038e-21 -7.25725506919e-22 0.00927612512008 
1.51635935947 9.02034889282e-22 6.01356592855e-22 0.0107356268522 
1.51449738654 -1.15578184298e-21 -7.7052122865e-22 0.0118006930662 
1.51769955253 1.36481101112e-22 9.09874007413e-23 0.0108339096304 
1.52076445179 -3.02131889082e-22 -2.01421259388e-22 0.00887907460201 
1.52082709946 5.18069315681e-23 3.45379543787e-23 0.00923369963329 
1.51764311642 8.7803814093e-22 5.8535876062e-22 0.00818864988961 
1.51247126548 9.6067153403e-22 6.40447689353e-22 0.00806285410573 
1.51237151569 2.10594506584e-21 1.40396337723e-21 0.007360887649 
1.50983979284 8.26174243159e-22 5.50782828773e-22 0.00821121883074 
1.5059060236 -1.06708696522e-21 -7.11391310148e-22 0.0110237249923 
1.50830301696 1.08582326461e-22 7.23882176405e-23 0.010372744573 
1.50830301696 1.08582326461e-22 7.23882176405e-23 0.010372744573 
1.50811794958 2.77882937349e-22 1.85255291566e-22 0.0131586343137 
1.51037569767 -1.10911112329e-21 -7.39407415526e-22 0.011846442093 
1.51037569767 -1.10911112329e-21 -7.39407415526e-22 0.011846442093 
1.5054994045 -1.46768476593e-21 -9.78456510622e-22 0.012565442384 
1.51067338269 6.00832123159e-22 4.00554748773e-22 0.0110491052465 
1.51318988227 -2.86217228604e-21 -1.90811485736e-21 0.010004086814 
1.50579508515 2.00581200238e-21 1.33720800159e-21 0.0106860607708 
1.5019211503 7.31539759365e-22 4.8769317291e-22 0.0116917734877 
1.50577191732 2.46651178292e-21 1.64434118861e-21 0.0110158760012 
1.51415461033 -1.52547755177e-21 -1.01698503452e-21 0.00883679150342 
1.50556961824 5.98037189109e-23 3.98691459406e-23 0.0119646701694 
1.49361638751 -1.55139410554e-21 -1.03426273703e-21 0.0128257005495 
1.48476250092 -9.39787275773e-22 -6.26524850515e-22 0.0146655950987 
1.47375684752 -8.47814447326e-22 -5.65209631551e-22 0.0157053266125 
1.44082509657 1.5584666263e-21 1.03897775086e-21 0.0180517799362 
1.40222926823 -5.57979928932e-22 -3.71986619288e-22 0.022325633439 
1.36913111406 7.98034115738e-23 5.32022743825e-23 0.0256272411824 
1.3403835117 -6.16264744967e-22 -4.10843163312e-22 0.0276176310831 
1.30060414797 2.80704275968e-22 1.87136183978e-22 0.0309766515704 
1.25572554334 5.7829427497e-22 3.85529516646e-22 0.0377851863378 
1.23123482024 -1.97078344161e-22 -1.31385562774e-22 0.0423446535755 
1.18793018025 -1.11382269576e-19 -7.42548463839e-20 0.0488701571105 
1.13972134246 8.60446278784e-20 5.73630852523e-20 0.0542822476925 
1.08601731482 -4.18761620936e-18 -2.79174413957e-18 0.0580409566039 
1.01118057201 -4.82189330792e-19 -3.21459553861e-19 0.0642346151807 
0.926695333177 0.0202574022748 0.0135049348499 0.068458824683 
0.830603493242 0.0425248231116 0.0283498820744 0.0707200165885 
0.671574156793 2.15143530584e-16 1.4342902039e-16 0.108195754067 
0.545558389905 -7.32829148078e-17 -4.88552765385e-17 0.228925443051 
0.474071585972 7.01966619202e-22 4.67977746135e-22 0.484755082535 
0.429466400053 -2.45042280783e-19 -1.63361520522e-19 0.523598775598 
0.388104039286 0.0234409474986 0.0156272983324 0.523598775598 
0.34165396833 0.0722570046015 0.048171336401 0.523598775598 
0.311087051093 0.0978584663691 0.0652389775794 0.523598775598 
0.302220683257 0.094415207695 0.0629434717967 0.523598775598 
0.276469217372 0.127124534206 0.0847496894706 0.523598775598 
0.262825154535 0.141936415391 0.0946242769273 0.523598775598 
0.26033711307 0.140705572812 0.0938037152082 0.523598775598 
0.26033711307 0.140705572812 0.0938037152082 0.523598775598 
0.258629941372 0.138729519611 0.0924863464074 0.523598775598 
0.258629941372 0.138729519611 0.0924863464074 0.523598775598 
0.258629941372 0.138729519611 0.0924863464074 0.523598775598 
0.258629941372 0.138729519611 0.0924863464074 0.523598775598 
0.261220142569 0.139924440688 0.0932829604587 0.523598775598 
0.264527637372 0.14135567743 0.0942371182865 0.523598775598 
0.283928385181 0.115733680722 0.0771557871477 0.523598775598 
0.308584982706 0.084496578008 0.0563310520054 0.523598775598 
0.323892641222 0.0665042402093 0.0443361601395 0.523598775598 
0.335814012802 0.0558731230162 0.0372487486775 0.523598775598 
0.37009236622 0.0126215755121 0.00841438367471 0.523598775598 
0.394248687811 8.87953379983e-18 5.91968919989e-18 0.523598775598 
0.416093900702 2.2049961338e-21 1.46999742253e-21 0.523598775598 
0.448704540026 9.92985981222e-22 6.61990654148e-22 0.523598775598 
0.481007718855 1.2824826711e-21 8.54988447401e-22 0.461899217734 
0.539752181092 -1.72346106994e-21 -1.14897404662e-21 -0.0228254237108 
0.633991029623 -1.75414811357e-22 -1.16943207571e-22 0.0441271215641 
0.726833200097 2.88270802723e-22 1.92180535149e-22 0.0497235935229 
0.820341873821 -5.28064928375e-23 -3.52043285583e-23 0.0413919315692 
0.911500750423 6.50147770515e-23 4.3343184701e-23 0.042606195341 
0.987577220296 1.21468663992e-06 8.09791093278e-07 0.041321016044 
1.05071425483 8.81280864909e-07 5.87520576606e-07 0.0446870612618 
1.10596440332 0.000255798153331 0.000170532102221 0.0400176518977 
1.14081327644 -7.2081682784e-22 -4.80544551893e-22 0.0396537849148 
1.17179156491 -7.36813697586e-23 -4.91209131724e-23 0.0374140830113 
1.19884395802 8.89701124554e-07 5.93134083036e-07 0.0328099991183 
1.20826849672 -2.17611729159e-22 -1.45074486106e-22 0.0344732759277 
1.20705563691 2.55537232814e-22 1.7035815521e-22 0.0355028234623 
1.20837330091 -7.91669139299e-22 -5.277794262e-22 0.0368596265439 
1.21296040041 -2.7561308988e-23 -1.8374205992e-23 0.0358747851565 
1.21699874496 5.52071105814e-22 3.68047403876e-22 0.0367852271914 
1.21978210438 1.8687116911e-22 1.24580779406e-22 0.0337431459524 
1.21826835164 3.73803152731e-22 2.49202101821e-22 0.032299585078 
1.21846200425 4.84697066237e-22 3.23131377491e-22 0.0330135164567 
1.21046045011 1.2966354641e-19 8.64423642733e-20 0.036502658899 
1.2036645449 -2.71050543121e-20 -1.80700362081e-20 0.0376196235724 
1.20753595872 4.23520520861e-22 2.82347013907e-22 0.0354515184411 
1.20557467792 0.000298956291362 0.000199304194242 0.0377020592385 
1.22304231422 0.0667350441371 0.0444900294248 0.0340410240605 
1.2226547489 0.0667854664609 0.0445236443073 0.0335970352421 
1.21967724534 0.0674519101377 0.0449679400918 0.0325729398128 
1.21400393505 0.0682866229607 0.0455244153072 0.0328262794561 
1.21026483299 0.0690157271922 0.0460104847948 0.0322528895361 
1.2105330104 0.0689903667901 0.0459935778601 0.0319099760473 
1.20599382177 0.0696729935308 0.0464486623539 0.0348216679886 
1.18224425639 0.00346415907775 0.00230943938517 0.0395384661363 
1.18103209465 0.00384937684619 0.00256625123079 0.0390573625309 
1.1759372264 0.00537102976432 0.00358068650955 0.0394515728809 
1.17409705588 0.00610416334951 0.004069442233 0.0392530189122 
1.1707237617 0.00743977689621 0.00495985126414 0.0378933764208 
1.15004648161 0.0124190655349 0.00827937702324 0.0411151772691 
1.15295627789 0.165999999753 0.110666666502 0.036070755269 
1.09685641305 0.183433614422 0.122289076282 0.0363383094181 
1.02079515994 0.208829814807 0.139219876538 0.0346812734499 
0.894055997599 0.251630706037 0.167753804025 0.0397713693317 
0.758301951781 0.298836129787 0.199224086525 0.0320875063952 
0.512011894397 3.39935396216e-15 2.26623597477e-15 0.0454038231127 
0.380507116787 -3.19594696578e-17 -2.13063131052e-17 -0.344373701044 
0.333946127876 1.83108114418e-21 1.22072076278e-21 -0.461059887011 
0.30535837526 0.0168827887665 0.011255192511 -0.523598775598 
0.270680362268 0.0613823709482 0.0409215806321 -0.523598775598 
0.233662462822 0.110357564979 0.0735717099863 -0.523598775598 
0.215315460578 0.136140131999 0.0907600879992 -0.523598775598 
0.202902663806 0.153534250925 0.102356167284 -0.523598775598 
0.195728519592 0.163508229774 0.109005486516 -0.523598775598 
0.182123248297 0.183157765713 0.122105177142 -0.523598775598 
0.182123248297 0.183157765713 0.122105177142 -0.523598775598 
0.182123248297 0.183157765713 0.122105177142 -0.523598775598 
0.172188221378 0.200191564739 0.133461043159 -0.523598775598 
0.179204799729 0.190992406938 0.127328271292 -0.523598775598 
0.179204799729 0.190992406938 0.127328271292 -0.523598775598 
0.188077451321 0.182269486643 0.121512991095 -0.523598775598 
0.185737581592 0.182182654115 0.121455102743 -0.523598775598 
0.180219440674 0.191659939725 0.12777329315 -0.523598775598 
0.19748628536 0.168366561877 0.112244374584 -0.523598775598 
0.19748628536 0.168366561877 0.112244374584 -0.523598775598 
0.206802359167 0.154307239851 0.102871493234 -0.523598775598 
0.216307661815 0.141062085491 0.094041390327 -0.523598775598 
0.221585316628 0.132468224793 0.0883121498621 -0.523598775598 
0.227303118423 0.122363389672 0.0815755931145 -0.523598775598 
0.234935152583 0.111755053985 0.0745033693235 -0.523598775598 
0.234935152583 0.111755053985 0.0745033693235 -0.523598775598 
0.240190453843 0.104667388504 0.0697782590027 -0.523598775598 
0.241911611055 0.104726890948 0.0698179272988 -0.523598775598 
0.252506393245 0.0877863511028 0.0585242340685 -0.523598775598 
0.264604735063 0.0690629108454 0.0460419405636 -0.523598775598 
0.286037082972 0.0416347597905 0.027756506527 -0.523598775598 
0.305231063532 0.0136589174524 0.00910594496829 -0.518874304871 
0.33012620002 1.94715507652e-19 1.29810338435e-19 -0.46453538889 
0.353327440083 1.03730335379e-21 6.91535569195e-22 -0.398949886272 
0.381544528516 2.93566386206e-23 1.95710924138e-23 -0.335663345759 
0.420268596965 5.36392656476e-21 3.57595104317e-21 -0.26379640896 
0.456343203119 6.90435629267e-22 4.60290419511e-22 -0.162151798417 
0.507943219543 3.7743501973e-21 2.51623346487e-21 0.424691742378 
0.522539542555 7.38109894024e-22 4.92073262683e-22 0.363781085572 
0.534964609211 5.24770128081e-22 3.49846752054e-22 0.361771245978 
0.557563220679 -1.0684382536e-22 -7.12292169067e-23 0.230809329462 
0.569730377094 6.48814764165e-22 4.3254317611e-22 0.229478025173 
0.587868097451 -9.45374454599e-22 -6.30249636399e-22 0.143163029777 
0.596085983318 -1.17145515733e-21 -7.80970104885e-22 0.144101459858 
0.615031153711 9.65779813982e-25 6.43853209321e-25 0.141811454559 
0.625881609647 -7.58845808359e-22 -5.05897205573e-22 0.106218456647 
0.630628631918 1.97319878172e-23 1.31546585448e-23 0.107279213448 
0.642333332705 3.29463505132e-23 2.19642336755e-23 0.106952411433 
0.654776634614 5.12325454719e-22 3.41550303146e-22 0.107057680399 
0.663830008224 -4.47095225441e-22 -2.98063483627e-22 0.107113414566 
0.678142969089 -5.71680436387e-22 -3.81120290925e-22 0.0764388651907 
0.678142969089 -5.71680436387e-22 -3.81120290925e-22 0.0764388651907 
0.683983701049 5.01197468251e-22 3.34131645501e-22 0.0790918725814 
0.702205652541 4.85739331531e-23 3.23826221021e-23 0.0768421468586 
0.722051182198 6.55534392499e-23 4.37022928332e-23 0.0545584799271 
0.729175459467 1.78352728892e-23 1.18901819261e-23 0.0616486784727 
0.742303080316 -2.94536035636e-22 -1.9635735709e-22 0.0634313557044 
0.758793619892 1.39001207987e-22 9.26674719911e-23 0.0636230973452 
0.771305126156 7.34223325537e-23 4.89482217024e-23 0.065413011755 
0.796451748978 8.53236583551e-23 5.68824389034e-23 0.0544756879363 
0.822882735648 -8.5097573803e-23 -5.67317158686e-23 0.0565502021939 
0.847052658915 9.71004883301e-23 6.47336588867e-23 0.0489894050361 
0.864913445727 3.26453747278e-23 2.17635831519e-23 0.0505009367262 
0.889551195486 -9.7324863814e-23 -6.48832425426e-23 0.0441313080695 
0.902919962 3.78231268699e-23 2.52154179133e-23 0.0433331581739 
0.921474942695 -1.01487898159e-23 -6.76585987725e-24 0.0410709430135 
0.934753846167 5.53074446481e-24 3.68716297654e-24 0.0411685447446 
0.945848112572 1.83852288832e-07 1.22568192554e-07 0.0373820566803 
0.954140839658 2.40049637663e-07 1.60033091775e-07 0.037683126149 
0.965781981764 5.05772410609e-07 3.37181607073e-07 0.0367920658261 
0.977139856927 5.42885801262e-07 3.61923867508e-07 0.0330550338587 
0.992230568194 5.63812386377e-07 3.75874924251e-07 0.0348850441638 
1.00812315211 0.0001944801725 0.000129653448334 0.0353929659305 
1.02860411448 2.64608175699e-06 1.76405450466e-06 0.0393208865653 
1.05406058287 -1.20143566781e-23 -8.00957111876e-24 0.0408558678716 
1.07483098955 1.55828316827e-22 1.03885544551e-22 0.0449586708053 
1.09411862196 5.01524116715e-23 3.34349411143e-23 0.0480597927517 
1.1127059856 1.11670516794e-22 7.44470111962e-23 0.0511646671051 
1.14177023437 -3.68122228266e-22 -2.45414818844e-22 0.0478678346935 
1.14971747999 1.0298916391e-22 6.86594426067e-23 0.0544444440939 
1.16727164983 -8.96349854769e-22 -5.97566569846e-22 0.0514593783712 
1.18904476314 -2.01839668247e-22 -1.34559778831e-22 0.0453627037922 
1.19893123465 9.04101620196e-22 6.02734413464e-22 0.0420149605651 
1.21131931883 -1.59861276502e-22 -1.06574184335e-22 0.0444393435543 
1.23175237201 6.26555204741e-22 4.17703469828e-22 0.0428092575475 
1.25398299578 1.26043185714e-21 8.4028790476e-22 0.039109540042 
1.26790114768 9.48896741722e-22 6.32597827815e-22 0.0351570674131 
1.27654461764 4.45210751752e-22 2.96807167835e-22 0.0370620752258 
1.28192880676 8.96979445394e-22 5.9798629693e-22 0.0399480064109 
1.29620607543 -6.79417446818e-22 -4.52944964545e-22 0.0374440430519 
1.30122299737 7.90555621619e-23 5.27037081079e-23 0.0352857134541 
1.29996582256 8.56113636137e-22 5.70742424091e-22 0.0405607736377 
1.30073919796 8.25059534737e-23 5.50039689824e-23 0.0437919884168 
1.30072504413 -2.77058877248e-22 -1.84705918166e-22 0.0483985882292 
1.30613016265 8.1714497723e-22 5.44763318154e-22 0.0499059452444 
1.29711312463 2.01361363724e-22 1.3424090915e-22 0.0552857823875 
1.29409943803 -1.86678521734e-22 -1.24452347822e-22 0.0552636779011 
1.28686118353 5.27860847896e-22 3.51907231931e-22 0.0574965559511 
1.28371384172 3.78762339481e-22 2.52508226321e-22 0.060003075229 
1.26605525136 -7.33961824561e-22 -4.89307883041e-22 0.065683635139 
1.24692814227 -2.78829509348e-23 -1.85886339565e-23 0.0744752592708 
1.24518198215 -2.32202499567e-22 -1.54801666378e-22 0.0769643706998 
1.24132566987 5.43337587006e-22 3.62225058004e-22 0.0723889974903 
1.23793006825 4.57012864271e-22 3.04675242847e-22 0.0764020509093 
1.22504949424 3.14546462709e-22 2.09697641806e-22 0.0796881273441 
1.19520057064 7.9976469145e-22 5.33176460967e-22 0.0939720466275 
1.17919099636 -4.0070648678e-22 -2.67137657853e-22 0.10756392949 
1.15490389537 -8.11693171086e-22 -5.41128780724e-22 0.110633410592 
1.14031790557 1.29819365263e-22 8.65462435088e-23 0.116800713133 
1.11826367612 8.05586120204e-24 5.37057413469e-24 0.130983074679 
1.09382640503 1.58558041007e-23 1.05705360671e-23 0.143476590214 
1.06976727488 3.68066923285e-23 2.45377948856e-23 0.154686929937 
1.05320823998 2.87578209159e-23 1.91718806106e-23 0.161954569896 
1.03419584852 0.00128014889139 0.000853432594257 0.167931705927 
1.01552996742 0.00849662807809 0.00566441871873 0.17956066689 
0.992611271267 0.0248806418957 0.0165870945971 0.197614466889 
0.974290099612 0.0517359089807 0.0344906059871 0.208243952784 
0.967993052079 0.125254050902 0.0835027006012 0.21168723605 
0.949748450349 0.134767768132 0.0898451787548 0.216605810651 
0.916848079326 0.15685106628 0.10456737752 0.232552936021 
0.880747033696 0.194313250823 0.129542167215 0.253410422659 
0.8546739019 0.247344394221 0.164896262814 0.28297584633 
0.831230644335 0.277478071469 0.184985380979 0.266926437601 
0.807822406614 0.32386194868 0.215907965787 0.296759656605 
0.773265154567 0.365442161648 0.243628107765 0.302014114548 
0.748209504905 0.408928164323 0.272618776215 0.32048722155 
0.714964446559 0.457050278133 0.304700185422 0.340811060072 
0.686391010925 0.499237016092 0.332824677395 0.360084473076 
0.652793619118 0.531640194551 0.354426796367 0.365426647576 
0.607625342824 0.572635648306 0.381757098871 0.380566838008 
0.569104280071 0.602212931087 0.401475287392 0.398662288217 
0.459750781183 0.595826381029 0.397217587353 0.523598775598 
0.416184738142 0.642261062176 0.428174041451 0.523598775598 
0.38005400755 0.672367120121 0.448244746747 0.523598775598 
0.340563436071 0.71274688361 0.475164589074 0.523598775598 
0.301914041892 0.744113341412 0.496075560942 0.523598775598 
0.268478790333 0.770609077061 0.513739384707 0.523598775598 
0.229581993388 0.806576346451 0.5377175643 0.523598775598 
0.189070430439 0.838726026436 0.559150684291 0.523598775598 
0.147768746966 0.866137650506 0.577425100338 0.523598775598 
0.107501014162 0.895957879605 0.59730525307 0.523598775598 
0.0589265215614 0.928419269529 0.618946179686 0.523598775598 
0.0159779047576 0.953614752739 0.635743168493 0.523598775598 
-8.62321308553e-18 0.976798478269 0.651198985513 0.523598775598 
-8.61875930943e-22 1.00246386295 0.668309241968 0.523598775598 
0.48133654392 1.21079438341 0.807196255608 0.101578136553 
0.437635050181 1.2501819578 0.833454638534 0.0709220631934 
0.39487697593 1.2838799332 0.855919955466 0.0397348638524 
0.357412140324 1.31071104524 0.873807363492 0.0126675079709 
0.324667174936 1.33335050246 0.888900334971 -0.0122192310915 
0.326394004837 1.34725794205 0.898171961369 -0.0267099909378 
0.327433560174 1.3577515231 0.905167682066 -0.0359890533854 
0.329191881224 1.36783425184 0.911889501224 -0.0449172536376 
0.398433490219 1.37453386607 0.916355910715 -0.0381160815924 
0.470787434745 1.3759994259 0.9173329506 -0.027619410081 
0.526784941027 1.37633815562 0.917558770413 -0.019730118098 
0.566499632379 1.37742334585 0.918282230564 -0.0152368346633 
0.596372552181 1.37862323365 0.919082155768 -0.011308723233 
0.616624483731 1.37946816797 0.919645445314 -0.0110509229385 
0.631621403534 1.38108658018 0.920724386789 -0.00857068189246 
0.648551875281 1.38057433978 0.920382893188 -0.00789561116767 
0.661938242523 1.38003409852 0.920022732349 -0.0083094815943 
0.662010840404 1.38089469797 0.920596465316 -0.0082865190554 
0.67503783426 1.37868440339 0.919122935593 -0.00783615556569 
0.675908739666 1.38043051239 0.920287008257 -0.0087890660085 
0.675947144825 1.38013700411 0.920091336074 -0.00727222937981 
0.67601317754 1.38068377576 0.920455850504 -0.00729720705188 
0.677139974742 1.38059776957 0.920398513045 -0.00935716489698 
0.676584921212 1.38256898308 0.921712655389 -0.00734413455618 
0.67706665662 1.38039326483 0.920262176554 -0.0086966661795 
0.67617598417 1.38026971096 0.920179807306 -0.00695724425633 
0.674091770943 1.37961560016 0.919743733437 -0.0046490654586 
0.651148049029 1.37541657978 0.916944386519 -0.00978584793921 
0.590573768093 1.36823364888 0.912155765922 -0.0203416745459 
0.514190811416 1.3588010352 0.905867356799 -0.0344191958569 
0.394836716922 1.34347113907 0.895647426046 -0.0507289491368 
0.359256100468 1.31909821431 0.879398809543 -0.0483599977487 
0.382876103134 1.2906239889 0.860415992601 -0.0300533971571 
0.427231258923 1.25582008352 0.837213389011 -0.0118026950838 
0.477232086293 1.21653372866 0.811022485771 0.0114969331074 
0.522259286496 1.17836729966 0.785578199775 0.0312354164716 
0.574091463967 1.13137463672 0.75424975781 0.0416667055959 
0.613443646406 1.08891479316 0.725943195438 0.0556498788162 
0.622748096203 1.04891968058 0.699279787056 0.0651547113092 
0.677427750458 1.00871124178 0.672474161184 0.0690912332525 
0.688286637685 0.968950524773 0.645967016516 0.0732613879224 
0.705498719732 0.927179206336 0.61811947089 0.0784701713379 
0.727633312334 0.884029927215 0.58935328481 0.0768670162588 
0.748882963487 0.84531282405 0.5635418827 0.0783506780992 
0.771460198246 0.804476632616 0.536317755077 0.080492290636 
0.793549735506 0.76486702279 0.509911348527 0.0813752594 
0.813298484835 0.727860577596 0.485240385064 0.0789261918141 
0.829032508158 0.692460081301 0.461640054201 0.078681651907 
0.842241983328 0.654148305125 0.436098870083 0.0739300757783 
0.799965672732 0.53203231848 0.35468821232 0.0832066614027 
0.827241072106 0.510837466234 0.340558310822 0.0724711307469 
0.806934494426 0.325126578306 0.216751052204 0.0870365159104 
0.840928122501 0.309324516833 0.206216344555 0.0726319845202 
0.874749395831 0.292282972943 0.194855315295 0.0708889246733 
0.906345502432 0.272190787003 0.181460524669 0.0600429483748 
0.900952667926 0.0717809799109 0.0478539866073 0.0712854032204 
0.917349350874 0.0677785193018 0.0451856795345 0.0730972096732 
0.937968066304 0.0599088432175 0.0399392288117 0.0649359043624 
0.966907330554 0.0488885961814 0.0325923974543 0.0567328466485 
0.992310564257 0.0368591348083 0.0245727565389 0.0443703943282 
1.01554150896 0.0251696114206 0.0167797409471 0.035984649648 
1.03811932893 0.0136220444302 0.00908136295344 0.0279688300437 
1.053483138 -5.12256954573e-18 -3.41504636382e-18 0.021058491245 
1.06481675176 -2.65310550622e-22 -1.76873700415e-22 0.0172251241165 
1.0741615446 1.88320658701e-22 1.255471058e-22 0.0120310590647 
1.09863653784 1.70432855392e-22 1.13621903595e-22 0.00465584503375 
1.10915219495 1.84286966094e-22 1.22857977396e-22 -0.00104181493684 
1.12578999149 1.72395037111e-22 1.14930024741e-22 -0.00669493975134 
1.13709355253 2.05998449682e-22 1.37332299788e-22 -0.00940663347263 
1.15696337191 3.49794722572e-23 2.33196481715e-23 -0.0177982355474 
1.17368066953 3.81982048924e-22 2.54654699283e-22 -0.0219059304076 
1.18505844647 6.22753494082e-23 4.15168996055e-23 -0.0234791605625 
1.19504094979 -2.38817687967e-22 -1.59211791978e-22 -0.0263155324206 
1.18819221198 4.78637462439e-24 3.19091641626e-24 -0.0251684920115 
1.19553860878 -7.22682606399e-23 -4.81788404266e-23 -0.029331893321 
1.19670351889 -3.10285859571e-22 -2.06857239714e-22 -0.0282581146571 
1.19599433134 2.4676857788e-22 1.64512385253e-22 -0.0267366446388 
1.19663692585 1.30932859238e-23 8.72885728255e-24 -0.0286134365494 
1.19216358749 2.10736785527e-22 1.40491190351e-22 -0.0268201107262 
1.19290669536 -3.73872496141e-22 -2.49248330761e-22 -0.0243207389382 
1.19282030343 2.5287168479e-22 1.68581123193e-22 -0.0225566218126 
1.19282030343 2.5287168479e-22 1.68581123193e-22 -0.0225566218126 
1.19239919519 1.22455028303e-22 8.16366855354e-23 -0.0207714532911 
1.18947113558 -8.00998020703e-23 -5.33998680469e-23 -0.0186928817243 
1.19389210954 -3.74967074027e-23 -2.49978049351e-23 -0.0205484901111 
1.18663897359 -2.94955262841e-22 -1.96636841894e-22 -0.0176470700035 
1.18613075833 -3.64748511281e-22 -2.43165674187e-22 -0.0164526665156 
1.17422109088 6.70051932274e-22 4.46701288182e-22 -0.0107604314322 
1.16578107151 4.7804190461e-22 3.18694603074e-22 -0.00766836814353 
1.17159755673 3.78266678923e-22 2.52177785948e-22 -0.0123200981943 
1.17668485461 2.14690543426e-22 1.43127028951e-22 -0.0146025662562 
1.16794586803 3.58412160342e-22 2.38941440228e-22 -0.00965631464341 
1.16647934443 -2.96252536392e-24 -1.97501690928e-24 -0.00725964468815 
1.1570843384 -5.1454396939e-23 -3.43029312927e-23 -0.00542381046449 
1.14911003249 1.03176927831e-22 6.87846185538e-23 -0.00159043604299 
1.14517046951 -1.2603283242e-23 -8.40218882798e-24 -0.00154438672045 
1.14267551163 1.19590555609e-22 7.97270370727e-23 0.00268929302817 
1.12622737788 2.60151611172e-23 1.73434407448e-23 0.0112506266247 
1.11506493353 -1.18756297002e-22 -7.91708646678e-23 0.0171760870306 
1.09314969797 -1.72682571754e-22 -1.15121714503e-22 0.0275816126813 
1.06968708461 -2.19960302744e-22 -1.46640201829e-22 0.0340356990014 
1.04014678055 3.23757487859e-19 2.15838325239e-19 0.0499415738253 
1.01470980675 0.000965587380262 0.000643724920175 0.0601904333082 
0.987278968685 0.00346859093442 0.00231239395628 0.0671564428504 
0.964980769894 0.00681068521452 0.00454045680968 0.0758994293036 
0.928307175113 0.0168603361789 0.0112402241193 0.0955468910646 
0.879099422222 0.0345113575303 0.0230075716869 0.116472167639 
0.860912089299 0.198589701596 0.132393134397 0.119685489342 
0.807255015768 0.220300287988 0.146866858659 0.143861195297 
0.797158467125 0.440193397381 0.293462264921 0.137235174416 
0.73458463356 0.488903534063 0.325935689375 0.154084395934 
0.785665042306 0.70079086264 0.467193908427 0.121601278356 
0.726382587689 0.795763931899 0.530509287933 0.12740299267 
0.702711048857 0.873141356073 0.582094237382 0.118336170634 
0.691229598052 0.934285086924 0.622856724616 0.111920685321 
0.680815690593 0.987080878435 0.658053918957 0.109216180226 
0.674670154349 1.0155666697 0.677044446466 0.102597228556 
0.666390871317 1.03773614668 0.691824097787 0.100512190512 
0.655453798358 1.05401168757 0.70267445838 0.0974751345075 
0.653477790147 1.06110336293 0.707402241955 0.0997151719956 
0.651347932564 1.06883677688 0.712557851252 0.101459398928 
0.626598707367 1.07552802299 0.717018681994 0.0955075079085 
0.626598707367 1.07552802299 0.717018681994 0.0955075079085 
0.625906415275 1.07742194611 0.718281297407 0.0967984047806 
0.625776999205 1.07488013455 0.716586756366 0.0963435020318 
0.625776999205 1.07488013455 0.716586756366 0.0963435020318 
0.624798785984 1.07985581784 0.71990387856 0.0976388115342 
0.624798785984 1.07985581784 0.71990387856 0.0976388115342 
0.623881202935 1.08219008078 0.721460053851 0.0969961378743 
0.623683473331 1.07930224088 0.719534827254 0.095068579547 
0.623610032296 1.07647703669 0.717651357793 0.0922780309054 
0.623813746779 1.07219787704 0.714798584691 0.0907005823841 
0.624594382363 1.06395229287 0.709301528579 0.0901357501147 
0.628987203748 1.04651810134 0.697678734223 0.0957951843508 
0.638384939781 1.01766364403 0.678442429354 0.104491417353 
0.654279190513 0.98148101905 0.654320679366 0.111287385133 
0.676630593443 0.937690440916 0.625126960611 0.116348932963 
0.708109235047 0.873232813213 0.582155208809 0.119044286876 
0.747116142376 0.800100077463 0.533400051642 0.118451813262 
0.792002428203 0.722116141916 0.481410761277 0.115460065325 
0.845024055548 0.632687217504 0.421791478336 0.107356264661 
0.817851060336 0.310158052821 0.206772035214 0.117070727279 
0.909004818378 0.259147337043 0.172764891362 0.0834026914187 
0.928724817831 0.0351472554432 0.0234315036288 0.0872576044663 
0.988288866444 0.0161063565666 0.0107375710444 0.0624260189947 
1.03257264133 -2.60208521397e-18 -1.73472347598e-18 0.0413618908912 
1.0742793948 5.43981195997e-22 3.62654130665e-22 0.0262807566171 
1.10844958714 1.55415643065e-22 1.0361042871e-22 0.00898082142528 
1.12953606979 1.53350268049e-22 1.02233512033e-22 0.00375073624076 
1.14988484008 7.48189691771e-23 4.98793127848e-23 -0.00357133810715 
1.16365029344 5.07537663711e-22 3.38358442474e-22 -0.00911890505955 
1.17139282109 -8.02264173713e-23 -5.34842782475e-23 -0.0106050829879 
1.18104026133 2.08990381971e-23 1.39326921314e-23 -0.0153583843454 
1.18213036473 3.103201027e-23 2.06880068467e-23 -0.0182358575353 
1.18590689929 -5.06269818434e-23 -3.37513212289e-23 -0.0177243763953 
1.18768038282 6.62117679288e-23 4.41411786192e-23 -0.0193705677424 
1.19294941173 -1.69189395321e-23 -1.12792930214e-23 -0.0213680997374 
1.19849993283 -3.01537944729e-23 -2.01025296486e-23 -0.0233781357017 
1.19391964198 3.98742828624e-22 2.65828552416e-22 -0.0245687327543 
1.19338080105 4.0525683981e-22 2.7017122654e-22 -0.0232044950103 
1.19444231127 3.56656267063e-22 2.37770844708e-22 -0.0221143467429 
1.20050881028 -8.98354543406e-24 -5.98903028937e-24 -0.0258244497125 
1.19703153226 -2.18043236911e-22 -1.45362157941e-22 -0.0233963627999 
1.19077006965 -2.45649099828e-22 -1.63766066552e-22 -0.0206772556112 
1.18888570769 -2.14025407828e-22 -1.42683605219e-22 -0.0207110147868 
1.18285109517 2.60982304685e-22 1.73988203123e-22 -0.0169921129473 
1.18762654697 -3.22076103075e-22 -2.1471740205e-22 -0.0173602713727 
1.1925841413 6.37034626875e-23 4.2468975125e-23 -0.0175883244612 
1.19254549297 1.01857235397e-22 6.79048235983e-23 -0.0186122111654 
1.20227955448 -2.13907170158e-23 -1.42604780105e-23 -0.0202574766873 
1.20154466175 4.5507257574e-23 3.0338171716e-23 -0.0211008898761 
1.19377091456 0.000195205016975 0.000130136677983 -0.0175814947462 
1.1890749452 -2.19869847361e-20 -1.4657989824e-20 -0.0159756336401 
1.18348449641 1.95932958648e-24 1.30621972432e-24 -0.0144097099719 
1.18174251052 2.72859831082e-22 1.81906554054e-22 -0.0121202887249 
1.1804611333 -2.43050428427e-23 -1.62033618951e-23 -0.0106788264803 
1.17484769228 1.3844239115e-22 9.2294927433e-23 -0.00930738738092 
1.17512446566 1.95853416241e-22 1.30568944161e-22 -0.00832611632317 
1.17334167874 -3.43309954976e-22 -2.28873303318e-22 -0.0093809835266 
1.16292576527 1.45553000998e-22 9.70353339985e-23 -0.00273691890134 
1.15131690201 -1.5916029244e-22 -1.06106861626e-22 -0.000818030624786 
1.14154805276 3.51299802007e-22 2.34199868005e-22 0.00478310531313 
1.14154805276 3.51299802007e-22 2.34199868005e-22 0.00478310531313 
1.12804810786 -7.28269986404e-24 -4.85513324269e-24 0.0115172047873 
1.10874686796 -1.00495899051e-22 -6.69972660339e-23 0.0234459214851 
1.07589084566 -1.54927669436e-19 -1.03285112957e-19 0.0378869052308 
1.01697447923 0.00367696867238 0.00245131244826 0.057216684124 
0.956002053323 0.0168212054631 0.0112141369754 0.0896516648602 
0.884290225463 0.0391350533096 0.0260900355397 0.121279385972 
0.827725156791 0.317214520644 0.211476347096 0.135223622171 
0.800457278002 0.538754061512 0.359169374342 0.139266834212 
0.785507470787 0.694134355595 0.462756237063 0.14257115565 
0.722097789282 0.793588183995 0.52905878933 0.157312190378 
0.690926020852 0.881044951134 0.587363300756 0.156261446631 
0.671210710569 0.960375878114 0.64025058541 0.154438696891 
0.657959738871 1.02237000405 0.6815800027 0.146479970264 
0.612960131599 1.0674735016 0.711649001068 0.1416639947 
0.606427015174 1.10197222432 0.734648149545 0.136994045998 
0.562096920049 1.12823467732 0.752156451543 0.128443989901 
0.559924637115 1.14531327285 0.763542181903 0.123353630805 
0.528897838421 1.16213449974 0.77475633316 0.117236717278 
0.528533403538 1.17019795136 0.78013196757 0.111124500016 
0.527900502281 1.17912067252 0.786080448347 0.113062096424 
0.5251759549 1.18519623399 0.790130822661 0.107722037187 
0.5245916709 1.1893668419 0.792911227937 0.108489018582 
0.519303811041 1.19281736596 0.795211577308 0.102936001943 
0.518642257929 1.19700429372 0.79800286248 0.103950005101 
0.487337373212 1.2020517295 0.801367819664 0.0984757727057 
0.48728916998 1.20327275455 0.802181836364 0.0986009559447 
0.487644352635 1.20422759902 0.802818399344 0.0936431497087 
0.487501200784 1.20632627907 0.80421751938 0.093817248523 
0.487501200784 1.20632627907 0.80421751938 0.093817248523 
0.487267768141 1.20911799814 0.806078665425 0.0940641879369 
0.487267768141 1.20911799814 0.806078665425 0.0940641879369 
0.487208999779 1.20763499323 0.805089995487 0.0929491649757 
0.487696365306 1.20531988903 0.803546592688 0.0876808617472 
0.487696365306 1.20531988903 0.803546592688 0.0876808617472 
0.487696365306 1.20531988903 0.803546592688 0.0876808617472 
0.487330025947 1.20103642103 0.800690947355 0.0927647312406 
0.487582553548 1.19806796536 0.798711976909 0.096863315851 
0.487939475541 1.19222909943 0.79481939962 0.0962277946175 
0.491462684293 1.18186709596 0.787911397309 0.10192372008 
0.522241303038 1.1701440596 0.780096039732 0.105587841851 
0.524469019464 1.15410659149 0.769404394326 0.110984062738 
0.563708832789 1.12839396185 0.752262641233 0.119260108011 
0.572257556672 1.08413129854 0.722754199027 0.128897342918 
0.651728718573 1.01777999465 0.678519996431 0.13616284538 
0.672023555031 0.940590901779 0.627060601186 0.141623025821 
0.705822491004 0.859668369034 0.573112246023 0.141980795644 
0.761955316142 0.745475550935 0.496983700623 0.125113527599 
0.831190752975 0.632606045366 0.421737363577 0.108038467771 
0.809953296622 0.324493581613 0.216329054409 0.115798356471 
0.868908079986 0.145459738027 0.0969731586849 0.0956660696918 
0.947398076947 0.116974815555 0.0779832103702 0.0586328719454 
0.986354702627 1.59636335458e-17 1.06424223639e-17 0.0454154855906 
1.03892850553 -9.38564633176e-23 -6.2570975545e-23 0.0188658041002 
1.0761913368 -2.90208384796e-22 -1.9347225653e-22 0.00726363954237 
1.10036470674 5.59203534854e-22 3.72802356569e-22 -0.00291330684903 
1.1235929805 -4.23269014845e-22 -2.8217934323e-22 -0.00976987450068 
1.13051195309 -5.44140831979e-22 -3.62760554652e-22 -0.0133229491686 
1.13919975462 4.21593643027e-22 2.81062428685e-22 -0.0166419781882 
1.14395439778 1.88507458651e-22 1.256716391e-22 -0.0175278293571 
1.15594112478 -1.47016033808e-22 -9.80106892051e-23 -0.0194205072899 
1.15602586009 4.72025196221e-22 3.14683464147e-22 -0.0152836961804 
1.16043526053 8.08718832026e-23 5.39145888017e-23 -0.0147839988997 
1.1603108353 -5.60846669699e-23 -3.73897779799e-23 -0.0134457495423 
1.1642969791 2.57778107055e-22 1.7185207137e-22 -0.0121151372556 
1.1659116027 -3.54748776029e-22 -2.36499184019e-22 -0.0157376206549 
1.1646790263 -1.24844030602e-22 -8.32293537345e-23 -0.0135527216005 
1.16083287876 7.82008827677e-23 5.21339218451e-23 -0.0129057090251 
1.1636736608 3.63662607674e-22 2.42441738449e-22 -0.0125223508697 
1.15308344776 1.98547069131e-22 1.32364712754e-22 -0.0124412608288 
1.1464577863 6.15236023996e-22 4.10157349331e-22 -0.0107424546144 
1.14607869929 1.64500182929e-22 1.0966678862e-22 -0.0119100374549 
1.12976043505 3.99731937815e-20 2.66487958543e-20 -0.00949953442481 
1.11417650781 -9.47728627804e-23 -6.31819085203e-23 -0.00932493363941 
1.10365900958 4.35503930715e-22 2.9033595381e-22 -0.00850001587016 
1.09246619156 1.73544373072e-22 1.15696248715e-22 -0.00830882122884 
1.07664680898 -2.37772321512e-19 -1.58514881008e-19 -0.005269421714 
1.06423052483 -2.20265518529e-22 -1.4684367902e-22 -0.00826749500624 
1.05355444772 1.8853054472e-22 1.25687029813e-22 -0.00807302803302 
1.03825120916 0.000980061819251 0.000653374546167 -0.00823942025828 
1.01775071605 0.000719793596165 0.000479862397444 -0.0037939372511 
0.99638914049 0.00404308984218 0.00269539322812 -0.00454500943931 
0.963765089211 0.0104966979685 0.00699779864567 0.00346066016439 
0.928211240305 0.0185665376751 0.0123776917834 0.00518889781557 
0.875306208001 0.031502790062 0.0210018600413 0.00678397180877 
0.828325906683 0.0437842581581 0.0291895054387 0.00729519084367 
0.824203607578 0.245761711012 0.163841140674 -0.00132279528304 
0.764472402777 0.263996525835 0.17599768389 -0.00582787101009 
0.703463695695 0.283270481276 0.188846987517 -0.00864764092097 
0.572754334024 0.0111279704509 0.00741864696723 -0.027609063242 
0.48945787737 5.45625584488e-18 3.63750389659e-18 -0.0887108039817 
0.422074976517 4.4093951702e-19 2.93959678013e-19 -0.19072763495 
0.374453487773 0.0392153779468 0.0261435852979 -0.283722647723 
0.321634559119 0.0959179101693 0.0639452734462 -0.35290869577 
0.292222392892 0.130931813648 0.0872878757655 -0.444562673097 
0.260359387904 0.16931999905 0.112879999367 -0.500373331357 
0.229832820284 0.206907050259 0.137938033506 -0.523598775598 
0.210594621813 0.230534091685 0.153689394456 -0.523598775598 
0.20668515397 0.234888820804 0.156592547203 -0.523598775598 
0.196590562259 0.247330364815 0.164886909877 -0.523598775598 
0.19796888818 0.247051694256 0.164701129504 -0.523598775598 
0.190818808807 0.255314548352 0.170209698902 -0.523598775598 
0.190818808807 0.255314548352 0.170209698902 -0.523598775598 
0.196687332793 0.24600561904 0.164003746027 -0.523598775598 
0.195076145211 0.246697737637 0.164465158425 -0.523598775598 
0.197197857947 0.247336109189 0.16489073946 -0.523598775598 
0.195095483412 0.247361550261 0.164907700174 -0.523598775598 
0.192168727671 0.253263749851 0.1688424999 -0.523598775598 
0.192168727671 0.253263749851 0.1688424999 -0.523598775598 
0.192168727671 0.253263749851 0.1688424999 -0.523598775598 
0.18663201897 0.262628088774 0.175085392516 -0.523598775598 
0.18663201897 0.262628088774 0.175085392516 -0.523598775598 
0.175516255705 0.27625366557 0.18416911038 -0.523598775598 
0.178780511854 0.269273666453 0.179515777635 -0.523598775598 
0.177652507107 0.268970060038 0.179313373359 -0.523598775598 
0.170450104569 0.278523016415 0.185682010943 -0.523598775598 
0.17407634021 0.272840171756 0.181893447837 -0.523598775598 
0.17407634021 0.272840171756 0.181893447837 -0.523598775598 
0.177362467738 0.264493060949 0.176328707299 -0.523598775598 
0.175633677468 0.264697600089 0.176465066726 -0.523598775598 
0.166887826319 0.275418209301 0.183612139534 -0.523598775598 
0.150627943514 0.281676172464 0.187784114976 -0.520206845036 
0.112092738529 0.264660458273 0.176440305515 -0.339674741115 
0.0641779554242 0.0614850384145 0.0409900256097 -0.138169403694 
0.0594616433844 0.101586718529 0.0677244790191 -0.207575637775 
0.0394593224286 0.092382514089 0.061588342726 -0.235005011488 
0.0208001066859 0.0856915451767 0.0571276967845 -0.259048511036 
0.0163456663286 0.0702144059302 0.0468096039534 -0.287477087845 
0.000866579476743 0.0573278261331 0.0382185507554 -0.315919274508 
0.00301874160731 0.0395144344007 0.0263429562671 -0.343123338811 
0.0014293052137 0.0261186280362 0.0174124186908 -0.358181860859 
0.00438260834611 0.0115879275893 0.00772528505956 -0.36987510858 
-4.21756169539e-18 0.00367169116567 0.00244779411045 -0.37717642376 
4.05465000501e-08 0.0 0.0 -0.3785829317 
0.00752096429193 7.38523176217e-23 4.92348784145e-23 -0.391260235683 
0.00752096429193 7.38523176217e-23 4.92348784145e-23 -0.391260235683 
0.0172557101683 3.40567658353e-22 2.27045105569e-22 -0.406491340694 
0.013329277262 1.20274114559e-21 8.01827430391e-22 -0.409973272003 
0.013329277262 1.20274114559e-21 8.01827430391e-22 -0.409973272003 
0.0232529129149 -1.1040253362e-21 -7.360168908e-22 -0.429339615028 
0.0299267321404 -7.92816135966e-22 -5.28544090644e-22 -0.430763322466 
0.0376240269203 8.61018384838e-22 5.74012256558e-22 -0.437052269267 
0.0448439946435 1.83493082415e-22 1.2232872161e-22 -0.442956356526 
0.0507553539588 -1.1629424956e-21 -7.75294997068e-22 -0.446215735203 
0.0563744034496 -4.99425210978e-22 -3.32950140652e-22 -0.447505069717 
0.0629720097641 -6.84375850347e-22 -4.56250566898e-22 -0.448302393041 
0.0694985422275 -1.56130222471e-22 -1.04086814981e-22 -0.447340197712 
0.0694985422275 -1.56130222471e-22 -1.04086814981e-22 -0.447340197712 
0.0856947550793 1.83980028686e-21 1.22653352458e-21 -0.441626562464 
0.104184008194 8.61321226388e-22 5.74214150925e-22 -0.415324647394 
0.128618080032 -2.25772797827e-21 -1.50515198552e-21 -0.409705155719 
0.146181422493 1.59308076884e-22 1.0620538459e-22 -0.3739871291 
0.182820512949 -1.08607578865e-21 -7.24050525768e-22 -0.340349406099 
0.220601216838 -1.12618034297e-21 -7.50786895311e-22 -0.29601728087 
0.284620260828 2.25909380294e-21 1.50606253529e-21 -0.204183984824 
0.444635530479 0.301863399184 0.201242266123 0.466017709833 
0.485068414387 0.28749410282 0.191662735213 0.381177831679 
0.512289059616 0.255186352349 0.1701242349 0.357925309553 
0.566110850941 0.364502740881 0.243001827254 0.225483369091 
0.591095233143 0.345056316917 0.230037544612 0.207522948676 
0.622606930317 0.319264056359 0.21284270424 0.180483475986 
0.638210190588 0.309028130654 0.206018753769 0.166459983228 
0.655333457569 0.295955171391 0.197303447594 0.145097306399 
0.672852957686 0.283668027712 0.189112018475 0.122300349248 
0.699655076704 0.268594093751 0.179062729167 0.0977350058677 
0.72503478152 0.255632121714 0.170421414476 0.0723531885052 
0.749071892917 0.245624018708 0.163749345805 0.0510824812905 
0.758430786769 0.241474179795 0.16098278653 0.0316124232734 
0.759668071046 0.240806949434 0.160537966289 0.0153696984285 
0.770792172328 0.237497337094 0.158331558063 0.000868744105923 
0.777570882777 0.235832723233 0.157221815489 -0.0137396432376 
0.788606989802 0.233333361559 0.155555574373 -0.0230418657138 
0.791866905158 0.233075393981 0.155383595988 -0.0302501587094 
0.796392675707 0.232037460798 0.154691640532 -0.0370869584053 
0.811823125287 0.227766364516 0.151844243011 -0.0468661643828 
0.824099417384 0.224232304647 0.149488203098 -0.0554638000035 
0.833103794069 0.221479385717 0.147652923811 -0.0589352725212 
0.842351084829 0.218547017959 0.145698011972 -0.0645524661763 
0.845443740309 0.217517903145 0.14501193543 -0.0652479556375 
0.845443740309 0.217517903145 0.14501193543 -0.0652479556375 
0.8380769577 0.21895244244 0.14596829496 -0.0624749321769 
0.838197793921 0.218980011578 0.145986674386 -0.0662342048277 
0.836356578761 0.218837414278 0.145891609518 -0.0615589995382 
0.827581295908 0.220744503552 0.147163002368 -0.0613215894139 
0.821999636526 0.221582156252 0.147721437501 -0.060118487901 
0.812397256239 0.223223065216 0.148815376811 -0.0539936808747 
0.815288418682 0.221745292966 0.147830195311 -0.0490281609551 
0.806921543193 0.223596787091 0.149064524727 -0.0445101112921 
0.808076462212 0.223247628578 0.148831752386 -0.0412679288661 
0.807083522494 0.223260151905 0.14884010127 -0.0344682825532 
0.796660282034 0.226042273679 0.150694849119 -0.0238146730809 
0.79023346235 0.227954595433 0.151969730289 -0.0142924327585 
0.776272146172 0.232115434135 0.154743622756 0.000785591562842 
0.759220779433 0.238459153005 0.15897276867 0.0227889726821 
0.749591926543 0.243174114546 0.162116076364 0.0383743783723 
0.7340722671 0.249887104004 0.166591402669 0.0555537709902 
0.732233696861 0.251985678514 0.167990452343 0.0659942503531 
0.726199453149 0.256081235939 0.170720823959 0.0781526745982 
0.717053003093 0.261501659589 0.174334439726 0.0918448361878 
0.711096614006 0.265221779268 0.176814519512 0.104825509699 
0.692474912083 0.275536829998 0.183691219998 0.127443232992 
0.66742830484 0.289813032917 0.193208688611 0.152808335562 
0.6397888589 0.305350828152 0.203567218768 0.176473778247 
0.590557639752 0.16695385049 0.111302566994 0.298861519074 
0.570513903449 0.138540045422 0.0923600302814 0.382981258507 
0.5567750616 0.133018112461 0.0886787416406 0.442235370269 
0.550518219019 0.125979427143 0.0839862847623 0.49168487208 
0.535120505876 0.149140527527 0.0994270183516 0.509886795936 
0.52284701415 0.16338763122 0.10892508748 0.523598775598 
0.515936291814 0.171708422539 0.114472281693 0.523598775598 
0.498787865493 0.196710192614 0.131140128409 0.523598775598 
0.491513717552 0.203827425904 0.135884950603 0.523598775598 
0.482105392942 0.219213639698 0.146142426465 0.523598775598 
0.464476270656 0.250096749635 0.166731166423 0.523598775598 
0.456410338367 0.265306357931 0.176870905287 0.523598775598 
0.442421352155 0.280060165305 0.18670677687 0.523598775598 
0.429443972986 0.293361488876 0.195574325917 0.523598775598 
0.429443972986 0.293361488876 0.195574325917 0.523598775598 
0.415889505308 0.314003950094 0.209335966729 0.523598775598 
0.410433486403 0.321850932434 0.214567288289 0.523598775598 
0.410433486403 0.321850932434 0.214567288289 0.523598775598 
0.410433486403 0.321850932434 0.214567288289 0.523598775598 
0.413112185159 0.322338798682 0.214892532455 0.523598775598 
0.416458960248 0.325784910814 0.217189940543 0.523598775598 
0.410917091762 0.344660980166 0.229773986778 0.523598775598 
0.408441081093 0.359157687233 0.239438458155 0.523598775598 
0.403236706501 0.375786563535 0.25052437569 0.523598775598 
0.391012569331 0.400538947982 0.267025965322 0.523598775598 
0.38145333744 0.424248839762 0.282832559842 0.523598775598 
0.375333348764 0.4413923483 0.294261565533 0.523598775598 
0.365327944046 0.46728397696 0.311522651306 0.523598775598 
0.353842577817 0.501860033249 0.334573355499 0.523598775598 
0.341135142826 0.539812538328 0.359875025552 0.522385621855 
0.326659433646 0.572334333432 0.381556222288 0.523598775598 
0.310584783352 0.618782031548 0.412521354365 0.518278692024 
0.287782269531 0.662147333716 0.441431555811 0.523598775598 
0.273874007687 0.70014855142 0.466765700947 0.523598775598 
0.260441369352 0.735666848661 0.490444565774 0.523598775598 
0.243505994491 0.775372570729 0.516915047153 0.523598775598 
0.223427352301 0.822756790901 0.548504527267 0.523598775598 
0.206655298197 0.864136805683 0.576091203788 0.523598775598 
0.194425311977 0.897491808897 0.598327872598 0.523598775598 
0.179774768325 0.933183801191 0.622122534127 0.523598775598 
0.165984219731 0.963585360783 0.642390240522 0.523598775598 
0.155468421449 0.992592192139 0.661728128093 0.523598775598 
0.128796214026 1.02587072708 0.683913818055 0.523598775598 
0.102009357768 1.05613363085 0.704089087235 0.523598775598 
0.0692493359584 1.08587858273 0.723919055153 0.523598775598 
0.0333178748176 1.11314788899 0.742098592657 0.523598775598 
0.00413209660372 1.13421413889 0.756142759259 0.523598775598 
-3.58166066002e-18 1.14780846849 0.765205645658 0.523598775598 
9.30561612976e-20 1.16337209541 0.77558139694 0.513006006342 
2.17420946627e-20 1.17792680884 0.785284539229 0.501098508031 
1.70723813812e-21 1.19402738487 0.796018256581 0.489145466873 
0.268885558189 1.20720221806 0.804801478708 0.416539287754 
0.270180194515 1.22683163807 0.817887758713 0.4102802987 
0.271503753351 1.24562343056 0.830415620373 0.401480795045 
0.272425406907 1.26152948418 0.841019656118 0.392877942433 
0.273829719251 1.28177608401 0.854517389337 0.381917981598 
0.191189947577 1.31105091373 0.874033942487 0.363027976717 
0.193163666801 1.32862725882 0.885751505881 0.350348103683 
0.19386970792 1.34618795376 0.897458635837 0.338001355419 
0.117230610345 1.36890671476 0.912604476504 0.318109035555 
0.118239453992 1.38157643342 0.921050955615 0.305120816037 
0.0677305010481 1.40017462156 0.933449747708 0.288116632965 
0.06769225087 1.41205996139 0.941373307591 0.275994851624 
0.018145008891 1.42632548207 0.950883654716 0.259109672838 
0.0179885022948 1.43614400374 0.957429335826 0.24829078264 
3.36531261541e-18 1.44404321605 0.962695477368 0.239613432479 
1.12754134905e-22 1.44614075014 0.964093833427 0.23582291308 
-8.32363927911e-23 1.44863202036 0.96575468024 0.232595918599 
-1.73191068887e-22 1.45052824035 0.967018826899 0.230499861025 
-2.24474714787e-22 1.44910751242 0.966071674946 0.230044221436 
-2.97265199153e-22 1.4502010141 0.966800676063 0.230192698717 
1.17978642106e-22 1.44897219695 0.965981464632 0.229889049032 
-4.74565609627e-23 1.44763483666 0.965089891107 0.229677429534 
9.78491682103e-09 1.44282521484 0.961883476562 0.231219049962 
3.60079065979e-05 1.44258835801 0.961725572008 0.231137946952 
6.65079697076e-05 1.44180501951 0.961203346338 0.230779744128 
0.00191022611787 1.44264375119 0.961762500794 0.223997890792 
0.0262208305754 1.44102138865 0.96068092577 0.21894572901 
0.0277557558711 1.44232176834 0.961547845559 0.209613297695 
0.0296423241261 1.44575425375 0.963836169165 0.198944470811 
0.0312692461981 1.44539707236 0.963598048238 0.191831173059 
0.033663942569 1.44391177302 0.962607848682 0.185962457344 
0.0365662423017 1.44592342314 0.96394894876 0.176990831764 
0.0389662123644 1.44854760746 0.96569840497 0.167647488667 
0.0412283896804 1.4497609665 0.966507310999 0.160135275809 
0.0434312449777 1.45186101461 0.967907343073 0.152469479558 
0.0455879183684 1.45115228688 0.96743485792 0.146121352216 
0.0478816238469 1.45184257259 0.967895048393 0.139797902216 
0.0479722202705 1.45088951194 0.967259674624 0.139594628274 
0.0480800188847 1.44864906449 0.965766042991 0.139216079261 
0.0871966568658 1.4377370366 0.958491357734 0.153196348808 
0.125837704049 1.41683278311 0.944555188738 0.17782948259 
0.15875009011 1.39512803074 0.930085353826 0.198860636347 
0.194780854783 1.36750829919 0.911672199461 0.223245580693 
0.241128987319 1.32640998645 0.884273324301 0.249671666145 
0.283374949569 1.27786439411 0.851909596075 0.272244863965 
0.285246975819 1.22831134541 0.81887423027 0.288986380692 
0.345071878029 1.17982083134 0.786547220896 0.302046186507 
0.349605786142 1.12946978117 0.752979854113 0.31263340651 
0.357108258737 1.0825460958 0.7216973972 0.323067374573 
0.366323730589 1.03794263678 0.691961757853 0.3343768725 
0.377114002565 0.990232530441 0.660155020294 0.341437445159 
0.387526076697 0.948802437145 0.632534958096 0.34514724076 
0.39782645386 0.90825313519 0.605502090127 0.343781863929 
0.408667134184 0.863658281968 0.575772187979 0.338238054637 
0.229814717629 0.728900984018 0.485933989345 0.523598775598 
0.253657084157 0.682470675364 0.454980450243 0.519559917501 
0.266996988789 0.651382609069 0.434255072713 0.512636017926 
0.275972806076 0.625479252936 0.416986168624 0.505443062214 
0.289938062115 0.597018055915 0.398012037276 0.498074066813 
0.299384030316 0.576310140404 0.384206760269 0.492769903699 
0.304550175264 0.562125950115 0.37475063341 0.490570332781 
0.300522615744 0.557341239218 0.371560826145 0.488029536109 
0.303564112721 0.545629503116 0.363753002077 0.488805467627 
0.293610050298 0.549158966621 0.366105977748 0.495815583174 
0.285145247949 0.552105348642 0.368070232428 0.501321828847 
0.283708225409 0.548083800804 0.365389200536 0.50018637657 
0.280852541976 0.545296487616 0.363530991744 0.499402660977 
0.277394247595 0.542080001954 0.361386667969 0.498303023755 
0.269081691016 0.54519111334 0.363460742227 0.504765379373 
0.266840291203 0.541188455498 0.360792303665 0.503771424542 
0.266840291203 0.541188455498 0.360792303665 0.503771424542 
0.263543856767 0.538466138228 0.358977425485 0.503103092244 
0.260488147957 0.537106179361 0.358070786241 0.503261287021 
0.248161075695 0.541649026592 0.361099351061 0.508005567115 
0.244165398575 0.536968495911 0.357978997274 0.506340610062 
0.237635595469 0.530946525884 0.353964350589 0.503922370391 
0.215721604043 0.527390327187 0.351593551458 0.505177560195 
0.193083139568 0.528036891885 0.35202459459 0.506741135524 
0.182166109186 0.519791664508 0.346527776339 0.503529595041 
0.166115186169 0.50615615171 0.337437434474 0.498601398795 
0.149426481972 0.493840690137 0.329227126758 0.49468504946 
0.134542004348 0.483591948236 0.322394632157 0.491996971088 
0.128968510111 0.460254002088 0.306836001392 0.490612137976 
0.14482980554 0.410069674419 0.273379782946 0.523598775598 
0.146193061235 0.391978340034 0.261318893356 0.523598775598 
0.151490122751 0.372283529857 0.248189019905 0.523598775598 
0.16050338054 0.350152563494 0.23343504233 0.523598775598 
0.17932506905 0.316125345135 0.21075023009 0.523598775598 
0.21279289464 0.260184882926 0.173456588617 0.523598775598 
0.24175168798 0.214622772114 0.143081848076 0.523598775598 
0.260311120553 0.184112690999 0.122741793999 0.523598775598 
0.281150719316 0.155704475467 0.103802983645 0.523598775598 
0.292512755389 0.136125394286 0.0907502628575 0.480686666794 
0.299081507987 0.118818595278 0.079212396852 0.387806597496 
0.290935043457 0.109650901201 0.0731006008004 0.110591412499 
0.309806995296 0.0981618215073 0.0654412143382 0.108114241474 
0.362846073568 0.291261785424 0.194174523616 -0.0372502465358 
0.39625286498 0.317875935251 0.211917290168 -0.0316936376206 
0.439644021302 0.407192083252 0.271461388835 -0.0189727989993 
0.499333734035 0.509418300867 0.339612200578 -0.0148689985705 
0.547793665293 0.558063615802 0.372042410535 -0.0142189786691 
0.592730770599 0.59294696168 0.395297974453 -0.0151257249942 
0.614835955881 0.578053510507 0.385369007004 -0.0189132464774 
0.632742349122 0.566977990934 0.377985327289 -0.0226214391597 
0.651963158235 0.555058342432 0.370038894955 -0.0259033430888 
0.664970961342 0.547505311245 0.36500354083 -0.0294259873467 
0.67902278069 0.539158147095 0.35943876473 -0.0344863780298 
0.685117091418 0.53614005757 0.357426705046 -0.0371363472499 
0.694236747729 0.531160131907 0.354106754605 -0.0388784010125 
0.693727226881 0.531989452664 0.354659635109 -0.0394914911792 
0.699562956638 0.529641881606 0.353094587737 -0.0387037800487 
0.705768152489 0.526848344607 0.351232229738 -0.0404328555403 
0.705864945658 0.527131258422 0.351420838948 -0.0391964234096 
0.702175678502 0.530228503437 0.353485668958 -0.040128582574 
0.705269562135 0.529838256816 0.353225504544 -0.0374914691384 
0.709750696877 0.527972325082 0.351981550055 -0.0396248912653 
0.708617520201 0.529478934597 0.352985956398 -0.0395705792166 
0.702542056859 0.534637594935 0.35642506329 -0.0391995491084 
0.710823218706 0.530347823196 0.353565215464 -0.0405040207864 
0.707014227378 0.533006710038 0.355337806692 -0.040613470445 
0.711091676526 0.530390624127 0.353593749418 -0.0409214864314 
0.662865224134 0.434223430682 0.289482287121 -0.0497068344433 
0.618218905866 0.361041388284 0.240694258856 -0.0584355049785 
0.584055603021 0.259943137812 0.173295425208 -0.0708665380422 
0.549162468364 0.166198587359 0.11079905824 -0.0843342478965 
0.523516134214 0.0995334517794 0.0663556345196 -0.0986703615467 
0.484585255807 0.0657833795837 0.0438555863891 -0.0873478240416 
0.433644834004 -2.07359447633e-19 -1.38239631755e-19 0.142705445529 
0.42214431193 0.0529229014248 0.0352819342832 0.31855279227 
0.410517736635 0.0943548279324 0.0629032186216 0.418483968496 
0.400225517811 0.126728453046 0.0844856353641 0.50038289378 
0.382151584658 0.173650377623 0.115766918416 0.523598775598 
0.347325218463 0.252629507112 0.168419671408 0.523598775598 
0.305719938901 0.334658165013 0.223105443342 0.523598775598 
0.277293227576 0.387973189728 0.258648793152 0.523598775598 
0.250378856674 0.434877445706 0.289918297137 0.523598775598 
0.240232855268 0.451991120034 0.301327413356 0.523598775598 
0.231270348334 0.468873920393 0.312582613596 0.523598775598 
0.218690121137 0.487275983979 0.324850655986 0.523598775598 
0.20599645069 0.506464237717 0.337642825145 0.523598775598 
0.20007164263 0.516324225152 0.344216150101 0.523598775598 
0.20007164263 0.516324225152 0.344216150101 0.523598775598 
0.188289851223 0.536632031464 0.357754687642 0.523267653462 
0.188289851223 0.536632031464 0.357754687642 0.523267653462 
0.196413746356 0.525173331434 0.350115554289 0.521425478473 
0.197829706577 0.527327634929 0.351551756619 0.522873323385 
0.197829706577 0.527327634929 0.351551756619 0.522873323385 
0.197829706577 0.527327634929 0.351551756619 0.522873323385 
0.197829706577 0.527327634929 0.351551756619 0.522873323385 
0.197829706577 0.527327634929 0.351551756619 0.522873323385 
0.198799235989 0.528295982042 0.352197321362 0.523598775598 
0.198799235989 0.528295982042 0.352197321362 0.523598775598 
0.195986919121 0.526954271966 0.351302847977 0.523454257777 
0.195986919121 0.526954271966 0.351302847977 0.523454257777 
0.183809982547 0.533656558921 0.355771039281 0.523598775598 
0.181063468734 0.531246434224 0.354164289483 0.522768129112 
0.171852317917 0.578552652071 0.385701768047 0.445833202521 
0.167351622884 0.575977293661 0.38398486244 0.444097533749 
0.161613207431 0.57503852899 0.383359019326 0.442760455118 
0.153945694711 0.574063568416 0.382709045611 0.440932938402 
0.13557634791 0.586105625254 0.390737083503 0.44027484509 
0.127669751544 0.580226590637 0.386817727091 0.436346568105 
0.113893843548 0.587706852481 0.391804568321 0.432596786246 
0.105322939495 0.585096664353 0.390064442902 0.42949869153 
0.0969472983184 0.592598398291 0.395065598861 0.425593989626 
0.0932720867139 0.599102348737 0.399401565824 0.423329294264 
0.0940852962766 0.610923745612 0.407282497075 0.423099023364 
0.0872025218897 0.640528162238 0.427018774825 0.427678894684 
0.0845072662104 0.664900226557 0.443266817705 0.431944819012 
0.0805455608318 0.690603599996 0.460402399997 0.438489735153 
0.0709859724738 0.725138022546 0.483425348364 0.447473761456 
0.0426134408777 0.731012225652 0.487341483768 0.523598775598 
0.0348548435158 0.758064839106 0.505376559404 0.523598775598 
0.0230749796775 0.790966401183 0.527310934122 0.523598775598 
0.00876071558167 0.825505978694 0.55033731913 0.523598775598 
1.07362897705e-18 0.862442262063 0.574961508042 0.523598775598 
2.23406049231e-21 0.903413890985 0.602275927324 0.506950468154 
3.41130600912e-22 0.964557782284 0.643038521522 0.454350662132 
-6.11193000051e-24 1.03691381198 0.691275874655 0.40038120504 
0.381427489263 1.1622724682 0.77484831213 0.215760071112 
0.378875080597 1.19407164469 0.79604776313 0.218709075102 
0.335303159904 1.21931787 0.812878580002 0.219772732602 
0.333462009314 1.25222621031 0.834817473541 0.216952085103 
0.27618287069 1.27955139646 0.853034264309 0.210692598622 
0.27524700419 1.30248346137 0.868322307577 0.2056645728 
0.236255900445 1.32135704701 0.880904698006 0.192403231744 
0.236422664571 1.33731147899 0.891540985993 0.183803849733 
0.236340728966 1.34693925689 0.897959504592 0.17257162835 
0.199549782811 1.36208752965 0.908058353102 0.15261431254 
0.200273043573 1.37527398783 0.916849325217 0.138765729519 
0.160662496276 1.39010306552 0.926735377015 0.112489147817 
0.127090117983 1.40600160173 0.937334401154 0.0818757584823 
0.0808439683459 1.42210477091 0.948069847276 0.0491701965148 
0.0170820330211 1.44035304293 0.960235361951 0.0163096422103 
1.37419274339e-17 1.46043949242 0.973626328282 -0.0121646043921 
-9.38912019455e-22 1.47869332093 0.985795547285 -0.0317754448699 
-3.99256536346e-22 1.49513094583 0.996753963886 -0.0479554635127 
-1.68861261289e-21 1.51207823843 1.00805215895 -0.0626601140227 
-4.13508340842e-22 1.52651619743 1.01767746495 -0.0733074028473 
-2.13211887843e-23 1.53937135423 1.02624756949 -0.0834605832544 
0.00116670313053 1.55186307769 1.03457538513 -0.0945268274626 
0.729044992707 1.52067122457 1.01378081638 0.155090042712 
0.748520020586 1.52994141913 1.01996094608 0.146492694917 
0.785488641102 1.53425517654 1.02283678436 0.171219471191 
0.800690924139 1.54083665703 1.02722443802 0.16449918534 
0.814679153873 1.54600517968 1.03067011978 0.157805882382 
0.830612825968 1.5514472774 1.03429818493 0.151024375505 
0.842088303579 1.55568788055 1.0371252537 0.146584040028 
0.852192725317 1.55931593464 1.03954395643 0.141824776815 
0.85937089455 1.56251366925 1.0416757795 0.137278488016 
0.864541716516 1.56391280238 1.04260853492 0.132333495249 
0.860954536521 1.5667159323 1.0444772882 0.11046269328 
0.861239202295 1.56813484749 1.04542323166 0.11047132103 
0.865491564942 1.5688460432 1.04589736214 0.108906400298 
0.865627692267 1.56947905208 1.04631936805 0.108901278831 
0.865627692267 1.56947905208 1.04631936805 0.108901278831 
0.865413665049 1.56766945509 1.04511297006 0.108857424084 
0.864949055963 1.56483088683 1.04322059122 0.108852813591 
0.85440659222 1.56194418326 1.04129612217 0.11499409931 
0.84278199971 1.55780797261 1.03853864841 0.122390439179 
0.842061909538 1.5497925473 1.03319503153 0.155661607799 
0.820229959305 1.54089187523 1.02726125015 0.165116626488 
0.796699025442 1.53094348616 1.02062899077 0.176040917071 
0.776126490173 1.52182620644 1.01455080429 0.185294905148 
0.736026611046 1.51717862814 1.01145241876 0.164065719886 
0.719045214936 1.50780592452 1.00520394968 0.172570794904 
0.654520486065 1.50951018785 1.00634012523 0.128942501558 
0.598316387553 1.50697222586 1.00464815057 0.103341636551 
0.508291545075 1.50665489603 1.00443659736 0.0704681331185 
0.401760193294 1.50788370509 1.00525580339 0.03717613625 
1.62047873044e-15 1.51619694726 1.01079796484 -0.0461807968375 
-3.30533339923e-22 1.51073160823 1.00715440549 -0.0340951818842 
1.2725182717e-21 1.50403916646 1.00269277764 -0.0222300858817 
1.14600716611e-21 1.50331183331 1.00220788887 -0.010785770257 
-7.2321195692e-22 1.50037862771 1.00025241847 -0.000582727189264 
1.35671127773e-21 1.497856155 0.998570769998 0.00879710440419 
2.74135519421e-22 1.49499863606 0.996665757372 0.0194004176707 
-8.44194926168e-22 1.4757463337 0.983830889134 0.0430098398533 
0.0259543213315 1.45249011554 0.968326743696 0.0711372742141 
0.081995561116 1.42561260329 0.950408402191 0.104805556996 
0.132542264954 1.39552576905 0.930350512702 0.134559504775 
0.177314655784 1.36874833473 0.912498889819 0.153211801367 
0.215672551859 1.34150881293 0.894339208618 0.16814019755 
0.247773685697 1.31574624656 0.877164164375 0.177765545668 
0.249780313659 1.29431602095 0.862877347297 0.182265961973 
0.302458997782 1.2703861818 0.846924121197 0.18490447698 
0.333092577335 1.24097299398 0.827315329322 0.180255271098 
0.366085512652 1.20741795859 0.80494530573 0.172310108847 
0.370615268808 1.17022181908 0.780147879389 0.163931027934 
0.423615258111 1.13536029749 0.756906864992 0.145939653969 
0.426701322004 1.09600188073 0.730667920489 0.129239222584 
0.432238194413 1.05476492012 0.703176613416 0.113210627345 
0.401507713876 1.01012346814 0.673415645426 0.0980034234776 
0.331277674877 0.963162224387 0.642108149591 0.0934387876959 
0.247577120746 0.885245838698 0.590163892466 0.0926413399677 
0.157453320508 0.789322629152 0.526215086102 0.112798722302 
0.0316363969699 0.575831077039 0.383887384693 0.452972197152 
0.0368812338726 0.579362466768 0.386241644512 0.298465158635 
0.0194739811748 0.568929561168 0.379286374112 0.291584702057 
0.00713763856851 0.566372701223 0.377581800815 0.289104681345 
0.000501947131314 0.575939099312 0.383959399542 0.189560675358 
-3.52365706058e-19 0.575798188281 0.383865458854 0.189472056713 
1.68982433158e-21 0.559376942512 0.372917961675 0.181417355753 
4.53986851568e-22 0.538628250932 0.359085500621 0.166908548945 
4.53986851568e-22 0.538628250932 0.359085500621 0.166908548945 
-9.63943811989e-22 0.403182732241 0.268788488161 -0.417577169413 
-9.63943811989e-22 0.403182732241 0.268788488161 -0.417577169413 
-9.63943811989e-22 0.403182732241 0.268788488161 -0.417577169413 
0.00540896375267 0.394447651349 0.2629651009 -0.414132530633 
-5.8475734022e-18 0.360787968041 0.240525312028 -0.276372352417 
-1.58314373984e-21 0.376848482524 0.251232321683 -0.268312505488 
-6.63296946891e-21 0.41227382232 0.27484921488 -0.257927048101 
3.83166482994e-21 0.455283263664 0.303522175776 -0.250623403149 
4.94460703338e-21 0.500576272177 0.333717514784 -0.23917335765 
0.0269330307431 0.747205745267 0.498137163511 0.166103443821 
0.0960528020043 0.854690955559 0.569793970372 0.104447663299 
0.159546533013 0.916707679263 0.611138452842 0.0922181767646 
0.221931775238 0.967110213024 0.644740142016 0.0876246661444 
0.293977180478 1.0138494822 0.675899654799 0.0897782739816 
0.367466283049 1.05628427177 0.704189514513 0.0958502452386 
0.416527227626 1.08945761285 0.72630507523 0.108791384309 
0.412520842431 1.12393332067 0.749288880447 0.123845190174 
0.410078263686 1.15385859325 0.769239062165 0.136071043311 
0.407987740819 1.18638298605 0.790921990701 0.147914565422 
0.367284272815 1.22477473039 0.816516486925 0.153144741423 
0.328076443343 1.26521375437 0.843475836245 0.154614901497 
0.291406562398 1.30207721245 0.868051474964 0.147617390606 
0.234863641708 1.34789341887 0.898595612578 0.127162330976 
0.17361265617 1.38998644251 0.926657628339 0.0982231423817 
0.108928611819 1.42827589212 0.952183928077 0.0644935217452 
0.0327485840877 1.46173179523 0.974487863484 0.0249709359893 
1.02006632201e-17 1.48880558977 0.992537059846 -0.00236999995523 
-1.82602564e-21 1.51394261213 1.00929507476 -0.0253876855534 
1.86028474768e-21 1.53478747767 1.02319165178 -0.0427063170409 
5.61200310095e-22 1.54929744061 1.03286496041 -0.0570125944703 
-3.63241419077e-22 1.56036515444 1.04024343629 -0.0703627382443 
0.00200039465932 1.57177832466 1.04785221644 -0.0793876411899 
0.681040771897 1.53593723075 1.02395815383 0.164317457233 
0.706986801495 1.54091402601 1.02727601734 0.149316300092 
0.747715122342 1.53861871918 1.02574581279 0.164325975366 
0.766777413646 1.54205312717 1.02803541811 0.154846818066 
0.786582157189 1.5408523497 1.0272348998 0.145221928825 
0.80493214712 1.53929463357 1.02619642238 0.137316372291 
0.819271071949 1.53693701639 1.02462467759 0.132166857648 
0.831374431087 1.53477823556 1.02318549038 0.12873805289 
0.852450993992 1.53027557992 1.02018371995 0.147820730887 
0.858974724681 1.52854209402 1.01902806268 0.145400348172 
0.865274322662 1.5276370291 1.01842468607 0.143644643721 
0.871108759838 1.52590063858 1.01726709239 0.142618567211 
0.875937960088 1.5247514989 1.01650099927 0.142453081799 
0.879849263727 1.52335770364 1.01557180243 0.142514925946 
0.883265462654 1.52189894786 1.01459929857 0.142299173217 
0.883135742756 1.52042080901 1.01361387267 0.142221250555 
0.887027353542 1.51945289577 1.01296859718 0.141866441694 
0.886932718382 1.51895058854 1.0126337257 0.141924065325 
0.881795485938 1.51920567249 1.01280378166 0.146515956616 
0.877839868192 1.51716686996 1.01144457997 0.150609328933 
0.871677772318 1.51244960969 1.00829973979 0.155222992504 
0.862561963071 1.50095794173 1.00063862782 0.160469130752 
0.852203551247 1.48992288655 0.993281924367 0.166276224553 
0.841227788226 1.47835319821 0.985568798807 0.171352613556 
0.794251205725 1.46589062219 0.977260414794 0.141784614941 
0.731580775191 1.45451067495 0.969673783297 0.109736777703 
0.648750475777 1.44055365766 0.960369105109 0.0772757209648 
0.3956035447 1.42482625067 0.949884167115 0.00919116944357 
1.86319966886e-15 1.39751199706 0.931674664709 -0.0398007136988 
0.122816917031 1.36722395212 0.911482634744 0.00446757195307 
0.258538293443 1.32256528869 0.88171019246 0.0545513450689 
0.349908870046 1.27018899154 0.846792661025 0.0972301941381 
0.419482978975 1.21672678172 0.811151187812 0.127312673569 
0.481658578246 1.16144324946 0.774295499637 0.145687360274 
0.528271701058 1.11173205961 0.74115470641 0.157717569306 
0.535386390977 1.06734923218 0.711566154784 0.164585544072 
0.592808832308 1.02883223181 0.685888154542 0.165678543252 
0.601304904776 0.99020293264 0.660135288427 0.160350903715 
0.651713811078 0.956591805095 0.637727870063 0.143567798688 
0.659740290591 0.924519854613 0.616346569742 0.129438769114 
0.66893552985 0.89582503039 0.597216686927 0.117050973646 
0.676887418847 0.874964083825 0.583309389217 0.1040900813 
0.679552555084 0.866567056563 0.577711371042 0.0912721931727 
0.682731366479 0.856214880814 0.570809920542 0.0794857041116 
0.604424197757 0.823332079335 0.54888805289 0.0719567880897 
0.464775795858 0.733266108084 0.488844072056 0.0775989781833 
0.34611095681 0.628625068948 0.419083379299 0.101290993331 
0.215238299289 0.373559785011 0.249039856674 0.431872180212 
0.176944043715 0.386279784422 0.257519856282 0.523598775598 
0.141648655873 0.414118060402 0.276078706934 0.523598775598 
0.105339939437 0.443546405687 0.295697603791 0.523598775598 
0.0627198214391 0.489905679281 0.326603786187 0.523598273252 
0.0421711903431 0.557881053671 0.371920702448 0.283938802945 
0.0169473569617 0.576953721385 0.384635814257 0.282196437245 
-2.47260567921e-19 0.594294056577 0.396196037718 0.277444868565 
9.13560636751e-22 0.603045043856 0.402030029237 0.190123517491 
9.13560636751e-22 0.603045043856 0.402030029237 0.190123517491 
3.90730979465e-21 0.607609643832 0.405073095888 0.13191782248 
3.90730979465e-21 0.607609643832 0.405073095888 0.13191782248 
3.90730979465e-21 0.607609643832 0.405073095888 0.13191782248 
4.50990288574e-21 0.570565045324 0.380376696883 0.117563435451 
4.50990288574e-21 0.570565045324 0.380376696883 0.117563435451 
8.88796786785e-22 0.444741403501 0.296494269001 -0.516658332631 
8.88796786785e-22 0.444741403501 0.296494269001 -0.516658332631 
1.81844451588e-19 0.453419063463 0.302279375642 -0.512102165786 
0.0139205437992 0.443652349747 0.295768233164 -0.508755810892 
0.027599702257 0.431385979611 0.287590653074 -0.505554392085 
0.0308524498226 0.432694754526 0.288463169684 -0.504499796112 
2.65169952613e-18 0.185715356634 0.123810237756 -0.0678260462575 
2.65169952613e-18 0.185715356634 0.123810237756 -0.0678260462575 
0.00862641338 0.183876853329 0.122584568886 -0.0756605467949 
0.0190910861704 0.182880050654 0.121920033769 -0.0762418306699 
0.0283416510286 0.181395698134 0.120930465423 -0.0998774387689 
0.0416431324243 0.222286976084 0.14819131739 -0.142813068994 
0.0534421362643 0.204114094401 0.136076062934 -0.167611364686 
0.0669579597212 0.174863134565 0.116575423044 -0.203228688354 
0.0767629878185 0.138988296986 0.0926588646572 -0.237292324894 
0.0859325819851 0.0972314990096 0.0648209993398 -0.26806296989 
0.0902154290769 0.0535835778353 0.0357223852235 -0.294603984117 
0.0873328964608 0.019071561047 0.0127143740314 -0.312652889936 
0.0776855281161 -9.83515544711e-19 -6.55677029807e-19 -0.32495840952 
0.0744483893912 -3.36525468649e-22 -2.24350312432e-22 -0.353347687475 
0.0725003838359 2.02409192892e-23 1.34939461928e-23 -0.375612651412 
0.0618738825917 -4.65932562213e-22 -3.10621708142e-22 -0.381544078 
0.0636912558183 2.81725742939e-22 1.87817161959e-22 -0.403154638569 
0.0636912558183 2.81725742939e-22 1.87817161959e-22 -0.403154638569 
0.0623309474651 -7.65037732188e-22 -5.10025154792e-22 -0.424741061857 
0.0623309474651 -7.65037732188e-22 -5.10025154792e-22 -0.424741061857 
0.0716703419475 2.87703642996e-21 1.91802428664e-21 -0.429342155577 
0.0716703419475 2.87703642996e-21 1.91802428664e-21 -0.429342155577 
0.0810034779351 6.77471786366e-22 4.51647857577e-22 -0.437815795146 
0.0744991643706 2.44585486648e-22 1.63056991099e-22 -0.442365623663 
0.0744991643706 2.44585486648e-22 1.63056991099e-22 -0.442365623663 
0.0744991643706 2.44585486648e-22 1.63056991099e-22 -0.442365623663 
0.0819625330256 -9.05661100715e-22 -6.03774067143e-22 -0.444251790908 
0.0819625330256 -9.05661100715e-22 -6.03774067143e-22 -0.444251790908 
0.0819625330256 -9.05661100715e-22 -6.03774067143e-22 -0.444251790908 
0.0757096215339 -1.74451106036e-21 -1.16300737357e-21 -0.447315316377 
0.0757096215339 -1.74451106036e-21 -1.16300737357e-21 -0.447315316377 
0.0757096215339 -1.74451106036e-21 -1.16300737357e-21 -0.447315316377 
0.0757096215339 -1.74451106036e-21 -1.16300737357e-21 -0.447315316377 
0.0757096215339 -1.74451106036e-21 -1.16300737357e-21 -0.447315316377 
0.0757096215339 -1.74451106036e-21 -1.16300737357e-21 -0.447315316377 
0.0757096215339 -1.74451106036e-21 -1.16300737357e-21 -0.447315316377 
0.0757096215339 -1.74451106036e-21 -1.16300737357e-21 -0.447315316377 
0.0757096215339 -1.74451106036e-21 -1.16300737357e-21 -0.447315316377 
0.0757096215339 -1.74451106036e-21 -1.16300737357e-21 -0.447315316377 
0.0757096215339 -1.74451106036e-21 -1.16300737357e-21 -0.447315316377 
0.0757096215339 -1.74451106036e-21 -1.16300737357e-21 -0.447315316377 
0.0827809661894 -1.2528053187e-21 -8.35203545799e-22 -0.447616375597 
0.0827809661894 -1.2528053187e-21 -8.35203545799e-22 -0.447616375597 
0.0768197758359 8.19255278984e-22 5.46170185989e-22 -0.447233660641 
0.0768197758359 8.19255278984e-22 5.46170185989e-22 -0.447233660641 
0.0785439637026 -7.62442105614e-22 -5.08294737076e-22 -0.428511469858 
0.0785439637026 -7.62442105614e-22 -5.08294737076e-22 -0.428511469858 
0.0792477942092 1.06123059354e-21 7.07487062361e-22 -0.398167547455 
0.0822503561667 -2.06830402264e-22 -1.37886934842e-22 -0.359565949009 
0.0864908683648 4.1108543629e-21 2.74056957526e-21 -0.317781019074 
0.0900273148094 0.0215018638992 0.0143345759328 -0.283284491043 
0.095657024238 0.0521747062671 0.0347831375114 -0.243835806359 
0.0977236046754 0.0772897286723 0.0515264857816 -0.209163466914 
0.0926644902159 0.101521816024 0.0676812106826 -0.172841634419 
0.0739348889376 0.0734823600637 0.0489882400425 -0.107285180882 
0.0618472759996 0.0471133237555 0.0314088825037 -0.0714731111555 
0.051371115848 0.0089700818116 0.00598005454107 -0.0453520641997 
0.0400304945756 0.0333902366629 0.0222601577753 -0.0369893050209 
0.0377982398581 9.17630201051e-19 6.11753467368e-19 -0.0271448708885 
0.0351464424066 3.28203751563e-21 2.18802501042e-21 -0.0217566796966 
0.0342123023109 1.62930394664e-05 1.08620263109e-05 -0.0207798069075 
0.0328939646982 0.000389593756928 0.000259729171285 -0.0200918015029 
0.0381987808546 -7.62731896769e-21 -5.0848793118e-21 -0.0168266624418 
0.0425356846277 -7.82267320124e-22 -5.21511546749e-22 -0.01243316951 
0.0413527447614 3.82350561009e-22 2.54900374006e-22 -0.0146163204416 
0.0388629573049 4.40767951156e-22 2.93845300771e-22 -0.0155643003382 
0.0350605787526 -1.20097959695e-23 -8.00653064634e-24 -0.0164652226928 
0.0326075040273 7.8721468262e-23 5.24809788414e-23 -0.0163349632875 
0.0341024329142 4.73233563558e-22 3.15489042372e-22 -0.0155475138194 
0.0377998894029 1.6112805936e-22 1.0741870624e-22 -0.0116905749715 
0.0352865479914 -2.67403318162e-22 -1.78268878774e-22 -0.0109391102387 
0.0411155918706 -6.26249685176e-23 -4.17499790117e-23 -0.00684400154882 
0.0439155351772 -5.98331771882e-23 -3.98887847921e-23 -0.00597201087902 
0.0396046731227 9.55526276429e-22 6.3701751762e-22 -0.00496500387457 
0.035678187638 5.44619269679e-22 3.63079513119e-22 -0.00431101292383 
0.0355993770562 -6.4466082308e-22 -4.29773882053e-22 -0.000610513587855 
0.0456065253864 -8.60976447363e-22 -5.73984298242e-22 0.00693835108713 
0.0421354775233 1.11652480517e-21 7.4434987011e-22 0.00694492684122 
0.0430314162857 2.88517790315e-22 1.92345193544e-22 0.00607147563173 
0.0475591122136 5.38301615619e-22 3.58867743746e-22 0.00563090855399 
0.0541486722599 9.71800295351e-22 6.47866863568e-22 0.00595094438625 
0.0612116576302 -1.26267140962e-21 -8.41780939744e-22 0.00987520014633 
0.0853757555122 -2.29406354448e-23 -1.52937569632e-23 0.0125456980643 
0.110015762091 2.7439214001e-22 1.8292809334e-22 0.00988391243385 
0.137727050138 -4.66562054566e-23 -3.11041369711e-23 -0.000389686371599 
0.189074668623 -1.12988882469e-23 -7.53259216458e-24 -0.00161946065398 
0.242314690889 2.24813350624e-22 1.49875567082e-22 -0.00195242226651 
0.301165541029 7.70387774109e-23 5.13591849406e-23 0.0288240929666 
0.385086958409 1.89831353018e-22 1.26554235345e-22 0.0278526679701 
0.474089978395 0.00931047110862 0.00620698073908 0.0576366753679 
0.607432497689 0.190322734678 0.126881823119 0.0110234841805 
0.724703477471 0.163060836199 0.108707224133 0.00934929657669 
0.811977859728 0.142693711972 0.0951291413144 0.0144275900471 
0.900553390365 0.119881346433 0.0799208976221 0.0149082874705 
0.985133012926 0.0968945590699 0.0645963727132 0.011184827954 
1.03715485807 -1.36023409488e-17 -9.06822729923e-18 0.0118328390702 
1.0970834444 -3.34637899627e-22 -2.23091933085e-22 0.0130657690422 
1.15862780082 -1.72624339722e-22 -1.15082893148e-22 0.009208443875 
1.20514406612 -2.93615875472e-22 -1.95743916982e-22 0.00925034293766 
1.23697573125 6.77480455749e-23 4.51653637166e-23 0.0100969089723 
1.26878867533 -1.61225879084e-22 -1.07483919389e-22 0.00621125243829 
1.29935349699 -4.51633593101e-23 -3.01089062067e-23 0.00229961281618 
1.31509516552 -9.18483684178e-23 -6.12322456118e-23 0.00122635227306 
1.32266519003 1.00439584185e-21 6.695972279e-22 0.00210860767792 
1.33576911269 1.65220667307e-22 1.10147111538e-22 -0.00128031321299 
1.34146269386 -6.8077773607e-23 -4.53851824047e-23 -0.00107176142652 
1.3436977656 5.54709826121e-22 3.69806550747e-22 -0.00156168260719 
1.34135612624 -9.89846714826e-22 -6.59897809884e-22 -0.00105316222907 
1.33695517743 3.27799021404e-22 2.18532680936e-22 5.79195193683e-05 
1.33887255583 4.54602902327e-22 3.03068601551e-22 -0.00144821904953 
1.32388872956 8.51885177215e-23 5.67923451477e-23 0.00232479007067 
1.32254046832 3.72298391016e-22 2.48198927344e-22 0.00116921472926 
1.31980305437 1.3109019882e-21 8.73934658802e-22 0.00242751191345 
1.3213675805 -3.82334998618e-22 -2.54889999079e-22 0.000882038674218 
1.3213675805 -3.82334998618e-22 -2.54889999079e-22 0.000882038674218 
1.31784684709 3.46824520828e-22 2.31216347219e-22 0.00329427793599 
1.30985787021 -8.04635683069e-22 -5.36423788713e-22 0.00449590016846 
1.30581511187 -4.96767850167e-22 -3.31178566778e-22 0.00361404042734 
1.30581511187 -4.96767850167e-22 -3.31178566778e-22 0.00361404042734 
1.30581511187 -4.96767850167e-22 -3.31178566778e-22 0.00361404042734 
1.30607202301 -3.41981659816e-22 -2.2798777321e-22 7.56080828576e-05 
1.30607202301 -3.41981659816e-22 -2.2798777321e-22 7.56080828576e-05 
1.3019473139 1.93418834947e-23 1.28945889965e-23 0.002600124293 
1.30067309914 -4.36731605127e-22 -2.91154403418e-22 0.000507789916211 
1.29420301758 6.67551646165e-22 4.45034430776e-22 -0.00096338220026 
1.2941264534 7.9930762327e-22 5.32871748846e-22 0.000888457716654 
1.28769498694 1.40689029068e-21 9.37926860452e-22 0.00192215195025 
1.27306872195 -1.86540437668e-22 -1.24360291779e-22 0.00300594864277 
1.25334810663 7.78366852574e-22 5.1891123505e-22 0.00621795451444 
1.228342637 5.12999228079e-22 3.41999485386e-22 0.00657434090383 
1.17238019164 1.23534218905e-19 8.23561459364e-20 0.00826268940544 
1.11345163479 -7.8212332624e-19 -5.21415550827e-19 0.00718027650764 
1.03991404701 -1.49200878872e-18 -9.94672525815e-19 0.00763877590651 
0.93336265211 0.0228728154394 0.0152485436263 0.00914519192089 
0.828186091107 0.0478977028123 0.0319318018749 0.00875069085425 
0.623348770576 5.09549374931e-16 3.39699583287e-16 0.00166178844446 
0.463683787662 -7.3700280342e-17 -4.9133520228e-17 -0.14816530531 
0.388875657472 9.09248444803e-19 6.06165629869e-19 -0.355414774646 
0.330766047985 0.0530868034385 0.0353912022923 -0.466558135237 
0.271033273182 0.133928649623 0.0892857664151 -0.523598775598 
0.227978632363 0.188870278289 0.125913518859 -0.523598775598 
0.201069024441 0.225057721534 0.150038481023 -0.523598775598 
0.179473825709 0.253615693673 0.169077129116 -0.523598775598 
0.159171757194 0.279346571397 0.186231047598 -0.523598775598 
0.146008365641 0.296878233029 0.197918822019 -0.523598775598 
0.135384037941 0.31181306084 0.207875373893 -0.523598775598 
0.135384037941 0.31181306084 0.207875373893 -0.523598775598 
0.132337934489 0.312534252715 0.208356168477 -0.523598775598 
0.126565063372 0.322750137921 0.215166758614 -0.523598775598 
0.126565063372 0.322750137921 0.215166758614 -0.523598775598 
0.130477653349 0.322267386235 0.214844924156 -0.523598775598 
0.128237461909 0.321771832514 0.21451455501 -0.523598775598 
0.128237461909 0.321771832514 0.21451455501 -0.523598775598 
0.128237461909 0.321771832514 0.21451455501 -0.523598775598 
0.123081223803 0.334291069883 0.222860713255 -0.523598775598 
0.123081223803 0.334291069883 0.222860713255 -0.523598775598 
0.123081223803 0.334291069883 0.222860713255 -0.523598775598 
0.123081223803 0.334291069883 0.222860713255 -0.523598775598 
0.125728591679 0.33450954537 0.22300636358 -0.523598775598 
0.138973665153 0.316021675708 0.210681117139 -0.523598775598 
0.138973665153 0.316021675708 0.210681117139 -0.523598775598 
0.142459730179 0.317317654511 0.211545103007 -0.523598775598 
0.15499147213 0.301984655526 0.201323103684 -0.523598775598 
0.165559601613 0.290954645384 0.193969763589 -0.523598775598 
0.178837854648 0.274237220947 0.182824813965 -0.523598775598 
0.21374946434 0.231009220092 0.154006146728 -0.523598775598 
0.238727586689 0.200742116662 0.133828077775 -0.523598775598 
0.280342590867 0.151456167803 0.100970778535 -0.523598775598 
0.338277529149 0.0797777134996 0.0531851423331 -0.489577570241 
0.384959813565 0.0226846144518 0.0151230763012 -0.368278192329 
0.448533091547 -3.17070347135e-19 -2.11380231423e-19 -0.226240034732 
0.567133154723 -5.99199202091e-22 -3.99466134727e-22 -0.0080474013084 
0.718611465761 0.00234738422626 0.00156492281751 0.0282760230933 
0.864029478801 1.0766957032e-05 7.17797135464e-06 0.0390440288443 
0.99444080625 4.88883071677e-22 3.25922047785e-22 0.0359463554377 
1.11005146385 3.63674634538e-22 2.42449756359e-22 0.0301925671257 
1.17933244734 1.31565574673e-21 8.77103831154e-22 0.0265263436736 
1.24677065872 1.65773400273e-22 1.10515600182e-22 0.0189115386565 
1.28697057701 1.11823036031e-21 7.45486906875e-22 0.0163739594637 
1.31071888388 -1.02069289698e-21 -6.80461931322e-22 0.0173479925225 
1.33430967413 6.3988586842e-22 4.26590578946e-22 0.0111818197905 
1.35342589838 1.91605358808e-22 1.27736905872e-22 0.0102024169773 
1.36248053218 4.09230119043e-22 2.72820079362e-22 0.0074997670527 
1.36772737771 4.34176961917e-22 2.89451307945e-22 0.00601856145707 
1.36719016928 2.02204385594e-22 1.3480292373e-22 0.00842367625775 
1.3726171387 -4.89597322179e-23 -3.26398214786e-23 0.00532062107899 
1.37391513433 1.8305484848e-22 1.22036565653e-22 0.00583646938285 
1.3694991675 2.44062991407e-22 1.62708660938e-22 0.00646939428415 
1.36333574823 5.61286443473e-22 3.74190962315e-22 0.0101485937389 
1.35810783104 2.44911256863e-22 1.63274171242e-22 0.00865872932726 
1.35213783874 5.88875590743e-22 3.92583727162e-22 0.012549464068 
1.35264858567 -8.00545858538e-23 -5.33697239025e-23 0.0111029163733 
1.35289073336 -9.05309320416e-22 -6.03539546944e-22 0.00916116598516 
1.34580378575 8.93493261928e-23 5.95662174619e-23 0.0118295599282 
1.33857825497 -1.09679426424e-22 -7.3119617616e-23 0.0127302445226 
1.33082236821 1.66454580483e-23 1.10969720322e-23 0.0151094696395 
1.31884543114 1.6512462931e-22 1.10083086206e-22 0.0181361120032 
1.30273894678 9.36005460882e-22 6.24003640588e-22 0.0202106237483 
1.27818208517 7.10857053086e-23 4.73904702057e-23 0.0225231678758 
1.24781268696 1.78164185616e-21 1.18776123744e-21 0.0246519960491 
1.20312282581 1.20559279681e-22 8.03728531205e-23 0.0367159888592 
1.1542494321 3.88539669642e-19 2.59026446428e-19 0.0424491086048 
1.08952133374 -1.27162839213e-18 -8.47752261423e-19 0.0566250600979 
0.998120337555 0.0100868290116 0.00672455267441 0.0845393995349 
0.909963246967 0.0323567117585 0.0215711411724 0.115190098574 
0.843503967452 0.265677609041 0.177118406027 0.127451719619 
0.801886801109 0.577776168033 0.385184112022 0.127403250015 
0.78743599931 0.768508824923 0.512339216615 0.125691771269 
0.726427663919 0.892771309981 0.595180873321 0.132459193735 
0.691497106619 1.01234247294 0.674894981957 0.126018015756 
0.605538935163 1.09067448447 0.727116322981 0.112314684834 
0.541244688663 1.15808211698 0.772054744655 0.0908319872734 
0.475833382178 1.21845358416 0.812302389441 0.0609209630854 
0.410960026982 1.26844785646 0.845631904307 0.0307087148319 
0.360196449531 1.3009959903 0.867330660199 0.00351778666925 
0.327440350361 1.32487697899 0.88325131933 -0.0132612085164 
0.475009636827 1.3381828614 0.892121907599 0.00422330191164 
0.568315820609 1.3479511494 0.898634099602 0.0205974476047 
0.61808129325 1.35290377031 0.901935846871 0.0299532981018 
0.649911107935 1.35551111808 0.903674078723 0.0363408610514 
0.667283042988 1.35686478799 0.904576525326 0.0388916028264 
0.685616304625 1.35857436535 0.905716243567 0.0424369386454 
0.703468238985 1.35846623815 0.905644158765 0.0441229575703 
0.705527834107 1.35763319734 0.905088798224 0.0408916399717 
0.724414811273 1.35683782036 0.904558546904 0.0449628745528 
0.726063848207 1.35753049459 0.905020329728 0.0431324270302 
0.727537893345 1.35827754472 0.905518363145 0.042142589394 
0.737592003034 1.35763999893 0.905093332622 0.0451909995666 
0.738589970253 1.35765063093 0.905100420622 0.0440060286914 
0.750878243446 1.35502154338 0.903347695583 0.0444085302054 
0.750928786663 1.3551777671 0.903451844737 0.0443718832243 
0.7624164823 1.3548366368 0.903224424532 0.0472690834517 
0.763459716043 1.35629300154 0.904195334363 0.0464247351194 
0.776470489834 1.35435602855 0.902904019031 0.0498410848597 
0.77804771696 1.35410956239 0.902739708261 0.0476517340069 
0.785403104396 1.35472340171 0.90314893447 0.0500931356192 
0.785417267925 1.35419524514 0.902796830093 0.050064691465 
0.784450919305 1.35310094184 0.902067294563 0.0513319090778 
0.759093251818 1.34908575353 0.899390502351 0.0421891783463 
0.710495502382 1.33844790199 0.89229860133 0.0278930151131 
0.574657246176 1.308401176 0.872267450666 -0.00184025620297 
0.437200318031 1.26277198223 0.841847988157 -0.0185957195693 
0.480992434001 1.21194891664 0.807965944427 0.00134667328164 
0.566241270172 1.13245741913 0.754971612752 0.0269935325426 
0.661708218225 1.02600136721 0.684000911473 0.0511580423248 
0.740046217559 0.904929577527 0.603286385018 0.0588857078784 
0.789329865592 0.75917737563 0.50611825042 0.0622649407861 
0.79115248538 0.47866871341 0.319112475607 0.0729261453931 
0.851549057272 0.152256475766 0.101504317177 0.0723875637592 
0.954948340214 0.121179311007 0.0807862073377 0.0547364687712 
1.01929235696 5.25991688071e-17 3.50661125381e-17 0.0368125817663 
1.08673505876 3.80407654675e-22 2.53605103117e-22 0.0198000091842 
1.12293689716 1.88760492984e-22 1.25840328656e-22 0.0118918824498 
1.15499643404 7.00215797418e-22 4.66810531612e-22 0.00811412428163 
1.18245147985 4.88131281536e-23 3.25420854357e-23 0.00407274688176 
1.20096654639 -2.30977219326e-22 -1.53984812884e-22 0.00246723992892 
1.21882783302 -1.15897681794e-21 -7.72651211961e-22 -0.000581624051957 
1.23051115646 -8.78198708722e-24 -5.85465805815e-24 -0.00127929595625 
1.23546326302 -7.95845538193e-22 -5.30563692129e-22 -0.0019759077315 
1.23949058206 -1.01348796174e-21 -6.75658641161e-22 -0.00304503336172 
1.23949058206 -1.01348796174e-21 -6.75658641161e-22 -0.00304503336172 
1.24339803013 -6.28848973763e-22 -4.19232649175e-22 -0.000566081110453 
1.25135989934 1.58366066079e-22 1.05577377386e-22 -0.000363580704094 
1.24438746144 6.92932313135e-22 4.61954875424e-22 0.00300960565903 
1.23642308029 -4.41728113359e-22 -2.94485408906e-22 0.00599094444551 
1.23808101272 -2.98702335681e-22 -1.99134890454e-22 0.00709731692704 
1.23981058115 -1.94217292845e-22 -1.2947819523e-22 0.00604903943137 
1.23011371858 1.16959667318e-21 7.79731115451e-22 0.00853656118389 
1.21716149805 -2.54394981159e-22 -1.69596654106e-22 0.013177048606 
1.20397038537 9.65943025893e-22 6.43962017262e-22 0.0154304455228 
1.19374075621 -4.15430603343e-22 -2.76953735562e-22 0.0164273902695 
1.17356269426 -5.81609851126e-22 -3.87739900751e-22 0.0184102835214 
1.15319232515 2.97511166548e-22 1.98340777699e-22 0.0181789576709 
1.12537599506 -1.16367264611e-19 -7.75781764072e-20 0.02100263058 
1.08883472069 -4.0706757277e-18 -2.71378381847e-18 0.0285794048171 
1.04515923251 0.00648253611665 0.00432169074444 0.035244355603 
1.00024862374 0.0155093683574 0.0103395789049 0.0409875495219 
0.931363817051 0.0319331882776 0.0212887921851 0.0522801767626 
0.869340118793 0.0479799281494 0.0319866187663 0.0598773520233 
0.804444198402 0.0651773877419 0.043451591828 0.0679716079859 
0.715199834517 0.0865603045446 0.0577068696964 0.0778072706625 
0.597381169497 -1.16717331081e-17 -7.7811554054e-18 0.174205051527 
0.513252960636 2.46562945499e-17 1.64375296999e-17 0.338829399308 
0.45587545438 0.00143389047339 0.000955926982258 0.523598775598 
0.36783530077 0.0792745798385 0.0528497198923 0.523598775598 
0.291189283566 0.15247012964 0.101646753093 0.523598775598 
0.231827182739 0.204487055421 0.136324703614 0.523598775598 
0.181308800501 0.255677002436 0.170451334957 0.523598775598 
0.141885536709 0.294077885001 0.196051923334 0.523598775598 
0.113864699484 0.318012353999 0.212008235999 0.523598775598 
0.10514539284 0.315322429085 0.210214952723 0.523598775598 
0.0879174520482 0.335935021864 0.223956681243 0.523598775598 
0.0836358721386 0.335724333347 0.223816222232 0.523598775598 
0.0682164329209 0.358767828799 0.239178552533 0.523598775598 
0.0661202294608 0.35810355909 0.23873570606 0.523598775598 
0.048448255716 0.382076970391 0.254717980261 0.523598775598 
0.0581486493822 0.364925109603 0.243283406402 0.523598775598 
0.0581486493822 0.364925109603 0.243283406402 0.523598775598 
0.0640528426504 0.351350889959 0.234233926639 0.523598775598 
0.0640528426504 0.351350889959 0.234233926639 0.523598775598 
0.061514643743 0.351107158822 0.234071439215 0.523598775598 
0.0637666188142 0.35139289572 0.23426193048 0.523598775598 
0.065846222843 0.352455206616 0.234970137744 0.523598775598 
0.0696524194134 0.352328918157 0.234885945438 0.523598775598 
0.0780248198237 0.337890894938 0.225260596625 0.523598775598 
0.0780248198237 0.337890894938 0.225260596625 0.523598775598 
0.0819646551028 0.337767042877 0.225178028585 0.523598775598 
0.0819646551028 0.337767042877 0.225178028585 0.523598775598 
0.0819646551028 0.337767042877 0.225178028585 0.523598775598 
0.0819646551028 0.337767042877 0.225178028585 0.523598775598 
0.0819646551028 0.337767042877 0.225178028585 0.523598775598 
0.0819646551028 0.337767042877 0.225178028585 0.523598775598 
0.0909370429816 0.320968161972 0.213978774648 0.523598775598 
0.0909370429816 0.320968161972 0.213978774648 0.523598775598 
0.101950411674 0.305169286663 0.203446191109 0.523598775598 
0.10370684791 0.306675378624 0.204450252416 0.523598775598 
0.118552970758 0.28890402056 0.192602680373 0.523598775598 
0.137165393407 0.269739186423 0.179826124282 0.523598775598 
0.140203359053 0.272228758577 0.181485839052 0.523598775598 
0.139484119021 0.282651512075 0.188434341383 0.523598775598 
