0.0 0.0 0.0 0.0 
5.36787683851e-21 4.25170526552e-22 2.83447017701e-22 -0.0141596118092 
9.19068068203e-22 -5.28361712819e-22 -3.52241141879e-22 -0.00399545525865 
1.57041887195e-21 2.64645981501e-22 1.76430654334e-22 0.000927546013051 
-2.07619275643e-21 1.12563760133e-21 7.50425067552e-22 0.00456052805427 
0.00780874396538 -5.11171849933e-22 -3.40781233289e-22 0.0084288882855 
0.0022765627747 2.47758469245e-22 1.6517231283e-22 0.00649170256018 
1.12899246538e-18 0.0287583198977 0.0191722132652 0.00708072021121 
1.38559993338e-21 0.0727597236529 0.0485064824352 0.00837948355161 
1.52766992105e-20 0.0397293880556 0.0264862587037 0.00771812662413 
0.000742947717602 0.0150094232972 0.0100062821981 0.00815271236977 
0.00864281751949 3.65540057529e-18 2.43693371686e-18 0.00981330505529 
0.0101089601575 -1.61649104543e-21 -1.07766069695e-21 0.00970677976743 
0.0106769331605 4.86588786284e-22 3.24392524189e-22 0.00949863216775 
0.00975837052617 -2.24837430804e-21 -1.49891620536e-21 0.0103350002026 
0.00905264032168 1.42268468669e-21 9.48456457792e-22 0.0103146756275 
0.00533637294666 1.5861585938e-21 1.05743906253e-21 0.0103290130031 
1.40609570441e-17 0.000395273233709 0.000263515489139 0.00893362178843 
1.88715613344e-21 0.0518595064208 0.0345730042805 0.00954219649475 
3.62492183715e-21 0.036297461421 0.024198307614 0.0100703028118 
0.00182956972378 5.10879527244e-18 3.40586351496e-18 0.0107171314595 
-2.16840434497e-19 -1.48064053963e-21 -9.8709369309e-22 0.0107786516396 
-2.16840434497e-19 -1.48064053963e-21 -9.8709369309e-22 0.0107786516396 
2.3274841459e-21 1.51415734424e-21 1.00943822949e-21 0.010136647417 
9.31717218749e-21 0.031899733659 0.021266489106 0.00952186340149 
4.31989192074e-19 0.00366447196625 0.00244298131084 0.00952232406114 
0.000671822015583 1.62317306059e-18 1.08211537373e-18 0.00842790745215 
6.20992053636e-19 0.0180215797979 0.012014386532 0.00946107053405 
3.53924758827e-21 0.0215432604796 0.0143621736531 0.00982893094029 
1.02555914529e-20 0.0419096168015 0.0279397445343 0.0103365088546 
1.01880306645e-20 0.0833346565822 0.0555564377215 0.00953845807784 
9.2850710016e-21 0.065301216541 0.0435341443607 0.00950270961114 
-9.28036185703e-22 0.0149393637967 0.00995957586448 0.00716599356526 
0.000227856667266 -3.14455927536e-20 -2.09637285024e-20 0.00554062999766 
0.00164916441998 -5.71641813317e-22 -3.81094542212e-22 0.00411672323674 
0.00581641657255 2.11693579229e-21 1.41129052819e-21 0.0041318022762 
0.00657128651872 -1.87349829791e-21 -1.24899886527e-21 0.00410535356242 
0.00657128651872 -1.87349829791e-21 -1.24899886527e-21 0.00410535356242 
0.00323430247757 4.70170498288e-22 3.13446998859e-22 0.00401454291104 
-6.74165926377e-19 1.60111961715e-21 1.0674130781e-21 0.00210989316602 
-1.67308649512e-21 1.59987990924e-21 1.06658660616e-21 0.000319211018055 
4.01594267099e-05 -5.87707199141e-22 -3.91804799427e-22 -0.0014625798345 
0.010834223873 6.10114701745e-22 4.06743134497e-22 -0.00216430335422 
0.0173873772155 -1.44434102761e-21 -9.62894018405e-22 -0.00539411487994 
0.0253233639482 2.21600831456e-21 1.47733887638e-21 -0.00616482937893 
0.0333770971978 9.34552986474e-22 6.23035324316e-22 -0.00740650847895 
0.0334458128701 3.31085832533e-22 2.20723888356e-22 -0.014734632752 
0.0504294790319 9.92322980121e-22 6.61548653414e-22 -0.0153084085291 
0.0657582370197 2.67101394797e-22 1.78067596531e-22 -0.0166724223762 
0.109601588122 1.77779683966e-21 1.18519789311e-21 -0.0263366840055 
0.155975526435 -1.23626153728e-21 -8.24174358186e-22 -0.0353579233235 
0.214586276489 -9.32884504511e-22 -6.21923003007e-22 -0.0504608151733 
0.300320459371 2.04454905108e-22 1.36303270072e-22 -0.100994003136 
0.392186682999 0.0870024390894 0.0580016260596 0.169773771943 
0.486367555761 0.0951218023285 0.0634145348857 0.0607377246676 
0.613606111374 0.210312216244 0.140208144162 0.0261181660505 
0.705721165209 0.191464971946 0.127643314631 0.0255172260643 
0.809663284384 0.166728291743 0.111152194496 0.0170688614195 
0.89773735276 0.145545844059 0.0970305627057 0.0153984448348 
0.96712463987 0.128069929844 0.0853799532296 0.0177499667916 
1.01136841384 -1.20358703838e-17 -8.02391358917e-18 0.0195769927994 
1.06590146266 -1.09510670137e-22 -7.30071134246e-23 0.0227523333147 
1.13309550938 -6.20073980976e-22 -4.13382653984e-22 0.02157918976 
1.19066833237 -7.54707039922e-23 -5.03138026614e-23 0.0206965210357 
1.24469125466 5.18849765851e-22 3.45899843901e-22 0.0220424014671 
1.307632996 7.92371817437e-23 5.28247878291e-23 0.0203715353844 
1.35227866268 3.70646850751e-22 2.47097900501e-22 0.0218423152679 
1.39270322257 -7.90521084366e-22 -5.27014056244e-22 0.022589163403 
1.42220543931 -2.82194533215e-22 -1.8812968881e-22 0.0232291704198 
1.43808106048 8.41120255326e-22 5.60746836884e-22 0.0254109796758 
1.45914241917 1.4825274685e-22 9.88351645664e-23 0.0243629996242 
1.46386980991 -9.3906129e-23 -6.2604086e-23 0.0255167577409 
1.47352086317 1.4049545835e-21 9.36636389001e-22 0.0230377457467 
1.48036580278 6.08354098152e-22 4.05569398768e-22 0.02112557309 
1.50053430399 0.0492141001792 0.0328094001195 0.0174160743571 
1.51581672409 0.101286716595 0.0675244777303 0.0150336952799 
1.49853416027 0.0321090115027 0.0214060076685 0.0160098194061 
1.48789405967 -3.58754720186e-17 -2.39169813458e-17 0.0177354109612 
1.49351092645 6.57233696644e-22 4.38155797763e-22 0.0151218373601 
1.49545265183 0.00691838654426 0.00461225769617 0.0133335033983 
1.49893878429 0.0185457083737 0.0123638055824 0.0124895795336 
1.49370646324 0.00333374824902 0.00222249883268 0.0126356997485 
1.48404553238 -2.24993399141e-19 -1.49995599427e-19 0.0134221340325 
1.47948004012 3.93465305809e-22 2.62310203872e-22 0.0135903869565 
1.47808293925 7.44408757533e-22 4.96272505022e-22 0.0132315819763 
1.47285548179 5.09254862006e-22 3.39503241337e-22 0.0134248521091 
1.47767488803 -2.92966920815e-22 -1.95311280544e-22 0.0116834117846 
1.47188055333 -6.37073872579e-22 -4.24715915052e-22 0.0127122934622 
1.48832025641 1.19479233752e-22 7.96528225016e-23 0.00792364835049 
1.47432608713 5.45792168443e-22 3.63861445629e-22 0.0108631850069 
1.46815062129 -7.55772897125e-22 -5.03848598083e-22 0.0124683979601 
1.46922570108 6.8237039911e-22 4.54913599406e-22 0.0113275243132 
1.47196664017 1.95040933924e-21 1.30027289283e-21 0.00972686882586 
1.46549279473 9.22816970536e-22 6.1521131369e-22 0.00979751139476 
1.46764134736 -2.25300250752e-22 -1.50200167168e-22 0.00804514544181 
1.46010110765 -6.61196981888e-23 -4.40797987925e-23 0.00786651791166 
1.4458342593 -8.03321132534e-20 -5.35547421689e-20 0.00800866600011 
1.42663461965 -3.39233257193e-18 -2.26155504795e-18 0.00681163353126 
1.39332048418 8.43957035605e-18 5.62638023737e-18 0.00676369069044 
1.34962537378 1.54828524004e-18 1.03219016002e-18 0.0078504714873 
1.2969002484 5.16541059561e-20 3.44360706374e-20 0.00826937891587 
1.24628036595 -2.6893412062e-19 -1.79289413746e-19 0.00772866232295 
1.19137713587 -6.38522802578e-18 -4.25681868385e-18 0.00858586434848 
1.1173776513 -1.33959352264e-17 -8.93062348429e-18 0.00994385386249 
1.05382436276 0.0134196234449 0.00894641562996 0.0082141161298 
0.971549699409 0.0312032879072 0.0208021919381 0.00947908444071 
0.856948024326 0.0562388472603 0.0374925648402 0.012227557524 
0.758968792288 0.0765893943369 0.0510595962246 0.00996643914362 
0.580205268579 -2.40963426613e-16 -1.60642284409e-16 0.0589049310185 
0.438484713578 -6.88490102497e-17 -4.58993401664e-17 0.0685513030172 
0.369503531922 1.13727182108e-17 7.58181214053e-18 -0.370528983361 
0.322132312971 0.0376998431059 0.0251332287373 -0.453784686931 
0.289971250046 0.0809860754873 0.0539907169915 -0.523598775598 
0.257279580088 0.117595713152 0.0783971421011 -0.523598775598 
0.22763462924 0.154309923938 0.102873282625 -0.523598775598 
0.211093004181 0.172071142763 0.114714095175 -0.523598775598 
0.215653886704 0.160315053226 0.106876702151 -0.523598775598 
0.215653886704 0.160315053226 0.106876702151 -0.523598775598 
0.215653886704 0.160315053226 0.106876702151 -0.523598775598 
0.215653886704 0.160315053226 0.106876702151 -0.523598775598 
0.215653886704 0.160315053226 0.106876702151 -0.523598775598 
0.213958281206 0.160118509423 0.106745672949 -0.523598775598 
0.215854263095 0.160335444166 0.106890296111 -0.523598775598 
0.219188201965 0.15436741025 0.102911606833 -0.523598775598 
0.240049558608 0.124729419198 0.0831529461323 -0.523598775598 
0.242024828898 0.124724640938 0.0831497606251 -0.523598775598 
0.254240675841 0.105540849516 0.0703605663443 -0.523598775598 
0.269024475576 0.087174167234 0.0581161114893 -0.523598775598 
0.276845174709 0.0773467058827 0.0515644705884 -0.523598775598 
0.29694153574 0.0515255229168 0.0343503486112 -0.523598775598 
0.315165899577 0.0317557043249 0.0211704695499 -0.513838588756 
0.337704064864 0.00157325170291 0.00104883446861 -0.453645640394 
0.349417643923 -1.14342445827e-18 -7.62282972182e-19 -0.348908226035 
0.405036478571 3.82207033805e-21 2.54804689203e-21 -0.219307685304 
0.499695193701 1.20696144807e-21 8.04640965381e-22 0.209131789108 
0.648713373329 0.0899509233931 0.0599672822621 0.0524612936519 
0.785413007967 0.065152989639 0.043435326426 0.0405773266177 
0.907320275158 0.0401997707881 0.0267998471921 0.0338179672013 
1.01072863123 0.0162815631432 0.0108543754288 0.0270843061662 
1.10847312894 -3.89389607673e-20 -2.59593071782e-20 0.0223981885623 
1.18708027342 3.6623076861e-22 2.4415384574e-22 0.0205068520806 
1.25961590938 3.64811389194e-22 2.43207592796e-22 0.0201995235418 
1.33192422878 2.42419138977e-22 1.61612759318e-22 0.0198087916053 
1.38843446707 -9.88907678282e-22 -6.59271785521e-22 0.0206221429096 
1.43929267214 1.30470732639e-22 8.69804884259e-23 0.0188429503837 
1.47037832738 1.2167044107e-21 8.11136273798e-22 0.0182154003289 
1.49077496894 -4.04365316859e-22 -2.69576877906e-22 0.0176481684525 
1.49910310975 -9.82202639953e-22 -6.54801759968e-22 0.0189089951716 
1.50903187091 1.81802423605e-21 1.21201615736e-21 0.0178288412699 
1.52471136035 1.49227580636e-21 9.94850537571e-22 0.0142045613427 
1.53630753947 -2.8688644664e-22 -1.91257631094e-22 0.0115076287581 
1.53704264319 7.61294060831e-22 5.07529373887e-22 0.0110239822254 
1.53704264319 7.61294060831e-22 5.07529373887e-22 0.0110239822254 
1.53653997382 2.49625056232e-22 1.66416704155e-22 0.0114853672075 
1.52961622903 7.90860256498e-22 5.27240170998e-22 0.0121516756969 
1.53437239475 6.45689713589e-22 4.3045980906e-22 0.0104849531444 
1.5426448655 1.02282973438e-22 6.81886489586e-23 0.00798102257415 
1.53544517561 1.28998114976e-21 8.59987433176e-22 0.00813580191193 
1.54108814209 -4.20526640296e-22 -2.80351093531e-22 0.00639407073235 
1.53088366187 4.17173640823e-22 2.78115760549e-22 0.00810318407394 
1.52148860364 4.79677631426e-22 3.19785087617e-22 0.0100668908966 
1.52492548722 9.22079937005e-22 6.14719958003e-22 0.00959881706607 
1.51718844357 4.43936390956e-22 2.95957593971e-22 0.011077510983 
1.51601868977 3.50784687566e-22 2.33856458377e-22 0.0116253172603 
1.51718142791 4.41077946309e-23 2.94051964206e-23 0.0103271469715 
1.52366086963 3.73511929066e-22 2.49007952711e-22 0.00954735450828 
1.53032387863 1.38011265329e-21 9.20075102192e-22 0.00636111470264 
1.53275524245 -8.07496073975e-22 -5.38330715983e-22 0.00572882084384 
1.52582586464 3.52440086811e-22 2.34960057874e-22 0.00634016533507 
1.51784482476 4.51652722913e-22 3.01101815276e-22 0.00784659265945 
1.51784482476 4.51652722913e-22 3.01101815276e-22 0.00784659265945 
1.51461490235 7.93878661905e-22 5.2925244127e-22 0.00881047724669 
1.51142662851 1.39398062871e-22 9.29320419142e-23 0.00992966298221 
1.51142662851 1.39398062871e-22 9.29320419142e-23 0.00992966298221 
1.51514149751 -9.01893476419e-22 -6.01262317612e-22 0.0081129219889 
1.51819720032 2.02896533075e-22 1.35264355383e-22 0.0067508147194 
1.51891432099 8.03604094337e-22 5.35736062891e-22 0.00572688326197 
1.51606541084 -3.41353680888e-23 -2.27569120592e-23 0.00764783564596 
1.50932212428 1.24547346949e-21 8.30315646325e-22 0.00887563374479 
1.5169049133 3.57688683371e-22 2.38459122247e-22 0.00718638745715 
1.52137650965 8.31740218754e-22 5.5449347917e-22 0.00570517596865 
1.5046579998 1.0557375603e-21 7.03825040201e-22 0.00973534563669 
1.49790064659 1.03597605767e-21 6.90650705113e-22 0.0112649430372 
1.50399959234 -2.3277723304e-22 -1.55184822027e-22 0.0104587231867 
1.51433060517 5.09952686173e-22 3.39968457449e-22 0.00920285409569 
1.50254382553 -7.6080020045e-22 -5.07200133633e-22 0.0112049690933 
1.48811885417 -5.79052861869e-22 -3.86035241246e-22 0.0135227147118 
1.48399980319 -3.57862224803e-22 -2.38574816535e-22 0.0123457161339 
1.47313281278 3.87243655465e-23 2.58162436977e-23 0.0126411214023 
1.44109791688 4.18448801864e-22 2.78965867909e-22 0.0132946795911 
1.40179831253 1.12439430962e-21 7.49596206411e-22 0.0137790371317 
1.36640128777 3.53099334412e-22 2.35399556275e-22 0.0156347326163 
1.34180948283 4.62814779789e-22 3.08543186526e-22 0.0124316417661 
1.29589679782 -3.6474227694e-22 -2.4316151796e-22 0.0172603950433 
1.2424197235 2.7042906653e-22 1.80286044353e-22 0.0259016403366 
1.22331829324 7.89437278878e-22 5.26291519252e-22 0.024142362563 
1.1769537381 -4.30100954639e-19 -2.86733969759e-19 0.029523607307 
1.12899564472 4.6248592877e-19 3.08323952514e-19 0.0328700141262 
1.07619451536 -1.92587318058e-18 -1.28391545372e-18 0.0358539494448 
1.00647908931 0.0137287547661 0.00915250317742 0.0376664183014 
0.919196330898 0.0327762519497 0.0218508346331 0.0428632354349 
0.818045215804 0.0539228794739 0.0359485863159 0.0461851281081 
0.653106929604 -9.22821844012e-16 -6.15214562674e-16 0.0876271548353 
0.532362786159 2.82170326008e-17 1.88113550672e-17 0.238513457109 
0.461771412613 -1.92105349674e-21 -1.28070233116e-21 0.4575663392 
0.417668859302 -5.20417042793e-17 -3.46944695195e-17 0.523598775598 
0.374137735087 0.0283352302996 0.018890153533 0.523598775598 
0.329019064152 0.0770263478966 0.0513508985977 0.523598775598 
0.292665644903 0.115930978066 0.0772873187103 0.523598775598 
0.28487562418 0.112341940128 0.0748946267523 0.523598775598 
0.259220529834 0.145138006388 0.0967586709253 0.523598775598 
0.242229691333 0.165999698148 0.110666465432 0.523598775598 
0.242229691333 0.165999698148 0.110666465432 0.523598775598 
0.250471503158 0.14641302932 0.0976086862132 0.523598775598 
0.250471503158 0.14641302932 0.0976086862132 0.523598775598 
0.250471503158 0.14641302932 0.0976086862132 0.523598775598 
0.23178149027 0.176124696292 0.117416464195 0.523598775598 
0.23178149027 0.176124696292 0.117416464195 0.523598775598 
0.24703924166 0.154378856813 0.102919237875 0.523598775598 
0.25024321685 0.155649998771 0.103766665848 0.523598775598 
0.267177289012 0.133454411277 0.0889696075179 0.523598775598 
0.299417256365 0.0889171320485 0.0592780880324 0.523598775598 
0.306162060374 0.090050115861 0.060033410574 0.523598775598 
0.317675914715 0.0784200240096 0.0522800160064 0.523598775598 
0.354517820821 0.0327551452156 0.0218367634771 0.523598775598 
0.387339955463 -1.31743190093e-19 -8.78287933951e-20 0.523598775598 
0.411771501821 8.47032947254e-22 5.64688631503e-22 0.523598775598 
0.44649367092 -8.47032947254e-22 -5.64688631503e-22 0.523598775598 
0.477469972389 3.33586919003e-21 2.22391279335e-21 0.474867427499 
0.524617981477 3.02249754551e-23 2.01499836367e-23 0.338095431269 
0.618552224617 -9.95992436484e-22 -6.63994957656e-22 0.0920058912594 
0.709742196341 -3.69911879435e-22 -2.46607919623e-22 0.0640532178596 
0.801771856503 1.99957932633e-23 1.33305288422e-23 0.0538390424796 
0.894477121973 -2.14141218056e-23 -1.42760812037e-23 0.0473028639027 
0.973094200016 4.12017462826e-05 2.74678308551e-05 0.0441010992178 
1.11426729701 0.298348866699 0.198899244466 0.0312095127442 
1.13578303079 0.194216715737 0.129477810491 0.0324156807505 
1.13246006647 0.0290453016383 0.0193635344255 0.0384113830009 
1.17350281689 0.0586397172952 0.0390931448635 0.0336550656714 
1.21913989179 0.136920174336 0.0912801162243 0.0278404403388 
1.21701143041 0.085131991267 0.0567546608447 0.030496215478 
1.19849183102 5.55145552421e-17 3.70097034947e-17 0.0352393445221 
1.2000733427 -5.83393836634e-22 -3.88929224422e-22 0.0355819467991 
1.20280593037 -3.54644563815e-22 -2.3642970921e-22 0.0362916932354 
1.20640844982 1.35139412345e-22 9.0092941563e-23 0.0363044825477 
1.2063122896 -2.8176945706e-23 -1.87846304706e-23 0.0357830855917 
1.20363837015 -4.47660271877e-22 -2.98440181251e-22 0.0362061596302 
1.20963484838 -2.75551603941e-22 -1.83701069294e-22 0.033287899981 
1.2047514702 1.07943510791e-18 7.1962340527e-19 0.0343545882432 
1.20004906409 1.18329329297e-18 7.88862195312e-19 0.0350324163843 
1.21576513716 0.0630104036487 0.0420069357658 0.0319032184357 
1.2273802636 0.116843139684 0.0778954264561 0.0300115058181 
1.24793208759 0.18653658862 0.124357725746 0.0274012421278 
1.24530917684 0.190705512178 0.127137008118 0.0276387996229 
1.24263131328 0.185182384671 0.123454923114 0.0274618876225 
1.22745947312 0.153365035244 0.102243356829 0.0293977771671 
1.22200598655 0.152210269213 0.101473512809 0.030170803673 
1.22350565559 0.17099995083 0.11399996722 0.0298155404734 
1.20779600232 0.134273324646 0.089515549764 0.0322662894064 
1.19364842681 0.102613205284 0.0684088035228 0.0347799701291 
1.19562783111 0.115312110925 0.0768747406166 0.0352157900805 
1.18684139982 0.0996131831285 0.0664087887523 0.0371209598829 
1.18789627036 0.109392453784 0.0729283025227 0.0370062302941 
1.19077257741 0.138504972781 0.0923366485207 0.0356724336376 
1.15377885128 0.0726089221513 0.0484059481009 0.0415905158423 
1.15893675841 0.235379188074 0.156919458716 0.0347063747479 
1.12806502823 0.334027774772 0.222685183182 0.0330655150601 
1.09896013408 0.457145151246 0.304763434164 0.0319199466797 
1.11714899708 0.655416467609 0.436944311739 0.0317212985696 
1.2226283948 0.816078907289 0.544052604859 0.0357631707419 
1.26043502863 0.906388510454 0.60425900697 0.044166334597 
1.30767257816 0.96640127291 0.644267515273 0.0531144279229 
1.34063052942 1.0001206586 0.666747105731 0.0602574010095 
1.36569103185 1.0204975048 0.680331669866 0.0654985062463 
1.38614374445 1.0337978152 0.689198543469 0.0689237063016 
1.38786041637 1.04513366239 0.696755774929 0.0730814049642 
1.39420567643 1.05175478744 0.701169858296 0.0751837334514 
1.40284315269 1.05524135966 0.703494239776 0.0765442174628 
1.40834757661 1.05740923345 0.704939488967 0.0774804369654 
1.40499217002 1.06061877386 0.707079182571 0.0777554300263 
1.40755149954 1.06104525483 0.707363503223 0.0778527329621 
1.40778058187 1.06137007139 0.707580047594 0.0774813711371 
1.39400307661 1.06388021795 0.709253478632 0.0771144181358 
1.39942767649 1.06191987303 0.707946582019 0.0760533462969 
1.39179778624 1.06224969764 0.708166465093 0.0750337379951 
1.38994076453 1.06079751445 0.707198342968 0.0737717569383 
1.3827562562 1.0613311503 0.707554100203 0.0740955844557 
1.37606355087 1.06135551667 0.707570344448 0.0739486356194 
1.39354526984 1.05539815975 0.703598773164 0.0725060305756 
1.39047967927 1.05349708116 0.702331387441 0.0722472186306 
1.38601807758 1.05227677763 0.701517851752 0.0720330780283 
1.38414203627 1.04990482067 0.699936547117 0.0716381487624 
1.38041669925 1.04729454781 0.698196365208 0.0711661985557 
1.37322673232 1.04471008041 0.696473386942 0.0718935865112 
1.37197762302 1.04291128398 0.695274189317 0.0712830827316 
1.37339359538 1.04155398115 0.694369320766 0.0714912242284 
1.37821425555 1.04003237431 0.693354916206 0.0710602243456 
1.37532756434 1.03908587849 0.692723918992 0.0709975533325 
1.38142700838 1.0357419762 0.690494650799 0.0703258179691 
1.38016842609 1.03283855885 0.688559039236 0.0696307099679 
1.38283436434 1.02570495438 0.683803302923 0.0677418927198 
1.38027952648 1.01824717096 0.678831447304 0.0655237543298 
1.3746762887 1.00181975079 0.667879833862 0.0601738137211 
1.35998675125 0.984657955038 0.656438636692 0.0556794312597 
1.34323821159 0.966608039534 0.644405359689 0.051089377617 
1.33474235939 0.946216403723 0.630810935815 0.0471334374988 
1.31409710239 0.92960536697 0.619736911313 0.0444136426601 
1.31040398799 0.915379563616 0.610253042411 0.0421554031047 
1.30753915728 0.903970257867 0.602646838578 0.0399933411173 
1.30054346746 0.894750859768 0.596500573178 0.0389648651301 
1.31642111167 0.886455400495 0.590970266997 0.0369379410949 
1.31082854678 0.878769963182 0.585846642122 0.0365873836464 
1.30015313376 0.870886477981 0.580590985321 0.0363649242604 
1.2776710152 0.862599496464 0.575066330976 0.0367986938653 
1.28894035147 0.856699970508 0.571133313672 0.0358212887596 
1.26523801296 0.848599930955 0.565733287304 0.0358952492155 
1.24287681178 0.840061738886 0.560041159257 0.0361180573789 
1.23341585141 0.832392441159 0.554928294106 0.0351019253734 
1.25598892006 0.829380991262 0.552920660842 0.034432351497 
1.25964982742 0.825614113631 0.550409409087 0.0344285579628 
1.26941639494 0.823582215664 0.549054810443 0.0337745375333 
1.24852988588 0.816375546931 0.544250364621 0.0334714676575 
1.24044076254 0.811248923692 0.540832615795 0.0337836623458 
1.24793845668 0.804889452535 0.536592968356 0.0329980777103 
1.25595099245 0.797551332814 0.531700888543 0.0327071672374 
1.22595527405 0.781215065403 0.520810043602 0.0325413810128 
1.21339605407 0.767677284252 0.511784856168 0.0308520049618 
1.19001068159 0.747803018793 0.498535345862 0.0305194367328 
1.17159001116 0.726692312597 0.484461541731 0.030249745533 
1.15559074108 0.700564323251 0.467042882167 0.029167860584 
1.17292531454 0.687634458269 0.458422972179 0.0272403760295 
1.18305932531 0.673374966689 0.44891664446 0.0256027493432 
1.152028014 0.634449850969 0.422966567313 0.0256454317434 
1.18002011092 0.631141954736 0.420761303157 0.0242974685722 
1.14864279815 0.591687241532 0.394458161022 0.0249683409849 
1.15816827566 0.579171968021 0.386114645347 0.0244406437607 
1.14003748898 0.546387218669 0.364258145779 0.0248929191121 
1.1290472106 0.518304634492 0.345536422995 0.0250969700057 
1.12247698096 0.496701309349 0.331134206232 0.0244453659133 
1.13009387112 0.486868045953 0.324578697302 0.0239515906512 
1.1247024307 0.464822434139 0.309881622759 0.0232826967255 
1.12395629652 0.438938131538 0.292625421025 0.0231665313259 
1.09697289279 0.356579980698 0.237719987132 0.0245933443192 
1.08518963445 0.262741383619 0.175160922413 0.0260066503901 
1.06662357997 0.0826201399288 0.0550800932859 0.0304928677865 
1.06762521578 2.00458212441e-17 1.33638808294e-17 0.0365120914868 
1.08764931936 7.18637239813e-23 4.79091493209e-23 0.0387185073351 
1.10085124241 3.53126170429e-23 2.35417446953e-23 0.0438646346366 
1.13067001035 1.58717819068e-22 1.05811879379e-22 0.0374304300701 
1.13496026206 1.93847148284e-22 1.29231432189e-22 0.0446774993961 
1.15356032337 8.90026908286e-23 5.93351272191e-23 0.0421120764691 
1.17958341406 1.83409075349e-22 1.22272716899e-22 0.0369089470162 
1.18745004714 -4.87326672357e-22 -3.24884448238e-22 0.0336419322376 
1.20717605815 -9.19840451701e-23 -6.13226967801e-23 0.029755417349 
1.22638805856 -5.30088490817e-22 -3.53392327212e-22 0.027925883782 
1.24698872073 2.47229438872e-22 1.64819625915e-22 0.0249454627901 
1.25778516733 1.47457175867e-22 9.83047839114e-23 0.0249660592372 
1.2662743027 3.74090363036e-22 2.49393575357e-22 0.022437841665 
1.28132607476 -1.07966400886e-22 -7.19776005906e-23 0.0203403597305 
1.29534908565 1.93823538297e-22 1.29215692198e-22 0.0174933335044 
1.29864224947 1.09869386484e-21 7.32462576559e-22 0.020088175157 
1.29193929295 2.25578885576e-22 1.50385923717e-22 0.0272716096407 
1.29193929295 2.25578885576e-22 1.50385923717e-22 0.0272716096407 
1.29203488633 8.49194074828e-23 5.66129383219e-23 0.0305370549846 
1.3023517857 1.22562864239e-22 8.17085761594e-23 0.0289504643518 
1.2963361124 2.77723718401e-22 1.85149145601e-22 0.0316732966752 
1.29222981824 -1.61100436601e-22 -1.07400291067e-22 0.0327310043492 
1.28455234945 3.57008557053e-22 2.38005704702e-22 0.0354127640683 
1.28182774516 9.22108399866e-22 6.14738933244e-22 0.0337190455767 
1.26316502775 6.34675549662e-22 4.23117033108e-22 0.0385643787715 
1.24668758517 -7.6170859873e-22 -5.07805732486e-22 0.0437499334841 
1.24668758517 -7.6170859873e-22 -5.07805732486e-22 0.0437499334841 
1.24277338229 7.7277031722e-22 5.1518021148e-22 0.0406194920739 
1.24624444511 2.58897237646e-22 1.72598158431e-22 0.0354529066465 
1.23874257373 2.56654830793e-22 1.71103220528e-22 0.0393854004348 
1.20166575042 2.06940102449e-22 1.37960068299e-22 0.0495733579709 
1.18567068138 -2.64927303529e-22 -1.76618202353e-22 0.0503329799805 
1.16386823273 2.96587747766e-23 1.97725165177e-23 0.0561199495042 
1.14715586467 -3.13127545922e-22 -2.08751697281e-22 0.0583003503353 
1.12702942775 2.79261402677e-23 1.86174268451e-23 0.0639692942975 
1.09830444064 -1.92636983236e-22 -1.28424655491e-22 0.0755799737289 
1.07167133175 2.18172854468e-22 1.45448569645e-22 0.0826422385509 
1.07167133175 2.18172854468e-22 1.45448569645e-22 0.0826422385509 
1.03519227891 -9.84870583927e-23 -6.56580389285e-23 0.0886286130217 
1.03519227891 -9.84870583927e-23 -6.56580389285e-23 0.0886286130217 
1.00098111332 -5.93208995248e-24 -3.95472663498e-24 0.0917606276601 
1.00098111332 -5.93208995248e-24 -3.95472663498e-24 0.0917606276601 
0.967511548135 0.002965324987 0.00197688332467 0.0949955405506 
0.967511548135 0.002965324987 0.00197688332467 0.0949955405506 
0.916786077643 0.0155463835472 0.0103642556982 0.102513840791 
0.881104992876 0.0349136993645 0.0232757995763 0.109457672047 
0.846191283297 0.0667555806037 0.0445037204025 0.119486682939 
0.846191283297 0.0667555806037 0.0445037204025 0.119486682939 
0.820932836862 0.286080148342 0.190720098894 0.152050844183 
0.790698212698 0.297354873284 0.198236582189 0.155043149331 
0.744765976004 0.325015454699 0.216676969799 0.171600110892 
0.728988720618 0.436335493372 0.290890328915 0.239247623882 
0.68129763378 0.484666804207 0.323111202805 0.259452289711 
0.663060804779 0.531180743436 0.354120495624 0.280870871301 
0.627406670005 0.591229847256 0.394153231504 0.320730892152 
0.602735246884 0.625156564091 0.416771042727 0.344025318209 
0.467270707948 0.60834687373 0.405564582487 0.523598775598 
0.451641968587 0.651805857662 0.434537238442 0.523598775598 
0.39107737838 0.676112680137 0.450741786758 0.523598775598 
0.351725020116 0.71558365187 0.477055767913 0.523598775598 
0.314864481828 0.74377111363 0.495847409087 0.523598775598 
0.278717330688 0.774774745278 0.516516496852 0.523598775598 
0.240672071742 0.810834696682 0.540556464454 0.523598775598 
0.199782074821 0.842569030719 0.561712687146 0.523598775598 
0.161589679939 0.867536196504 0.578357464336 0.523598775598 
0.122232979548 0.896209678072 0.597473118715 0.523598775598 
0.0722354042125 0.932509295145 0.62167286343 0.523598775598 
0.0288065451118 0.955715556172 0.637143704114 0.523598775598 
-4.14545414463e-19 0.981426092155 0.654284061437 0.523598775598 
8.9539561884e-22 1.00973756933 0.673158379552 0.523598775598 
-1.77504757153e-21 1.03556508785 0.690376725233 0.523598775598 
-4.17226452022e-18 1.08806133061 0.725374220409 -0.523598775598 
0.308755215804 1.28950153248 0.859667688323 -0.0355544900251 
0.27171866218 1.31335179448 0.875567862988 -0.0506669436009 
0.237157242036 1.33627140012 0.890847600081 -0.0602705737579 
0.235986319994 1.34985531161 0.899903541073 -0.0642766417691 
0.203096419557 1.35797482903 0.905316552685 -0.0708084743901 
0.20288643477 1.36863971517 0.912426476777 -0.0719623777357 
0.48081782387 1.37784304 0.918562026667 -0.0459464791604 
0.538434195685 1.37767678962 0.91845119308 -0.04221695978 
0.582173349127 1.37618124567 0.917454163779 -0.0411929457027 
0.611174294916 1.37905444816 0.919369632106 -0.0389881159384 
0.63425865734 1.37995587732 0.919970584877 -0.038692148016 
0.648999696243 1.38203967868 0.921359785787 -0.0387405893744 
0.6605097562 1.38470052182 0.923133681216 -0.0377875914949 
0.674042878361 1.38374218535 0.922494790236 -0.0391657523926 
0.684363860505 1.38339568896 0.922263792639 -0.0403535961838 
0.690576577107 1.38383345188 0.922555634588 -0.0409148388339 
0.698320268863 1.38192976714 0.921286511428 -0.0425088451114 
0.699850041491 1.38497979847 0.923319865649 -0.0415471887207 
0.704178223901 1.38305755805 0.922038372031 -0.0420746716344 
0.702914435707 1.38428095274 0.922853968494 -0.0421744247306 
0.703411221684 1.38503784879 0.923358565857 -0.043352282791 
0.700336925768 1.38837157725 0.925581051499 -0.0418509691452 
0.702288649428 1.38524621328 0.923497475523 -0.0434229671929 
0.699359480498 1.38422250468 0.922815003118 -0.0433059408367 
0.692603733945 1.38400590324 0.922670602163 -0.0430874334366 
0.682287231792 1.37649810277 0.917665401849 -0.0446938954786 
0.635330094681 1.36861643708 0.912410958056 -0.0468826098809 
0.573247133204 1.35946061094 0.906307073963 -0.0500093069322 
0.452731689884 1.34583680624 0.897224537492 -0.056484505418 
0.256415045794 1.3175270208 0.878351347199 -0.0720891236516 
0.30038926736 1.28767538747 0.858450258312 -0.0622248613972 
0.349587788659 1.25141944276 0.834279628508 -0.055197761998 
0.405162498339 1.21004498997 0.80669665998 -0.043175145419 
0.454772288454 1.17125775748 0.780838504985 -0.0310875615267 
0.513244134658 1.11935332796 0.746235551976 -0.024217675323 
0.519486272138 1.07444623562 0.71629749041 -0.0208051005175 
0.583578773798 1.04414761939 0.696098412924 0.00373269006961 
0.594711301713 0.994598892488 0.663065928325 0.000846304613786 
0.653118284445 0.966489480075 0.64432632005 0.00475069036031 
0.665913063911 0.92346561278 0.615643741853 0.00457416675034 
0.687456914707 0.871443882792 0.580962588528 0.00368072832145 
0.708392750983 0.835183561155 0.55678904077 0.00762141586263 
0.738139532254 0.785900275765 0.523933517177 0.00843693578997 
0.771169384133 0.735150203185 0.490100135457 0.00635797798505 
0.799607199081 0.690733879214 0.460489252809 0.00762029834158 
0.81720247136 0.654386406609 0.436257604406 0.0124915492719 
0.829724611174 0.617059800675 0.41137320045 0.0094108614171 
0.764073105946 0.377681876138 0.251787917426 0.0261386957599 
0.802306735328 0.362298106681 0.241532071121 0.0180072772807 
0.840988536136 0.34197783566 0.227985223773 0.010602627713 
0.874453224614 0.318936007461 0.212624004974 0.0105432314142 
0.909781055343 0.292167312931 0.194778208621 0.00705787590486 
0.899275589542 0.0503648485994 0.033576565733 0.013301271659 
0.937133044806 0.0421168932654 0.0280779288436 0.01078309657 
0.937133044806 0.0421168932654 0.0280779288436 0.01078309657 
0.965367733698 0.033296969979 0.022197979986 0.0123787740035 
0.996454961649 0.0222041265022 0.0148027510014 0.00698174998919 
1.01878829547 0.0114518481128 0.0076345654085 0.00557041556655 
1.04135565076 0.000286545002321 0.000191030001547 0.00145390444474 
1.06396545264 -2.92949672538e-20 -1.95299781692e-20 -0.0021845395903 
1.07763456465 1.90023705475e-22 1.26682470317e-22 -0.00311138550437 
1.09058590216 2.3992753278e-22 1.5995168852e-22 -0.00365788856857 
1.09929186563 -2.22437122141e-23 -1.4829141476e-23 -0.00529673920216 
1.11787427355 -4.35047270481e-23 -2.90031513654e-23 -0.00875972401759 
1.13222350225 6.48363107346e-23 4.32242071564e-23 -0.0109865077998 
1.14289081369 3.92367352697e-22 2.61578235131e-22 -0.0103771612781 
1.15318332763 7.60227776152e-22 5.06818517435e-22 -0.0127373545412 
1.16725774188 -8.6079802994e-24 -5.73865353293e-24 -0.0144363933506 
1.18952979786 -1.15008169114e-22 -7.66721127427e-23 -0.0178625980988 
1.2025369912 5.84998661756e-23 3.89999107837e-23 -0.01889709343 
1.21058045086 1.23590258112e-22 8.23935054078e-23 -0.0204748166239 
1.20289201638 2.71164647163e-20 1.80776431442e-20 -0.0198455771066 
1.212304092 -2.24762121342e-22 -1.49841414228e-22 -0.0222380088649 
1.21773994845 4.8852723467e-22 3.25684823113e-22 -0.0229286808626 
1.21637352103 1.2471566008e-23 8.31437733864e-24 -0.0235125029947 
1.21372104663 6.26647526264e-22 4.17765017509e-22 -0.0219476279237 
1.20493847421 3.38375698082e-22 2.25583798721e-22 -0.019212244657 
1.21056789096 5.3003639469e-23 3.5335759646e-23 -0.0207200427888 
1.21056789096 5.3003639469e-23 3.5335759646e-23 -0.0207200427888 
1.21056789096 5.3003639469e-23 3.5335759646e-23 -0.0207200427888 
1.21392196783 1.4683655181e-22 9.789103454e-23 -0.0211378735534 
1.20927135792 5.83261379764e-23 3.88840919843e-23 -0.019198957276 
1.21602097448 -2.10613376638e-22 -1.40408917759e-22 -0.0183691879399 
1.2051728662 -1.8931577976e-22 -1.2621051984e-22 -0.0164911268163 
1.20374586805 3.02442506243e-22 2.01628337495e-22 -0.0145540820033 
1.18665094097 -2.61681870279e-22 -1.74454580186e-22 -0.0111194638937 
1.17566286373 4.40641575769e-23 2.93761050513e-23 -0.00824088299467 
1.1843103406 2.96610551663e-22 1.97740367775e-22 -0.0111626395527 
1.19007999146 -1.28729684944e-22 -8.58197899627e-23 -0.0109150663861 
1.1861873594 -1.87199270428e-22 -1.24799513619e-22 -0.00937241277931 
1.18299343062 2.36135198379e-22 1.57423465586e-22 -0.00827672877874 
1.16763567572 -1.72906376883e-22 -1.15270917922e-22 -0.00420611882994 
1.15781471149 -2.2817096925e-22 -1.521139795e-22 -0.000740049861246 
1.15781471149 -2.2817096925e-22 -1.521139795e-22 -0.000740049861246 
1.15781471149 -2.2817096925e-22 -1.521139795e-22 -0.000740049861246 
1.14260711541 -3.23942080593e-22 -2.15961387062e-22 0.00451216700102 
1.13784172189 5.07905403412e-23 3.38603602274e-23 0.00341912339654 
1.11694006872 3.04424322804e-22 2.02949548536e-22 0.0109645054566 
1.09457861562 2.27275169713e-22 1.51516779809e-22 0.0129951328742 
1.06402951581 1.7494213124e-23 1.16628087493e-23 0.0233135465901 
1.04104068769 2.76520965176e-22 1.84347310118e-22 0.0277421634985 
1.01737541009 8.15062593449e-23 5.433750623e-23 0.0289767621334 
1.00248347576 -1.47212797297e-22 -9.81418648649e-23 0.0298406619539 
0.967842272236 0.00258486742605 0.0017232449507 0.0373481296457 
0.912601351056 0.01212761355 0.00808507569999 0.0506257699968 
0.869365565096 0.0240258484672 0.0160172323115 0.0601555138171 
0.816145421006 0.0432203048584 0.0288135365723 0.0711211533012 
0.787409391339 0.295149427343 0.196766284895 0.081735872137 
0.719806579035 0.318378929266 0.212252619511 0.0930021461111 
0.751711976717 0.651877270932 0.434584847288 0.0801604818481 
0.731539697701 0.791384072039 0.527589381359 0.0731084656091 
0.692877141039 0.861671149511 0.574447433007 0.0673410400933 
0.668834582158 0.923678420341 0.615785613561 0.0639297103342 
0.647816833137 0.978320980741 0.652213987161 0.0595260497473 
0.639865946087 1.00603011594 0.670686743962 0.0624604326157 
0.619922085032 1.03402330916 0.689348872773 0.0495002919443 
0.615180304924 1.04983494123 0.699889960823 0.0522587006803 
0.61108373846 1.0605484488 0.707032299199 0.053373891342 
0.607188084527 1.06827458153 0.712183054355 0.0537609604165 
0.575505902433 1.06967425024 0.71311616683 0.0435899264258 
0.574292017267 1.07371602947 0.715810686311 0.0454439383918 
0.574292017267 1.07371602947 0.715810686311 0.0454439383918 
0.574718609938 1.06763652632 0.711757684216 0.044357421778 
0.573382414772 1.07369576753 0.715797178351 0.045149471251 
0.573382414772 1.07369576753 0.715797178351 0.045149471251 
0.573382414772 1.07369576753 0.715797178351 0.045149471251 
0.571828545806 1.07968517116 0.719790114104 0.0456691174294 
0.571828545806 1.07968517116 0.719790114104 0.0456691174294 
0.571828545806 1.07968517116 0.719790114104 0.0456691174294 
0.572630059517 1.06988500818 0.713256672122 0.0437787623651 
0.574329587002 1.05851118353 0.705674122356 0.0420304951837 
0.578042903103 1.04038817834 0.693592118892 0.0402665471782 
0.598143706518 1.01369925682 0.67579950455 0.0553332663423 
0.626126046648 0.978926702179 0.652617801453 0.0634627506152 
0.640028948697 0.933458894665 0.622305929776 0.0547998590771 
0.684835705461 0.862542553296 0.575028368864 0.0692839933643 
0.729070127368 0.784993154542 0.523328769695 0.0672718487315 
0.780320472329 0.692781728599 0.461854485733 0.0616015101556 
0.75769097961 0.427627375451 0.285084916967 0.0685609775058 
0.868289401884 0.373409683864 0.248939789243 0.0372535878588 
0.904346818556 0.0431389360416 0.0287592906944 0.0351148091684 
0.96695157173 0.0292348289076 0.0194898859384 0.0295966751024 
1.02456896839 0.0128059380476 0.00853729203172 0.0160947143594 
1.06824329448 2.56681484552e-19 1.71120989701e-19 0.00635800929605 
1.10163097513 -2.01341268218e-22 -1.34227512145e-22 0.00126452201155 
1.13735701214 -6.51143900895e-23 -4.3409593393e-23 -0.00575948659665 
1.15233670473 4.21808298147e-22 2.81205532098e-22 -0.0101075939518 
1.17590450734 1.78669093611e-22 1.19112729074e-22 -0.0128437038271 
1.1822968599 -2.78447853475e-22 -1.85631902317e-22 -0.0149528136059 
1.19062489737 4.23104233874e-22 2.8206948925e-22 -0.01603642245 
1.19871115827 -2.62834661538e-22 -1.75223107692e-22 -0.0189271070635 
1.20051258315 -1.52506289912e-22 -1.01670859941e-22 -0.0198338605603 
1.20362359724 -1.15288351971e-22 -7.68589013139e-23 -0.0203830020377 
1.20079795836 4.09747503149e-23 2.731650021e-23 -0.0196602634959 
1.20817188399 -9.07258905298e-23 -6.04839270199e-23 -0.0201449604441 
1.21310222547 -1.75724283911e-22 -1.17149522607e-22 -0.0203644791622 
1.20070661974 2.54109884176e-20 1.69406589451e-20 -0.0184310229285 
1.19783443773 2.88712426118e-22 1.92474950746e-22 -0.0169332470402 
1.20363725861 -2.54419356041e-22 -1.69612904027e-22 -0.0172475153381 
1.21141343068 -1.92272766262e-22 -1.28181844175e-22 -0.0182176156146 
1.20438732333 1.49902591515e-20 9.99350610101e-21 -0.0160273787716 
1.19935458197 -2.08772901714e-22 -1.39181934476e-22 -0.0146749995777 
1.19682034003 3.26201684794e-22 2.17467789863e-22 -0.0152692878389 
1.18985567025 3.64356867892e-22 2.42904578594e-22 -0.0141160067506 
1.19533024543 4.43149328736e-22 2.95432885824e-22 -0.0151581773595 
1.20528120934 -3.23020467623e-23 -2.15346978416e-23 -0.0174089032259 
1.2078083617 8.5655359237e-22 5.71035728246e-22 -0.0163174470229 
1.24598938054 0.130790781763 0.0871938545087 -0.0148641234287 
1.23205599403 0.085565684463 0.057043789642 -0.0140587451493 
1.21025961874 0.00600270678955 0.00400180452636 -0.0146626544436 
1.20502436331 1.59012133588e-17 1.06008089058e-17 -0.0128141509014 
1.19626874527 2.92569088958e-20 1.95046059305e-20 -0.0110532340553 
1.19626874527 2.92569088958e-20 1.95046059305e-20 -0.0110532340553 
1.19313999174 -7.98926513883e-23 -5.32617675922e-23 -0.0092946074258 
1.18949124297 -2.58655118035e-23 -1.72436745357e-23 -0.00861956252853 
1.19150351341 3.00250754033e-22 2.00167169355e-22 -0.0103903123613 
1.18743852591 1.1537585221e-22 7.69172348069e-23 -0.0089443053465 
1.17921785389 -7.29109119005e-23 -4.86072746003e-23 -0.00709813530532 
1.16229169015 -4.37141346004e-22 -2.91427564003e-22 -0.00427884452952 
1.15496714827 3.94071024365e-22 2.62714016243e-22 0.000377566160622 
1.15707404329 -2.87136919197e-22 -1.91424612798e-22 -0.0012893312678 
1.15017547242 7.03410099614e-22 4.6894006641e-22 0.00271974235892 
1.13516291087 3.67025222422e-23 2.44683481614e-23 0.00707212952716 
1.10968995072 3.18472940611e-22 2.12315293741e-22 0.0107533691308 
1.052003919 0.00397301465967 0.00264867643978 0.0240010311606 
0.997611450344 0.00853007718403 0.00568671812268 0.030891666874 
0.93096859341 0.0181905869321 0.0121270579547 0.0425773345935 
0.822518692237 0.042503569692 0.028335713128 0.0649352568103 
0.773171581474 0.348409922861 0.232273281907 0.0893956010738 
0.681709218909 0.433947650103 0.289298433402 0.158141055642 
0.725331574307 0.772900179675 0.51526678645 0.103346685628 
0.672782306147 0.860731855755 0.57382123717 0.113383691598 
0.636367368162 0.945627366778 0.630418244519 0.116485133697 
0.611087488332 1.00975837742 0.673172251616 0.105630107399 
0.587010068486 1.05878097285 0.705853981898 0.0977737957509 
0.555547720139 1.09580739465 0.7305382631 0.0897881554701 
0.529583368975 1.12134166685 0.747561111234 0.0810334061477 
0.527154938848 1.1357634355 0.757175623667 0.0836978553461 
0.479227315213 1.15468866911 0.769792446076 0.0800129785372 
0.478464105251 1.16260838733 0.77507225822 0.0805304238525 
0.477369697968 1.17184848045 0.781232320302 0.0809944119366 
0.47181469172 1.17741572594 0.784943817296 0.0681669844956 
0.470918227041 1.18207456827 0.788049712183 0.0688231830303 
0.470041394162 1.18481465989 0.789876439926 0.0688182515544 
0.468895918494 1.19114363303 0.794095755357 0.0689604147915 
0.467533466619 1.19872099516 0.799147330109 0.0694911293334 
0.433532690343 1.19871946041 0.799146306942 0.0608314451489 
0.433532690343 1.19871946041 0.799146306942 0.0608314451489 
0.433221484053 1.20290030185 0.801933534567 0.061126488254 
0.433237928263 1.20117000931 0.800780006208 0.0603612657555 
0.432849845305 1.20569487213 0.803796581422 0.0603934122553 
0.432725121143 1.20446360969 0.802975739791 0.0596602055192 
0.432725121143 1.20446360969 0.802975739791 0.0596602055192 
0.433084692002 1.1978764931 0.798584328732 0.0579696814239 
0.433084692002 1.1978764931 0.798584328732 0.0579696814239 
0.43290509454 1.20099749507 0.800664996713 0.0579866559831 
0.433301265368 1.19522887327 0.796819248847 0.0570724855176 
0.433558281296 1.1937247812 0.795816520798 0.0574081180003 
0.434325606951 1.18648874959 0.790992499729 0.0569499155267 
0.435608076506 1.17685313202 0.784568754683 0.0565871268899 
0.451138232846 1.16411393115 0.776075954099 0.0704941571355 
0.453595412538 1.14759767434 0.765065116226 0.0678119809378 
0.515188977475 1.1208771924 0.747251461602 0.0744207051007 
0.534579123456 1.07504694259 0.716697961728 0.0910564091057 
0.610658092468 1.00879887513 0.672532583417 0.0902618461743 
0.644983385126 0.926647311088 0.617764874059 0.0935167866005 
0.687209547097 0.849235101634 0.566156734422 0.0961236983363 
0.751339852366 0.724641189149 0.4830941261 0.0777557918269 
0.754650279907 0.477711358027 0.318474238685 0.0818327926212 
0.812914289811 0.218954583855 0.14596972257 0.0641483934704 
0.903545132732 0.192549680241 0.128366453494 0.046597937782 
0.953933858621 -6.65194135642e-18 -4.43462757095e-18 0.0282587147298 
1.01662307021 8.43329185301e-23 5.62219456867e-23 0.0139831749852 
1.06308500574 1.83645717873e-22 1.22430478582e-22 -0.00305280649025 
1.1025785562 -1.08321596318e-22 -7.22143975454e-23 -0.0112513775049 
1.11931371776 -5.58416872833e-22 -3.72277915222e-22 -0.0110870523309 
1.14057172479 4.26548981415e-22 2.8436598761e-22 -0.0146552381058 
1.14377707082 -1.38303641194e-22 -9.2202427463e-23 -0.0155021328382 
1.14377707082 -1.38303641194e-22 -9.2202427463e-23 -0.0155021328382 
1.1517739505 -3.81364670242e-22 -2.54243113494e-22 -0.017659407859 
1.16646111034 2.58396140245e-22 1.72264093497e-22 -0.0193065182245 
1.16661958011 -1.77967472837e-22 -1.18644981891e-22 -0.0171206098192 
1.17358675529 5.30509786609e-23 3.53673191073e-23 -0.0186682359208 
1.17114505567 2.56744291749e-22 1.71162861166e-22 -0.0155027252875 
1.17941485678 3.55382860742e-22 2.36921907162e-22 -0.0173856334776 
1.18137019301 -1.68530558897e-22 -1.12353705931e-22 -0.0179035275064 
1.17871618279 -1.77784617245e-22 -1.18523078163e-22 -0.0153073195461 
1.17462737451 2.8456763461e-22 1.89711756407e-22 -0.0148174913392 
1.18387856073 -4.1439870995e-22 -2.76265806634e-22 -0.0173443095855 
1.17131830439 1.64089107588e-22 1.09392738392e-22 -0.0165308405047 
1.15757611911 2.43187689028e-22 1.62125126019e-22 -0.0139767796573 
1.15759324268 3.5583932115e-22 2.372262141e-22 -0.0153552415492 
1.14292884561 -2.53907436197e-22 -1.69271624131e-22 -0.0141748635315 
1.12011674544 2.19986844043e-19 1.46657896029e-19 -0.0107346256017 
1.1156970307 -1.71721474041e-22 -1.14480982694e-22 -0.0155386702461 
1.10622014597 -2.18455391663e-22 -1.45636927776e-22 -0.0181100479496 
1.09026476283 -7.23023465138e-23 -4.82015643426e-23 -0.0161779923823 
1.07259922116 0.000191978797821 0.000127985865214 -0.0165378131943 
1.06187587243 4.36253273005e-22 2.90835515337e-22 -0.0183117214055 
1.04015293804 0.00172776477683 0.00115184318455 -0.016594651251 
1.02002127221 0.00370271950444 0.00246847966962 -0.0174179468154 
0.996902693168 0.00699441802714 0.00466294535143 -0.0192999733092 
0.966498577659 0.0122181083143 0.00814540554287 -0.0182810886096 
0.936888443007 0.0180357081474 0.0120238054316 -0.0206830647387 
0.883465677771 0.0292229918692 0.0194819945795 -0.0189632884803 
0.834507352503 0.0402625278471 0.0268416852314 -0.0191635392153 
0.779858626376 0.053012247816 0.035341498544 -0.020479272973 
0.775214695579 0.333282188701 0.2221881258 -0.0146127022979 
0.723625613318 0.350823058872 0.233882039248 -0.0188510728505 
0.664521035162 0.370524750887 0.247016500591 -0.02323972237 
0.498475224929 -1.13245209198e-16 -7.54968061319e-17 -0.166145208273 
0.444506840711 -6.14296055972e-19 -4.09530703981e-19 -0.304299792162 
0.400540184199 0.0108128922223 0.00720859481489 -0.403992747931 
0.340667542973 0.076734759618 0.051156506412 -0.467579566859 
0.306385648633 0.108533612285 0.072355741523 -0.523598775598 
0.260014489097 0.161327767874 0.107551845249 -0.523598775598 
0.21540279689 0.214491140222 0.142994093481 -0.523598775598 
0.196242822998 0.235056517057 0.156704344704 -0.523598775598 
0.19183345415 0.233513338631 0.155675559087 -0.523598775598 
0.187377584484 0.233367963785 0.155578642524 -0.523598775598 
0.181251497681 0.245044566069 0.163363044046 -0.523598775598 
0.171463441197 0.259431294635 0.172954196424 -0.523598775598 
0.174706216831 0.258256669782 0.172171113188 -0.523598775598 
0.186493963108 0.237330281816 0.158220187877 -0.523598775598 
0.186493963108 0.237330281816 0.158220187877 -0.523598775598 
0.180005134853 0.248411206862 0.165607471241 -0.523598775598 
0.180005134853 0.248411206862 0.165607471241 -0.523598775598 
0.180005134853 0.248411206862 0.165607471241 -0.523598775598 
0.173895459131 0.257708398745 0.171805599163 -0.523598775598 
0.173895459131 0.257708398745 0.171805599163 -0.523598775598 
0.170924525711 0.258687959677 0.172458639785 -0.523598775598 
0.173614897322 0.259739189663 0.173159459775 -0.523598775598 
0.165538320481 0.270548468866 0.18036564591 -0.523598775598 
0.165538320481 0.270548468866 0.18036564591 -0.523598775598 
0.165538320481 0.270548468866 0.18036564591 -0.523598775598 
0.155221342802 0.282555367292 0.188370244862 -0.523598775598 
0.16275738606 0.269495005703 0.179663337135 -0.523598775598 
0.160685368059 0.269689537413 0.179793024942 -0.523598775598 
0.1748991592 0.249364214355 0.16624280957 -0.523598775598 
0.162259375136 0.267638435558 0.178425623705 -0.523598775598 
0.156318440961 0.273310587909 0.182207058606 -0.523598775598 
0.141707015512 0.279845080688 0.186563387125 -0.523598775598 
0.109996823473 0.303198409649 0.2021322731 -0.523598775598 
0.0999112426967 0.287839675146 0.191893116764 -0.523598775598 
0.0817783601291 0.275481090936 0.183654060624 -0.523598775598 
0.0482482381869 0.262699668464 0.175133112309 -0.452769119049 
0.00925681083902 0.195652169401 0.1304347796 -0.325805831335 
0.00618635270371 0.170831354964 0.113887569976 -0.348154040505 
1.43345522027e-18 0.189119164083 0.126079442722 -0.410242785162 
8.17690706873e-20 0.121283919752 0.0808559465011 -0.380892434537 
-8.3178439058e-22 0.108985918836 0.0726572792237 -0.395312760356 
0.00192430818681 0.0951081309236 0.0634054206157 -0.407555162626 
-1.14958010703e-20 0.0887884761095 0.0591923174063 -0.413622094588 
0.00138910183153 0.0813958415236 0.0542638943491 -0.418231017039 
0.0109566836299 0.0335679478533 0.0223786319022 -0.398573710936 
0.0100374872215 0.0299691215209 0.0199794143472 -0.402186396289 
0.0190935623625 0.017620290465 0.01174686031 -0.411578843591 
0.0233602894258 0.0104311329128 0.00695408860855 -0.415753882034 
0.0244613170221 0.00447658271484 0.00298438847656 -0.41854546424 
0.0290553095562 -3.89577169042e-19 -2.59718112694e-19 -0.420214016764 
0.0444977220293 -3.59345805783e-23 -2.39563870522e-23 -0.443164274338 
0.0567010355566 6.04240943213e-22 4.02827295476e-22 -0.460475432463 
0.0608540150775 1.2695439488e-21 8.46362632536e-22 -0.46068187091 
0.0724753220126 8.42504644455e-22 5.6166976297e-22 -0.476051723116 
0.0761362085927 -1.02303173257e-21 -6.82021155044e-22 -0.474675668621 
0.0822479239689 2.57366119162e-21 1.71577412775e-21 -0.473192334392 
0.0902274359748 -1.79709129557e-21 -1.19806086371e-21 -0.470751152193 
0.0957078131039 1.25742234862e-21 8.38281565744e-22 -0.466933555742 
0.109418475182 3.55281792648e-22 2.36854528432e-22 -0.461571688451 
0.122736310058 -1.10220908075e-21 -7.34806053835e-22 -0.431316811991 
0.146340050812 2.58746917572e-21 1.72497945048e-21 -0.425526214563 
0.166255096318 -2.60718404389e-22 -1.73812269592e-22 -0.417654366793 
0.1983090496 -1.46761065927e-21 -9.78407106178e-22 -0.371238662991 
0.225413306435 2.96196671385e-21 1.9746444759e-21 -0.364150473159 
0.266601366974 5.61747911387e-22 3.74498607591e-22 -0.281479887497 
0.318054638439 1.57657659358e-21 1.05105106239e-21 -0.199988198689 
0.457837620924 0.292464419917 0.194976279945 0.344786090534 
0.493317879401 0.267089084622 0.178059389748 0.300252720828 
0.54215432446 0.359672181512 0.239781454341 0.194333760014 
0.605492829935 0.438013987178 0.292009324785 0.138121029352 
0.641310943924 0.415891058342 0.277260705561 0.118929483324 
0.658337697116 0.406116227033 0.270744151355 0.107849969517 
0.675332589169 0.396832236219 0.264554824146 0.0943847422104 
0.696220615405 0.386144949432 0.257429966288 0.0786903115475 
0.721539013822 0.374144547586 0.24942969839 0.0620317114054 
0.757253085769 0.35823097605 0.2388206507 0.043271844193 
0.788130557095 0.345403069631 0.230268713087 0.02592063583 
0.796366660306 0.342045277096 0.228030184731 0.0139776561481 
0.793199232825 0.342837800697 0.228558533798 0.00631773023369 
0.804819686189 0.338464646465 0.225643097643 -0.00413684363115 
0.811539203018 0.33595734908 0.223971566054 -0.0129974818474 
0.823623335784 0.331654581343 0.221103054229 -0.0203200010689 
0.82360189267 0.331625059163 0.221083372775 -0.0249068058045 
0.821841495999 0.332064328872 0.221376219248 -0.0293564506884 
0.837172005183 0.326268961284 0.217512640856 -0.034763393473 
0.847887552269 0.322132064697 0.214754709798 -0.0395455101884 
0.860255668118 0.317579071136 0.211719380758 -0.0431473739769 
0.867857568776 0.314560476463 0.209706984309 -0.0446783310522 
0.87654759417 0.311490637865 0.207660425243 -0.0472035817798 
0.876708940831 0.311367742411 0.20757849494 -0.0486122737843 
0.865545400552 0.314304276095 0.209536184063 -0.0483956897849 
0.859330167703 0.315532360173 0.210354906782 -0.0484944953247 
0.864089869223 0.313305090886 0.20887006059 -0.0476633242675 
0.852519725975 0.315958892434 0.210639261622 -0.047114995147 
0.845906227379 0.317112457891 0.211408305261 -0.0450517032375 
0.835862912779 0.319160630483 0.212773753655 -0.0416705840496 
0.843042132819 0.316086910394 0.210724606929 -0.0404163151978 
0.832018634315 0.318686675816 0.212457783878 -0.0370816418675 
0.839377299816 0.31565306371 0.210435375807 -0.0345466158888 
0.843481894734 0.3139027081 0.209268472067 -0.0312148637535 
0.826518391458 0.318504429545 0.212336286363 -0.0234112785748 
0.818422112847 0.320358414152 0.213572276101 -0.0152346984205 
0.801222196586 0.325218357662 0.216812238441 -0.00452895271308 
0.789876507369 0.328598610463 0.219065740308 0.00762252434836 
0.776484761799 0.333106748832 0.222071165888 0.0203047032718 
0.751723946381 0.342101625714 0.228067750476 0.0363328646432 
0.751702827521 0.342684258977 0.228456172651 0.0442656170982 
0.749474076031 0.344143915548 0.229429277032 0.0527040689642 
0.736965636523 0.349594072119 0.233062714746 0.0637915673291 
0.725930690599 0.35449784545 0.236331896967 0.0746044778588 
0.705407808671 0.363547977166 0.242365318111 0.090299579735 
0.67512231871 0.377587832778 0.251725221852 0.11045050526 
0.643366756402 0.392829050099 0.261886033399 0.130070996576 
0.570290189973 0.126986870333 0.0846579135553 0.307836575667 
0.557378659722 0.0953511116655 0.063567407777 0.402064479918 
0.547648240727 0.0868359719526 0.0578906479684 0.463624398465 
0.541903903405 0.0827598167054 0.0551732111369 0.512446325689 
0.52516311771 0.10550369972 0.0703357998133 0.523598775598 
0.506100468633 0.132961541736 0.0886410278243 0.523598775598 
0.499085898947 0.138984308447 0.0926562056311 0.523598775598 
0.476561307377 0.171405238846 0.11427015923 0.523598775598 
0.473058542133 0.168376571775 0.11225104785 0.523598775598 
0.4699904683 0.16794159593 0.111961063954 0.523598775598 
0.444676543475 0.208403439519 0.138935626346 0.523598775598 
0.440704524619 0.209308429864 0.139538953243 0.523598775598 
0.426386441668 0.230201815803 0.153467877202 0.523598775598 
0.405581739662 0.259045086091 0.172696724061 0.523598775598 
0.401128528251 0.261301084134 0.174200722756 0.523598775598 
0.388262055717 0.285673142364 0.190448761576 0.523598775598 
0.377123800678 0.302635833498 0.201757222332 0.523598775598 
0.377123800678 0.302635833498 0.201757222332 0.523598775598 
0.380813567858 0.301381526099 0.200921017399 0.523598775598 
0.388117636258 0.290984470141 0.193989646761 0.523598775598 
0.390950411746 0.291809906067 0.194539937378 0.523598775598 
0.388299112861 0.306999039231 0.204666026154 0.523598775598 
0.39116263345 0.311393640783 0.207595760522 0.523598775598 
0.379010583415 0.338798102625 0.22586540175 0.523598775598 
0.362116447138 0.374157968771 0.249438645847 0.523598775598 
0.350572655413 0.402405764455 0.268270509637 0.523598775598 
0.343594748842 0.422655827554 0.281770551703 0.523598775598 
0.333643606185 0.449898203738 0.299932135825 0.523598775598 
0.328995414446 0.469841128688 0.313227419125 0.523598775598 
0.310724902457 0.518391873288 0.345594582192 0.521280759179 
0.314184494785 0.583873548816 0.389249032544 0.456912600992 
0.298213558244 0.618251646909 0.412167764606 0.470681765415 
0.261962101676 0.645181013923 0.430120675949 0.523598775598 
0.24853498683 0.681196012614 0.454130675076 0.523598775598 
0.232351721584 0.723520347448 0.482346898298 0.523598775598 
0.214506797798 0.767530633448 0.511687088965 0.523598775598 
0.194003703861 0.818844757518 0.545896505012 0.523598775598 
0.178725783365 0.859547626782 0.573031751188 0.523598775598 
0.16933344713 0.892549456084 0.595032970722 0.523598775598 
0.157566485321 0.924698222224 0.616465481483 0.523598775598 
0.146314372855 0.954423128386 0.63628208559 0.523598775598 
0.150026184481 0.976882388383 0.651254925589 0.523598775598 
0.116825170728 1.0121077036 0.674738469068 0.523598775598 
0.0980721284602 1.04067121128 0.693780807523 0.523598775598 
0.0712415082971 1.07372117862 0.715814119079 0.523598775598 
0.039607728849 1.10097193016 0.733981286776 0.523598775598 
0.0145550977615 1.12157719041 0.747718126938 0.523598775598 
0.0157493958158 1.13231162279 0.754874415196 0.523598775598 
-3.23219218053e-18 1.14475049896 0.763166999308 0.523598775598 
7.44985263394e-19 1.15233523577 0.768223490514 0.523598775598 
-1.85824260505e-18 1.1657073571 0.777138238068 0.523598775598 
1.84915021887e-22 1.17361778066 0.782411853773 0.523598775598 
1.55399789014e-19 1.19819200174 0.798794667829 0.509586039018 
4.39156945269e-20 1.22492260415 0.816615069436 0.484000834876 
1.43408698048e-05 1.24468452542 0.829789683612 0.463626585746 
0.665753464569 1.16522032361 0.776813549073 0.523598775598 
0.667580097711 1.18246452935 0.78830968623 0.523598775598 
0.669034681683 1.19743229026 0.798288193509 0.523598775598 
0.660797279621 1.21429427198 0.809529514655 0.523598775598 
0.662378750987 1.22949812119 0.819665414126 0.523598775598 
0.663377918438 1.23892992554 0.825953283694 0.523598775598 
0.664632343516 1.25110606124 0.834070707495 0.523598775598 
0.665519642452 1.26003720835 0.840024805565 0.523598775598 
0.666500280089 1.26914034078 0.846093560523 0.523598775598 
0.667279097751 1.27710952976 0.851406353171 0.523598775598 
0.667793366135 1.2824888875 0.854992591667 0.523598775598 
0.667936358081 1.28307658117 0.855384387448 0.523598775598 
0.66820839583 1.28470036335 0.856466908898 0.523598775598 
0.668487166857 1.28683742682 0.857891617883 0.523598775598 
0.668353575049 1.28424086728 0.856160578188 0.523598775598 
0.668689112969 1.28680582238 0.857870548255 0.523598775598 
0.668658963217 1.28537423504 0.856916156697 0.523598775598 
0.668697493147 1.28417745574 0.856118303824 0.523598775598 
0.677345868293 1.27696328606 0.851308857375 0.523598775598 
0.677464934609 1.27954986797 0.853033245316 0.523598775598 
0.677410050791 1.27917278098 0.852781853986 0.523598775598 
0.677686452643 1.2806218359 0.853747890597 0.523598775598 
0.686976457 1.27723948335 0.851492988903 0.523598775598 
0.691648435648 1.27699399172 0.851329327814 0.523598775598 
0.692235657812 1.28144183634 0.854294557563 0.523598775598 
0.700616506952 1.27837167011 0.85224778007 0.523598775598 
0.707648129409 1.27564985649 0.85043323766 0.523598775598 
0.708015985448 1.27837719156 0.852251461042 0.523598775598 
0.708415361811 1.28079334892 0.853862232613 0.523598775598 
0.708824364732 1.28238184751 0.854921231674 0.523598775598 
0.709371750999 1.28530003727 0.856866691516 0.523598775598 
0.716760770688 1.2829738069 0.855315871265 0.523598775598 
0.71685623526 1.28239851841 0.854932345608 0.523598775598 
0.71704475833 1.28132186368 0.854214575787 0.523598775598 
0.717125246028 1.27888310146 0.852588734306 0.523598775598 
0.729669459245 1.26610529286 0.844070195243 0.523598775598 
0.736831568752 1.24665638367 0.831104255782 0.523598775598 
0.74701322248 1.22686810406 0.817912069376 0.523598775598 
0.757734263096 1.20393083587 0.802620557247 0.523598775598 
0.779585840377 1.16829994078 0.778866627188 0.523598775598 
0.289857734201 1.2957889109 0.863859273932 0.235916308071 
0.299383540498 1.24425906052 0.829506040346 0.255216516522 
0.315494533365 1.19298373127 0.795322487517 0.271395661141 
0.334234209305 1.13905292153 0.759368614356 0.281443907948 
0.352027284679 1.09317388149 0.728782587658 0.288788401469 
0.36885960644 1.05191360948 0.701275739656 0.296184121443 
0.3853807201 1.00897325035 0.672648833569 0.297528681415 
0.400929179355 0.971030790913 0.647353860609 0.294947320585 
0.416000764817 0.93409520277 0.62273013518 0.287043511887 
0.42986049402 0.901422827431 0.600948551621 0.277141581862 
0.558401999578 0.930462182578 0.620308121719 0.232369164981 
0.564444639884 0.90505787152 0.603371914346 0.221074827684 
0.567542664797 0.890668223504 0.593778815669 0.213265393896 
0.568146318203 0.885082356313 0.590054904209 0.207123856025 
0.570523091847 0.868233005453 0.578822003635 0.201018944987 
0.255961413157 0.549259649957 0.366173099972 0.523598775598 
0.259973677604 0.535110486444 0.356740324296 0.520322680944 
0.256761493742 0.532294761969 0.354863174646 0.519514174167 
0.263362411837 0.513972503492 0.342648335662 0.519201580156 
0.248521358539 0.524740742529 0.349827161686 0.523598775598 
0.241009171305 0.532336326491 0.354890884327 0.523598775598 
0.239535844855 0.527485173234 0.351656782156 0.522725357944 
0.235919394019 0.526139339164 0.350759559443 0.52318938707 
0.233510087553 0.522770145287 0.348513430191 0.522967828193 
0.233510087553 0.522770145287 0.348513430191 0.522967828193 
0.226350266803 0.522430478323 0.348286985549 0.523598775598 
0.212579140166 0.539304196984 0.359536131323 0.523598775598 
0.220690298482 0.523765893543 0.349177262362 0.522119541164 
0.217761339883 0.520022508743 0.346681672495 0.521797108592 
0.212772865626 0.518319728361 0.345546485574 0.522291844595 
0.207299281704 0.516399210762 0.344266140508 0.522655397099 
0.19985877392 0.511935484315 0.341290322876 0.521898293382 
0.185287539787 0.50359377907 0.335729186047 0.519594952169 
0.160052208932 0.512917292143 0.341944861429 0.523598775598 
0.148843270851 0.506149751773 0.337433167849 0.521905351575 
0.135362935942 0.495888330756 0.330592220504 0.519605926776 
0.121656384743 0.484206236515 0.322804157677 0.517565494577 
0.118449729167 0.459808765348 0.306539176899 0.520318813359 
0.10775478825 0.452995407489 0.301996938326 0.520625766152 
0.132655613331 0.395819987526 0.263879991684 0.523598775598 
0.128550301806 0.391940168216 0.261293445477 0.523598775598 
0.143376692421 0.361073358746 0.240715572497 0.523598775598 
0.153510106066 0.340594374378 0.227062916252 0.523598775598 
0.176550368727 0.303375337381 0.202250224921 0.523598775598 
0.217120133478 0.237401593198 0.158267728799 0.523598775598 
0.25481444889 0.179881045449 0.119920696966 0.523598775598 
0.276526257997 0.148426834628 0.0989512230855 0.523598775598 
0.295616444988 0.124569727784 0.0830464851891 0.523598775598 
0.295183087016 0.121225752026 0.0808171680171 0.441440354326 
0.305786157508 0.09555129468 0.06370086312 0.360541658865 
0.299378736007 0.0653468411003 0.0435645607336 0.147573665051 
0.31906739872 0.0647696408346 0.0431797605564 0.145966335313 
0.371707933665 0.340656032564 0.227104021709 -0.0400725952588 
0.406715168033 0.356039713135 0.237359808757 -0.0356447939923 
0.463941123447 0.476787019211 0.317858012807 -0.0220744284051 
0.559941756252 0.619346701983 0.412897801322 -0.01582950129 
0.661512832782 0.707924981113 0.471949987409 -0.0135830397803 
0.747015233863 0.756721444775 0.504480963183 -0.0129294502865 
0.760039166381 0.738676731648 0.492451154432 -0.0162291404632 
0.765426941573 0.731397205446 0.487598136964 -0.0186128715829 
0.778193407837 0.714696013106 0.476464008737 -0.0211235820653 
0.789692826559 0.7002816541 0.466854436067 -0.0246705695848 
0.798290086116 0.689628638329 0.459752425553 -0.0281066030395 
0.798908479436 0.688193611347 0.458795740898 -0.0292451569257 
0.806188340179 0.678755040519 0.452503360346 -0.0313360659391 
0.801883887438 0.681900585679 0.454600390453 -0.0311898900539 
0.806803280825 0.675409106638 0.450272737759 -0.0319289088892 
0.759241274769 0.611229802408 0.407486534938 -0.0370686432278 
0.759241274769 0.611229802408 0.407486534938 -0.0370686432278 
0.74919318561 0.619269601199 0.4128464008 -0.0357168460872 
0.75629833327 0.613839553378 0.409226368919 -0.0379068519055 
0.75629833327 0.613839553378 0.409226368919 -0.0379068519055 
0.756004415914 0.614009430463 0.409339620309 -0.0363110725209 
0.745983050514 0.622286125572 0.414857417048 -0.0357125019118 
0.755224001852 0.615120637709 0.410080425139 -0.0369214139254 
0.753789616611 0.616245925215 0.41083061681 -0.0350700030856 
0.759680536287 0.611592074724 0.407728049816 -0.0359764923609 
0.765821289917 0.606620081676 0.404413387784 -0.0361709835053 
0.745615806002 0.622522152096 0.415014768064 -0.0322993695039 
0.746789716179 0.621440994137 0.414293996092 -0.0318985372548 
0.74172290449 0.625045393615 0.416696929077 -0.0279729761937 
0.730774066002 0.633273405595 0.422182270396 -0.0244023535425 
0.700791006545 0.656899874158 0.437933249438 -0.0153442773711 
0.430830159885 1.53683866152e-16 1.02455910768e-16 -0.00643737679967 
0.392131427713 -1.53691366944e-18 -1.02460911296e-18 -0.00779085213969 
0.35798971648 4.20101533472e-18 2.80067688982e-18 -0.184273444977 
0.330269207052 2.17061301606e-22 1.44707534404e-22 -0.237118881551 
0.301461708533 -5.87283242877e-22 -3.91522161918e-22 -0.301704845057 
0.258412582327 -3.04199499949e-21 -2.02799666633e-21 -0.347885150252 
0.203831515819 -1.71950560502e-21 -1.14633707001e-21 -0.356813448657 
0.169928266838 -8.95172727321e-22 -5.96781818214e-22 -0.38837077413 
0.12868585497 -6.68787177244e-22 -4.45858118162e-22 -0.396954084203 
0.115779261019 -1.08085647184e-21 -7.20570981225e-22 -0.416471326375 
0.105843068164 -6.81521632736e-22 -4.54347755157e-22 -0.436269937511 
0.0895007104186 1.69739721009e-21 1.13159814006e-21 -0.441656380083 
0.0650633353387 3.20964178312e-22 2.13976118874e-22 -0.436239595937 
0.0616804423612 9.01546512812e-22 6.01031008542e-22 -0.449810819545 
0.0469628688198 -6.12969266195e-22 -4.08646177463e-22 -0.447532597473 
0.0324426899806 1.34604539829e-18 8.97363598863e-19 -0.439679143307 
0.0389445674289 1.41647196876e-21 9.44314645838e-22 -0.45703273815 
0.0522166414973 8.6715736265e-22 5.78104908433e-22 -0.485757057035 
0.0436575167435 -7.80008205997e-22 -5.20005470664e-22 -0.480030224209 
0.0641489461326 1.53755852284e-21 1.02503901522e-21 -0.52049375461 
0.0475489773044 -6.7019131719e-18 -4.4679421146e-18 -0.498001485315 
0.0545792336779 -2.45569927701e-22 -1.63713285134e-22 -0.512585272262 
0.0472998656073 1.37530766691e-18 9.16871777939e-19 -0.500902123176 
0.037564023506 -2.29796139616e-18 -1.53197426411e-18 -0.486311557224 
0.0350536548713 -1.09383075549e-21 -7.29220503659e-22 -0.481039696753 
0.0383510941263 -5.81537881836e-22 -3.87691921224e-22 -0.483584516726 
0.0446829690202 0.0154468080508 0.0102978720339 -0.508891903349 
0.034352663852 0.032699056503 0.021799371002 -0.506459060264 
0.0413541813121 0.0436491470957 0.0290994313971 -0.523598775598 
0.018760466368 0.0485860518997 0.0323907012665 -0.484170421303 
0.0195620464731 0.0710862104497 0.0473908069665 -0.501687510739 
0.0155807759468 0.0830954493516 0.0553969662344 -0.495204706249 
0.0206913038267 0.111297775181 0.0741985167874 -0.523598775598 
0.00888108199684 0.147537068006 0.0983580453376 -0.523171254778 
0.011530843315 0.164820215784 0.109880143856 -0.523598775598 
0.00489864687208 0.195364558934 0.130243039289 -0.517732863399 
1.94364359646e-18 0.186049275107 0.124032850071 -0.439741107072 
-8.6973463482e-20 0.178882014873 0.119254676582 -0.386733119416 
-6.86291247217e-21 0.196408540429 0.130939026953 -0.369965876404 
0.00304356061331 0.205260485456 0.136840323637 -0.356398054879 
1.2096691849e-19 0.223083570632 0.148722380421 -0.33826089286 
-4.74691263483e-18 0.236017885893 0.157345257262 -0.324267581878 
-3.6653562414e-22 0.260729258918 0.173819505945 -0.307737737365 
-6.90941443085e-22 0.296827439106 0.197884959404 -0.294096746323 
-6.90941443085e-22 0.296827439106 0.197884959404 -0.294096746323 
1.67117077293e-22 0.412942540573 0.275295027049 -0.251325885394 
1.67117077293e-22 0.412942540573 0.275295027049 -0.251325885394 
0.00632021317098 0.798140018316 0.532093345544 0.523598775598 
-2.99052616416e-18 0.834868105897 0.556578737265 0.523598775598 
-1.00111425368e-21 0.875859090337 0.583906060225 0.523598775598 
1.6260315109e-21 0.913341101536 0.608894067691 0.523598348282 
-5.88277567895e-22 1.00474824731 0.669832164874 0.434150493888 
-1.32456190303e-22 1.07615392091 0.717435947276 0.37663124462 
0.392658343054 1.21404423798 0.809362825322 0.160662476823 
0.39166519504 1.23668813825 0.824458758831 0.167000903688 
0.33225137991 1.27176165683 0.847841104554 0.159761979565 
0.32612571515 1.29788646547 0.865257643646 0.154166335066 
0.27964701974 1.32154039572 0.881026930482 0.14721721873 
0.276946047358 1.3382455032 0.892163668798 0.137360802595 
0.242367874017 1.35518046536 0.903453643573 0.12569097974 
0.242153015911 1.36307966715 0.908719778101 0.112519163586 
0.239760249834 1.37377372654 0.915849151028 0.0942164990709 
0.20139306868 1.38711889718 0.924745931456 0.0742655074211 
0.201115214944 1.39914125174 0.932760834496 0.0533612399021 
0.158025535661 1.41361740474 0.942411603158 0.0203409376417 
0.158540729473 1.42636306425 0.950908709501 -0.00305344252921 
0.101363237101 1.44506462948 0.963376419652 -0.0268100997065 
0.0652158659738 1.46579398897 0.977195992648 -0.0467965722615 
0.308515779463 1.48130980793 0.987539871956 -0.0270725638036 
0.406949936362 1.49360738199 0.995738254661 -0.0227205245487 
0.488206990951 1.50701196398 1.00467464265 -0.0159112075823 
0.548276702424 1.51625405957 1.01083603971 -0.0120668071629 
0.601044936877 1.52511148336 1.0167409889 -0.0054625650614 
0.651653646915 1.53384021065 1.02256014043 0.00375902897941 
0.698398646927 1.54352267814 1.02901511876 0.0248844046183 
0.738575771891 1.5495740495 1.03304936633 0.0498263641694 
0.789445822788 1.55078929746 1.03385953164 0.131283871932 
0.819596692397 1.55158584014 1.0343905601 0.172505173874 
0.8241186697 1.56069739814 1.04046493209 0.125445563069 
0.830593516927 1.56954213687 1.04636142458 0.0531681988015 
0.834620706902 1.57414879463 1.04943252976 -0.0153523472949 
0.836709479265 1.57568725787 1.05045817191 -0.0747923853932 
0.838556448588 1.57474511889 1.04983007926 -0.128419640711 
0.845206779363 1.57520928064 1.05013952043 -0.129589827134 
0.84343430986 1.57047133473 1.04698088982 -0.181590716842 
0.847460328505 1.57115756044 1.04743837362 -0.182290411546 
0.84978456738 1.57218485972 1.04812323981 -0.182898144296 
0.851319678761 1.48619285422 0.990795236143 -0.50698828314 
0.851149833543 1.48646291275 0.990975275164 -0.506809156988 
0.855142575603 1.47638969718 0.984259798121 -0.523598775598 
0.855400290048 1.47247127602 0.98164751735 -0.523598775598 
0.850877056089 1.46781225632 0.978541504214 -0.523598775598 
0.844280548763 1.46134476731 0.974229844874 -0.523598775598 
0.835735642502 1.45471976759 0.969813178393 -0.523598775598 
0.821323217606 1.4419687272 0.961312484798 -0.523598775598 
0.805448356705 1.42788275364 0.951921835761 -0.523598775598 
0.790647479942 1.4154347891 0.943623192734 -0.523598775598 
0.775838408211 1.40198256358 0.934655042385 -0.523598775598 
0.761270192906 1.39071377324 0.927142515492 -0.523598775598 
0.746423048754 1.37956572677 0.91971048451 -0.523598775598 
0.731053457393 1.36842257931 0.91228171954 -0.523598775598 
0.709787711702 1.35595574847 0.90397049898 -0.523598775598 
0.691186083957 1.34626546016 0.897510306776 -0.523598775598 
0.6656179649 1.34055347988 0.893702319922 -0.523598775598 
0.645092381363 1.3333368664 0.888891244268 -0.523598775598 
0.627011850298 1.32574708083 0.883831387221 -0.523598775598 
0.608002484416 1.32580147548 0.883867650318 -0.523598775598 
0.593647115703 1.32185905875 0.8812393725 -0.523598775598 
0.580038266514 1.31978495592 0.879856637277 -0.523598775598 
0.568167233669 1.31743046444 0.878286976291 -0.523598775598 
0.550261033797 1.29569245963 0.863794973089 -0.523598775598 
0.0896448766086 1.45989154438 0.973261029586 0.000968470682217 
0.130244188279 1.43565077281 0.957100515207 0.0302591745688 
0.17147318551 1.40878273793 0.939188491951 0.0598578793931 
0.204501022139 1.38504757229 0.923365048196 0.079402437309 
0.240323443586 1.35745836739 0.904972244925 0.0936787070948 
0.249476452825 1.33185997129 0.887906647529 0.105849004541 
0.296649522402 1.3107983421 0.873865561397 0.110853536128 
0.309774364321 1.28553251065 0.857021673768 0.116855510386 
0.355646271388 1.25790994791 0.838606631941 0.106305152948 
0.39822643007 1.22406482388 0.816043215918 0.10679278078 
0.435617938287 1.19130758494 0.794205056628 0.098019357435 
0.438418904313 1.15389790089 0.769265267261 0.0893845604008 
0.513838870621 1.12136338872 0.747575592482 0.0786343081001 
0.549334134271 1.08724193985 0.724827959901 0.06718125866 
0.554423834849 1.05636783808 0.70424522539 0.0573167709438 
0.557341591965 1.03943602525 0.692957350167 0.0511164938254 
0.253443522651 0.892779459878 0.595186306586 0.0591566608033 
0.147642981797 0.786465928114 0.524310618742 0.0795574154258 
0.0409943781093 0.585555384982 0.390370256654 0.27845893941 
0.025295303133 0.565576816713 0.377051211142 0.271141706275 
0.0053225899443 0.555293370057 0.370195580038 0.263458566283 
0.0 0.555270674214 0.370180449476 0.262828704179 
-8.81250268511e-19 0.438496683531 0.292331122354 -0.523598775598 
-8.10015489958e-23 0.430675769223 0.287117179482 -0.523598775598 
-8.10015489958e-23 0.430675769223 0.287117179482 -0.523598775598 
7.10967786144e-21 0.416961686631 0.277974457754 -0.523598775598 
7.10967786144e-21 0.416961686631 0.277974457754 -0.523598775598 
7.10967786144e-21 0.416961686631 0.277974457754 -0.523598775598 
1.32094278753e-21 0.411027847861 0.274018565241 -0.523598775598 
1.32094278753e-21 0.411027847861 0.274018565241 -0.523598775598 
0.00424657323406 0.411213950147 0.274142633431 -0.523598775598 
-2.64314704289e-18 0.425947911087 0.283965274058 -0.523598775598 
2.19920926666e-21 0.438301549542 0.292201033028 -0.523598775598 
6.53153606227e-21 0.459701856242 0.306467904161 -0.521842845434 
1.03359413107e-20 0.479421690404 0.319614460269 -0.519763632653 
1.77382240753e-21 0.500113064844 0.333408709896 -0.517292485253 
-5.19191853244e-22 0.533877146483 0.355918097656 -0.514057195898 
-1.88524470219e-21 0.568459290895 0.378972860597 -0.513038254463 
5.84901238811e-22 0.589950568508 0.393300379005 -0.51538595683 
-1.41989965209e-21 0.627976900841 0.418651267227 -0.522008947454 
1.20144562415e-21 0.67753458106 0.451689720707 -0.523598775598 
4.09785279817e-21 0.738404281309 0.492269520873 -0.523598775598 
2.2539897923e-22 0.799256236165 0.532837490777 -0.523598775598 
-1.61280805618e-21 0.88331497786 0.588876651906 -0.523598775598 
-1.49637746469e-21 0.948320498388 0.632213665592 -0.523598775598 
3.40714037396e-21 1.00675636521 0.671170910142 -0.523598775598 
-1.21471763425e-21 1.06849095241 0.712327301608 -0.523598775598 
0.329111568134 1.28628681269 0.857524541792 0.0719165580791 
0.283820290059 1.32230542325 0.881536948836 0.0575530079622 
0.221214012552 1.36792039789 0.911946931929 0.0286739397596 
0.16109670136 1.40645293809 0.937635292061 -0.00667460478273 
0.100024985488 1.4432029353 0.962135290202 -0.0376303878946 
0.0466141737517 1.47421159743 0.982807731622 -0.0635135694649 
0.00279788176593 1.50150522604 1.00100348403 -0.0768932797286 
0.158614195467 1.52238966247 1.01492644165 -0.0671302281999 
0.343042805137 1.53615426596 1.02410284397 -0.0493216631022 
0.447840190922 1.54370432771 1.02913621847 -0.0348507102048 
0.532369048377 1.54894031752 1.03262687835 -0.0182687354498 
0.602609072792 1.55531928267 1.03687952178 0.00957531426078 
0.658549795224 1.55906260437 1.03937506958 0.0362833592275 
0.708134477135 1.55874190525 1.03916127017 0.0649655178087 
0.753237090306 1.5546738468 1.0364492312 0.108553100289 
0.805782831849 1.5446145696 1.0297430464 0.208377551385 
0.827877029948 1.54230129447 1.02820086298 0.201825421421 
0.845167280216 1.54082498766 1.02721665844 0.197043654059 
0.860180620963 1.53804556485 1.0253637099 0.192841132739 
0.871969710179 1.53596042852 1.02397361901 0.189650488735 
0.881344241009 1.53502074623 1.02334716415 0.187235835523 
0.88873202983 1.53333345046 1.02222230031 0.185244332417 
0.893634453857 1.53308690533 1.02205793689 0.183998778261 
0.898145840036 1.53194100912 1.02129400608 0.182766728344 
0.901813891082 1.53113564934 1.02075709956 0.181780825525 
0.905281653626 1.52963523518 1.01975682346 0.180797898052 
0.90827046687 1.52803312793 1.01868875195 0.179938981652 
0.910390606359 1.52581074095 1.01720716063 0.17921733466 
0.911532284534 1.5255763895 1.01705092633 0.178951503464 
0.910404541172 1.5256939759 1.01712931726 0.179233166916 
0.906332984574 1.52619824174 1.01746549449 0.180221226109 
0.901002701795 1.5248396956 1.01655979707 0.181323771785 
0.87880647629 1.52682008576 1.01788005717 0.113849269836 
0.850393436732 1.52004282235 1.01336188157 0.0563820620002 
0.824816163068 1.5128496508 1.00856643386 0.0384875922795 
0.798554492047 1.50460947214 1.00307298143 0.022842551556 
0.755929280512 1.48950955995 0.993006373303 0.0073943747801 
0.706803971565 1.47480449899 0.983202999324 0.00118936163519 
0.650317761986 1.45792571274 0.971950475161 -0.00179134438578 
0.548801253424 1.43127616702 0.954184111344 -0.00966178547165 
0.411376687758 1.40914077605 0.939427184035 -0.0180148186509 
0.192170596058 1.37839528154 0.918930187694 -0.0303098462778 
0.261328600987 1.33357688903 0.889051259351 0.000242363045549 
0.333735658519 1.28194698277 0.854631321847 0.0353880871757 
0.398801870726 1.22868866515 0.81912577677 0.0632919476374 
0.459278072078 1.17302186889 0.782014579262 0.0824908787052 
0.507569477201 1.12357635666 0.749050904442 0.0952596796926 
0.519349698748 1.08146204141 0.720974694275 0.107706927 
0.574531235055 1.04550149112 0.697000994082 0.108176003848 
0.587064707904 1.00436867492 0.669579116611 0.106496134054 
0.638360332465 0.970512436681 0.647008291121 0.0914800464366 
0.64847230516 0.9387424833 0.6258283222 0.0838877980646 
0.656507615814 0.914349563113 0.609566375409 0.0715519000257 
0.668108738508 0.889584432534 0.593056288356 0.0645449290964 
0.671852063778 0.881720712163 0.587813808109 0.0566447561675 
0.67797263796 0.869664349848 0.579776233232 0.0488984686456 
0.675823420237 0.874643553991 0.583095702661 0.0436981933058 
0.672859132029 0.880324843364 0.586883228909 0.0393967460895 
0.665128143042 0.894867459005 0.596578306004 0.036904842568 
0.656015948809 0.911565359072 0.607710239381 0.0340973138637 
0.646028848744 0.930036296675 0.620024197784 0.031773908615 
0.635615338885 0.950667586711 0.633778391141 0.0313956925888 
0.626035215023 0.970659870362 0.647106580241 0.0305803606622 
0.616516813184 0.994969363113 0.663312908742 0.0330796657624 
0.611680093678 1.01014601137 0.673430674249 0.0355122407673 
0.60775873336 1.02456148287 0.683040988581 0.0354697303212 
0.604920423934 1.03729725169 0.691531501129 0.0350987874979 
0.603892396082 1.0445091185 0.696339412331 0.0336275182576 
0.6050044565 1.04377674011 0.695851160074 0.0295420547928 
0.605179640833 1.0472799841 0.69818665607 0.0283913221708 
0.605179640833 1.0472799841 0.69818665607 0.0283913221708 
0.60670552197 1.04477328058 0.696515520389 0.0258309198585 
0.608249896714 1.04176365015 0.694509100102 0.0238310384952 
0.608249896714 1.04176365015 0.694509100102 0.0238310384952 
0.608249896714 1.04176365015 0.694509100102 0.0238310384952 
0.611526089714 1.03036323615 0.686908824099 0.0175228893232 
0.612894548736 1.02652275768 0.684348505121 0.0144245023445 
0.614275265627 1.02231436697 0.681542911312 0.0111033028882 
0.616790023242 1.01272289558 0.675148597056 0.00764302791675 
0.616790023242 1.01272289558 0.675148597056 0.00764302791675 
0.617554112735 1.00915725834 0.672771505562 0.00789947240567 
0.619276957011 1.00127900423 0.667519336153 0.00794138353185 
0.619585003174 0.997873284379 0.665248856253 0.00982447808929 
0.620520412929 0.991876699874 0.661251133249 0.0102875824249 
0.620326852589 0.988635148753 0.659090099169 0.014709146501 
0.620634884608 0.983103399208 0.655402266139 0.0187426207069 
0.620754395261 0.977337595789 0.651558397193 0.0246356075333 
0.622739337196 0.964343146771 0.642895431181 0.033300961398 
0.113850943976 0.435871189138 0.290580792759 0.523598775598 
0.137993703301 0.430821670478 0.287214446985 0.523598775598 
0.158725494963 0.424093884235 0.282729256157 0.523598775598 
0.168743591439 0.430929681935 0.287286454623 0.523598775598 
0.162686140884 0.465618828507 0.310412552338 0.523598775598 
0.165773293299 0.481583833556 0.321055889037 0.523598775598 
0.17509113017 0.484146958164 0.322764638776 0.523598775598 
0.170577824734 0.505890897683 0.337260598455 0.523598775598 
0.177618683166 0.509955496855 0.339970331237 0.523598775598 
0.186083999112 0.51184277699 0.341228517993 0.523598775598 
0.192660729957 0.512531297663 0.341687531776 0.523598775598 
0.19766750439 0.515564680503 0.343709787002 0.523598775598 
0.220681275154 0.489769540514 0.326513027009 0.522783735214 
0.225485752147 0.490948953346 0.32729930223 0.523598775598 
0.242318279793 0.471730024867 0.314486683245 0.523598775598 
0.244398505683 0.474759716158 0.316506477439 0.523598775598 
0.244398505683 0.474759716158 0.316506477439 0.523598775598 
0.247585334749 0.475258440987 0.316838960658 0.523598775598 
0.247585334749 0.475258440987 0.316838960658 0.523598775598 
0.262928127967 0.448514983501 0.299009989001 0.523598775598 
0.252991110104 0.467019810759 0.311346540506 0.523598775598 
0.252991110104 0.467019810759 0.311346540506 0.523598775598 
0.246282760144 0.482201104118 0.321467402745 0.523598775598 
0.246282760144 0.482201104118 0.321467402745 0.523598775598 
0.252129297302 0.467767015437 0.311844676958 0.523598775598 
0.252129297302 0.467767015437 0.311844676958 0.523598775598 
0.252129297302 0.467767015437 0.311844676958 0.523598775598 
0.244476771114 0.481034440404 0.320689626936 0.523598775598 
0.244476771114 0.481034440404 0.320689626936 0.523598775598 
0.244476771114 0.481034440404 0.320689626936 0.523598775598 
0.252659171773 0.467626737056 0.311751158038 0.523598775598 
0.252659171773 0.467626737056 0.311751158038 0.523598775598 
0.252659171773 0.467626737056 0.311751158038 0.523598775598 
0.259889256175 0.452622271507 0.301748181004 0.523598775598 
0.259889256175 0.452622271507 0.301748181004 0.523598775598 
0.246487663971 0.470670676928 0.313780451285 0.523598775598 
0.235177721219 0.480376794418 0.320251196279 0.523598775598 
0.228528333118 0.473356015423 0.315570676949 0.523598775598 
0.220731519897 0.470028753894 0.313352502596 0.523598775598 
0.198478342415 0.478186483028 0.318790988685 0.523598775598 
0.177780028394 0.468886794646 0.312591196431 0.523598775598 
0.160246461121 0.459021720222 0.306014480148 0.522627715442 
0.151198843704 0.43612308219 0.29074872146 0.523598775598 
0.148833392926 0.401658867077 0.267772578051 0.523598775598 
0.134829870753 0.392336264654 0.261557509769 0.523598775598 
0.128328701082 0.374463783953 0.249642522635 0.523598775598 
0.115530518498 0.369767258344 0.246511505562 0.523598775598 
0.105063679834 0.365546965824 0.243697977216 0.523598775598 
0.0969313416669 0.361772413423 0.241181608948 0.523598775598 
0.0778928489094 0.384549075616 0.256366050411 0.523598775598 
0.0856095599361 0.363440978278 0.242293985519 0.523598775598 
0.0831402124704 0.362032075777 0.241354717184 0.523598775598 
0.081945922448 0.359611895704 0.239741263803 0.523598775598 
0.0876424235393 0.350184152293 0.233456101529 0.523598775598 
0.0949822601072 0.335350466419 0.223566977613 0.523598775598 
0.0949822601072 0.335350466419 0.223566977613 0.523598775598 
0.0949822601072 0.335350466419 0.223566977613 0.523598775598 
0.0949822601072 0.335350466419 0.223566977613 0.523598775598 
0.0903132125889 0.343532867694 0.229021911796 0.523598775598 
0.0903132125889 0.343532867694 0.229021911796 0.523598775598 
0.0888059117334 0.342635197725 0.22842346515 0.523598775598 
0.0949446820688 0.331671244918 0.221114163279 0.523598775598 
0.0949446820688 0.331671244918 0.221114163279 0.523598775598 
0.100915878683 0.31854564092 0.212363760613 0.523598775598 
0.100915878683 0.31854564092 0.212363760613 0.523598775598 
0.0902057393822 0.334631598191 0.223087732128 0.523598775598 
0.0848697499226 0.343467498946 0.228978332631 0.523598775598 
0.0848697499226 0.343467498946 0.228978332631 0.523598775598 
0.102419233321 0.311527469651 0.207684979767 0.523598775598 
0.100022049343 0.31199629671 0.20799753114 0.523598775598 
0.100022049343 0.31199629671 0.20799753114 0.523598775598 
0.103262985293 0.312017170912 0.208011447274 0.523598775598 
0.11075277635 0.300923647355 0.200615764903 0.523598775598 
0.113021693923 0.301660028572 0.201106685715 0.523598775598 
0.151617644324 0.246588891258 0.164392594172 0.523598775598 
0.177492249074 0.220786154367 0.147190769578 0.523598775598 
0.19738295522 0.211761857293 0.141174571529 0.523598775598 
0.256477205356 0.139512074177 0.0930080494511 0.523598775598 
0.311888093476 0.078207492551 0.0521383283673 0.523598775598 
0.344638915854 0.0382645074374 0.0255096716249 0.429079360386 
0.39788785722 2.01612132972e-17 1.34408088648e-17 0.302679341068 
0.477099388267 5.82335151237e-22 3.88223434158e-22 -0.131966286634 
0.563835907848 0.00477673237802 0.00318448825201 -0.0376722841891 
0.690040787741 2.64168202077e-19 1.76112134718e-19 -0.027842609738 
0.822440047141 0.195947768519 0.130631845679 -0.00807541532675 
0.910817777684 0.173625594859 0.115750396573 -0.00591537879279 
0.991248596935 0.152146693541 0.101431129027 -0.00470137847389 
1.03903820589 -3.5961438262e-17 -2.39742921747e-17 -0.00568681045408 
1.09783723087 -1.70094814705e-22 -1.13396543137e-22 -0.00321413413962 
1.16181921682 -2.87607383384e-22 -1.9173825559e-22 -0.00557464124439 
1.2074515664 -5.68010088265e-22 -3.78673392177e-22 -0.00379226843004 
1.24223133499 1.25703068287e-22 8.38020455244e-23 -0.00455557450796 
1.27139836332 3.58002294255e-22 2.3866819617e-22 -0.00478282868839 
1.30421901501 8.69969073258e-23 5.79979382172e-23 -0.00743080358703 
1.31811684867 -4.76248709667e-22 -3.17499139778e-22 -0.00798316370695 
1.32740905144 -3.24863919204e-22 -2.16575946136e-22 -0.00675303806128 
1.34304705354 2.91945606798e-23 1.94630404532e-23 -0.00923848681431 
1.35256321031 -8.067245165e-22 -5.37816344333e-22 -0.0100405053068 
1.35349892242 -5.26765472648e-22 -3.51176981765e-22 -0.0110016482866 
1.35349892242 -5.26765472648e-22 -3.51176981765e-22 -0.0110016482866 
1.34617289399 -1.7001172658e-22 -1.13341151053e-22 -0.0105109505159 
1.3503332736 3.8617758991e-23 2.57451726606e-23 -0.0127333439043 
1.3323395148 -2.92565187187e-22 -1.95043458125e-22 -0.00896146654494 
1.32778826173 1.78275508007e-22 1.18850338671e-22 -0.00798539194021 
1.32286329497 1.76351740867e-22 1.17567827245e-22 -0.00798219027296 
1.32808771959 -3.3045150593e-22 -2.20301003954e-22 -0.0109383037021 
1.33397627602 1.06768775735e-21 7.1179183823e-22 -0.0100382933479 
1.32929306309 5.36082900504e-24 3.57388600336e-24 -0.00892906997872 
1.32104790836 3.09065274812e-22 2.06043516541e-22 -0.00739833419623 
1.3114956235 -4.26145958811e-23 -2.84097305874e-23 -0.00631412941754 
1.31532553651 4.77733167676e-22 3.18488778451e-22 -0.00942882740136 
1.31198707829 -6.51975671709e-22 -4.34650447806e-22 -0.00606486241621 
1.31198707829 -6.51975671709e-22 -4.34650447806e-22 -0.00606486241621 
1.31198707829 -6.51975671709e-22 -4.34650447806e-22 -0.00606486241621 
1.30595227413 6.49203854823e-22 4.32802569882e-22 -0.00592726106858 
1.30595227413 6.49203854823e-22 4.32802569882e-22 -0.00592726106858 
1.29117529457 -8.34239612197e-22 -5.56159741465e-22 -0.00335254729206 
1.29117529457 -8.34239612197e-22 -5.56159741465e-22 -0.00335254729206 
1.29117529457 -8.34239612197e-22 -5.56159741465e-22 -0.00335254729206 
1.27616361794 -4.3934995343e-22 -2.92899968954e-22 -0.00678401056297 
1.25429687446 1.13420523465e-21 7.56136823098e-22 -0.00315035444962 
1.22292243459 -1.67401471246e-22 -1.1160098083e-22 0.00167170394311 
1.16314918991 2.79801612444e-18 1.86534408296e-18 0.00395371678085 
1.10388379648 -1.23599047663e-17 -8.23993651089e-18 0.00125122052556 
1.03545456773 0.011828614548 0.00788574303198 0.000392445962913 
0.918495199836 0.0352879260753 0.0235252840502 0.00309276757029 
0.817006066538 0.0564930126753 0.0376620084502 -0.00118634411159 
0.607109558016 -1.32272004399e-16 -8.81813362661e-17 -0.0122992484228 
0.451344423133 -2.24375185203e-16 -1.49583456802e-16 -0.258810715078 
0.395766533556 2.21914648738e-21 1.47943099159e-21 -0.472192702738 
0.338707250913 0.029398137321 0.019598758214 -0.523598775598 
0.256805909821 0.130866871066 0.0872445807106 -0.523598775598 
0.206350192539 0.192835758561 0.128557172374 -0.523598775598 
0.17886984219 0.22629758688 0.15086505792 -0.523598775598 
0.153730967905 0.258162979345 0.172108652897 -0.523598775598 
0.126464546465 0.295495694399 0.196997129599 -0.523598775598 
0.109158196639 0.317441061135 0.21162737409 -0.523598775598 
0.104860254704 0.317877133228 0.211918088818 -0.523598775598 
0.107829260587 0.317859427046 0.211906284698 -0.523598775598 
0.107829260587 0.317859427046 0.211906284698 -0.523598775598 
0.103982119359 0.31739388223 0.211595921487 -0.523598775598 
0.103982119359 0.31739388223 0.211595921487 -0.523598775598 
0.110257859458 0.317079768577 0.211386512385 -0.523598775598 
0.107974177829 0.315959574284 0.210639716189 -0.523598775598 
0.107974177829 0.315959574284 0.210639716189 -0.523598775598 
0.0997698258246 0.331792565569 0.221195043712 -0.523598775598 
0.0997698258246 0.331792565569 0.221195043712 -0.523598775598 
0.0997698258246 0.331792565569 0.221195043712 -0.523598775598 
0.0997698258246 0.331792565569 0.221195043712 -0.523598775598 
0.0893052906697 0.350953541199 0.233969027466 -0.523598775598 
0.10321505837 0.33204149955 0.2213609997 -0.523598775598 
0.113872221101 0.318218380334 0.212145586889 -0.523598775598 
0.103238702277 0.336291853468 0.224194568978 -0.523598775598 
0.108973545674 0.336090927844 0.224060618563 -0.523598775598 
0.124916831857 0.31036677762 0.20691118508 -0.523598775598 
0.139175982885 0.293690732262 0.195793821508 -0.523598775598 
0.155353579712 0.274331815528 0.182887877019 -0.523598775598 
0.201276734483 0.214944889783 0.143296593188 -0.523598775598 
0.229714329269 0.182546844423 0.121697896282 -0.523598775598 
0.267881240411 0.139652070723 0.0931013804819 -0.523598775598 
0.332425474361 0.0702998333776 0.0468665555851 -0.523598775598 
0.390269681436 0.0118546826088 0.00790312173922 -0.49247093992 
0.446975940206 -1.78574074403e-17 -1.19049382935e-17 -0.35540861721 
0.549176871233 1.1710800429e-21 7.80720028599e-22 -0.0743181003684 
0.711058015717 0.0556426675066 0.037095111671 -0.0110852720625 
0.856258356377 0.0289387212153 0.0192924808102 0.00173471927526 
0.986494936721 0.00248633331592 0.00165755554395 0.00822879287162 
1.11033099328 2.03976724869e-20 1.35984483246e-20 0.00604141962519 
1.17558171435 -1.42208140642e-23 -9.4805427095e-24 0.0116251028562 
1.24878215494 -1.35319460638e-22 -9.02129737584e-23 0.00552290376494 
1.2840502458 -1.39355392868e-22 -9.29035952454e-23 0.00768718089939 
1.3096919985 -4.8837418319e-22 -3.25582788793e-22 0.00798702243613 
1.33054260212 1.17377968746e-21 7.82519791637e-22 0.00659980606602 
1.35308378807 -4.36093857164e-22 -2.9072923811e-22 0.00503076050854 
1.3624213118 4.61673572598e-22 3.07782381732e-22 0.00483277822095 
1.36591446682 7.00417332024e-22 4.66944888016e-22 0.00554690790844 
1.36609751244 -4.63495180727e-22 -3.08996787151e-22 0.00617644657359 
1.37360658065 4.04591750072e-22 2.69727833381e-22 0.0036635568817 
1.37331361643 -5.99379262846e-22 -3.99586175231e-22 0.00492843036611 
1.37200522102 1.52980182246e-22 1.01986788164e-22 0.00559040965263 
1.36442193755 3.5279441045e-22 2.35196273633e-22 0.00696559798207 
1.35430400889 3.14948569616e-22 2.09965713078e-22 0.0081021697754 
1.35827093702 -5.50334523976e-22 -3.66889682651e-22 0.00702502148235 
1.35827093702 -5.50334523976e-22 -3.66889682651e-22 0.00702502148235 
1.35545823322 7.75380091191e-22 5.16920060794e-22 0.00843911995968 
1.35090695325 -1.26106324564e-22 -8.40708830427e-23 0.00906467701307 
1.34269018776 1.15354230453e-21 7.69028203022e-22 0.00991215703188 
1.33715635042 1.02874093358e-21 6.85827289055e-22 0.0108298721769 
1.32896644631 -4.85979815072e-22 -3.23986543381e-22 0.0128445936248 
1.31174025682 5.44440737178e-22 3.62960491452e-22 0.0147483199939 
1.28829082925 1.24772141169e-23 8.31814274461e-24 0.0165982253152 
1.25164534589 -5.78335777362e-22 -3.85557184908e-22 0.0206813016481 
1.21784664412 -3.4882834026e-22 -2.3255222684e-22 0.0233675936581 
1.17478065785 9.59014523382e-22 6.39343015588e-22 0.0254812066444 
1.11232079556 -1.35525271561e-20 -9.03501810405e-21 0.0333637836636 
1.02597199339 0.00662866049004 0.00441910699336 0.0467866144737 
0.951087272438 0.0158718267176 0.0105812178117 0.052338299663 
0.850014572575 0.0367488291786 0.0244992194524 0.0657486264838 
0.763384027892 0.393842927181 0.262561951454 0.090929523772 
0.749532321355 0.687048104983 0.458032069989 0.0782434931406 
0.703155520952 0.858705519119 0.572470346079 0.0854981193133 
0.639187055571 0.98951196339 0.65967464226 0.0836682890062 
0.560393778778 1.07341777705 0.715611851369 0.0747318584776 
0.49018106671 1.14706824106 0.764712160708 0.0609264337555 
0.421711345527 1.20949060621 0.806327070807 0.0382130932945 
0.357008540007 1.2612690645 0.840846042998 0.0135835575272 
0.310163873525 1.29523582128 0.863490547522 -0.00545349308805 
0.361578197124 1.32288409948 0.881922732988 -0.00784252098479 
0.524639307494 1.33765407225 0.8917693815 0.00527510601109 
0.5869605993 1.34918384699 0.899455897992 0.0124884582783 
0.626652109445 1.35580956324 0.903873042161 0.0166529729043 
0.654067313478 1.35874969834 0.905833132227 0.01843119315 
0.670254132672 1.36061280162 0.90707520108 0.0184888867489 
0.686067585182 1.36305112653 0.90870075102 0.0198074496614 
0.701714441344 1.36385817356 0.909238782376 0.0197617734488 
0.714681277179 1.36094719855 0.907298132368 0.0171719992597 
0.723154918224 1.36097680291 0.907317868609 0.0173304413444 
0.730832774755 1.36109653931 0.907397692875 0.017728573282 
0.730909196945 1.36271228558 0.908474857053 0.0181085050945 
0.734189052564 1.36271827954 0.908478853027 0.0178106099225 
0.739431066354 1.36244027566 0.908293517107 0.0180212428612 
0.74690596723 1.36003816834 0.906692112225 0.0170710124771 
0.750675781117 1.36020648169 0.906804321127 0.0172204004783 
0.758648829083 1.35966934189 0.906446227928 0.0179308219977 
0.76087799571 1.36145403273 0.907636021822 0.0191591579465 
0.770260184813 1.35829612884 0.905530752561 0.0178774248762 
0.774632526057 1.3583358677 0.905557245134 0.0182394149967 
0.776521773472 1.35968304786 0.906455365239 0.0185037755442 
0.783275913485 1.35762871331 0.905085808872 0.0175906203707 
0.777222346775 1.3579611238 0.905307415863 0.017480840193 
0.757231235146 1.35602201903 0.904014679352 0.0158559926816 
0.717975134917 1.34701264571 0.898008430475 0.00982008562917 
0.619237885234 1.31632439188 0.877549594585 -0.00468356248559 
0.338844661748 1.26766573599 0.84511049066 -0.0292480801074 
0.402549202503 1.21923896097 0.812825973981 -0.01656806671 
0.49644457787 1.1399834456 0.759988963733 -0.00140497728892 
0.603538534565 1.03111217401 0.687408116007 0.0186292651836 
0.691302316058 0.906346307311 0.604230871541 0.0305424344529 
0.750854085731 0.750953106978 0.500635404652 0.0359178582357 
0.760768935133 0.392050109808 0.261366739872 0.0444541198199 
0.86201362088 0.121531762094 0.0810211747295 0.0501185692899 
0.962458793792 0.0965656154718 0.0643770769812 0.0325277503362 
1.02782141268 -2.33613929443e-17 -1.55742619629e-17 0.0285278234788 
1.09444744995 1.04002577964e-22 6.93350519759e-23 0.0108763091138 
1.12939907157 1.18500754039e-22 7.90005026929e-23 0.0107123536212 
1.163011501 4.66426104312e-22 3.10950736208e-22 0.00612937121554 
1.19331639547 -6.86111760566e-22 -4.57407840377e-22 0.0031169470602 
1.21561285563 1.11498281308e-23 7.43321875389e-24 0.000947573261932 
1.23490947125 1.52464330424e-22 1.01642886949e-22 -0.000631296471274 
1.24443265319 1.20211177152e-22 8.01407847677e-23 0.000267252818076 
1.24915146487 2.52155281159e-22 1.68103520773e-22 1.24013829656e-05 
1.2535563674 -2.90939668275e-22 -1.9395977885e-22 0.00164829844909 
1.24648794088 -3.36951163543e-22 -2.24634109029e-22 0.00534682515897 
1.2513834228 2.41829030967e-22 1.61219353978e-22 0.00644177494944 
1.26490199746 2.75514541181e-22 1.83676360787e-22 0.00373377203514 
1.26014052974 5.73505054832e-22 3.82336703221e-22 0.00625439896965 
1.24895167778 2.72049666322e-22 1.81366444215e-22 0.00822174323707 
1.24895167778 2.72049666322e-22 1.81366444215e-22 0.00822174323707 
1.24752745194 -4.23049305487e-23 -2.82032870325e-23 0.0100527430796 
1.23792005758 7.27965479457e-22 4.85310319638e-22 0.0121532404624 
1.22628886787 2.89494785436e-22 1.92996523624e-22 0.0133172943384 
1.21140252274 -1.8889872787e-22 -1.25932485247e-22 0.0175596297613 
1.20214252228 -1.29548333431e-22 -8.63655556205e-23 0.0149277511287 
1.17835495322 -1.25722126518e-22 -8.38147510117e-23 0.0182445622473 
1.16250730106 2.72823147687e-22 1.81882098458e-22 0.0139004167445 
1.1367229092 4.09507060564e-19 2.73004707043e-19 0.0171450260876 
1.10259710431 -2.94590803542e-18 -1.96393869028e-18 0.0173869570251 
1.05809509552 -1.54782473179e-17 -1.03188315453e-17 0.0219689318361 
1.01182207187 0.00865837575091 0.00577225050061 0.0261749344451 
0.935124524424 0.0246571386285 0.016438092419 0.0379103664371 
0.868455822727 0.03993427227 0.02662284818 0.0474964830234 
0.803422344458 0.0540333423537 0.0360222282358 0.0538194074401 
0.695953884007 -2.73923084835e-16 -1.8261538989e-16 0.08659941454 
0.591848641991 1.03787483918e-17 6.91916559451e-18 0.154628824451 
0.508771407038 -1.34618113985e-18 -8.97454093233e-19 0.324608761881 
0.451977846564 1.1128796187e-16 7.41919745801e-17 0.520418124093 
0.368424479656 0.069931691969 0.0466211279793 0.523598775598 
0.291034999536 0.146726509309 0.0978176728725 0.523598775598 
0.226505140507 0.210142511858 0.140095007905 0.523598775598 
0.179151309585 0.256965557951 0.171310371967 0.523598775598 
0.135533077037 0.30531070324 0.203540468827 0.523598775598 
0.101905505441 0.341440684328 0.227627122885 0.523598775598 
0.0928468936747 0.3390858073 0.226057204867 0.523598775598 
0.072077554997 0.365684981631 0.243789987754 0.523598775598 
0.0678688466813 0.364346361688 0.242897574459 0.523598775598 
0.05400764099 0.383820727579 0.255880485053 0.523598775598 
0.05400764099 0.383820727579 0.255880485053 0.523598775598 
0.0331082490394 0.41227329034 0.274848860227 0.523598775598 
0.0481038885779 0.386695200398 0.257796800266 0.523598775598 
0.0481038885779 0.386695200398 0.257796800266 0.523598775598 
0.0481038885779 0.386695200398 0.257796800266 0.523598775598 
0.0457716928177 0.385596606247 0.257064404165 0.523598775598 
0.0346321300312 0.401799209443 0.267866139629 0.523598775598 
0.0466944172299 0.381643792261 0.25442919484 0.523598775598 
0.0466944172299 0.381643792261 0.25442919484 0.523598775598 
0.0620489611742 0.36252494706 0.24168329804 0.523598775598 
0.0646117394713 0.362668236957 0.241778824638 0.523598775598 
0.0743248455335 0.345058202313 0.230038801542 0.523598775598 
0.084496791445 0.328729044076 0.219152696051 0.523598775598 
0.084496791445 0.328729044076 0.219152696051 0.523598775598 
0.084496791445 0.328729044076 0.219152696051 0.523598775598 
0.084496791445 0.328729044076 0.219152696051 0.523598775598 
0.0726571134454 0.348428199955 0.232285466637 0.523598775598 
0.0726571134454 0.348428199955 0.232285466637 0.523598775598 
0.0858358101064 0.327217797332 0.218145198221 0.523598775598 
0.0858358101064 0.327217797332 0.218145198221 0.523598775598 
0.0985376131137 0.308618346975 0.20574556465 0.523598775598 
0.100050769302 0.311391224562 0.207594149708 0.523598775598 
0.112542773724 0.297620996141 0.198413997427 0.523598775598 
0.136121805866 0.266222082967 0.177481388645 0.523598775598 
0.128699811367 0.285138650376 0.190092433584 0.523598775598 
0.133595076733 0.286216619572 0.190811079715 0.523598775598 
