0.0 0.0 0.0 0.0 
1.8277075352e-21 0.79530783537 0.53020522358 -0.0477121810095 
1.8277075352e-21 0.79530783537 0.53020522358 -0.0477121810095 
-3.78238234002e-22 0.778529883664 0.519019922443 -0.0481804603277 
-3.78238234002e-22 0.778529883664 0.519019922443 -0.0481804603277 
-3.78238234002e-22 0.778529883664 0.519019922443 -0.0481804603277 
-2.83211371753e-21 0.792501650049 0.528334433366 -0.048822176407 
-2.83211371753e-21 0.792501650049 0.528334433366 -0.048822176407 
-2.83211371753e-21 0.792501650049 0.528334433366 -0.048822176407 
-2.83211371753e-21 0.792501650049 0.528334433366 -0.048822176407 
1.65396041393e-21 0.769362113741 0.512908075827 -0.0460689339887 
1.65396041393e-21 0.769362113741 0.512908075827 -0.0460689339887 
4.86865115462e-21 0.777385802105 0.518257201403 -0.0195078491192 
5.17918162004e-21 0.777699822089 0.518466548059 0.005769208754 
1.18565809988e-18 0.769882898337 0.513255265558 0.052898573095 
0.0615303722242 0.820736907455 0.547157938303 0.0544323618224 
0.119875823272 0.8645422967 0.576361531133 0.0524804188584 
0.163383251385 0.89250000917 0.595000006113 0.0506214159066 
0.188164993384 0.906270777652 0.604180518435 0.0481551567696 
0.20467143858 0.909151052845 0.606100701896 0.0471420269537 
0.207354592164 0.905532001906 0.60368800127 0.0456467691301 
0.219858369311 0.908476852447 0.605651234965 0.0429449142669 
0.222000003309 0.905027792638 0.603351861759 0.0416561598574 
0.227823929989 0.893336264848 0.595557509899 0.0373256581649 
0.228689163676 0.890961826823 0.593974551215 0.0374075703372 
0.219495796429 0.881729192806 0.587819461871 0.0362418120922 
0.221660622661 0.87739012745 0.584926751633 0.0355296736676 
0.221660622661 0.87739012745 0.584926751633 0.0355296736676 
0.212375835746 0.868875955352 0.579250636902 0.0374651841404 
0.211251399979 0.872427031547 0.581618021031 0.0424669628579 
0.198765817508 0.870221020037 0.580147346691 0.0418189976074 
0.183865059253 0.85683787679 0.571225251193 0.0404494102673 
0.168525046004 0.839767656447 0.559845104298 0.0395508035574 
0.15703558225 0.830549027985 0.55369935199 0.0400119122891 
0.149576417657 0.820580657241 0.547053771494 0.0438434146639 
0.13490884919 0.811772176792 0.541181451195 0.0440323463925 
0.121076548562 0.784812924837 0.523208616558 0.0464678419828 
0.110125456276 0.767572023172 0.511714682115 0.047213160905 
0.105677449461 0.74657408194 0.497716054627 0.0519212647449 
0.0989330733099 0.728852271706 0.48590151447 0.0574289075788 
0.0976263582683 0.730919070254 0.48727938017 0.0602868741756 
0.0987267142051 0.729980733468 0.486653822312 0.0611277428542 
0.0937059537273 0.709020317477 0.472680211651 0.0697180911847 
0.0944234393663 0.675331364015 0.450220909343 0.0766684894683 
0.115200253758 0.665635548527 0.443757032351 0.0792557386074 
0.150901023274 0.646737500246 0.431158333498 0.0814468224645 
0.214637988387 0.664440083391 0.442960055594 0.0767822163369 
0.278053217792 0.660290206767 0.440193471178 0.073633181972 
0.365219533253 0.670203726944 0.44680248463 0.0666908497452 
0.464762846156 0.701072444447 0.467381629631 0.0615819533994 
0.56776522406 0.703747822368 0.469165214912 0.0578525365617 
0.62590375114 0.645757899197 0.430505266131 0.0614605699419 
0.690575921139 0.591841017267 0.394560678178 0.0664908106235 
0.745356968453 0.55016762962 0.366778419747 0.0687952678601 
0.804048260034 0.505878137359 0.337252091573 0.0724100443816 
0.784746657136 0.303788873967 0.202525915978 0.101728475227 
0.848078912399 0.27984429431 0.186562862873 0.0993694592421 
0.888051635845 0.107447670798 0.0716317805317 0.118648577357 
0.971799989901 0.0801950828106 0.0534633885404 0.11198841865 
1.03141478534 -2.75572014593e-18 -1.83714676395e-18 0.118853459697 
1.09673086001 5.98294115995e-22 3.98862743997e-22 0.112062518538 
1.15689854006 -1.0636106211e-22 -7.09073747403e-23 0.0895108946229 
1.2167699715 3.05990331073e-22 2.03993554048e-22 0.0792764574022 
1.26397802167 -9.15134366795e-22 -6.10089577863e-22 0.0721756485349 
1.30329962336 -8.2455778637e-22 -5.49705190914e-22 0.0673270554632 
1.33449318638 7.59542313812e-22 5.06361542542e-22 0.0657322435103 
1.35912245796 1.77064164932e-21 1.18042776621e-21 0.0618500269402 
1.37510429428 6.68398539398e-22 4.45599026265e-22 0.0612601933069 
1.38806674923 -3.5518644618e-22 -2.3679096412e-22 0.0588971102756 
1.394575497 2.06974217463e-22 1.37982811642e-22 0.0574034132929 
1.40058825101 -2.79822555964e-22 -1.86548370643e-22 0.0582166036147 
1.40556728934 4.80525324504e-22 3.20350216336e-22 0.0555280816103 
1.40556728934 4.80525324504e-22 3.20350216336e-22 0.0555280816103 
1.41167162333 8.36769203758e-22 5.57846135838e-22 0.0536638830373 
1.42083678376 -6.64611759478e-23 -4.43074506319e-23 0.050062954784 
1.41826402998 8.76707885081e-22 5.84471923388e-22 0.0508540310175 
1.41826402998 8.76707885081e-22 5.84471923388e-22 0.0508540310175 
1.40943779813 -1.67712504069e-22 -1.11808336046e-22 0.0560382571191 
1.40331220489 -5.82271812657e-22 -3.88181208438e-22 0.0584281371905 
1.40968121117 -2.9738542356e-24 -1.9825694904e-24 0.0540717888187 
1.40681426012 6.65878882479e-22 4.43919254986e-22 0.0526485213241 
1.40658606633 -1.02402120536e-22 -6.8268080357e-23 0.0517596030198 
1.40121695666 1.12485509096e-21 7.49903393974e-22 0.0491069483831 
1.40121695666 1.12485509096e-21 7.49903393974e-22 0.0491069483831 
1.39536301975 1.76043985746e-21 1.17362657164e-21 0.0526436682394 
1.39152617586 1.83292891915e-22 1.22195261277e-22 0.0542573039394 
1.39110898442 1.02882497764e-21 6.85883318424e-22 0.05319888633 
1.39434012116 -8.25042102475e-22 -5.50028068317e-22 0.0501667077889 
1.38584112966 2.46906437164e-22 1.64604291443e-22 0.0539521672497 
1.38530054394 1.75918543151e-21 1.17279028767e-21 0.0556905028327 
1.38753408643 -1.505405999e-22 -1.00360399933e-22 0.0537102826734 
1.39198625368 -1.54735406948e-21 -1.03156937965e-21 0.0528199576672 
1.39595818925 -1.0323392807e-21 -6.88226187136e-22 0.0507902648294 
1.39614334776 7.19196477185e-22 4.79464318123e-22 0.0492129204808 
1.39200144032 -9.39457750843e-23 -6.26305167229e-23 0.0500485017448 
1.38793429666 7.02116236512e-22 4.68077491008e-22 0.048972162159 
1.38339128512 -9.21305857935e-22 -6.1420390529e-22 0.0515506068358 
1.38288250748 8.97663384448e-22 5.98442256299e-22 0.0535417389283 
1.38369070189 -4.07057297673e-22 -2.71371531782e-22 0.0551985906659 
1.38315518734 1.54834234334e-22 1.03222822889e-22 0.0536510880996 
1.38791880851 -6.08597574221e-22 -4.05731716147e-22 0.0501442139952 
1.38791880851 -6.08597574221e-22 -4.05731716147e-22 0.0501442139952 
1.38065809205 -6.80608739083e-23 -4.53739159389e-23 0.0523694635754 
1.37653990242 -6.70108533662e-23 -4.46739022441e-23 0.0511502886113 
1.36555715338 -8.08629032372e-22 -5.39086021581e-22 0.0545151647674 
1.33157723143 1.24268332083e-21 8.28455547221e-22 0.0616895778764 
1.29578816447 -5.9902963268e-22 -3.99353088453e-22 0.0654249004979 
1.24676741226 -7.96401805576e-22 -5.30934537051e-22 0.0679628417319 
1.16964534663 1.16202256603e-18 7.74681710683e-19 0.0751534092596 
1.09636416351 7.96354429596e-18 5.30902953064e-18 0.079168811043 
1.01151423243 -4.62299946203e-18 -3.08199964135e-18 0.0838640136164 
0.885296275947 0.0290904607505 0.0193936405004 0.0870092534637 
0.783717994411 0.341848617535 0.227899078356 0.0464455296888 
0.614171969334 0.40829693503 0.272197956687 0.0361038483208 
0.426187632837 0.308921926178 0.205947950785 0.0436028068062 
0.276302076698 0.172920410207 0.115280273471 -0.0251122645102 
0.178158446371 0.0714657614541 0.0476438409694 -0.036491928221 
0.10574087385 0.0254804305431 0.0169869536954 -0.013202830086 
0.0492377991941 0.0366728733706 0.0244485822471 -0.00684079407681 
0.015072280484 0.00757236647697 0.00504824431798 -0.00365348601062 
-2.53744373312e-18 1.04187359812e-19 6.94582398745e-20 0.000446400634192 
1.25892294237e-20 7.06955320901e-22 4.71303547268e-22 0.00364155158602 
1.25892294237e-20 7.06955320901e-22 4.71303547268e-22 0.00364155158602 
1.25892294237e-20 7.06955320901e-22 4.71303547268e-22 0.00364155158602 
1.25892294237e-20 7.06955320901e-22 4.71303547268e-22 0.00364155158602 
1.25892294237e-20 7.06955320901e-22 4.71303547268e-22 0.00364155158602 
1.25892294237e-20 7.06955320901e-22 4.71303547268e-22 0.00364155158602 
6.10934427238e-21 0.00181689882449 0.00121126588299 -0.00270025346244 
7.47832895661e-21 2.16840434497e-19 1.44560289665e-19 -0.00220728378083 
7.69705080777e-21 1.01037523189e-21 6.73583487925e-22 0.000800085028883 
-3.03189391352e-21 1.65151598664e-22 1.10101065776e-22 -0.00159164796473 
-3.03189391352e-21 1.65151598664e-22 1.10101065776e-22 -0.00159164796473 
-3.03189391352e-21 1.65151598664e-22 1.10101065776e-22 -0.00159164796473 
-3.03189391352e-21 1.65151598664e-22 1.10101065776e-22 -0.00159164796473 
-3.03189391352e-21 1.65151598664e-22 1.10101065776e-22 -0.00159164796473 
0.00700781188027 -9.1606874006e-22 -6.10712493373e-22 -0.00444460469407 
0.0240879851629 3.82270027957e-23 2.54846685305e-23 -0.00523385637722 
0.0784353874909 1.11650720064e-21 7.44338133763e-22 -0.00920483012796 
0.137761340086 -1.77283427255e-21 -1.18188951503e-21 -0.0186099175495 
0.19516596984 7.34023831349e-22 4.89349220899e-22 -0.0350363316903 
0.267724262038 8.2690789204e-23 5.51271928027e-23 -0.0829763097229 
0.364323528046 9.14560271645e-07 6.09706847763e-07 -0.202706658957 
0.435607252937 -1.89646857434e-22 -1.26431238289e-22 -0.0594031418894 
0.525976894502 0.0 0.0 0.0789662856533 
0.60566809522 2.77622463233e-22 1.85081642155e-22 0.065845828089 
0.673772748518 -5.60313994629e-24 -3.73542663086e-24 0.0611589299973 
0.741569640121 1.79291922782e-07 1.19527948521e-07 0.0456733307301 
0.801347761262 3.30872245021e-24 2.20581496681e-24 0.0415888643658 
0.848054053405 2.02040866624e-07 1.34693911083e-07 0.0385621892037 
0.895385577156 4.58071354254e-07 3.05380902836e-07 0.0392480026462 
0.942517494953 7.05256126206e-08 4.70170750804e-08 0.0351743299903 
0.99536166653 2.35593696333e-22 1.57062464222e-22 0.0254201667787 
1.03858413573 8.92972835541e-23 5.95315223694e-23 0.0227697283027 
1.07467628419 5.96540028893e-24 3.97693352595e-24 0.0211758911854 
1.11261683154 -4.10500314827e-23 -2.73666876551e-23 0.0172805223733 
1.14957836637 1.23968223243e-22 8.2645482162e-23 0.0147120422261 
1.19498393607 1.31479422708e-22 8.76529484721e-23 0.0107395504112 
1.23270247412 -1.72540358642e-23 -1.15026905761e-23 0.00560311025376 
1.26023389324 -6.93274196062e-22 -4.62182797374e-22 0.00938086845507 
1.29884738195 -2.19432989512e-22 -1.46288659675e-22 0.00716314811344 
1.32812248936 7.24312376627e-22 4.82874917751e-22 0.00437329634842 
1.35030194163 -5.10211993534e-22 -3.40141329023e-22 0.00392274997432 
1.37351577399 -8.14809597366e-23 -5.43206398244e-23 0.0044796565423 
1.38871145388 7.83266556984e-22 5.22177704656e-22 0.00607478443357 
1.40439158366 -3.48210097484e-22 -2.3214006499e-22 0.00562305112417 
1.41934866226 2.78877662345e-22 1.85918441563e-22 0.00309753557582 
1.43122414187 -1.17320479711e-21 -7.82136531409e-22 0.00133851470263 
1.43404964996 -2.31053811633e-22 -1.54035874422e-22 0.00117659480909 
1.43919098474 1.05272642141e-21 7.01817614272e-22 -0.000281533324278 
1.44280237534 -5.57820311927e-22 -3.71880207951e-22 -0.00109865499724 
1.4375024358 6.09054696859e-23 4.06036464573e-23 0.000473656560673 
1.43801331893 5.69305150654e-22 3.79536767103e-22 0.000842450431933 
1.43927589944 7.98432817308e-22 5.32288544872e-22 -4.21994727243e-06 
1.44203279745 -1.18369874484e-22 -7.89132496557e-23 -0.00312980913379 
1.44394964411 2.36293033466e-22 1.57528688977e-22 -0.00266696007735 
1.44135618142 -8.46084463396e-22 -5.64056308931e-22 -0.00128012212412 
1.44861781253 -9.7483479504e-23 -6.4988986336e-23 -0.00472371994329 
1.4459790775 0.000401199844172 0.000267466562781 -0.00367161033221 
1.44103934727 -8.0765984422e-21 -5.38439896147e-21 0.000706021147051 
1.44526857284 -1.01961506227e-22 -6.79743374846e-23 -0.00101545110273 
1.44181959875 -2.26450825599e-22 -1.50967217066e-22 -0.000513867127905 
1.44005020892 -9.16807097774e-22 -6.1120473185e-22 -0.002276507149 
1.43682962255 -4.15927942377e-22 -2.77285294918e-22 -0.00175223844573 
1.43000612253 4.97576512162e-23 3.31717674775e-23 0.000149126633971 
1.4253434843 1.73853040416e-21 1.15902026944e-21 0.00181661561179 
1.42689643134 1.13533864832e-22 7.5689243221e-23 0.00104879848854 
1.42550475336 6.64856553979e-22 4.43237702653e-22 0.00237647583032 
1.4162708556 1.56243403045e-22 1.04162268697e-22 0.00543571233083 
1.40227734553 -1.10955188604e-21 -7.3970125736e-22 0.00782329998279 
1.39316482294 -8.90346689007e-22 -5.93564459338e-22 0.0096704767192 
1.38503148502 3.22675189839e-22 2.15116793226e-22 0.0103544446612 
1.35703694371 8.12652302852e-20 5.41768201901e-20 0.0103873928266 
1.33141374023 -1.5913590033e-18 -1.0609060022e-18 0.011775537138 
1.3049790081 -1.87298847704e-19 -1.24865898469e-19 0.0144064958747 
1.27705700397 6.81060895639e-18 4.54040597092e-18 0.01422752485 
1.25178603603 -1.65515537961e-18 -1.10343691974e-18 0.0104980356755 
1.22807126843 1.19211611554e-19 7.94744077025e-20 0.0100461714039 
1.19879597685 0.00661985225937 0.00441323483958 0.006480980476 
1.20427388477 0.136326501429 0.0908843342858 0.00724925783526 
1.18837742366 0.192618817877 0.128412545251 0.00963317572667 
1.16282545797 0.229902353653 0.153268235769 0.012105441692 
1.14486809958 0.272204671352 0.181469780901 0.0129268024064 
1.132463686 0.315357736413 0.210238490942 0.0109117898425 
1.13407627151 0.38172446763 0.25448297842 0.00809378302493 
1.12707679283 0.42432774896 0.282885165973 0.0100264711317 
1.10272558531 0.438469941894 0.292313294596 0.0113646403619 
1.1427941818 0.542999185222 0.361999456815 0.0115753369189 
1.18975939411 0.617496328978 0.411664219318 0.0137248235915 
1.17282275116 0.637557223306 0.425038148871 0.0135197264586 
1.204965733 0.695912060052 0.463941373368 0.017826318495 
1.211365252 0.742014873666 0.494676582444 0.0212547970158 
1.24252937899 0.790487154116 0.526991436077 0.0242974733547 
1.27584590102 0.842977074086 0.561984716057 0.0301280759701 
1.30831232432 0.886619932207 0.591079954805 0.0357844948965 
1.31747691616 0.921402864678 0.614268576452 0.0418500545637 
1.33044377853 0.954952522526 0.636635015017 0.04967857915 
1.36180178039 0.97831482747 0.65220988498 0.0593005359569 
1.35947606575 0.996791094724 0.664527396483 0.0647593062436 
1.36999413232 1.01350528197 0.675670187979 0.072058735852 
1.38536021718 1.02332494267 0.682216628447 0.0788975291305 
1.38465920323 1.03182870075 0.687885800501 0.0813907032946 
1.38409182058 1.03798189866 0.691987932442 0.0857902445286 
1.40204857226 1.04027520171 0.693516801143 0.0900783709291 
1.40203147423 1.04330668104 0.695537787362 0.0906102483294 
1.40170782712 1.0466227548 0.697748503197 0.0917696134286 
1.39985280066 1.04845465631 0.698969770873 0.0951386865414 
1.39953782382 1.05014802955 0.700098686364 0.0951096444228 
1.3968854462 1.05110804575 0.700738697164 0.0968772026906 
1.39701616645 1.05042810064 0.700285400429 0.096186467211 
1.39688535543 1.05112506629 0.700750044193 0.0963668263123 
1.38382685779 1.05232428554 0.701549523692 0.095620824197 
1.37082485187 1.05096342167 0.70064228111 0.0943201860717 
1.34883075214 1.05063232943 0.700421552956 0.0919149961839 
1.31981305149 1.0510275237 0.700685015801 0.0913462560062 
1.28712102486 1.05043283062 0.700288553746 0.0887454330746 
1.24894889283 1.05034987586 0.700233250571 0.0864958488596 
1.20584147868 1.04923702323 0.699491348821 0.0825046016305 
1.15337089028 1.04638342784 0.69758895189 0.0775076364904 
1.09624765582 1.03825189744 0.692167931623 0.0713425093795 
0.994854005922 1.0260052752 0.684003516801 0.0606062554364 
0.286499086401 0.796874735403 0.531249823602 0.0445986199529 
0.365510941144 0.848637108242 0.565758072161 0.0448848566504 
0.446920761144 0.891506391542 0.594337594361 0.0501535662521 
0.51436762568 0.918984448924 0.612656299283 0.0560665339264 
0.557514967425 0.95355001989 0.63570001326 0.0682567274527 
0.553865783094 0.969090112054 0.646060074703 0.0799315104369 
0.552150902783 0.980670332455 0.653780221637 0.0894052942344 
0.549000604991 1.00054698945 0.667031326298 0.102597666474 
0.544803393788 1.02814129924 0.685427532828 0.120272077368 
0.540593226609 1.05819748937 0.705464992913 0.144255989581 
0.533979480437 1.08336886127 0.722245907516 0.16737411746 
0.474076141595 1.11417939439 0.742786262924 0.186193161928 
0.472206272206 1.14231196173 0.761541307821 0.200154791105 
0.416798126324 1.16730049765 0.778200331769 0.210559752975 
0.411858286608 1.19969403417 0.799796022778 0.214105247416 
0.354922439939 1.23141141469 0.820940943126 0.213761891707 
0.352319039996 1.26162623792 0.841084158615 0.208335047251 
0.274486428992 1.30316974226 0.868779828173 0.185697911888 
0.21691832922 1.3432197635 0.895479842333 0.160442223993 
0.149431596056 1.37921868797 0.919479125312 0.128308868281 
0.0536108128085 1.41564731811 0.94376487874 0.0844561895091 
-2.3486529329e-17 1.44446944616 0.962979630774 0.0464869847186 
2.73319121443e-21 1.47221071277 0.981473808516 0.0185789448605 
2.39959053643e-21 1.49940756269 0.999605041796 -0.00842292423115 
2.99783311863e-21 1.51960202813 1.01306801875 -0.0305640689951 
-5.81887517148e-23 1.54035830957 1.02690553971 -0.0472904854856 
3.62740134942e-22 1.55703677186 1.03802451457 -0.0639290620816 
0.00354752657366 1.57182586867 1.04788391244 -0.0758507359032 
0.783511034766 1.52873929148 1.01915952766 0.187314477707 
0.807963551003 1.53884969335 1.02589979557 0.175692791685 
0.828566680628 1.54680205097 1.03120136731 0.165988799047 
0.845389803269 1.55278280738 1.03518853825 0.156866140162 
0.850978639081 1.56066629724 1.04044419816 0.127105164871 
0.862030192715 1.56461994423 1.04307996282 0.121928552614 
0.869992406389 1.56798379556 1.04532253037 0.116402637061 
0.869543130276 1.57269687243 1.04846458162 0.0919223878998 
0.874640913296 1.57437600386 1.04958400257 0.0894880655161 
0.878017885688 1.57518652683 1.05012435122 0.0863924245455 
0.878126607853 1.5757749582 1.0505166388 0.0863321154434 
0.878286153299 1.57672568199 1.05115045466 0.0862509618152 
0.878163823745 1.57607762344 1.05071841563 0.0861754776302 
0.86776846352 1.57545508109 1.05030338739 0.087079879437 
0.854295553851 1.57321473332 1.04880982221 0.0898500399898 
0.834073867429 1.57078562377 1.04719041585 0.0967820117643 
0.808446081118 1.5648761079 1.0432507386 0.110732436516 
0.791526438092 1.55084458801 1.03389639201 0.156152630777 
0.75808200551 1.53385334825 1.02256889884 0.175411706801 
0.726117548317 1.51176119467 1.00784079644 0.194449960912 
0.656419100589 1.49783146154 0.998554307695 0.171477943888 
0.564894690962 1.48850322708 0.992335484721 0.131742488934 
-2.50195712605e-15 1.4890749449 0.99271662993 -0.0122437088912 
2.41400499426e-21 1.46048112593 0.973654083954 0.00851952086005 
1.04001415742e-06 1.42320535529 0.948803570195 0.0306378303008 
0.186224908127 1.36593127637 0.910620850913 0.0868535502734 
0.305977406054 1.29911169939 0.866074466261 0.133039271335 
0.401451852419 1.22569897178 0.817132647853 0.159407003806 
0.481932229067 1.15174309115 0.76782872743 0.16473024263 
0.550143099216 1.08299963257 0.721999755049 0.158658483018 
0.607602555427 1.02214248913 0.681428326086 0.145600796581 
0.662014111726 0.958756117256 0.639170744837 0.124990587492 
0.68082653961 0.897106512847 0.598071008565 0.110548912766 
0.704740968414 0.842979841894 0.561986561263 0.0952583157715 
0.726727094597 0.802788950849 0.535192633899 0.0799907674376 
0.74701645963 0.76820080034 0.512133866894 0.0680682570531 
0.768090362331 0.734927043077 0.489951362051 0.0558365034426 
0.777651231556 0.719476947871 0.479651298581 0.0419508884421 
0.719825985429 0.665327400377 0.443551600251 0.0328217082071 
0.595158737074 0.510707536188 0.340471690792 0.0346936062354 
0.471227509725 0.256223305901 0.170815537267 0.0698969842135 
0.411661348451 0.117512967879 0.0783419785862 0.176497108987 
0.371797431729 0.142578243509 0.0950521623394 0.190575906719 
0.372290700584 0.0834540636404 0.055636042427 0.500159989173 
0.335850820263 0.120985436276 0.0806569575175 0.523598775598 
0.309346685592 0.141137772718 0.0940918484788 0.523598775598 
0.279662973639 0.166661201255 0.111107467503 0.523598775598 
0.244826561125 0.19997066259 0.13331377506 0.523598775598 
0.208053530877 0.238541807568 0.159027871712 0.523598775598 
0.187917035644 0.253644662819 0.169096441879 0.523598775598 
0.165039664746 0.275915591772 0.183943727848 0.523598775598 
0.14312119581 0.296735358381 0.197823572254 0.523598775598 
0.130325046358 0.304463622854 0.202975748569 0.523598775598 
0.119879673705 0.310839249837 0.207226166558 0.523598775598 
0.109816282994 0.320040829266 0.213360552844 0.523598775598 
0.0980974248742 0.331708445683 0.221138963789 0.523598775598 
0.0890311139583 0.340613935462 0.227075956974 0.523598775598 
0.0862949364472 0.339400863009 0.226267242006 0.523598775598 
0.0777533520046 0.354011511708 0.236007674472 0.523598775598 
0.0792299981787 0.354851907787 0.236567938525 0.523598775598 
0.0685894147014 0.371483687769 0.247655791846 0.523598775598 
0.064108714538 0.382947742916 0.255298495278 0.523598775598 
0.0661553880864 0.385380721454 0.25692048097 0.523598775598 
0.0613996655472 0.400384898243 0.266923265495 0.523437941497 
0.0672724716043 0.402796497423 0.268530998282 0.523096212883 
0.0794772009519 0.396649746357 0.264433164238 0.521484571842 
0.0817172183033 0.40438165952 0.269587773013 0.519627178001 
0.0908987565297 0.401664069354 0.267776046236 0.517040852772 
0.0991909525269 0.398173780126 0.265449186751 0.513938783701 
0.115830256517 0.456382295058 0.304254863372 0.102477147988 
0.127277555303 0.492194589339 0.328129726226 0.11785518723 
0.15568663901 0.557352322698 0.371568215132 0.0752220229714 
0.191820364633 0.626899518959 0.417933012639 0.0548954935148 
0.227378424306 0.65989649202 0.43993099468 0.0477524559477 
0.281655773901 0.729503283218 0.486335522145 0.0417223953866 
0.332296283822 0.779076069267 0.519384046178 0.039240827915 
0.384742675217 0.821281948878 0.547521299252 0.0394737991713 
0.438033748085 0.857221434484 0.571480956322 0.0394778755864 
0.485255225486 0.883120722742 0.588747148495 0.0416863586764 
0.527964739852 0.900165529184 0.600110352789 0.0441789580509 
0.561093202399 0.908332235198 0.605554823465 0.0454376515435 
0.560996503068 0.910292516059 0.606861677373 0.0495847187773 
0.598603548567 0.923843549195 0.615895699463 0.0519034287988 
0.597517167593 0.927977084821 0.618651389881 0.0554288125472 
0.597823100942 0.929098014071 0.619398676047 0.0566815160564 
0.598002821162 0.931609105039 0.621072736693 0.0574188291392 
0.631850461111 0.938227943698 0.625485295799 0.0586933535447 
0.633252074205 0.934038605745 0.62269240383 0.0586390613909 
0.63547085394 0.929496249145 0.619664166097 0.0606570481043 
0.635374694525 0.930933627223 0.620622418149 0.0621050056198 
0.635374694525 0.930933627223 0.620622418149 0.0621050056198 
0.636610453439 0.928211154387 0.618807436258 0.0596737022897 
0.638584668612 0.923317826593 0.615545217729 0.0578066894086 
0.636759532855 0.930218017698 0.620145345132 0.0635807699497 
0.636420831857 0.932951249956 0.621967499971 0.0654891859775 
0.634774346897 0.939944893835 0.626629929224 0.0693098206308 
0.633889683888 0.944578963581 0.629719309054 0.0704981218021 
0.632847680632 0.949855708573 0.633237139049 0.0727153599438 
0.632040553309 0.954843870918 0.636562580612 0.0749808686352 
0.631720814755 0.958606656253 0.639071104169 0.0754048767317 
0.630112230535 0.966989579881 0.644659719921 0.0792156423225 
0.628661400909 0.974276215749 0.649517477166 0.0808398523157 
0.627576408015 0.980112426159 0.653408284106 0.0833533751859 
0.625294634674 0.991264849997 0.660843233331 0.089057293099 
0.622800561364 1.00325278084 0.668835187228 0.0949014665464 
0.620983340547 1.01200907353 0.674672715688 0.0989563887762 
0.619284838825 1.01954208516 0.679694723437 0.102330542946 
0.613653455436 1.0335624984 0.689041665598 0.102062903542 
0.611873755131 1.0402553252 0.693503550134 0.105897704639 
0.609856325106 1.04792719865 0.698618132433 0.109340697459 
0.607851711104 1.05513507522 0.703423383481 0.113192242532 
0.579423838688 1.0526478988 0.701765265867 0.109138441705 
0.578426040968 1.05834201629 0.705561344192 0.111630044174 
0.5768544102 1.06701994652 0.711346631017 0.115197591634 
0.575551342999 1.07265147224 0.715100981492 0.11709811453 
0.573931832013 1.07992313595 0.7199487573 0.119868639463 
0.572406938252 1.08601046912 0.724006979412 0.122142738646 
0.572406938252 1.08601046912 0.724006979412 0.122142738646 
0.570715273858 1.09359622022 0.72906414681 0.125052694278 
0.531259837849 1.0977296082 0.731819738799 0.127519875527 
0.530506265127 1.10443753073 0.736291687157 0.130092775051 
0.52974997636 1.11010464195 0.740069761302 0.132617689072 
0.528520923202 1.11937752665 0.746251684434 0.137095830117 
0.527639895988 1.12176554811 0.747843698738 0.138997934543 
0.526746726512 1.1232252546 0.748816836402 0.140506183227 
0.521730138377 1.12393647063 0.74929098042 0.148387473241 
0.520777455007 1.12934705331 0.752898035541 0.149976440789 
0.519647947149 1.13574172156 0.757161147707 0.151837052558 
0.518598827915 1.13829605994 0.758864039958 0.152573011216 
0.482770308361 1.14262746225 0.761751641501 0.148950530486 
0.482692942805 1.14442554726 0.762950364841 0.149516744166 
0.482742097739 1.14330593122 0.762203954145 0.149275610834 
0.483047201888 1.13882966457 0.759219776383 0.147607752761 
0.483530981487 1.13400729471 0.756004863143 0.145845289468 
0.484050771364 1.12987717141 0.753251447607 0.144794472639 
0.485677745147 1.11422271825 0.742815145503 0.139442027595 
0.528366150497 1.10015744751 0.73343829834 0.135637402944 
0.529755058663 1.08653514515 0.724356763431 0.130311301328 
0.531348662432 1.07588105002 0.717254033346 0.125877020142 
0.533713862272 1.0628763746 0.708584249734 0.12063047242 
0.572503999808 1.05745388721 0.704969258141 0.118656627645 
0.574153394424 1.04577285972 0.697181906478 0.112775047955 
0.576434322703 1.03350872145 0.6890058143 0.106740547868 
0.579587207032 1.01956322898 0.67970881932 0.0998609949235 
0.581977534451 1.01277709168 0.67518472779 0.0965978456665 
0.62025185542 1.00576691778 0.670511278518 0.0941573874757 
0.622818391218 0.992723590618 0.661815727079 0.0878876826538 
0.629428379085 0.971163329737 0.647442219825 0.0813990886639 
0.640678950464 0.936262630214 0.624175086809 0.0705536670096 
0.64868221431 0.913151971179 0.608767980786 0.0603607406655 
0.653713563361 0.895102378035 0.59673491869 0.0516928659455 
0.55659437921 0.832054770474 0.554703180316 0.0418248498329 
0.400058242496 0.676789722281 0.451193148187 0.0430209802752 
0.28470906114 0.45594096957 0.30396064638 0.0751126535279 
0.230975532019 0.333969341716 0.222646227811 0.144182892326 
0.195361206924 0.320864762278 0.213909841518 0.138871059855 
0.132129515911 0.0824403234335 0.0549602156223 -0.0961677175854 
0.102900126117 1.13342291452e-17 7.55615276348e-18 -0.0621015421838 
0.0901344089231 2.50499793661e-21 1.66999862441e-21 -0.0559059993006 
0.0839041930797 2.33158513677e-22 1.55439009118e-22 -0.051253309521 
0.0708979078455 2.19543002213e-22 1.46362001476e-22 -0.0512542209014 
0.0708979078455 2.19543002213e-22 1.46362001476e-22 -0.0512542209014 
0.069973887598 1.52910235343e-23 1.01940156896e-23 -0.046765727812 
0.0718838704242 -9.60566654326e-22 -6.4037776955e-22 -0.0467127950319 
0.0742199303046 4.76968133669e-21 3.17978755779e-21 -0.0471022779741 
0.0795231359836 -2.30969413645e-21 -1.53979609097e-21 -0.0474578896187 
0.0856769313834 -2.10355246762e-22 -1.40236831175e-22 -0.0480244411638 
0.0810322887951 3.13198067894e-21 2.08798711929e-21 -0.0533942609288 
0.0703904630281 -1.78685778405e-21 -1.1912385227e-21 -0.0715773800556 
0.0626890680666 1.19217860134e-21 7.94785734228e-22 -0.0967220789851 
0.058707385341 0.0392489194063 0.0261659462708 -0.137771454396 
0.0560150472408 0.106954558872 0.0713030392483 -0.20095056724 
0.0483930594399 0.097205860656 0.064803907104 -0.225135063743 
0.0377377313674 0.123947487404 0.0826316582694 -0.262694308878 
0.0295805088582 0.110293368876 0.0735289125843 -0.28251448056 
0.0112410513614 0.108274594442 0.0721830629615 -0.288789629101 
0.0102980942798 0.0970552967185 0.0647035311457 -0.305406423431 
0.000451783099116 0.0960743183625 0.064049545575 -0.308846904328 
-4.1333304038e-19 0.102350545159 0.0682336967724 -0.323392056716 
-4.1333304038e-19 0.102350545159 0.0682336967724 -0.323392056716 
-4.1333304038e-19 0.102350545159 0.0682336967724 -0.323392056716 
-4.1333304038e-19 0.102350545159 0.0682336967724 -0.323392056716 
-4.1333304038e-19 0.102350545159 0.0682336967724 -0.323392056716 
1.51219250064e-21 0.101333477609 0.0675556517394 -0.332793838213 
1.51219250064e-21 0.101333477609 0.0675556517394 -0.332793838213 
1.51219250064e-21 0.101333477609 0.0675556517394 -0.332793838213 
1.51219250064e-21 0.101333477609 0.0675556517394 -0.332793838213 
1.15380661119e-21 0.115478080786 0.0769853871908 -0.327794131719 
1.15380661119e-21 0.115478080786 0.0769853871908 -0.327794131719 
1.47862646992e-21 0.124816104952 0.0832107366349 -0.321360824665 
1.44662979924e-21 0.130811495052 0.0872076633677 -0.315761023187 
2.57360914396e-21 0.142430465332 0.0949536435547 -0.304806311551 
1.02013334761e-21 0.155888792172 0.103925861448 -0.293132072547 
2.29753970158e-19 0.165495020057 0.110330013371 -0.280310134122 
0.00963848368445 0.176186461746 0.117457641164 -0.263730551744 
0.0243724458734 0.17957577777 0.11971718518 -0.250643796628 
0.0301500625326 0.119001415536 0.0793342770243 -0.18908494493 
0.0310049444646 0.0948232612988 0.0632155075325 -0.151175019969 
0.0351346800427 0.0438923043558 0.0292615362372 -0.117059575607 
0.037285166094 0.0112487549214 0.00749916994762 -0.0948645831492 
0.0373552607106 -1.36602364831e-19 -9.10682432206e-20 -0.0823413448288 
0.0378363500429 1.2485008815e-19 8.32333921e-20 -0.072841890578 
0.0408534548234 -7.10127680156e-22 -4.73418453437e-22 -0.0674047594839 
0.0407530062852 3.18895821889e-22 2.12597214593e-22 -0.0617970877806 
0.0359358554992 0.0160747443609 0.0107164962406 -0.0615675565786 
0.0359494919456 0.0211667021281 0.0141111347521 -0.0612745656294 
0.0379061711472 3.92996853036e-19 2.61997902024e-19 -0.0564916216695 
0.0371298718845 0.000438029647847 0.000292019765231 -0.0548470679955 
0.0427476812693 6.81115342003e-22 4.54076894668e-22 -0.0561130576136 
0.0408588776865 -1.41949338438e-21 -9.46328922919e-22 -0.0562791152231 
0.0472653763964 2.70035387097e-21 1.80023591398e-21 -0.0561699846529 
0.0501493098267 6.89988557794e-22 4.59992371863e-22 -0.0561037574229 
0.0482088937982 5.80367247472e-22 3.86911498314e-22 -0.0586547022859 
0.0555515386082 4.65161953163e-22 3.10107968775e-22 -0.0590766837137 
0.0554858237302 -1.0836809569e-21 -7.22453971264e-22 -0.0612861951293 
0.0484518902622 -3.22714403882e-22 -2.15142935921e-22 -0.0587635064218 
0.0469753123902 -2.18878582608e-22 -1.45919055072e-22 -0.0638834458526 
0.0485623773244 0.017869935261 0.011913290174 -0.07228084121 
0.0497613926567 0.0786094096066 0.052406273071 -0.0891478502681 
0.0562850501927 0.111352593387 0.0742350622582 -0.114352007369 
0.067538826818 0.162073227528 0.108048818352 -0.161228629424 
0.0669776028383 0.202172406325 0.134781604217 -0.206368075632 
0.0535144484277 0.202548515761 0.135032343841 -0.208761668688 
0.0473590990289 0.200852847339 0.133901898226 -0.225908748023 
0.0438800512694 0.198122318209 0.132081545472 -0.238322221203 
0.0361082590514 0.198159961719 0.132106641146 -0.24044798314 
0.0307115613985 0.19723574492 0.131490496614 -0.244517075029 
0.0343976798534 0.189371097189 0.126247398126 -0.263759336298 
0.0286804504743 0.189344481136 0.12622965409 -0.265409084465 
0.0229042557753 0.189784267618 0.126522845079 -0.267729356175 
0.0229042557753 0.189784267618 0.126522845079 -0.267729356175 
0.0131545462446 0.190700446239 0.127133630826 -0.272566838589 
0.0131545462446 0.190700446239 0.127133630826 -0.272566838589 
0.0131545462446 0.190700446239 0.127133630826 -0.272566838589 
0.0131545462446 0.190700446239 0.127133630826 -0.272566838589 
-8.67361737988e-19 0.194403585467 0.129602390311 -0.277676686065 
-8.67361737988e-19 0.194403585467 0.129602390311 -0.277676686065 
-6.82976673063e-22 0.246897799781 0.164598533187 -0.310330067545 
-6.82976673063e-22 0.246897799781 0.164598533187 -0.310330067545 
-6.82976673063e-22 0.246897799781 0.164598533187 -0.310330067545 
0.406986219176 0.971837735094 0.647891823396 0.23396770376 
0.406269227212 0.986464464969 0.657642976646 0.246254273287 
0.405349376354 1.00281039073 0.668540260484 0.258270514763 
0.403344664532 1.02038054666 0.680253697772 0.266097971695 
0.402509992292 1.04045048285 0.693633655235 0.280238281462 
0.396130847431 1.06766053958 0.711773693054 0.287660729183 
0.308996783358 1.08049808745 0.720332058302 0.314399330569 
0.3060395593 1.10481390726 0.73654260484 0.317299421171 
0.302219087359 1.13252419115 0.755016127436 0.321004705943 
0.297717604825 1.15977662079 0.77318441386 0.323250787834 
0.21084829317 1.19198088376 0.794653922509 0.331231091957 
0.208023994453 1.2325604151 0.821706943401 0.322124124885 
0.123094549057 1.27494283783 0.849961891885 0.316902918101 
0.120472315741 1.30681770504 0.87121180336 0.299786606909 
0.0351995397813 1.34710812473 0.89807208315 0.281085242746 
9.44541197809e-19 1.37956263128 0.919708420856 0.258565923477 
3.24538494267e-19 1.4085932635 0.939062175669 0.234901397776 
6.69735841034e-23 1.43327567423 0.95551711615 0.210527495505 
-1.30200746003e-21 1.45590437602 0.970602917348 0.190092139238 
5.45912319287e-22 1.47526415843 0.983509438952 0.17102299644 
2.04183805099e-21 1.49580856277 0.997205708511 0.153339451547 
6.6235513148e-21 1.51075689621 1.00717126414 0.139415428537 
-2.4356936575e-21 1.52168482295 1.01445654863 0.128965009759 
1.14182175261e-21 1.53072061047 1.02048040698 0.121194156071 
-3.45519890423e-21 1.53535704321 1.02357136214 0.117009061289 
3.39631758383e-22 1.53685875057 1.02457250038 0.113630232567 
2.65256945484e-21 1.5402203808 1.0268135872 0.111247866822 
1.46349200468e-21 1.53956930432 1.02637953621 0.111198055251 
-5.11175615121e-21 1.53826449116 1.02550966077 0.111179371861 
2.68234681851e-21 1.53195666474 1.02130444316 0.116789032779 
2.68253731152e-21 1.5207913147 1.01386087646 0.126800209109 
1.8774606835e-21 1.50655343623 1.00436895748 0.140992250136 
1.60944709508e-21 1.48142156884 0.987614379225 0.161052244797 
-1.73897458163e-21 1.45303629138 0.968690860921 0.183249557005 
8.83186976224e-22 1.42034335996 0.946895573306 0.205822922958 
0.00250587723258 1.37991991533 0.919946610219 0.230400114509 
0.0829074444119 1.3377165677 0.891811045134 0.243656672834 
0.138019577392 1.29931659027 0.866211060178 0.248759235592 
0.185068711374 1.26290547159 0.841936981057 0.246192517799 
0.238937306341 1.22176517191 0.814510114606 0.231726092174 
0.282541983495 1.18176251957 0.787841679713 0.211060208698 
0.312543596308 1.13953623977 0.759690826513 0.18235911398 
0.313973203751 1.09922078572 0.732813857146 0.15858791418 
0.270277791958 1.05375485671 0.702503237806 0.142116511616 
0.201209205744 0.995712230071 0.663808153381 0.13233347503 
0.132683145149 0.930538033511 0.620358689008 0.137290841144 
0.0674674675465 0.850783879886 0.567189253258 0.16331627519 
-5.36003723493e-18 0.744501023476 0.496334015651 0.245539872638 
8.41751534523e-22 0.720551279359 0.480367519572 0.213853771179 
-9.08966309824e-22 0.687321732819 0.458214488546 0.199111312003 
-3.76253221171e-22 0.657082167334 0.438054778223 0.186969262114 
1.51777713425e-21 0.641872668594 0.427915112396 0.178959980184 
1.69311280246e-21 0.635002054196 0.423334702797 0.172461173197 
-1.85010581935e-21 0.60814602749 0.405430684993 0.162732953913 
5.52993869399e-22 0.599521473693 0.399680982462 0.156467115709 
4.39521758307e-22 0.61174749597 0.40783166398 0.155838293512 
4.39521758307e-22 0.61174749597 0.40783166398 0.155838293512 
2.13221476746e-21 0.623085650966 0.415390433977 0.157714696123 
-2.55947473095e-22 0.612350655351 0.408233770234 0.157479045412 
-2.55947473095e-22 0.612350655351 0.408233770234 0.157479045412 
-2.55947473095e-22 0.612350655351 0.408233770234 0.157479045412 
1.28280729896e-19 0.612876757877 0.408584505251 0.198312040325 
0.00269021466871 0.623082908961 0.415388605974 0.203627075576 
0.00984592722662 0.642630788924 0.42842052595 0.214050713381 
0.0236291950586 0.642002494264 0.428001662842 0.217295891721 
0.0289010413568 0.639046926881 0.426031284587 0.275287621512 
0.0529772280581 0.646417373436 0.430944915624 0.28261127648 
0.0760486555415 0.654552311901 0.436368207934 0.290590508492 
0.101986306281 0.675237177939 0.450158118626 0.304173861102 
0.126528391209 0.684853943657 0.456569295771 0.315552435572 
0.444764580389 0.931541340052 0.621027560035 0.108494619356 
0.514969028835 0.977247994545 0.65149866303 0.12039048657 
0.546824544881 1.00141511618 0.667610077452 0.136933595048 
0.542916114743 1.0270856369 0.684723757931 0.156234597165 
0.539160632891 1.05561869606 0.703745797371 0.175333014454 
0.482718081977 1.08856167598 0.725707783986 0.200887173081 
0.480480674263 1.12154307865 0.747695385768 0.21868328683 
0.421392872393 1.15038708121 0.766924720804 0.23397553597 
0.420710050142 1.17854664675 0.785697764499 0.247434755321 
0.364155496122 1.21152060783 0.807680405217 0.245502807925 
0.361975270376 1.24382422755 0.829216151702 0.239873468298 
0.284981993776 1.28908673409 0.859391156061 0.211056964114 
0.214120250698 1.33648689934 0.890991266228 0.174409329072 
0.114451959381 1.3832276838 0.922151789201 0.126742403089 
-1.74516204773e-17 1.43096140877 0.953974272511 0.068503417955 
5.19428514066e-21 1.46718277297 0.978121848647 0.0293072963455 
-5.56621614844e-22 1.51045549955 1.00697033303 -0.010519377828 
2.41142268905e-23 1.54319986126 1.02879990751 -0.0377725329532 
4.11314647377e-22 1.56633508252 1.04422338835 -0.0573467806324 
0.791027195135 1.53045394725 1.0203026315 0.160616474438 
0.819244559238 1.54986405045 1.0332427003 0.11703128074 
0.845150268278 1.56277353491 1.04184902327 0.0646128828123 
0.865872652019 1.57043459454 1.04695639636 0.0187736700951 
0.881843386341 1.57464677599 1.04976451733 -0.0168836489382 
0.896011354368 1.57736372818 1.05157581879 -0.042073776561 
0.905392856323 1.5793493738 1.05289958253 -0.0641064461017 
0.917866052739 1.58006394328 1.05337596219 -0.0715453395829 
0.921471212269 1.58184491049 1.05456327366 -0.091145079324 
0.928054063579 1.58409367381 1.05606244921 -0.0965042652148 
0.933399080822 1.58502536958 1.05668357972 -0.102502261899 
0.936884449668 1.5856443719 1.05709624793 -0.108541817205 
0.940607479209 1.58577072546 1.05718048364 -0.114341861128 
0.942294801802 1.58660072667 1.05773381778 -0.121848090123 
0.945562391635 1.58763619524 1.05842413016 -0.126908913243 
0.947973998756 1.58762854012 1.05841902674 -0.132587119131 
0.948052027992 1.58796141111 1.05864094074 -0.132699891526 
0.950384181882 1.58780255642 1.05853503761 -0.138140462838 
0.950459729281 1.58874666271 1.0591644418 -0.138275622352 
0.950505078722 1.58951672511 1.05967781674 -0.138378799521 
0.950275607517 1.58847037923 1.05898025282 -0.138284188875 
0.945570793416 1.58888535582 1.05925690388 -0.137726659155 
0.945283173058 1.58779637304 1.05853091536 -0.137595824772 
0.932769591764 1.58857547539 1.05905031692 -0.132787986311 
0.919185359534 1.58623116901 1.057487446 -0.124526976302 
0.908570372933 1.5854621779 1.05697478527 -0.099586934183 
0.892782203459 1.58368815897 1.05579210598 -0.0732068751798 
0.875218110252 1.5813393019 1.05422620127 -0.0426892832509 
0.859522736831 1.57745745133 1.05163830088 -0.0161459230857 
0.838012904237 1.56530773805 1.04353849204 0.0431779771523 
0.816668717693 1.53852849768 1.02568566512 0.121193477608 
0.802339942968 1.50329025764 1.00219350509 0.175600476128 
0.775789779549 1.45770635336 0.971804235576 0.19108491255 
0.70083654498 1.42321281376 0.948808542506 0.150476511162 
4.67297897404e-16 1.40167932813 0.934452885417 -0.0168172345396 
0.113788106904 1.33091895122 0.887279300816 0.0249046269893 
0.354025260191 1.25397108496 0.835980723307 0.0752737645568 
0.487779300663 1.16439869542 0.776265796945 0.104435447977 
0.59099203782 1.06792509359 0.711950062393 0.116438168469 
0.674261582819 0.966973155115 0.644648770076 0.115497479455 
0.708644402066 0.844729844694 0.563153229796 0.110870989666 
0.77207693526 0.71384068089 0.47589378726 0.102326771898 
0.848328859691 0.60317111847 0.40211407898 0.091402530412 
0.819828977733 0.308790726288 0.205860484192 0.107532459023 
0.883193004557 0.147541203192 0.0983608021279 0.0996448943569 
0.965735347175 0.116862109902 0.077908073268 0.0734054212001 
1.00078288115 -4.51441808917e-18 -3.00961205945e-18 0.0662206076464 
1.05072875159 2.51589917807e-23 1.67726611871e-23 0.0504213996425 
1.0854948946 -4.30808360779e-23 -2.87205573853e-23 0.041434211563 
1.11497545453 1.18627520939e-22 7.90850139597e-23 0.0305121880347 
1.13706959978 0.0001241977535 8.27985023331e-05 0.025105931547 
1.20810452876 0.195602899624 0.130401933082 0.0178059502766 
1.23597907353 0.240578957752 0.160385971835 0.0147527101599 
1.25355344169 0.271006456753 0.180670971169 0.0127623292665 
1.25045206899 0.271499360354 0.180999573569 0.0126456517691 
1.26813053304 0.296895498251 0.197930332167 0.0108127881026 
1.23542367172 0.234397419686 0.156264946457 0.0141571456932 
1.21694725698 0.187682169029 0.125121446019 0.0136246512772 
1.21424544176 0.188822512143 0.125881674762 0.0123145263743 
1.24894938181 0.282221610188 0.188147740125 0.0110610442304 
1.26491794979 0.316573330979 0.211048887319 0.00999900026234 
1.24672665957 0.289092137765 0.192728091843 0.00997228965528 
1.24436824735 0.290117542503 0.193411695002 0.00872329560999 
1.2380068155 0.292084331374 0.194722887583 0.00885692311208 
1.23614925042 0.292433215825 0.194955477216 0.00887954760913 
1.21745530826 0.259900094443 0.173266729629 0.00881678770196 
1.20811073134 0.262066874831 0.174711249887 0.0104159337683 
1.20817736767 0.262124898879 0.174749932586 0.0113317047554 
1.20048456418 0.264226624938 0.176151083292 0.0127040867598 
1.15245301271 0.147621854564 0.0984145697096 0.0141261434253 
1.14585600019 0.148306736106 0.0988711574039 0.0128427773639 
1.09594540171 0.0205535783472 0.0137023855648 0.0163908832264 
1.05797492946 0.0272546201052 0.0181697467368 0.028983418157 
1.01926298896 0.0336853288393 0.0224568858928 0.0376822504935 
0.969808179304 0.0434967633184 0.0289978422123 0.0545727290858 
0.848468054679 0.212713253701 0.141808835801 0.0785157504398 
0.809099057011 0.545568043485 0.36371202899 0.0751663065007 
0.794824395715 0.748628695238 0.499085796826 0.072879176058 
0.722056781437 0.874971529849 0.583314353233 0.0721518170176 
0.678343450797 1.00180336785 0.667868911898 0.0710823687326 
0.597973083242 1.07677999924 0.717853332824 0.0604567854057 
0.548515430329 1.12222091682 0.748147277881 0.0473171731509 
0.504510823724 1.15611826288 0.770745508586 0.0391606653918 
0.470209147214 1.17934353384 0.786229022563 0.0319844298256 
0.468009550026 1.19421321806 0.796142145374 0.0306720652184 
0.430983069681 1.20214029002 0.801426860015 0.0236556285122 
0.430263044693 1.21122339008 0.807482260052 0.0245759771202 
0.428534145788 1.21652912883 0.811019419223 0.0223451632561 
0.398816786502 1.21865195746 0.812434638307 0.0179523271275 
0.398393231353 1.22427253689 0.816181691258 0.0184375741638 
0.398402094441 1.22301215795 0.815341438632 0.0181659818888 
0.398458274891 1.22143195709 0.814287971396 0.0178530561316 
0.398259091373 1.22085677521 0.813904516805 0.0160258531066 
0.396678825636 1.22644347683 0.817628984554 0.0180885788116 
0.396159921623 1.22672396509 0.81781597673 0.0165183336656 
0.371190273428 1.23066507262 0.820443381747 0.0143106319904 
0.371050515145 1.23268907279 0.821792715191 0.0143963912142 
0.371578451979 1.23009102076 0.820060680509 0.0119972426438 
0.371666497096 1.23158500904 0.821056672696 0.0105861604396 
0.37099759803 1.23531058232 0.823540388214 0.0125679285801 
0.370492637597 1.23731739656 0.824878264371 0.0109194128399 
0.369525431413 1.23764833785 0.825098891897 0.0128813612702 
0.369182057848 1.24121168877 0.827474459179 0.0130487000852 
0.369047670169 1.23481757699 0.823211717992 0.0145657566012 
0.399816771876 1.21795342187 0.811968947913 0.0201417368049 
0.453197620763 1.18881848452 0.792545656346 0.0346685830499 
0.564938386128 1.10330952389 0.735539682594 0.0571196603545 
0.664093197534 0.999224561179 0.666149707453 0.0681806281187 
0.739402401861 0.880873917847 0.587249278565 0.0707612012745 
0.799322062203 0.720490258661 0.480326839107 0.0670522351932 
0.793967534345 0.425864820153 0.283909880102 0.0669734996945 
0.850653402792 0.177836922363 0.118557948242 0.0608360056912 
0.947698096148 0.145310772259 0.0968738481725 0.0348851890117 
1.0240225407 0.12124416504 0.0808294433597 0.0181314840152 
1.07171454875 0.108079645261 0.0720530968404 0.0121159417801 
1.15775314889 0.262643548737 0.175095699158 0.00806172011084 
1.21355551483 0.329572593276 0.219715062184 0.00756092889007 
1.25183848817 0.365381836516 0.243587891011 0.005613794365 
1.27122134573 0.381121094432 0.254080729622 0.00511097567264 
1.27742275532 0.378552319387 0.252368212925 0.0048156394447 
1.28953782333 0.390217294094 0.260144862729 0.00560736776972 
1.3025488886 0.404046661344 0.269364440896 0.00313545306551 
1.32284645677 0.427550589017 0.285033726011 0.00397291955049 
1.32263425278 0.427600652512 0.285067101674 0.0056671921491 
1.30564287182 0.410410895944 0.273607263963 0.00560783030603 
1.29388363432 0.395998256033 0.263998837355 0.00522111983596 
1.28065794771 0.383895219955 0.255930146637 0.00430964705797 
1.26197844579 0.361002438133 0.240668292089 0.00576155161591 
1.26003563145 0.360986329377 0.240657552918 0.00727505510545 
1.23966206296 0.323687891683 0.215791927789 0.00836784913626 
1.23706574544 0.325173674133 0.216782449422 0.00818926553215 
1.24082561839 0.324366313745 0.216244209163 0.00882821216118 
1.23413153903 0.326740750109 0.217827166739 0.0102872161996 
1.2300720246 0.328013862916 0.21867590861 0.0102813286997 
1.23173177194 0.327416685679 0.218277790453 0.00837274638546 
1.24358705245 0.349577592632 0.233051728422 0.00775847438717 
1.24341198528 0.349725299194 0.233150199463 0.00975030558324 
1.23764193444 0.351761245757 0.234507497172 0.00980089958802 
1.23790977209 0.351618270416 0.234412180278 0.00940813046744 
1.21799940932 0.323659828534 0.215773219023 0.00779345895516 
1.2165029584 0.324732507318 0.216488338212 0.00966945944362 
1.22975730442 0.361465387372 0.240976924915 0.0129038059836 
1.24464923184 0.39361799358 0.26241199572 0.0137369824411 
1.23238514195 0.413727223172 0.275818148781 0.0153951664719 
1.21597585875 0.438798705311 0.292532470207 0.0169447789661 
1.21034289196 0.493455502097 0.328970334731 0.0203953494773 
1.17172287913 0.52139526852 0.34759684568 0.0231461787872 
1.15270977635 0.56967409136 0.379782727574 0.026190953108 
1.14998481918 0.633777954411 0.422518636274 0.0293175509997 
1.14581749393 0.695815198552 0.463876799035 0.0321055405508 
1.19443937384 0.769952308008 0.513301538672 0.036833219866 
1.17555082096 0.81077103981 0.54051402654 0.0395315187942 
1.21903022758 0.881420332305 0.58761355487 0.0469360624163 
1.24409312183 0.929693446578 0.619795631052 0.0556531457312 
1.2729153115 0.961229102235 0.64081940149 0.0620289395526 
1.28963413121 0.986342055537 0.657561370358 0.0713534198261 
1.31092517566 1.00312582583 0.668750550552 0.0784888856798 
1.31109407234 1.01633584585 0.677557230565 0.0800765543997 
1.32850461728 1.02536401794 0.683576011961 0.0869684469622 
1.32805130573 1.03155762166 0.68770508111 0.0889734179119 
1.34033669547 1.03567147559 0.690447650395 0.0939337962668 
1.34014486583 1.03857606291 0.692384041941 0.0946885128467 
1.34012082778 1.04082947283 0.693886315218 0.095385828069 
1.33992404163 1.04312633537 0.695417556913 0.0963161635393 
1.33968018993 1.04483442076 0.696556280506 0.0970683796965 
1.33944084424 1.04585357564 0.697235717091 0.0974037593938 
1.33977592138 1.04417480975 0.696116539835 0.0965601670078 
1.33966959706 1.04580927106 0.697206180703 0.0970077201036 
1.3404772107 1.04525198967 0.69683465978 0.0944852055112 
1.34273352523 1.04446591447 0.696310609649 0.0918989798983 
1.35161334113 1.04392471864 0.695949812428 0.09574067944 
1.35140821405 1.04441480855 0.696276539036 0.0964440210251 
1.35116832578 1.0455834653 0.697055643536 0.0969475614301 
1.35069932811 1.047173473 0.698115648666 0.0974683444456 
1.35069932811 1.047173473 0.698115648666 0.0974683444456 
1.34918447928 1.0473876896 0.698258459733 0.0988786001354 
1.33945116981 1.04823825902 0.698825506014 0.0951823670573 
1.33846080018 1.04717285088 0.698115233921 0.097864404104 
1.33857975202 1.04619760996 0.697465073309 0.0979273425753 
1.33753005701 1.04603710086 0.69735806724 0.0994882403972 
1.32222342746 1.04661191971 0.697741279806 0.0958043774747 
1.32220431299 1.04473918969 0.696492793125 0.0953667827949 
1.3217871973 1.04393584399 0.695957229325 0.095480952164 
1.30202925465 1.04437685821 0.696251238808 0.0919725814642 
1.30202665625 1.04280810165 0.6952054011 0.0916322416918 
1.30201614932 1.04049380083 0.693662533887 0.0910731148826 
1.27155593534 1.04213935804 0.69475957203 0.0891758039834 
1.27151420654 1.04023899029 0.693492660195 0.0886653220225 
1.24776913973 1.04015119191 0.69343412794 0.0858045890791 
1.22082985584 1.0404631709 0.693642113934 0.0846409887586 
1.21884162648 1.0389577987 0.692638532466 0.0870898440717 
1.18771531881 1.03634179114 0.690894527427 0.0826345514542 
1.14790661053 1.03547237615 0.690314917431 0.0799731038301 
1.11753011399 1.03441150405 0.689607669369 0.0780349572444 
1.0595046238 1.03470960913 0.689806406087 0.0753832353092 
1.00269480715 1.03232734719 0.688218231457 0.072418279161 
0.266693474391 0.816257188929 0.544171459286 0.0552709459007 
0.312052037631 0.87172966338 0.58115310892 0.0554322777752 
0.362096973268 0.913020641365 0.608680427577 0.0571777156126 
0.414297251712 0.95368117581 0.63578745054 0.0618653020533 
0.464802191881 0.987398015605 0.658265343737 0.0678287466318 
0.501195745759 1.01392659251 0.675951061672 0.0764785240294 
0.497162927536 1.0364812667 0.69098751113 0.0857633729389 
0.495687250603 1.04739546712 0.698263644747 0.0918496485746 
0.493372156319 1.06527071566 0.710180477105 0.101007190079 
0.492388458299 1.08362086271 0.72241390847 0.113312096327 
0.48925163663 1.11128904112 0.740859360749 0.124815420693 
0.485551984364 1.14725181152 0.764834541011 0.139417065207 
0.420742960381 1.17490210869 0.783268072457 0.14712485665 
0.419142157397 1.2020217415 0.801347827665 0.156795128125 
0.362080757886 1.22600601788 0.817337345251 0.159042535691 
0.361286027692 1.24783166573 0.831887777154 0.166064166065 
0.317283186669 1.26013519127 0.840090127511 0.161821707091 
0.316966461057 1.2735167808 0.849011187199 0.165736501261 
0.279479855307 1.28582375292 0.857215835277 0.163043913583 
0.279413421572 1.29136888415 0.860912589432 0.164504401226 
0.279279045304 1.29659901711 0.864399344741 0.16557270974 
0.27910713466 1.29818654373 0.865457695817 0.165577674546 
0.278951129087 1.30025539753 0.866836931685 0.165764818203 
0.275656277074 1.30549921746 0.870332811641 0.161718255883 
0.275374122794 1.30498642169 0.869990947792 0.161530837149 
0.274990642569 1.30566943357 0.870446289045 0.161250282862 
0.274811555497 1.30348334086 0.868988893904 0.160436290108 
0.274623957128 1.305434942 0.870289961331 0.160860012841 
0.274419688713 1.30728468382 0.871523122547 0.161215428138 
0.274203053412 1.3088911818 0.872594121197 0.161347390942 
0.273967053055 1.31089802609 0.873932017396 0.161694250756 
0.273744969442 1.30932569899 0.872883799327 0.16108437484 
0.273591292843 1.30714013 0.871426753334 0.16014034611 
0.270114415941 1.3117038678 0.874469245198 0.156033050826 
0.264145168295 1.31496186924 0.876641246158 0.161457675754 
0.259474875523 1.31822983606 0.878819890708 0.15658116884 
0.259260300971 1.31709949211 0.878066328071 0.156515389808 
0.259029553352 1.31789262899 0.878595085991 0.15697084168 
0.259029553352 1.31789262899 0.878595085991 0.15697084168 
0.258837692426 1.31706833179 0.878045554523 0.156987992314 
0.257859117862 1.30976726628 0.873178177521 0.16166940651 
0.259168695603 1.2979577171 0.865305144731 0.164519828214 
0.303501192813 1.27518756699 0.850125044658 0.168664526176 
0.306514976825 1.2535590423 0.8357060282 0.173348210905 
0.361204710605 1.22531131042 0.816874206949 0.176490686154 
0.406681916274 1.18457838548 0.789718923651 0.170329831343 
0.447636259754 1.14429239795 0.762861598636 0.159197536856 
0.490278755672 1.10278582242 0.735190548283 0.144664833994 
0.536284207739 1.05710798221 0.704738654809 0.126763884391 
0.543613601889 1.01298941021 0.675326273476 0.108304907547 
0.552006204147 0.973198499581 0.648798999721 0.0902776440189 
0.523588963502 0.92779314548 0.618528763654 0.0735517394082 
0.437905869738 0.855035494281 0.570023662854 0.0657773340793 
0.345773799225 0.76651966382 0.511013109213 0.0680417185925 
0.261972677085 0.660932274925 0.440621516617 0.0807906699027 
0.202799489077 0.550431669111 0.366954446074 0.116988858799 
0.17081168574 0.443082581669 0.295388387779 0.180197515603 
0.154124850817 0.424766254243 0.283177502829 0.171940444058 
0.141475160833 0.403756411317 0.269170940878 0.165486654505 
0.122419401087 0.405450421062 0.270300280708 0.164718268601 
0.110374109193 0.405546897413 0.270364598276 0.16380640602 
0.102640997637 0.404914705673 0.269943137115 0.162689828496 
0.0601722175979 0.150585856535 0.100390571024 -0.0876574502862 
0.0488530430138 0.153155812642 0.102103875095 -0.0831728690392 
0.038415550446 0.142614130555 0.095076087037 -0.0739782092947 
0.0327586681373 0.152996205598 0.101997470399 -0.07543060567 
0.0292578213336 0.153520095221 0.102346730147 -0.0757869573516 
0.0294878171711 0.14002144216 0.0933476281067 -0.0736955352924 
0.0256438201056 0.140549328987 0.0936995526583 -0.0742263093055 
0.0263510427408 0.127506896542 0.0850045976945 -0.0729544153035 
0.0284932644988 0.127513669649 0.085009113099 -0.075418673656 
0.033066356166 0.0933440114704 0.0622293409803 -0.0715360177437 
0.0346001076635 0.0933883784721 0.0622589189814 -0.0712722219808 
0.0371339183772 0.108332797278 0.072221864852 -0.0752470954747 
0.0383416330193 0.135689361158 0.0904595741056 -0.083636295373 
0.0427908114153 0.10942928477 0.0729528565131 -0.0791766215326 
0.0476807661697 0.126378943731 0.0842526291539 -0.0845858654809 
0.0515320438629 0.125996207424 0.0839974716158 -0.0879852224901 
0.0602367978427 0.105919428528 0.0706129523523 -0.0827934405464 
0.0701040808035 0.134605513141 0.0897370087605 -0.0998490054469 
0.0860452302649 0.174475602119 0.116317068079 -0.126507141213 
0.108899841795 0.190580375249 0.127053583499 -0.162782838555 
0.13982240755 0.160053273012 0.106702182008 -0.177936058104 
0.174916743305 0.107076783039 0.0713845220258 -0.167964633787 
0.227003497014 0.0600183564512 0.0400122376341 -0.173961264538 
0.278121904302 3.62841315608e-05 2.41894210405e-05 -0.146212036195 
0.351895449999 -6.90397741311e-23 -4.60265160874e-23 -0.0825770845408 
0.458136860817 0.200504246341 0.13366949756 0.156872510538 
0.578309962016 0.393495076252 0.262330050835 0.0710751388086 
0.692887661006 0.511073975251 0.3407159835 0.0558446603967 
0.742931591018 0.483062600672 0.322041733782 0.0600527777289 
0.774648960914 0.467541444588 0.311694296392 0.0656384430801 
0.792387413582 0.460045251117 0.306696834078 0.0746893386805 
0.792508482404 0.461865835949 0.307910557299 0.0880247230828 
0.790618917039 0.46505665471 0.310037769807 0.0992881003539 
0.768646065561 0.483735199198 0.322490132799 0.11529252123 
0.782889815492 0.658348305279 0.438898870186 0.123807368918 
0.723109847327 0.738724807104 0.492483204736 0.145291261406 
0.722966325841 0.842696565613 0.561797710409 0.144334205267 
0.68475712041 0.941252749122 0.627501832748 0.146095805226 
0.612141229903 1.03150847532 0.687672316879 0.146491075583 
0.533142170467 1.12321942672 0.74881295115 0.135789927067 
0.433635639703 1.21583726752 0.810558178345 0.108049091413 
0.304537886933 1.30087620049 0.867250800324 0.0699710899114 
0.117249790974 1.36601867566 0.910679117105 0.0181976254748 
-2.54528272813e-16 1.41599083765 0.943993891764 -0.0256071436778 
-1.35793473265e-22 1.47031188108 0.980207920717 -0.0476245485471 
-9.20732043675e-22 1.51352265489 1.00901510326 -0.0613814490767 
-4.34025787351e-22 1.54687919697 1.03125279798 -0.0712418391896 
0.799791043029 1.52530225722 1.01686817148 0.151345079637 
0.813614640079 1.55129121609 1.03419414406 0.104955387852 
0.827712704363 1.57097455147 1.04731636765 0.046219475551 
0.843994583451 1.58557978219 1.05705318813 -0.0145724834695 
0.859855678825 1.59408836289 1.06272557526 -0.0601393562575 
0.873566241896 1.6018000615 1.06786670767 -0.0980541670806 
0.884917358038 1.60701973836 1.07134649224 -0.120353262882 
0.896011107215 1.61124742898 1.07416495265 -0.127701786772 
0.903825471105 1.61335752806 1.07557168537 -0.136085007731 
0.903122315669 1.61514329975 1.07676219983 -0.153669628563 
0.906500415027 1.61684054633 1.07789369756 -0.155464701577 
0.906927331734 1.61916171989 1.07944114659 -0.155796248391 
0.911353422229 1.61876506513 1.07917671009 -0.158702073099 
0.914231811617 1.61906129372 1.07937419581 -0.161387429544 
0.914501907529 1.6204842601 1.08032284007 -0.161589099988 
0.918849579578 1.62099894046 1.08066596031 -0.164404647049 
0.922091463527 1.62103465109 1.08068976739 -0.167262721415 
0.924879640787 1.62100225555 1.08066817037 -0.170945660765 
0.926953055907 1.62213313107 1.08142208738 -0.174590151517 
0.927083947251 1.62289153595 1.08192769064 -0.174742226895 
0.930134804032 1.62128527987 1.08085685324 -0.178821709403 
0.930134804032 1.62128527987 1.08085685324 -0.178821709403 
0.930166363444 1.62148425046 1.08098950031 -0.178911318697 
0.930243009445 1.62200245063 1.08133496709 -0.179023384877 
0.930310818714 1.62261571019 1.08174380679 -0.179114088224 
0.930191070282 1.62230629998 1.08153753332 -0.179058887136 
0.92708227915 1.62263270506 1.08175513671 -0.17733297411 
0.926740236827 1.62082034061 1.08054689374 -0.177057175646 
0.922209514929 1.62053610173 1.08035740116 -0.17356893835 
0.91558371217 1.6189200332 1.07928002213 -0.169822713643 
0.903609033372 1.61556666353 1.07704444236 -0.163055269343 
0.890649289834 1.61185357799 1.07456905199 -0.142227054155 
0.868667095108 1.60648419545 1.07098946364 -0.111074890866 
0.843799874986 1.59617075742 1.06411383828 -0.0590940628619 
0.823436123959 1.58250987019 1.05500658012 0.00751460262738 
0.809516124741 1.55652825499 1.03768550333 0.084897563345 
0.802263839508 1.52257086752 1.01504724501 0.14349179724 
0.782324368861 1.48970342845 0.993135618964 0.157376106412 
0.763455139519 1.44882128993 0.965880859953 0.165887631222 
0.620131392396 1.42132305456 0.947548703043 0.0960458520974 
0.0160913873733 1.36472080993 0.909813873284 -0.0138661818491 
0.317189101375 1.28606418245 0.857376121633 0.0631524839646 
0.456870708891 1.19806512978 0.798710086519 0.103878361511 
0.568511750766 1.09518282964 0.730121886428 0.124037729844 
0.647525406788 0.995409436004 0.66360629067 0.132955789037 
0.714839912532 0.888583535099 0.592389023399 0.130660644179 
0.757440269089 0.770589280197 0.513726186798 0.121233787999 
0.808096141294 0.677288062268 0.451525374845 0.104779362726 
0.844535814995 0.62186159626 0.414574397507 0.0900336440016 
0.788968539071 0.495440298049 0.330293532032 0.0909544321197 
0.797941857688 0.487958066335 0.325305377557 0.0776940901534 
0.776198562975 0.501133039797 0.334088693198 0.0709360799807 
0.756878282641 0.512890660346 0.341927106897 0.0629339797806 
0.732170273848 0.528828018261 0.352552012174 0.0574963009683 
0.57316830361 0.333327614835 0.22221840989 0.0865140656809 
0.514356821976 0.348748928738 0.232499285825 0.0834874938095 
0.406260126325 0.136700738407 0.091133825605 0.290424107851 
0.351949059173 0.158337089126 0.105558059417 0.401085590559 
0.300842798342 0.191942109981 0.127961406654 0.523598775598 
0.244397518521 0.242366606712 0.161577737808 0.523598775598 
0.202894796604 0.282153539239 0.188102359493 0.523598775598 
0.167421162004 0.315904075277 0.210602716852 0.523598775598 
0.146591539713 0.335856731203 0.223904487469 0.523598775598 
0.132605555464 0.348272100099 0.232181400066 0.523598775598 
0.129262751327 0.345561801452 0.230374534302 0.523598775598 
0.126572833149 0.343977250452 0.229318166968 0.523598775598 
0.126572833149 0.343977250452 0.229318166968 0.523598775598 
0.126572833149 0.343977250452 0.229318166968 0.523598775598 
0.12597713328 0.342923853192 0.228615902128 0.523598775598 
0.133211649072 0.328435410432 0.218956940288 0.523598775598 
0.13638039667 0.320900692486 0.21393379499 0.523598775598 
0.144253107689 0.306860111324 0.204573407549 0.523598775598 
0.138830877789 0.316988770489 0.211325846992 0.523598775598 
0.130222042019 0.330837388543 0.220558259029 0.523598775598 
0.128371210977 0.33059840415 0.2203989361 0.523598775598 
0.122829975979 0.341241867698 0.227494578465 0.523598775598 
0.131746417766 0.32694716479 0.217964776527 0.523598775598 
0.131746417766 0.32694716479 0.217964776527 0.523598775598 
0.128083039001 0.33227744893 0.221518299287 0.523598775598 
0.137932539053 0.316106664238 0.210737776159 0.523598775598 
0.139526428231 0.316888960812 0.211259307208 0.523598775598 
0.152931054577 0.306309581405 0.204206387603 0.523598775598 
0.174427639259 0.292094936626 0.194729957751 0.523598775598 
0.211413838041 0.267861877712 0.178574585141 0.517001709736 
0.260221210679 0.294557102601 0.196371401734 0.121966636719 
0.338761683642 0.344440135933 0.229626757289 0.0794539988722 
0.482201697346 0.493200180522 0.328800120348 0.0500279498955 
0.647953703814 0.605109708268 0.403406472179 0.0452591490353 
0.719809570693 0.551549745133 0.367699830089 0.0567229777433 
0.810124882169 0.489380114552 0.326253409701 0.0676401337752 
0.823074395419 0.239291020891 0.15952734726 0.0944076751143 
0.902527969108 0.090058158842 0.0600387725613 0.101837685674 
1.01194872108 0.0575788495117 0.0383858996745 0.0913513372909 
1.08680971044 -6.67104251481e-19 -4.44736167654e-19 0.0838827950331 
1.16507704332 -1.8243251145e-22 -1.216216743e-22 0.0687922479047 
1.23732356562 7.15681512128e-22 4.77121008085e-22 0.0546259949191 
1.29422263722 -6.17427473546e-22 -4.11618315698e-22 0.0442640406089 
1.33224874189 1.37017932639e-21 9.13452884262e-22 0.0396401746687 
1.36638796337 1.19267776962e-21 7.95118513082e-22 0.0354652122306 
1.39688534386 -6.14835215761e-22 -4.09890143841e-22 0.0309476478382 
1.41838152317 3.7804614463e-22 2.52030763087e-22 0.0297385312905 
1.43687733538 -7.02877104742e-24 -4.68584736494e-24 0.0273287532383 
1.44325399004 -5.41077843612e-22 -3.60718562408e-22 0.0288806167304 
1.45424908936 -1.5945170279e-21 -1.06301135193e-21 0.0243001286259 
1.4587643795 -3.02556568975e-23 -2.01704379317e-23 0.0234741536456 
1.46212484091 -1.16127172576e-22 -7.74181150507e-23 0.0213772528132 
1.45520012342 5.61418460073e-22 3.74278973382e-22 0.0260092722262 
1.45897517447 2.9392684113e-22 1.9595122742e-22 0.0252115185986 
1.46596563821 7.55023917324e-22 5.03349278216e-22 0.0216140245305 
1.46079836799 1.28446963124e-22 8.56313087493e-23 0.0232638090719 
1.45786275343 -1.77243538957e-21 -1.18162359305e-21 0.0238687801958 
1.46081634844 4.39912030798e-22 2.93274687199e-22 0.0246440558293 
1.45440396667 7.46219314976e-22 4.97479543317e-22 0.0249257437822 
1.45373813209 8.01899863791e-24 5.34599909194e-24 0.0238740378267 
1.449898828 2.79696471858e-22 1.86464314572e-22 0.0268033993315 
1.45270972823 -9.68207641164e-22 -6.45471760776e-22 0.0272875392886 
1.45267456874 -1.00309769983e-21 -6.68731799886e-22 0.0279010227836 
1.45318475001 3.35487141746e-22 2.23658094497e-22 0.0260819353851 
1.45316127075 3.83217981248e-22 2.55478654165e-22 0.026910339639 
1.44556296445 -8.69013828059e-22 -5.79342552039e-22 0.0281250380326 
1.44556296445 -8.69013828059e-22 -5.79342552039e-22 0.0281250380326 
1.44011821337 -2.73521166033e-23 -1.82347444022e-23 0.0294725584997 
1.43925714271 7.40781974262e-22 4.93854649508e-22 0.028198988999 
1.44000869839 2.33161240888e-22 1.55440827259e-22 0.0293341335959 
1.43385154503 1.44163733969e-21 9.61091559797e-22 0.0323426030188 
1.43663237418 -1.07816035114e-21 -7.18773567426e-22 0.0304894669778 
1.43245738323 -2.14904621803e-22 -1.43269747869e-22 0.0298938882805 
1.42778251689 -2.1855715019e-22 -1.45704766793e-22 0.031050141143 
1.42691504446 3.25087318713e-22 2.16724879142e-22 0.031586274627 
1.42492192039 1.84430977025e-22 1.22953984683e-22 0.0282901329992 
1.42250496777 4.67025275266e-22 3.11350183511e-22 0.0290582378472 
1.42228745637 -8.84272633921e-24 -5.89515089281e-24 0.0269527464508 
1.42504466668 -2.42973027473e-22 -1.61982018315e-22 0.0249783910507 
1.41658162506 -5.28496641434e-23 -3.52331094289e-23 0.0266299687222 
1.42189510315 -1.62369497383e-21 -1.08246331588e-21 0.0229564100978 
1.40411533841 6.3291979524e-22 4.2194653016e-22 0.0270555836429 
1.382420999 3.50798222044e-22 2.33865481363e-22 0.0327069353706 
1.35569861844 3.45318747379e-22 2.30212498253e-22 0.0408798648473 
1.31956844464 7.44463619593e-23 4.96309079729e-23 0.0504288814663 
1.2694667298 -4.97573324571e-22 -3.31715549714e-22 0.0600109693316 
1.2090961886 1.3369029862e-18 8.91268657469e-19 0.0625972161319 
1.1459076912 -1.5972254119e-18 -1.06481694127e-18 0.0636838129209 
1.08240601388 -5.22965210533e-18 -3.48643473688e-18 0.0655539179181 
0.992548247142 0.0185469823058 0.0123646548705 0.0718157684144 
0.884015985962 0.0452240358796 0.0301493572531 0.0788375904033 
0.761688874192 0.0789971284534 0.0526647523022 0.0852637059068 
0.613310980117 0.11320318586 0.075468790573 0.0846093444084 
0.472014156408 0.0128709852715 0.00858065684767 0.292309440848 
0.399358592421 0.050922641983 0.0339484279887 0.504151835356 
0.31203253093 0.128091005082 0.085394003388 0.523598775598 
0.249830962307 0.183456445043 0.122304296695 0.523598775598 
0.206248785879 0.222930321103 0.148620214069 0.523598775598 
0.177760629212 0.246568672746 0.164379115164 0.523598775598 
0.155773408705 0.267565246294 0.178376830863 0.523598775598 
0.139514435441 0.283339648932 0.188893099288 0.523598775598 
0.135843127927 0.282955625227 0.188637083485 0.523598775598 
0.132949341018 0.282913767389 0.188609178259 0.523598775598 
0.122781764431 0.299832428024 0.199888285349 0.523598775598 
0.122781764431 0.299832428024 0.199888285349 0.523598775598 
0.122781764431 0.299832428024 0.199888285349 0.523598775598 
0.11260180451 0.316920314515 0.211280209677 0.523598775598 
0.11260180451 0.316920314515 0.211280209677 0.523598775598 
0.11260180451 0.316920314515 0.211280209677 0.523598775598 
0.117915455426 0.305315476497 0.203543650998 0.523598775598 
0.117915455426 0.305315476497 0.203543650998 0.523598775598 
0.111635931288 0.317085009387 0.211390006258 0.523598775598 
0.113850766949 0.317053973 0.211369315333 0.523598775598 
0.113850766949 0.317053973 0.211369315333 0.523598775598 
0.119259112739 0.304724078388 0.203149385592 0.523598775598 
0.119259112739 0.304724078388 0.203149385592 0.523598775598 
0.130702477944 0.290573442276 0.193715628184 0.523598775598 
0.132626373379 0.291244937418 0.194163291612 0.523598775598 
0.132626373379 0.291244937418 0.194163291612 0.523598775598 
0.132626373379 0.291244937418 0.194163291612 0.523598775598 
0.133861838318 0.291856886201 0.194571257468 0.523598775598 
0.133861838318 0.291856886201 0.194571257468 0.523598775598 
0.133861838318 0.291856886201 0.194571257468 0.523598775598 
0.128245161026 0.301598284027 0.201065522684 0.523598775598 
0.128245161026 0.301598284027 0.201065522684 0.523598775598 
0.133028227021 0.293782931018 0.195855287346 0.523598775598 
0.127471717519 0.305312062819 0.203541375213 0.523598775598 
0.141729537895 0.28202615226 0.18801743484 0.523598775598 
0.154913878122 0.263590752172 0.175727168115 0.523598775598 
0.156318198306 0.264697208179 0.176464805452 0.523598775598 
0.157797269887 0.265037878698 0.176691919132 0.523598775598 
0.158675352828 0.266889541337 0.177926360892 0.523598775598 
0.16022991902 0.267085922694 0.178057281796 0.523598775598 
0.16793983571 0.255827287387 0.170551524925 0.523598775598 
0.173696594435 0.245380289235 0.16358685949 0.523598775598 
0.168611874724 0.257139135428 0.171426090285 0.523598775598 
0.176789462578 0.248264000949 0.165509333966 0.523598775598 
0.19940058211 0.22359948737 0.149066324913 0.523598775598 
0.211728657864 0.229072117725 0.15271474515 0.523598775598 
0.242564800637 0.2062181573 0.137478771533 0.523598775598 
0.317235065302 0.133710895871 0.089140597247 0.523598775598 
0.357723965982 0.120696739358 0.0804644929052 0.347160439002 
0.425031897588 0.175452585194 0.116968390129 0.132731608507 
0.529803930175 0.260422132038 0.173614754692 0.073092560283 
0.602574064253 0.244853892542 0.163235928361 0.074765766652 
0.715271094193 0.385562505074 0.257041670049 0.0551209589131 
0.765856014427 0.366051006262 0.244034004174 0.0675682921314 
0.80604090293 0.349645671788 0.233097114525 0.0806583941271 
0.837893932209 0.334087445338 0.222724963558 0.0963694085735 
0.869867097132 0.315292973777 0.210195315851 0.108018149941 
0.856181155025 0.20440376566 0.136269177107 0.138009347279 
0.860553401394 0.206956195296 0.137970796864 0.153486033455 
0.865705645413 0.209210965773 0.139473977182 0.166356974694 
0.867617376331 0.2128846746 0.1419231164 0.178652604587 
0.86179508945 0.222067742355 0.14804516157 0.196325880203 
0.854335683089 0.234114342714 0.156076228476 0.212580709425 
0.830117406034 0.338851007557 0.225900671705 0.222509434146 
0.753822750582 0.401483476373 0.267655650915 0.276835666653 
0.67983932087 0.486047804804 0.32403186987 0.32672080278 
0.600238076658 0.580659003454 0.387106002303 0.365089421349 
0.491129228651 0.709155275603 0.472770183735 0.398181215252 
0.399545343396 0.825243825616 0.550162550411 0.393852149402 
0.57002418987 1.02613959231 0.684093061537 0.233695830123 
0.507357128288 1.13178166197 0.754521107982 0.198077992341 
0.426990030453 1.22145915918 0.81430610612 0.153346395658 
0.328536249346 1.29439215983 0.862928106553 0.0976607198251 
0.173048878872 1.35821783878 0.905478559186 0.0218772820674 
1.62638763943e-16 1.40314694057 0.935431293712 -0.0428717869368 
-2.86891863546e-22 1.43830824099 0.958872160662 -0.0687773813216 
-2.23324064925e-21 1.46286286809 0.975241912061 -0.0861837626369 
6.2466243176e-22 1.47973189226 0.986487928176 -0.0978857428774 
-1.20257399099e-21 1.49100354231 0.994002361543 -0.106316531771 
-4.27712477656e-22 1.50195683305 1.00130455537 -0.10799632433 
2.6687847976e-23 1.50843234626 1.00562156417 -0.113503459638 
4.56080645886e-24 1.51435927478 1.00957284985 -0.114395615854 
7.29066119569e-23 1.51711406204 1.01140937469 -0.11504924983 
-1.87036422659e-23 1.52087567572 1.01391711715 -0.115824394114 
4.00909565796e-06 1.52420991706 1.01613994471 -0.116472328807 
8.38369266974e-05 1.52587618034 1.01725078689 -0.116899920347 
0.000251040942616 1.52645599188 1.01763732792 -0.117288307868 
0.000457543751143 1.52693430803 1.01795620535 -0.117647511636 
0.000653724426753 1.52773320047 1.01848880032 -0.117970092632 
0.000894456733708 1.52854492844 1.01902995229 -0.118261669894 
0.000894456733708 1.52854492844 1.01902995229 -0.118261669894 
0.00100227043074 1.52494728866 1.01663152578 -0.117852360722 
0.000848995354297 1.51732948048 1.01155298699 -0.116775180559 
-2.93137846325e-20 1.50941716495 1.00627810997 -0.110570338092 
1.4408937055e-21 1.49330222778 0.995534818519 -0.108284941114 
3.23061656583e-22 1.47004833382 0.980032222549 -0.0979157860821 
-5.90344852991e-22 1.44362062843 0.962413752287 -0.0908801340578 
1.83579522184e-21 1.41833112337 0.945554082245 -0.0826607554776 
1.39021076772e-21 1.38236984512 0.921579896749 -0.0713502118732 
0.0392892479332 1.34244809054 0.894965393693 -0.0510043559628 
0.260705496972 1.30201765468 0.868011769787 0.00413154380468 
0.388364970188 1.2472497676 0.831499845066 0.0406547449766 
0.472291704464 1.1903263922 0.793550928135 0.0648051944987 
0.543280230478 1.12984815566 0.753232103774 0.082941405165 
0.604822075468 1.06587904899 0.710586032661 0.0953131989174 
0.657096308194 1.00001933489 0.666679556593 0.0988302625779 
0.67866670717 0.92033297758 0.613555318387 0.104039296927 
0.713966930876 0.838664383986 0.559109589324 0.103665398299 
0.757675187555 0.759293288071 0.506195525381 0.101574342175 
0.802500320222 0.686441930091 0.457627953394 0.0938977814988 
0.853311119858 0.608684899908 0.405789933272 0.083007818314 
0.806401487579 0.336994743843 0.224663162562 0.0951652254202 
0.856699819225 0.312734479418 0.208489652945 0.0762180143777 
0.882879024137 0.121188788454 0.0807925256361 0.0798902780941 
0.924916777628 0.108141216503 0.0720941443355 0.0685436416855 
0.966453611912 0.0876021799302 0.0584014532868 0.047174282775 
0.989801938024 0.0731831581639 0.0487887721092 0.0327451419905 
0.994416871227 0.0693074074564 0.0462049383042 0.0259737493543 
1.00200214264 0.0612648840006 0.0408432560004 0.0192705180578 
1.00197375363 0.0598948535644 0.0399299023763 0.0118294266843 
0.995847610488 0.059947252652 0.0399648351014 0.0139232368545 
0.991800246204 0.0598868367293 0.0399245578195 0.0130224512546 
0.973527169129 0.0635562797492 0.0423708531661 0.014212629803 
0.962885696169 0.0656290061652 0.0437526707768 0.0159251513252 
0.920524014224 0.0754246228639 0.0502830819092 0.0211913298305 
0.875192294765 0.0871432975497 0.0580955316998 0.0264381765944 
0.816684670515 0.102662810434 0.0684418736228 0.0364383492597 
0.810364326785 0.308099187871 0.20539945858 0.0269055265936 
0.75261390861 0.329566105835 0.219710737224 0.029882830077 
0.693675760969 0.351225073455 0.23415004897 0.0291516502453 
0.591937499812 0.259213104525 0.17280873635 0.0369941826547 
0.504042747638 0.192036225808 0.128024150538 0.0574783836563 
0.424999676472 0.113071466745 0.0753809778301 0.126976028572 
0.357395099143 0.141671364496 0.0944475763305 0.134518236168 
0.300531599383 0.184494622673 0.122996415116 0.132653404863 
0.25445963648 0.209289205847 0.139526137231 0.115780773896 
0.218805723394 0.153403411053 0.102268940702 -0.266731605073 
0.189357370883 0.199787588575 0.133191725716 -0.316700327541 
0.164427461218 0.241694449839 0.161129633226 -0.359708296578 
0.154407370249 0.269935183376 0.179956788917 -0.433390662693 
0.138845417367 0.289007397083 0.192671598055 -0.435491529853 
0.131742991404 0.303565917621 0.202377278414 -0.478098264577 
0.130730679001 0.309514377195 0.20634291813 -0.507641763323 
0.131769890223 0.311384422277 0.207589614851 -0.523598775598 
0.123909306397 0.320923992759 0.213949328506 -0.522685419597 
0.128472810562 0.312245719597 0.208163813065 -0.523598775598 
0.121442767192 0.321555281964 0.214370187976 -0.523498131275 
0.124544851521 0.317135157568 0.211423438379 -0.523598775598 
0.118182207422 0.325813550043 0.217209033362 -0.523533322992 
0.128052838268 0.312919382486 0.208612921657 -0.523598775598 
0.121782002236 0.322684868017 0.215123245345 -0.523598775598 
0.121330309264 0.322492036 0.214994690667 -0.523598775598 
0.1243478765 0.319513687266 0.213009124844 -0.523598775598 
0.121516332965 0.326555964273 0.217703976182 -0.523598775598 
0.122645373596 0.326673722484 0.217782481656 -0.523598775598 
0.126412229344 0.320542531299 0.213695020866 -0.523598775598 
0.129292203015 0.318416596993 0.212277731329 -0.523598775598 
0.123207329788 0.325265168321 0.216843445548 -0.489820895454 
0.121833894282 0.321208790105 0.214139193403 -0.45587632594 
0.130680405703 0.304873388856 0.203248925904 -0.422527359298 
0.139182312621 0.293272842064 0.195515228043 -0.39425659472 
0.154590574127 0.265753424701 0.177168949801 -0.364434506452 
0.17485976995 0.231269191579 0.154179461053 -0.319352544547 
0.199629497938 0.185926140593 0.123950760395 -0.262295255173 
0.228939818339 0.134759494439 0.0898396629596 -0.221055803091 
0.267405616052 0.0634920604988 0.0423280403325 -0.160190258219 
0.322386013511 0.00453548409318 0.00302365606212 -0.114956651303 
0.423313039668 0.101050095502 0.0673667303349 0.133673074106 
0.522725966308 0.0567448935936 0.0378299290624 0.0920474013343 
0.623888869846 0.0334877141387 0.0223251427591 0.0746512159282 
0.712677571775 0.0130653222711 0.00871021484737 0.0586881412898 
0.877729787125 0.314692429911 0.209794953274 0.0255031790391 
0.919849564595 0.298388195091 0.198925463394 0.0271328956881 
0.898528082972 0.118745951841 0.0791639678943 0.0338877821804 
0.924786385161 0.111502096155 0.0743347307702 0.0306524679408 
0.934710800536 0.108772697465 0.0725151316435 0.0316944175276 
0.949356501861 0.104814535268 0.0698763568456 0.0241094198907 
0.953292743515 0.104101290852 0.0694008605679 0.0210483949889 
0.945912579957 0.105787139531 0.0705247596874 0.023222627013 
0.942064376984 0.106621631806 0.0710810878706 0.0227799284657 
0.945123865148 0.105376611743 0.0702510744954 0.0207907097202 
0.935486745795 0.107675043789 0.0717833625261 0.0219582240674 
0.920684913628 0.110650836097 0.0737672240649 0.0258153744526 
0.910423283156 0.112860736804 0.0752404912028 0.0267787336287 
0.904363327146 0.113848499221 0.0758989994805 0.026376351588 
0.898434497726 0.115012707747 0.0766751384981 0.0280094201104 
0.889769972734 0.116683925868 0.077789283912 0.0250656932721 
0.889098710093 0.116850400118 0.0779002667452 0.0232929726712 
0.882588002473 0.118551049101 0.0790340327338 0.0232647145779 
0.883139380709 0.118329352326 0.0788862348839 0.0212104638207 
0.881600768617 0.118380630721 0.0789204204804 0.0174810364862 
0.879822169957 0.119006256017 0.0793375040111 0.0197722422485 
0.885853374464 0.11774946474 0.0784996431602 0.0137974854728 
0.876994748098 0.120158834648 0.0801058897652 0.0127319881969 
0.872248286268 0.121432256282 0.0809548375212 0.0145730675115 
0.864984706908 0.123568095165 0.0823787301102 0.0168403487438 
0.868832337846 0.122956242696 0.0819708284641 0.0101123131534 
0.86201499617 0.125042159886 0.0833614399243 0.0112561396966 
0.858665961427 0.126266176174 0.0841774507824 0.0112297905128 
0.857789452975 0.126968876043 0.0846459173621 0.0100341945269 
0.84892793754 0.130424110659 0.0869494071063 0.0138461857547 
0.837471123423 0.134162282495 0.0894415216633 0.0172809269738 
0.806402728974 0.142501441886 0.0950009612571 0.0188173349377 
0.747865856335 0.156867087181 0.104578058121 0.0184640995453 
0.618631551173 -1.76664179906e-19 -1.17776119937e-19 0.0333281741667 
0.485592580534 0.0271279806413 0.0180853204275 0.0306986282331 
0.358261568266 0.011618608904 0.00774573926931 -0.0815775125737 
0.271799074881 0.108622450266 0.072414966844 -0.118304138273 
0.212596617792 0.136737748944 0.0911584992958 -0.111337249987 
0.160277494247 0.171541019449 0.114360679633 -0.0866852137311 
0.125368022693 0.188786823555 0.12585788237 -0.0688035925994 
0.10224737573 0.165245833622 0.110163889081 -0.0468862692541 
0.0906334982918 0.141794725974 0.0945298173159 -0.0383889908282 
0.0850553275476 0.140975073225 0.0939833821498 -0.0354579270116 
0.0787547328897 0.158655325641 0.105770217094 -0.0368135591128 
0.0755586026295 0.181967015761 0.121311343841 -0.0433048961348 
0.0780877270792 0.123774479402 0.0825163196014 -0.0312792013667 
0.0787803964204 0.1323692302 0.0882461534667 -0.0307389044291 
0.0824770875862 0.143047086063 0.0953647240418 -0.0336005532911 
0.0844827962583 0.136393957776 0.0909293051839 -0.0312471792186 
0.0877745416573 0.17080243243 0.113868288287 -0.0371744390447 
0.0970540682751 0.170596545958 0.113731030639 -0.0341390674034 
0.109560573091 0.169566578519 0.11304438568 -0.0338297713827 
0.142009749327 0.285823874429 0.190549249619 -0.120971029637 
0.156437730497 0.409190110004 0.272793406669 0.0506055326989 
