0.0 0.0 0.0 0.0 
5.44196852588e-21 0.616681688644 0.411121125763 -0.386221706183 
5.44196852588e-21 0.616681688644 0.411121125763 -0.386221706183 
5.44196852588e-21 0.616681688644 0.411121125763 -0.386221706183 
5.44196852588e-21 0.616681688644 0.411121125763 -0.386221706183 
5.44196852588e-21 0.616681688644 0.411121125763 -0.386221706183 
5.44196852588e-21 0.616681688644 0.411121125763 -0.386221706183 
5.44196852588e-21 0.616681688644 0.411121125763 -0.386221706183 
5.44196852588e-21 0.616681688644 0.411121125763 -0.386221706183 
5.44196852588e-21 0.616681688644 0.411121125763 -0.386221706183 
-1.65681967631e-21 0.604755664783 0.403170443189 -0.385133417034 
-1.65681967631e-21 0.604755664783 0.403170443189 -0.385133417034 
1.71029153674e-20 0.591928609997 0.394619073331 -0.381705312713 
-2.02513545315e-21 0.646500644756 0.431000429837 -0.127189610419 
-3.16922854053e-23 0.685414067183 0.456942711455 0.0333000122308 
-1.24204887452e-18 0.687208491472 0.458138994314 0.149815671269 
-4.9715329769e-18 0.686200937937 0.457467291958 0.23478702365 
0.0081804562613 0.699235976189 0.466157317459 0.245098370751 
8.55894686585e-17 0.66998953789 0.446659691927 0.335693318574 
1.01768720517e-20 0.673563062689 0.449042041793 0.338783358758 
-2.48787274693e-18 0.662838184872 0.441892123248 0.373425900951 
8.94709243391e-08 0.657238320298 0.438158880198 0.37377987434 
-2.0217035169e-17 0.645442320075 0.43029488005 0.419152079892 
0.00132677163504 0.637779837579 0.425186558386 0.419418933647 
0.00401141783239 0.633210968259 0.422140645506 0.421581179911 
0.00401141783239 0.633210968259 0.422140645506 0.421581179911 
0.00694571942452 0.629093991595 0.419395994397 0.422626950987 
0.00694571942452 0.629093991595 0.419395994397 0.422626950987 
0.00808964246284 0.628976508408 0.419317672272 0.423049247732 
0.00808964246284 0.628976508408 0.419317672272 0.423049247732 
0.00418572804856 0.627385337369 0.418256891579 0.422518903386 
0.000369288793912 0.623709767941 0.41580651196 0.421628505809 
0.000654543265419 0.616068215574 0.410712143716 0.419902265459 
0.000386223966014 0.609842017655 0.406561345103 0.418396740163 
0.00143324505644 0.604583952315 0.40305596821 0.416705641026 
-1.45898946542e-18 0.601241536641 0.400827691094 0.414415055758 
0.0204836819536 0.605572499438 0.403714999625 0.287476000312 
0.0207352124389 0.59688584115 0.3979238941 0.28584015913 
0.0250360365782 0.585608489747 0.390405659832 0.283255934369 
0.0281211940624 0.578866333625 0.385910889084 0.281117478674 
0.0281211940624 0.578866333625 0.385910889084 0.281117478674 
0.0294815247274 0.573387104135 0.382258069423 0.279143675559 
0.0356135332465 0.56161974098 0.374413160654 0.276011989405 
0.048355197796 0.543041785212 0.362027856808 0.272051848235 
0.0747756003997 0.539208308496 0.359472205664 0.212090138265 
0.109196727767 0.516481653355 0.344321102236 0.211417162379 
0.154405263575 0.50150192349 0.33433461566 0.215087317313 
0.204582320443 0.475445923809 0.316963949206 0.214339225565 
0.265869243299 0.440836913312 0.293891275541 0.208808791058 
0.325172601449 0.409617259526 0.273078173017 0.203124143061 
0.393935849634 0.377551145331 0.251700763554 0.194030024925 
0.478693585391 0.337406356294 0.224937570863 0.178352466835 
0.565314306559 0.301299315111 0.200866210074 0.166322949125 
0.637327462679 0.27455535073 0.183036900486 0.160764728202 
0.714735596936 0.245573862536 0.163715908357 0.158253013126 
0.781885426561 0.219712839567 0.146475226378 0.160509310434 
0.84667361423 0.188977842202 0.125985228135 0.155951082098 
0.925162692006 0.151501753588 0.101001169059 0.156317206892 
0.985862580046 0.0201886919851 0.0134591279901 0.180286212848 
1.06296045397 -2.18853322762e-20 -1.45902215175e-20 0.169936303943 
1.13439347602 -5.37941537199e-22 -3.58627691466e-22 0.150612882049 
1.19934053481 4.82377319877e-22 3.21584879918e-22 0.129699194691 
1.25615996252 -3.04572013717e-22 -2.03048009145e-22 0.11488915386 
1.30260820991 1.14413315066e-21 7.62755433775e-22 0.104010559593 
1.34155599536 9.19556343563e-22 6.13037562376e-22 0.0951231906757 
1.37131501651 4.96816843712e-22 3.31211229141e-22 0.0906863557617 
1.39494215787 2.50833504121e-22 1.67222336081e-22 0.0859471970728 
1.41160901685 -9.4273306896e-22 -6.2848871264e-22 0.0828506658411 
1.4235946456 8.38700676929e-22 5.59133784619e-22 0.0809674953036 
1.42932292805 -2.33394842056e-21 -1.55596561371e-21 0.0788946007929 
1.43428045841 -9.91353105379e-23 -6.60902070253e-23 0.0779373616368 
1.43819038572 -2.17054646951e-22 -1.44703097967e-22 0.0762345167427 
1.43812814138 6.36233917174e-22 4.24155944783e-22 0.0773019788965 
1.44264139646 -3.82324783456e-21 -2.54883188971e-21 0.0741516746673 
1.44838323787 -2.42900824386e-21 -1.61933882924e-21 0.074615579294 
1.44786096836 5.82082683004e-22 3.88055122002e-22 0.0724289345164 
1.44698843965 -8.36939877982e-22 -5.57959918654e-22 0.0733870475234 
1.43945510002 6.25813781591e-22 4.17209187727e-22 0.0746129487288 
1.43320540391 1.43056724053e-21 9.53711493684e-22 0.0771261602556 
1.43596117651 -6.74140245635e-22 -4.49426830423e-22 0.0755167200519 
1.43056135963 -1.22116204423e-21 -8.14108029487e-22 0.0783591282993 
1.42964868344 -1.77206819924e-22 -1.18137879949e-22 0.0776567853963 
1.42296368349 2.10765105551e-21 1.40510070367e-21 0.0763590304261 
1.42296368349 2.10765105551e-21 1.40510070367e-21 0.0763590304261 
1.41684735047 8.15147268753e-22 5.43431512502e-22 0.079235699866 
1.41275294306 -1.58269417726e-21 -1.05512945151e-21 0.0805543963825 
1.40992733883 1.21913020612e-21 8.12753470747e-22 0.0828148498349 
1.41256616375 -9.21481129667e-22 -6.14320753111e-22 0.0786672374622 
1.4052906695 1.65115502168e-21 1.10077001446e-21 0.0792663539405 
1.40289795151 1.07211927419e-21 7.14746182794e-22 0.0801885919531 
1.40616142987 -6.47725446921e-23 -4.31816964614e-23 0.0782232082207 
1.40842088139 9.36995297678e-22 6.24663531786e-22 0.0776778450163 
1.4090916636 5.15726671683e-22 3.43817781122e-22 0.0760584115815 
1.40971464265 1.38599210299e-21 9.23994735323e-22 0.0745156091064 
1.40946093742 1.34843281224e-21 8.98955208163e-22 0.0735854031493 
1.40518342907 2.06501777807e-21 1.37667851871e-21 0.0751750008377 
1.40104465982 -1.14632676863e-21 -7.64217845751e-22 0.0766159834636 
1.40058628458 -1.89921193489e-21 -1.26614128993e-21 0.0789554437223 
1.40043092234 2.80501184108e-21 1.87000789405e-21 0.0809155324036 
1.39773015433 -6.53353038779e-23 -4.35568692519e-23 0.0817114866037 
1.40223361301 -3.1167353676e-22 -2.0778235784e-22 0.0783051396679 
1.40237952953 -3.86117619698e-22 -2.57411746466e-22 0.0771709189504 
1.39291564052 1.49586421082e-23 9.97242807213e-24 0.0786066668388 
1.38835720045 -2.15579905198e-22 -1.43719936799e-22 0.0806929880636 
1.37961710919 4.49362429853e-22 2.99574953235e-22 0.0852784508908 
1.34865490363 -2.29535115031e-22 -1.53023410021e-22 0.0929408968494 
1.31473166594 -1.45795043665e-21 -9.71966957765e-22 0.0969491922761 
1.26676695891 6.88897035737e-22 4.59264690491e-22 0.100917684048 
1.19192034249 1.65573448183e-18 1.10382298789e-18 0.10757463698 
1.11658127618 1.62700094691e-17 1.08466729794e-17 0.113612235799 
1.02512670725 2.74218570726e-17 1.82812380484e-17 0.123578010531 
0.895465888565 0.0426416440733 0.0284277627155 0.127689629509 
0.745423371492 0.199113234626 0.132742156417 0.0892818640732 
0.568719101432 0.256864442181 0.171242961454 0.074234863219 
0.406212362207 0.213746823537 0.142497882358 0.0773182179454 
0.267314039934 0.113940221928 0.075960147952 -0.0892939986365 
0.178953947427 0.0872730788683 0.0581820525788 -0.0511786594759 
0.104489433927 0.0351004525402 0.0234003016935 -0.0182489151899 
0.0487636322828 0.0136411690715 0.00909411271436 -0.00834790392502 
0.0157469916222 2.86547976995e-18 1.91031984663e-18 -0.00385359762 
7.37644167854e-19 -2.16554717448e-18 -1.44369811632e-18 -7.48310691523e-05 
5.78764181457e-21 -8.65659115035e-22 -5.7710607669e-22 0.00339560395243 
7.97000762391e-22 4.44200768375e-22 2.96133845584e-22 0.00537942291149 
-1.4924773526e-20 -3.47303443041e-23 -2.31535628694e-23 0.00727675314341 
-1.4924773526e-20 -3.47303443041e-23 -2.31535628694e-23 0.00727675314341 
-2.57480157879e-21 2.2641790184e-21 1.50945267894e-21 0.00563010580449 
-6.9615172307e-21 -1.03908917757e-21 -6.92726118378e-22 0.00307531551376 
3.91542356056e-21 -1.11736104613e-21 -7.44907364088e-22 0.000218333810001 
3.91542356056e-21 -1.11736104613e-21 -7.44907364088e-22 0.000218333810001 
3.91542356056e-21 -1.11736104613e-21 -7.44907364088e-22 0.000218333810001 
4.53858818625e-21 3.06202060176e-21 2.04134706784e-21 -0.00148005898932 
4.53858818625e-21 3.06202060176e-21 2.04134706784e-21 -0.00148005898932 
4.53858818625e-21 3.06202060176e-21 2.04134706784e-21 -0.00148005898932 
4.53858818625e-21 3.06202060176e-21 2.04134706784e-21 -0.00148005898932 
0.00220863353073 7.8723322707e-23 5.2482215138e-23 -0.00115880203726 
0.0105797577962 4.15237850883e-22 2.76825233922e-22 -0.000670307292852 
0.0271470504964 -7.55938581109e-22 -5.03959054072e-22 0.00165508758277 
0.0770165103394 -1.63452016909e-21 -1.08968011273e-21 -0.00368214107098 
0.132839733791 5.22904912011e-22 3.48603274674e-22 -0.00993205138301 
0.187684388703 2.96855794037e-21 1.97903862691e-21 -0.0295384560843 
0.261243919563 2.03296897977e-22 1.35531265318e-22 -0.0789553894329 
0.352737840421 1.1168689728e-06 7.445793152e-07 -0.158256422416 
0.428648355984 -6.04128197806e-22 -4.02752131871e-22 -0.075749298171 
0.534708887507 0.0407896874965 0.0271931249977 0.0611737256649 
0.614304986921 0.029089814007 0.019393209338 0.0803497957989 
0.680846389343 0.0155166251173 0.0103444167449 0.0878832867567 
0.748725888099 0.00566386063305 0.0037759070887 0.075553073173 
0.808210444284 -1.04635525283e-20 -6.97570168556e-21 0.0711848063554 
0.856914529977 1.71548855879e-23 1.14365903919e-23 0.0661868612753 
0.905390001847 6.77155456951e-23 4.51436971301e-23 0.0665260567304 
0.956017970028 4.08323424724e-23 2.72215616483e-23 0.0564671534887 
1.00638501098 1.02328378079e-22 6.82189187191e-23 0.0470864507809 
1.0484078859 -2.55790785171e-23 -1.70527190114e-23 0.0443313616203 
1.08544209839 1.18556433722e-22 7.90376224814e-23 0.039799820581 
1.12311464053 2.091277957e-22 1.39418530467e-22 0.0338965957812 
1.16133877728 2.95810942239e-22 1.97207294826e-22 0.0302512630592 
1.20632160062 -5.90035664824e-23 -3.93357109883e-23 0.0242468121331 
1.24417233942 -1.6976688589e-23 -1.13177923927e-23 0.0201750068073 
1.27453716474 -3.49809735259e-22 -2.33206490172e-22 0.0198872038483 
1.31151014409 -6.66216974696e-22 -4.44144649797e-22 0.0157907835447 
1.3410034999 -3.39454729292e-22 -2.26303152862e-22 0.0124325628583 
1.36445283043 -1.52356544909e-21 -1.01571029939e-21 0.0107362370796 
1.3865319607 -1.81606294272e-21 -1.21070862848e-21 0.0109724727224 
1.40251830585 -1.58248819073e-21 -1.05499212716e-21 0.00916979862399 
1.41602870535 2.08854465666e-21 1.39236310444e-21 0.00698321705348 
1.42837288013 -2.65669708323e-21 -1.77113138882e-21 0.00422593667168 
1.43711921937 -1.26949198867e-21 -8.46327992447e-22 0.00251658207905 
1.43866922788 4.10205073773e-23 2.73470049182e-23 0.00100161511888 
1.44214604066 1.24260287668e-21 8.28401917788e-22 -0.000896679424079 
1.44371100638 8.6623005477e-23 5.7748670318e-23 -0.00116215446387 
1.44023480691 -9.08058790582e-23 -6.05372527055e-23 -0.00259156399989 
1.43884566744 -7.219340335e-23 -4.81289355666e-23 -0.00200233220581 
1.43833230194 -9.49384884458e-23 -6.32923256306e-23 -0.00198890341596 
1.44088282497 -3.45444489601e-22 -2.30296326401e-22 -0.00596060109392 
1.44123445283 9.04618342187e-23 6.03078894792e-23 -0.00499574899442 
1.43960056461 1.73086150334e-23 1.1539076689e-23 -0.00443314329409 
1.45149383218 0.0292186635479 0.019479109032 -0.00582645144791 
1.44976540364 0.036363585642 0.024242390428 -0.00356743296068 
1.44063743283 0.0172504841505 0.011500322767 -0.00220485424433 
1.44809054649 0.0383072959433 0.0255381972955 -0.000742157908627 
1.44240527919 0.0292738869958 0.0195159246639 0.000243183929052 
1.43929201421 0.0208157781656 0.0138771854437 -0.000813095734711 
1.4330467686 0.00837576897319 0.00558384598213 0.000199485691011 
1.42581508353 2.61302823971e-18 1.74201882648e-18 0.00061145082331 
1.42214384186 -1.17393359557e-23 -7.82622397049e-24 0.00228186404797 
1.42285665016 2.72173482715e-22 1.81448988477e-22 0.00128283161954 
1.42031631259 0.0004659506384 0.000310633758933 0.00432019749327 
1.41268588172 -6.05659953588e-21 -4.03773302392e-21 0.00613587566756 
1.40231913659 1.08703380433e-21 7.24689202885e-22 0.00782466733687 
1.39532113173 7.5489120621e-23 5.0326080414e-23 0.00811636502633 
1.38627968542 2.74895407637e-22 1.83263605092e-22 0.0101813838867 
1.35945376729 -4.5814933338e-18 -3.0543288892e-18 0.00847214421013 
1.33251311613 -3.36886183501e-19 -2.24590789001e-19 0.0105170639712 
1.30556148543 -5.5903403116e-18 -3.72689354106e-18 0.0131878761686 
1.27849272603 0.00672096861854 0.0044806457457 0.0135668191859 
1.25324133557 0.0143383579621 0.00955890530805 0.0127928183694 
1.24034000152 0.0517657897826 0.0345105265218 0.0118468835312 
1.21029239226 0.0619328432616 0.0412885621744 0.0101167468291 
1.20542336048 0.134425740978 0.0896171606518 0.00982971422962 
1.17594232457 0.145414754312 0.0969431695415 0.0116902620359 
1.14374852041 0.157342718778 0.104895145852 0.0122698900929 
1.11426947271 0.168552516209 0.112368344139 0.0126817505396 
1.08743470724 0.17920227193 0.119468181287 0.00979080625788 
1.05989748747 0.191219255467 0.127479503645 0.007488434942 
1.03343103731 0.202908169322 0.135272112881 0.00810122449883 
1.00627855557 0.213945967392 0.142630644928 0.00875996468441 
0.978071088787 0.225519263702 0.150346175801 0.00586018076631 
0.953629345943 0.236452867723 0.157635245149 0.0033549942187 
0.921166106014 0.249251095721 0.166167397147 0.00229081172669 
0.880278687877 0.264367281553 0.176244854369 0.00192142921337 
0.721123955284 -1.12851390594e-16 -7.52342603958e-17 -0.00307328285806 
0.661509780074 -1.47421995646e-18 -9.82813304305e-19 -0.026775741969 
0.574675910218 2.29919873779e-17 1.53279915852e-17 -0.0811373323777 
0.495924331275 -2.19607656304e-17 -1.46405104203e-17 -0.182260100759 
0.431767652 1.65208115035e-18 1.10138743357e-18 -0.263500300459 
0.379008828656 0.0447926414484 0.0298617609656 -0.332579993682 
0.344421952713 0.0907225278157 0.0604816852105 -0.397665810448 
0.307907486625 0.138113983601 0.0920759890672 -0.442184855699 
0.273698998026 0.182065164991 0.12137677666 -0.485610312986 
0.254047943704 0.207570132587 0.138380088392 -0.523598775598 
0.23311240991 0.233095288696 0.155396859131 -0.523598775598 
0.212934345752 0.258704449485 0.17246963299 -0.523598775598 
0.209227693493 0.264860943485 0.176573962324 -0.523598775598 
0.202701273422 0.274332953738 0.182888635825 -0.523598775598 
0.192758576489 0.287421002474 0.191614001649 -0.523598775598 
0.186361938347 0.296604381737 0.197736254491 -0.523598775598 
0.182839867463 0.302951550807 0.201967700538 -0.523598775598 
0.177709360526 0.309290706097 0.206193804064 -0.523598775598 
0.177709360526 0.309290706097 0.206193804064 -0.523598775598 
0.177709360526 0.309290706097 0.206193804064 -0.523598775598 
0.170226774182 0.319879168638 0.213252779092 -0.523598775598 
0.166368189046 0.31944050817 0.21296033878 -0.523598775598 
0.154463915931 0.333240586142 0.222160390762 -0.523598775598 
0.13555947314 0.34908779436 0.23272519624 -0.466267386153 
0.117754429356 0.361360543274 0.240907028849 -0.382531076701 
0.0964574049009 0.362475821774 0.24165054785 -0.265720624133 
0.04251803541 0.243546306441 0.162364204294 -0.0418465518246 
0.0647288103436 0.353308122998 0.235538748665 -0.092754156894 
0.0850216572945 0.411795189522 0.274530126348 -0.0860106288569 
0.120862449309 0.532966707596 0.355311138397 0.0644091078603 
0.137306897473 0.577216606164 0.384811070776 0.0899268621477 
0.189191495185 0.66025997773 0.440173318487 0.0614364631701 
0.229048119107 0.716864282269 0.477909521513 0.0601915541779 
0.266894517543 0.755634855126 0.503756570084 0.0599000903523 
0.291052003897 0.815776902087 0.543851268058 0.0696818545748 
0.313615041705 0.860471110734 0.573647407156 0.0782635804329 
0.332807541934 0.892895272271 0.595263514847 0.0865914590243 
0.327061838372 0.925532790169 0.617021860113 0.0994106391028 
0.344317529925 0.971850142077 0.647900094718 0.112867650095 
0.335047234557 1.01449092437 0.676327282916 0.131372650169 
0.326421232653 1.0518079856 0.701205323734 0.145914630413 
0.281271649343 1.09089901952 0.727266013011 0.160390748575 
0.273777545472 1.12818647143 0.752124314289 0.164314216411 
0.233768738609 1.15903224278 0.772688161856 0.167224687685 
0.226635449658 1.19751118327 0.798340788845 0.160561412756 
0.175351342345 1.23180912358 0.821206082386 0.153657378115 
0.143686151468 1.26503705071 0.843358033808 0.138939477979 
0.10145887469 1.30403986631 0.869359910875 0.11404170428 
0.0536582381566 1.34067030145 0.893780200966 0.0861828405984 
0.0067998688687 1.37209063713 0.91472709142 0.0547221282205 
1.18017038762e-19 1.40372921054 0.935819473694 0.0213147576225 
1.02903376021e-21 1.42997855615 0.953319037431 -0.00759220247126 
2.54190048128e-21 1.45448415142 0.969656100945 -0.035778334096 
-3.61385327957e-21 1.47946093997 0.986307293312 -0.0631809910186 
6.20411654554e-22 1.49797379234 0.998649194894 -0.0866499378951 
-1.11832236937e-21 1.51655807624 1.01103871749 -0.10604016423 
-1.01726784236e-22 1.5317898414 1.0211932276 -0.124761771077 
-1.73505172166e-23 1.54546484685 1.0303098979 -0.138376874244 
0.000326004183628 1.55491365686 1.03660910457 -0.150119034565 
0.697082547117 1.53692162993 1.02461441995 0.00865032637872 
0.740854053558 1.54131793763 1.02754529176 0.0145452671317 
0.756938617666 1.54621461857 1.03080974571 0.00386081128126 
0.795746057328 1.54844216742 1.03229477828 0.0189770371344 
0.806569424704 1.55181877375 1.03454584917 0.0119275483415 
0.816755253399 1.55423472887 1.03615648592 0.00760681412255 
0.825859281964 1.55686294351 1.03790862901 0.00546625652181 
0.833495136362 1.55825057154 1.03883371436 0.00568536769824 
0.833768258153 1.55952002029 1.03968001353 0.0056798160001 
0.840151464957 1.55916671894 1.03944447929 0.00547290421472 
0.840287728928 1.55995557432 1.03997038288 0.00551640203378 
0.840134149376 1.55948042711 1.03965361808 0.00570616542101 
0.830211872389 1.55899220383 1.03932813589 0.0134071055348 
0.81670700017 1.55734430873 1.03822953915 0.0202046443942 
0.7802952132 1.55699001907 1.03799334605 0.00920127611573 
0.757474389096 1.55157875399 1.03438583599 0.0253579056478 
0.685046894436 1.54679283969 1.03119522646 0.00690297369526 
0.586292538121 1.5383380136 1.02555867573 -0.00967191738495 
-7.48872837945e-15 1.53878008957 1.02585339305 -0.125908753728 
7.90771074605e-22 1.51803163432 1.01202108955 -0.107616543874 
-3.32548747953e-22 1.49748676673 0.998324511154 -0.092990547072 
1.52604618142e-22 1.46741131421 0.97827420947 -0.0756664404644 
3.81907591106e-22 1.43971172679 0.959807817858 -0.0586573908982 
-1.5286432724e-22 1.40336942335 0.935579615565 -0.0398348021518 
0.10538054382 1.35021802127 0.90014534751 0.00261590813131 
0.217765809788 1.28862109624 0.859080730829 0.0447445672716 
0.321844985055 1.22055715255 0.813704768365 0.0739393325722 
0.417231452086 1.14936346067 0.766242307112 0.0866338001754 
0.497561086527 1.08119783017 0.720798553443 0.0898015831302 
0.562764227216 1.02156153308 0.681041022054 0.0866541445015 
0.620120299429 0.957534225712 0.638356150474 0.0769465838403 
0.637037730471 0.896537518111 0.597691678741 0.0678009154913 
0.693233580023 0.854765199305 0.569843466203 0.0584773310996 
0.708437362481 0.809830913198 0.539887275465 0.0482731589531 
0.723790629976 0.769028686066 0.51268579071 0.0395132042793 
0.703775921598 0.704469559181 0.469646372787 0.0299117214447 
0.658408755459 0.627245385128 0.418163590085 0.0197615428999 
0.596653665792 0.534196046907 0.356130697938 0.0146327808346 
0.534792299078 0.427917900066 0.285278600044 0.0148263448088 
0.468235222897 0.324423966309 0.216282644206 0.0151685903699 
0.407375189567 0.217501062022 0.145000708015 0.0119219356785 
0.349108911665 0.128971635123 0.0859810900818 -0.0442423475213 
0.31043892988 0.0724477419575 0.0482984946383 -0.114623283141 
0.274086561287 0.0802830450642 0.0535220300428 -0.119863430983 
0.24743272861 0.0855483424609 0.0570322283072 -0.124563571517 
0.220920974561 0.0908115257859 0.0605410171906 -0.128325569442 
0.159676709456 -8.28575860583e-16 -5.52383907056e-16 -0.0296602620292 
0.12951451775 3.34857628565e-19 2.23238419044e-19 -0.0200674505247 
0.108838925905 1.23275107976e-22 8.21834053175e-23 -0.0120151522414 
0.0877216086166 -1.8423712159e-22 -1.22824747727e-22 -0.00582370439676 
0.0702386756018 6.55835977532e-22 4.37223985021e-22 0.00109176108592 
0.0560460890375 5.6401748093e-22 3.76011653953e-22 0.00363301434002 
0.0447317458326 -5.95882312463e-22 -3.97254874975e-22 0.0067418874572 
0.0340207921126 9.7500049727e-23 6.50000331513e-23 0.00997079176124 
0.0249743326122 5.43507281408e-21 3.62338187605e-21 0.0133411890032 
0.0180801315135 2.30252176509e-21 1.53501451006e-21 0.0164320512497 
0.0151403492523 -1.26163947017e-21 -8.41092980114e-22 0.0211809778287 
0.00848324457791 4.56142876635e-21 3.0409525109e-21 0.0215872744271 
0.00702518098124 -1.21851756802e-21 -8.12345045343e-22 0.0210883280047 
0.0 3.20221248208e-22 2.13480832139e-22 0.021149445402 
1.08453366252e-21 6.41839452159e-22 4.27892968106e-22 0.018110130669 
1.08453366252e-21 6.41839452159e-22 4.27892968106e-22 0.018110130669 
1.94442998992e-22 0.0171960020224 0.0114640013483 0.0158780626961 
0.00880465312667 0.0655781120941 0.0437187413961 0.0160170443655 
0.0227961175195 0.120135718577 0.080090479051 0.0206530533042 
0.0318591648751 0.162736084233 0.108490722822 0.0192521136846 
0.0434113327645 0.202271449561 0.134847633041 0.0262710349819 
0.0552950078092 0.244387040763 0.162924693842 0.0240142969715 
0.0672070433441 0.271804734684 0.181203156456 0.0336371570709 
0.0807072542226 0.332444331202 0.221629554135 0.0238207169236 
0.0956424606124 0.378040488209 0.252026992139 0.0195764002235 
0.133894356808 0.47670461902 0.317803079347 -0.0889137555408 
0.152938637781 0.523061783681 0.348707855787 -0.0533172150958 
0.170521438152 0.56305469729 0.375369798194 -0.0227952907081 
0.201947221173 0.625428276646 0.416952184431 -0.0203705754601 
0.225576764298 0.663053341607 0.442035561072 -0.0135424403175 
0.250192723056 0.700340644505 0.466893763003 -0.00845220281139 
0.272710658037 0.732999326536 0.488666217691 -0.00268974079405 
0.297686887738 0.757012799394 0.504675199596 0.00269411461754 
0.318507377946 0.771468476875 0.514312317916 0.00476276514819 
0.336360605826 0.786724566898 0.524483044599 0.0069179133338 
0.353578758785 0.80179793453 0.534531956353 0.00800712926414 
0.352409717429 0.807571101752 0.538380734501 0.0107646957126 
0.377197575046 0.82742985246 0.55161990164 0.0107244908505 
0.376256575963 0.831826821413 0.554551214275 0.011608684921 
0.381854852782 0.830593294198 0.553728862798 0.0113256819904 
0.403884606024 0.840634828408 0.560423218938 0.0111015329186 
0.403884606024 0.840634828408 0.560423218938 0.0111015329186 
0.40504088465 0.840721002868 0.560480668579 0.0150283994601 
0.40504088465 0.840721002868 0.560480668579 0.0150283994601 
0.40504088465 0.840721002868 0.560480668579 0.0150283994601 
0.410143810624 0.835414661198 0.556943107465 0.0132390287194 
0.428909320085 0.853416169333 0.568944112889 0.0168385085791 
0.428909320085 0.853416169333 0.568944112889 0.0168385085791 
0.425793942582 0.861699964355 0.574466642903 0.0199905686086 
0.423900324179 0.86946685888 0.579644572587 0.0205991538457 
0.441155266884 0.885663637569 0.590442425046 0.0216307862703 
0.439442623437 0.891103510648 0.594069007099 0.024395079081 
0.438442637047 0.89697816032 0.597985440213 0.0237335661624 
0.43858712348 0.90856501971 0.60571001314 0.0233359606043 
0.43671512144 0.917375063685 0.61158337579 0.0265136211322 
0.438544642716 0.929304273617 0.619536182411 0.0257895148239 
0.435997589486 0.941293055496 0.627528703664 0.0319817347656 
0.434239542997 0.959338456739 0.639558971159 0.0339432555069 
0.431977692497 0.9710614284 0.6473742856 0.0396653629201 
0.429968409957 0.982658927584 0.655105951722 0.0435538894438 
0.427789307266 0.99807882209 0.665385881394 0.0411160653865 
0.426368901669 1.00566058507 0.670440390049 0.0436732852649 
0.424204787938 1.01559795785 0.677065305232 0.0461958739082 
0.422128058856 1.02497611366 0.683317409105 0.0489141353002 
0.421689408929 1.02709626202 0.68473084135 0.047977273447 
0.420190503618 1.03399242292 0.689328281947 0.0493002509541 
0.418179460433 1.04343417717 0.695622784778 0.050781326059 
0.415420978583 1.05017919671 0.700119464473 0.0480177292223 
0.413612033175 1.05700044806 0.704666965376 0.049984463089 
0.411898498578 1.06349997288 0.70899998192 0.0514447941358 
0.410879433212 1.06616310632 0.71077540421 0.051770163198 
0.408866762345 1.0749468076 0.716631205068 0.0542874024834 
0.40698641987 1.08252569609 0.721683797395 0.0561368810308 
0.405209045477 1.08934347454 0.726228983028 0.0572144451817 
0.403224641493 1.09714767331 0.731431782206 0.0599099748761 
0.400953730152 1.1063716912 0.737581127465 0.063561268823 
0.37603794915 1.10770247902 0.738468319346 0.0655490700345 
0.375672834629 1.11112899032 0.740752660213 0.0669700720385 
0.375191675609 1.11529994271 0.743533295141 0.0686505280256 
0.374544584132 1.12035067134 0.746900447559 0.069703857567 
0.373715807803 1.12604182285 0.750694548566 0.0701491968418 
0.373106105359 1.12921185631 0.752807904205 0.0705267616465 
0.37051594217 1.13396433524 0.755976223496 0.0670404271471 
0.369732802209 1.13601015348 0.757340102322 0.0676541467168 
0.369322151186 1.13430870521 0.756205803472 0.0675287884345 
0.369376440009 1.12947114481 0.752980763205 0.0666157224805 
0.369665360556 1.12406212222 0.749374748144 0.0657711614681 
0.370207723663 1.11835840888 0.74557227259 0.0650239016685 
0.374655402121 1.10123051393 0.734153675956 0.0665422052235 
0.377783956624 1.08413081407 0.722753876048 0.0611507984554 
0.412462684423 1.07156506184 0.714376707896 0.0614556238833 
0.414601486875 1.05890844743 0.705938964955 0.0564571452622 
0.417777116239 1.04379706852 0.695864712345 0.0510275068773 
0.42042563012 1.03448070498 0.689653803321 0.0488460217388 
0.449187055967 1.02444218022 0.682961453479 0.0464590063399 
0.451918794366 1.01179128646 0.674527524309 0.0414836327914 
0.456145213052 0.99548614575 0.6636574305 0.0352000755223 
0.459211344994 0.985898102989 0.657265401993 0.032199104738 
0.46558222603 0.970948535794 0.647299023863 0.032059827663 
0.471937185092 0.955559387781 0.637039591854 0.0288305983291 
0.48060936078 0.931985918895 0.62132394593 0.0234157800856 
0.493054186622 0.891350339912 0.594233559941 0.0190793316063 
0.455953623138 0.831898065359 0.55459871024 0.0129982635055 
0.408159949898 0.757520266869 0.505013511246 0.00600230541834 
0.351769818347 0.659562587605 0.439708391737 -0.00141325880877 
0.293224197978 0.516087418993 0.344058279329 -0.0118343588422 
0.247135957143 0.376760455267 0.251173636845 -0.0407734450659 
0.213834515772 0.274687726687 0.183125151125 -0.115217096151 
0.200696840121 0.265184427365 0.176789618243 -0.216401967695 
0.195743184226 0.273798227509 0.182532151673 -0.318176012011 
0.195141801165 0.277201998484 0.184801332323 -0.392510301016 
0.19484367444 0.278265807245 0.185510538163 -0.43636660057 
0.195596550889 0.277155130793 0.184770087195 -0.474547848763 
0.188570732818 0.284762630683 0.189841753789 -0.478832069084 
0.195785337197 0.276256926933 0.184171284622 -0.509890709545 
0.19744882766 0.276423708269 0.184282472179 -0.510289793127 
0.204163503842 0.266620804098 0.177747202732 -0.514675020057 
0.204163503842 0.266620804098 0.177747202732 -0.514675020057 
0.208977429543 0.259194399476 0.172796266317 -0.517601810791 
0.208977429543 0.259194399476 0.172796266317 -0.517601810791 
0.205538110929 0.257896340966 0.171930893977 -0.517157578385 
0.180257638978 0.262352961969 0.174901974646 -0.44819430211 
0.142859471629 0.243436644507 0.162291096338 -0.329770743404 
0.0553566694891 0.0243500870344 0.0162333913563 -0.107039174862 
0.0542581478566 0.0613997135005 0.0409331423337 -0.156816579634 
0.0505138233558 0.0744363072406 0.0496242048271 -0.197677604826 
0.0368470656318 0.0676977843452 0.0451318562301 -0.22189931239 
0.028388799579 0.0585013292828 0.0390008861885 -0.248578428521 
0.0128116894295 0.0548278438425 0.036551895895 -0.266599547299 
0.00760497348348 0.0518149862057 0.0345433241371 -0.281120054886 
0.0 0.0507291151767 0.0338194101178 -0.286363431939 
6.33395776683e-22 0.0501734120993 0.0334489413995 -0.297384518186 
6.33395776683e-22 0.0501734120993 0.0334489413995 -0.297384518186 
9.5328045371e-22 0.0514294322173 0.0342862881449 -0.30525209206 
9.5328045371e-22 0.0514294322173 0.0342862881449 -0.30525209206 
9.5328045371e-22 0.0514294322173 0.0342862881449 -0.30525209206 
9.5328045371e-22 0.0514294322173 0.0342862881449 -0.30525209206 
9.5328045371e-22 0.0514294322173 0.0342862881449 -0.30525209206 
9.5328045371e-22 0.0514294322173 0.0342862881449 -0.30525209206 
9.5328045371e-22 0.0514294322173 0.0342862881449 -0.30525209206 
4.79260810169e-22 0.0583492165889 0.0388994777259 -0.302357573292 
4.79260810169e-22 0.0583492165889 0.0388994777259 -0.302357573292 
3.10530070602e-21 0.0660688958046 0.0440459305364 -0.293248974261 
6.90130495475e-22 0.0699613604135 0.0466409069423 -0.28670119052 
-4.33165549633e-22 0.0775948355366 0.0517298903577 -0.275216479456 
-4.18263188065e-22 0.0859654463246 0.0573102975497 -0.258995053152 
0.00397736788891 0.0911801708205 0.060786780547 -0.239322999461 
0.010975689127 0.0782899963572 0.0521933309048 -0.205078242108 
0.021377898988 0.0604414216643 0.0402942811096 -0.173559030071 
0.0273832984127 0.0326907365367 0.0217938243578 -0.138380672872 
0.0266731078175 0.0150998308926 0.0100665539284 -0.107957224012 
0.0298875047006 0.00173044925178 0.00115363283452 -0.0865678323122 
0.0346894360444 -2.04532506217e-20 -1.36355004145e-20 -0.0713888213013 
0.0356215824003 -5.1085689036e-22 -3.4057126024e-22 -0.0596128292421 
0.0359624744765 -1.07912315224e-21 -7.19415434828e-22 -0.0497936839287 
0.0363133913892 -1.70922184635e-21 -1.1394812309e-21 -0.044436868192 
0.036552137417 -1.03796014956e-21 -6.91973433043e-22 -0.0371817829369 
0.03109205314 -6.30968936073e-22 -4.20645957382e-22 -0.0358653772579 
0.0326150034073 5.31297502432e-22 3.54198334954e-22 -0.0325288181535 
0.033866986784 7.18550087544e-22 4.79033391696e-22 -0.0303130081958 
0.0340419578519 9.70735360675e-22 6.47156907117e-22 -0.0264851845746 
0.0394219089189 -1.70269644404e-22 -1.13513096269e-22 -0.0262826827198 
0.0378224013783 -1.57683567838e-21 -1.05122378559e-21 -0.0264596014964 
0.0420561780178 -1.43571576994e-21 -9.57143846628e-22 -0.0270342245716 
0.0442774474213 -1.03151443771e-21 -6.87676291808e-22 -0.0272242721355 
0.0417014323239 1.78533035585e-21 1.19022023724e-21 -0.0289268906997 
0.0471567866014 -8.44478629486e-22 -5.62985752991e-22 -0.030748689459 
0.045941658412 1.79570019627e-21 1.19713346418e-21 -0.033666062507 
0.0409187726587 -4.40752609396e-23 -2.93835072931e-23 -0.0336449553201 
0.0401870559588 -3.05981288314e-22 -2.03987525543e-22 -0.0381650361653 
0.0434054839678 -1.10380305962e-21 -7.35868706414e-22 -0.0439526578204 
0.0401140693744 -2.54293707345e-22 -1.6952913823e-22 -0.0515596453526 
0.046885225646 0.0383550583258 0.0255700388839 -0.0738768434814 
0.0572849739493 0.0863767049031 0.0575844699354 -0.106070867939 
0.0637273097466 0.142185590592 0.0947903937277 -0.157560618673 
0.0563456916976 0.159511674409 0.106341116273 -0.188156088012 
0.0489628854076 0.154528088922 0.103018725948 -0.204730356144 
0.045600294373 0.148568334913 0.0990455566083 -0.220384200253 
0.0374646360516 0.146257504077 0.097505002718 -0.23460015237 
0.032180921767 0.145152609094 0.0967684060627 -0.248157538945 
0.0297171393878 0.14223836102 0.0948255740136 -0.263483651525 
0.0191354444809 0.142298862216 0.0948659081439 -0.269053271281 
0.014402177508 0.146449540383 0.0976330269217 -0.286774331019 
0.00411390853341 0.147456788753 0.0983045258356 -0.291878567199 
2.38999391742e-18 0.15952185739 0.106347904927 -0.313561895401 
2.38999391742e-18 0.15952185739 0.106347904927 -0.313561895401 
1.26752667474e-21 0.172661904345 0.11510793623 -0.335307071179 
1.26752667474e-21 0.172661904345 0.11510793623 -0.335307071179 
1.66450014528e-21 0.200034952258 0.133356634839 -0.350872587004 
1.66450014528e-21 0.200034952258 0.133356634839 -0.350872587004 
1.66450014528e-21 0.200034952258 0.133356634839 -0.350872587004 
1.66450014528e-21 0.200034952258 0.133356634839 -0.350872587004 
3.93942343044e-23 0.249739397854 0.166492931903 -0.369863483394 
3.93942343044e-23 0.249739397854 0.166492931903 -0.369863483394 
3.93942343044e-23 0.249739397854 0.166492931903 -0.369863483394 
-3.14964207405e-21 0.345482613969 0.230321742646 -0.365341694733 
-3.14964207405e-21 0.345482613969 0.230321742646 -0.365341694733 
-1.24445812329e-21 0.939618093272 0.626412062181 0.506087468103 
4.29035033121e-22 0.984143515509 0.656095677006 0.473062950954 
-8.49426417801e-22 1.02343216905 0.682288112702 0.447305737054 
7.01552407809e-22 1.05782111888 0.705214079251 0.425885847837 
5.20763596184e-22 1.09927962742 0.732853084946 0.401224205732 
1.4760906638e-21 1.1395769864 0.759717990934 0.377785146656 
-6.98553011331e-23 1.18285020777 0.788566805177 0.350798105749 
-4.5039917835e-22 1.22967505846 0.819783372309 0.321903963404 
3.2650804748e-23 1.2734968726 0.848997915069 0.295442193107 
-6.00171690758e-22 1.30645873884 0.87097249256 0.272277283007 
9.41061137731e-22 1.3433503856 0.895566923733 0.246397338764 
-2.535754167e-21 1.37324444166 0.915496294441 0.223952123375 
5.42663261348e-21 1.40008267444 0.933388449625 0.202996321876 
6.89816716324e-21 1.42331537275 0.948876915163 0.181365659612 
-1.86167868205e-21 1.44438447005 0.962922980031 0.162677094359 
-6.4197829321e-21 1.4626629008 0.975108600531 0.144901260105 
-3.66604113718e-21 1.48201311667 0.988008744444 0.126922995361 
1.88969857443e-21 1.4962692809 0.997512853933 0.113215314748 
-5.81457493787e-21 1.50673232212 1.00448821475 0.102947740122 
-1.32774984762e-21 1.51509975169 1.01006650112 0.0949770569839 
1.56746493085e-21 1.51951068232 1.01300712155 0.0899538230275 
-6.11462352253e-21 1.52110623409 1.01407082273 0.0865619253893 
2.46076017745e-21 1.52405313664 1.01603542443 0.0866440486878 
1.05900077402e-21 1.52326778232 1.01551185488 0.0863429621739 
-1.08297289327e-21 1.5218170693 1.01454471287 0.0861499732282 
-7.46704754303e-21 1.51598127452 1.01065418301 0.0900788272409 
-1.18129055111e-21 1.50500872352 1.00333914901 0.100660283603 
6.11770465472e-21 1.49091327545 0.993942183631 0.115096947105 
-8.48718483555e-22 1.46602712218 0.977351414785 0.134813699112 
-6.58673073256e-21 1.43917561626 0.959450410837 0.154706700263 
4.02556056464e-21 1.40778901776 0.938526011841 0.174177655312 
2.54676668627e-21 1.36973748496 0.913158323307 0.193292385328 
-3.71043862071e-21 1.32835084606 0.885567230707 0.209448506453 
4.2674989413e-21 1.28813118309 0.858754122057 0.222604596704 
1.60581026004e-21 1.24619431911 0.830796212739 0.232408997533 
-6.78862375122e-22 1.1925493671 0.795032911403 0.240100241061 
-8.99506487769e-19 1.13317175451 0.755447836338 0.245882695779 
0.0121509961111 1.06507161645 0.710047744297 0.242136200631 
0.0246771556538 0.998569283738 0.665712855826 0.234294638623 
8.91200575794e-18 0.916511925164 0.61100795011 0.263625504433 
2.52795382241e-18 0.842797447939 0.561864965293 0.265023407143 
8.62045580655e-22 0.782294149279 0.521529432852 0.267260709478 
8.92674371508e-22 0.73067093285 0.487113955233 0.265324469094 
-1.53095784951e-21 0.67807704912 0.45205136608 0.245659414257 
-6.7255215799e-22 0.629700532758 0.419800355172 0.231641884176 
2.11797052008e-24 0.591652627683 0.394435085122 0.222208776793 
-7.77316335938e-21 0.374247437657 0.249498291771 -0.219141244677 
-7.77316335938e-21 0.374247437657 0.249498291771 -0.219141244677 
9.10247548201e-21 0.360990924846 0.240660616564 -0.221203643674 
-1.09907575074e-20 0.332683455823 0.221788970549 -0.192793123439 
-1.09907575074e-20 0.332683455823 0.221788970549 -0.192793123439 
-1.09907575074e-20 0.332683455823 0.221788970549 -0.192793123439 
-8.95515831849e-22 0.319804608054 0.213203072036 -0.195744386527 
-8.95515831849e-22 0.319804608054 0.213203072036 -0.195744386527 
-8.95515831849e-22 0.319804608054 0.213203072036 -0.195744386527 
-8.95515831849e-22 0.319804608054 0.213203072036 -0.195744386527 
-8.95515831849e-22 0.319804608054 0.213203072036 -0.195744386527 
-8.95515831849e-22 0.319804608054 0.213203072036 -0.195744386527 
-8.95515831849e-22 0.319804608054 0.213203072036 -0.195744386527 
-7.14463400496e-21 0.339079602478 0.226053068318 -0.210439347203 
-7.14463400496e-21 0.339079602478 0.226053068318 -0.210439347203 
-7.14463400496e-21 0.339079602478 0.226053068318 -0.210439347203 
-7.14463400496e-21 0.339079602478 0.226053068318 -0.210439347203 
-7.14463400496e-21 0.339079602478 0.226053068318 -0.210439347203 
0.0121731453916 0.339925501802 0.226617001201 -0.210893591876 
0.0280438476356 0.384646486148 0.256430990765 -0.182226372192 
0.17965405183 0.750682196323 0.500454797549 0.194465933932 
0.229408634692 0.841512821977 0.561008547985 0.168430549045 
0.268132021362 0.902319867813 0.601546578542 0.163645872578 
0.260508786692 0.945680983581 0.630453989054 0.178397772342 
0.253118100007 0.994229424823 0.662819616549 0.185266200346 
0.244461191138 1.05279906239 0.701866041592 0.189258810402 
0.238218935484 1.10158925501 0.734392836671 0.189244879052 
0.233291948107 1.14111071795 0.760740478636 0.188455711328 
0.226878074142 1.17958133225 0.786387554833 0.184996425447 
0.188835853466 1.2139895969 0.809326397935 0.177714442017 
0.163855129295 1.24891280461 0.832608536406 0.161818409749 
0.126063964018 1.29109818449 0.860732122996 0.130869996698 
0.0715276007298 1.33362546235 0.889083641565 0.0932079049 
0.00399665655297 1.37414659317 0.916097728779 0.0484360169527 
1.09248030592e-19 1.41605406606 0.94403604404 0.00318172356424 
-3.70337884419e-21 1.44881579248 0.96587719499 -0.0339569744321 
-3.64540868921e-21 1.48905463351 0.992703089004 -0.072978786206 
2.98172536454e-21 1.52030781828 1.01353854552 -0.104260810549 
-4.01442797356e-22 1.54223757126 1.02815838084 -0.127256939806 
-1.61148305313e-22 1.55788406991 1.03858937994 -0.144020595677 
0.736490051051 1.54345924625 1.02897283083 0.00703654296676 
0.784305024172 1.5518923234 1.03459488227 -0.00423255069077 
0.810195392895 1.55812813263 1.03875208842 -0.0244581344313 
0.832352943041 1.56179004043 1.04119336029 -0.0381049144906 
0.850516528929 1.56487460053 1.04324973369 -0.0469811792826 
0.864504837567 1.56715953865 1.04477302577 -0.0535225414843 
0.876163080787 1.5684186719 1.04561244793 -0.0588880273304 
0.886197177899 1.57027644099 1.04685096066 -0.0631425239661 
0.892587491914 1.57279011931 1.0485267462 -0.0656917825353 
0.898842120112 1.57383397645 1.04922265097 -0.0683543709668 
0.899247278494 1.5755354564 1.05035697094 -0.0685496662203 
0.907020295217 1.57538791017 1.05025860678 -0.0729041089854 
0.907397900965 1.57710863114 1.0514057541 -0.0731108930273 
0.914723474555 1.57760980821 1.05173987214 -0.0779731882196 
0.91497838157 1.57852208008 1.05234805339 -0.0781266634209 
0.920048000493 1.57791089245 1.05194059496 -0.081434810071 
0.920175393229 1.57856385124 1.05237590082 -0.0815006211089 
0.9203334478 1.57944036577 1.05296024385 -0.0815865873312 
0.92046873609 1.57999454219 1.05332969479 -0.0816364045369 
0.920368201331 1.57909512519 1.05273008346 -0.0815479063913 
0.920245468442 1.57864971023 1.05243314015 -0.0814581728634 
0.915543036329 1.57855609144 1.05237072763 -0.0784099112598 
0.906542352614 1.57861194685 1.05240796457 -0.0730018770187 
0.893212152696 1.57612397009 1.0507493134 -0.0648399548447 
0.876469998069 1.57488850929 1.04992567286 -0.0548865612816 
0.856567998717 1.57261414134 1.04840942756 -0.042754648851 
0.834501209318 1.5699837241 1.04665581607 -0.0295454418243 
0.814778908713 1.56596843238 1.04397895492 -0.0194318269286 
0.77039669307 1.55595240581 1.03730160387 -0.0123123598906 
0.712475077688 1.53634049917 1.02422699945 -0.000537915789565 
0.619383414126 1.51393103532 1.00928735688 -0.0114311307201 
1.21626530891e-15 1.48635177265 0.990901181769 -0.131772180392 
-8.00346416108e-22 1.4362207339 0.957480489267 -0.124061071674 
-1.05036342372e-22 1.3810306922 0.920687128136 -0.111638864504 
0.143973389794 1.31622210716 0.877481404774 -0.0643160332442 
0.3051002492 1.24372449835 0.829149665565 -0.0188106136387 
0.445275928133 1.16257764484 0.775051763229 0.0167732616466 
0.569998051072 1.07505303669 0.71670202446 0.0383360238315 
0.675341195479 0.985681542505 0.657121028337 0.0481939545933 
0.76230775099 0.895986955342 0.597324636895 0.0501522736657 
0.836027595896 0.803114886312 0.535409924208 0.0465508677882 
0.878015911703 0.706801300226 0.471200866818 0.0415274062149 
0.930789836101 0.623183235365 0.415455490243 0.0355886991112 
0.993900487429 0.542771964816 0.361847976544 0.0254231426935 
1.05259714598 0.483358742151 0.322239161434 0.0178351355424 
1.09886561915 0.443613569223 0.295742379482 0.0111005922615 
1.13942745771 0.412721635907 0.275147757271 0.00401908632348 
1.16865538636 0.392725503987 0.261817002658 -0.000161591580007 
1.19485237784 0.377221053755 0.251480702503 -0.00656579589628 
1.21482606508 0.368477266599 0.245651511066 -0.00931077747225 
1.27251087656 0.422015735514 0.281343823676 -0.00886124898589 
1.28404760948 0.415861619612 0.277241079742 -0.011424762408 
1.29176930619 0.413083705764 0.275389137176 -0.014005700929 
1.29187353495 0.41318293847 0.275455292314 -0.0152065677923 
1.29821384295 0.41198341856 0.274655612373 -0.0158345325495 
1.29213319385 0.414416728796 0.276277819197 -0.0139319058709 
1.28590503125 0.41328000425 0.275520002834 -0.014169724758 
1.28596834742 0.412759453592 0.275172969061 -0.0154048729547 
1.28596834742 0.412759453592 0.275172969061 -0.0154048729547 
1.30643705622 0.439494458334 0.292996305556 -0.0138940714779 
1.30120897419 0.441063384249 0.294042256166 -0.0131368167273 
1.29804566317 0.441848714306 0.294565809537 -0.0138075605074 
1.29216173167 0.443547217045 0.295698144697 -0.0144106284052 
1.28842830588 0.444013264616 0.296008843077 -0.0135520879654 
1.28188121801 0.445635065953 0.297090043969 -0.0135025065219 
1.27258893255 0.448618411066 0.299078940711 -0.012447491781 
1.27187946099 0.448846229293 0.299230819528 -0.010751225812 
1.2624910091 0.454445312354 0.30296354157 -0.0100509141174 
1.25073684273 0.458891840487 0.305927893658 -0.00895176326303 
1.24128158569 0.461279883105 0.30751992207 -0.00902032261012 
1.22306457661 0.47078835752 0.313858905013 -0.00589103627609 
1.15209526531 0.442149352093 0.294766234729 -0.00251695457023 
1.11854040325 0.465460797239 0.310307198159 0.000840940559282 
1.07670779252 0.496239339611 0.330826226408 0.00753693449157 
0.959628159772 0.596833384983 0.397888923322 0.0160359463442 
0.914156609358 0.738383673842 0.492255782561 0.0222197209713 
0.862527550716 0.839511442436 0.559674294957 0.0207540927267 
0.763282104685 0.926255167392 0.617503444928 0.010175726328 
0.663087078438 1.01667018109 0.677780120725 -0.00778361365879 
0.583532866126 1.0823492113 0.721566140866 -0.0281248198628 
0.529174750325 1.12174014453 0.747826763021 -0.0475744715174 
0.481453050758 1.15137123533 0.767580823557 -0.0612070827087 
0.447954205634 1.17158993515 0.781059956763 -0.0718866385491 
0.443538417571 1.18634615558 0.790897437055 -0.0709762735197 
0.410590871725 1.19283782386 0.795225215906 -0.0805878553292 
0.409947664041 1.20073106361 0.80048737574 -0.0817151202769 
0.409297915378 1.20560743476 0.803738289837 -0.0824744290756 
0.408857842287 1.20809027154 0.805393514358 -0.0834364127843 
0.408047628327 1.21290665829 0.808604438857 -0.0841432288875 
0.408047628327 1.21290665829 0.808604438857 -0.0841432288875 
0.382218402228 1.21016507084 0.806776713895 -0.0892862847374 
0.382218402228 1.21016507084 0.806776713895 -0.0892862847374 
0.38185765325 1.21422790036 0.809485266907 -0.0898674992355 
0.381744397991 1.21487052596 0.809913683975 -0.0900872566646 
0.381190569452 1.21926766492 0.812845109947 -0.0903455235967 
0.381190569452 1.21926766492 0.812845109947 -0.0903455235967 
0.381556222548 1.21738659171 0.811591061138 -0.0926214002778 
0.381463895642 1.21875945578 0.812506303856 -0.0931844598165 
0.381166656031 1.22155641615 0.814370944098 -0.0934568459304 
0.380707398274 1.22406066687 0.816040444578 -0.0934653961159 
0.378624078648 1.22517337463 0.816782249754 -0.0909252352465 
0.378225539933 1.22768823138 0.818458820923 -0.0915757248915 
0.378265068809 1.22188246237 0.814588308245 -0.0906758809096 
0.379183566949 1.20501775397 0.803345169313 -0.088019932188 
0.431770263161 1.17855365689 0.785702437927 -0.0685121933303 
0.548286665274 1.10159573805 0.7343971587 -0.0363448040092 
0.662124763506 1.01081246617 0.673874977448 -0.0129027958488 
0.759114397988 0.909970797879 0.606647198586 -0.00123155489426 
0.842887000217 0.789899781226 0.526599854151 0.0021845354431 
0.903119392706 0.666036113263 0.444024075509 -0.001125049815 
0.972837911446 0.573044041961 0.382029361308 -0.00608735407806 
1.04068058385 0.505060465379 0.336706976919 -0.0125056097165 
1.10086077464 0.458010824528 0.305340549685 -0.017563117704 
1.18610552986 0.489755799425 0.326503866284 -0.013938969881 
1.21669774742 0.468014019262 0.312009346175 -0.0180001553143 
1.28039206152 0.50407059421 0.336047062807 -0.0148918578597 
1.29580225776 0.492836456455 0.328557637637 -0.0171610417471 
1.30518754503 0.488114724658 0.325409816439 -0.017727369549 
1.31268706341 0.485431021215 0.32362068081 -0.0184740469449 
1.3194380822 0.484644543048 0.323096362032 -0.0184543424064 
1.35117149157 0.519211593472 0.346141062315 -0.0151608200563 
1.35630145218 0.518393272639 0.345595515093 -0.0149541867767 
1.35593774157 0.523113909849 0.348742606566 -0.0138695408707 
1.35357580258 0.525781110963 0.350520740642 -0.0133814313774 
1.35294811182 0.526113552779 0.35074236852 -0.0141717091403 
1.34652743526 0.529895282189 0.35326352146 -0.0135109617437 
1.32072977966 0.510214495246 0.340142996831 -0.0143240346749 
1.31991304713 0.510639738048 0.340426492032 -0.0114711386044 
1.31501924198 0.513116243022 0.342077495348 -0.0108218192455 
1.31501924198 0.513116243022 0.342077495348 -0.0108218192455 
1.31450488705 0.513408972914 0.342272648609 -0.00925183942146 
1.30946654524 0.516308996487 0.344205997658 -0.00983834412801 
1.30555420854 0.517640769208 0.345093846139 -0.00966649214354 
1.30555420854 0.517640769208 0.345093846139 -0.00966649214354 
1.30579721459 0.517615580281 0.345077053521 -0.0103619373267 
1.30571575974 0.51777683239 0.345184554926 -0.0086745176641 
1.30297070982 0.520288892332 0.346859261554 -0.00853653811237 
1.30320313337 0.520259793685 0.346839862457 -0.00979806046102 
1.29908847878 0.522698647417 0.348465764945 -0.0112945386694 
1.29856395588 0.522768413941 0.348512275961 -0.00951623456069 
1.29788040093 0.523115821603 0.348743881069 -0.00730073899625 
1.29736237499 0.523709997505 0.349139998337 -0.00583305343047 
1.28609979405 0.53417641652 0.356117611013 -0.00377406921255 
1.27135038432 0.547167577308 0.364778384872 -0.00221255580427 
1.2518033181 0.566085721288 0.377390480859 -0.000316028809901 
1.220883679 0.597307020595 0.398204680397 0.00824661669715 
1.14078833847 0.580902181391 0.387268120927 0.00511714459967 
1.11250830916 0.611798986789 0.407865991192 0.00454131251181 
0.911262841776 0.502176359459 0.334784239639 -0.00458193247533 
0.745270350369 0.365013439303 0.243342292869 -0.0148823861118 
0.599650233929 0.213353611993 0.142235741329 -0.0281656960149 
0.452273604329 0.0901628685885 0.060108579059 -0.0995317506784 
0.370622544838 0.122580681638 0.0817204544254 -0.165900926754 
0.316831903727 0.162566623115 0.108377748743 -0.22936748933 
0.26417724049 0.212454310182 0.141636206788 -0.242167330361 
0.235033945505 0.246823277928 0.164548851952 -0.306816808358 
0.207227650923 0.282599338221 0.188399558814 -0.318136143639 
0.189136409496 0.30432907953 0.20288605302 -0.331384713729 
0.179302289932 0.317225237474 0.211483491649 -0.380602508638 
0.169363112059 0.329014747841 0.219343165227 -0.385009807431 
0.162077263325 0.337353548308 0.224902365538 -0.388905031089 
0.158010537215 0.344123757053 0.229415838035 -0.393076503691 
0.152978474317 0.344794007548 0.229862671699 -0.39435383368 
0.148070156626 0.35493882546 0.23662588364 -0.397891284072 
0.145225129108 0.35572908967 0.237152726447 -0.398767629807 
0.148329543461 0.355966145233 0.237310763489 -0.399312133048 
0.148329543461 0.355966145233 0.237310763489 -0.399312133048 
0.148329543461 0.355966145233 0.237310763489 -0.399312133048 
0.157824839366 0.346914166921 0.23127611128 -0.452557973409 
0.157824839366 0.346914166921 0.23127611128 -0.452557973409 
0.157824839366 0.346914166921 0.23127611128 -0.452557973409 
0.155938000393 0.347195554036 0.23146370269 -0.452648233209 
0.155938000393 0.347195554036 0.23146370269 -0.452648233209 
0.151490665726 0.354018007515 0.23601200501 -0.452765471193 
0.151490665726 0.354018007515 0.23601200501 -0.452765471193 
0.151490665726 0.354018007515 0.23601200501 -0.452765471193 
0.149028908921 0.354864442774 0.236576295183 -0.451404329818 
0.150852787791 0.35514155104 0.236761034026 -0.450005001061 
0.150852787791 0.35514155104 0.236761034026 -0.450005001061 
0.144073280055 0.36519988827 0.24346659218 -0.400465745343 
0.146338665575 0.365669632947 0.243779755298 -0.39994310375 
0.146338665575 0.365669632947 0.243779755298 -0.39994310375 
0.138878227943 0.379209429304 0.252806286203 -0.354458070375 
0.141141105261 0.380168102951 0.253445401968 -0.353957476296 
0.145595268931 0.380480231308 0.253653487539 -0.353094019794 
0.134559584963 0.394865124751 0.263243416501 -0.30082971903 
0.137967465004 0.396023801365 0.264015867577 -0.300152903997 
0.13254667373 0.406391746124 0.270927830749 -0.26167424265 
0.123365687544 0.421441207919 0.28096080528 -0.215328421137 
0.121931495013 0.435006281858 0.290004187905 -0.206705848569 
0.118152663455 0.449578753466 0.299719168977 -0.14710142158 
0.114452234108 0.486120580908 0.324080387272 -0.0943193429642 
0.123157433293 0.530869846026 0.353913230684 -0.0708088346475 
0.122475371787 0.577877077852 0.385251385235 -0.0289083667182 
0.144917216546 0.656536087127 0.437690724751 -0.018784441284 
0.166223661591 0.713590680444 0.475727120296 -0.00779244498125 
0.184045193601 0.770806371634 0.513870914423 0.00230145991334 
0.205422622299 0.821344535813 0.547563023875 0.0122494777216 
0.224050771311 0.866599057739 0.57773270516 0.020709545326 
0.240298567919 0.905283076119 0.603522050746 0.0262643706581 
0.258583061586 0.943508857264 0.629005904843 0.0352906052764 
0.266665422374 0.977194481919 0.651462987946 0.0410910100456 
0.278702133081 1.00102442692 0.667349617948 0.0470905092513 
0.274906066687 1.02705174342 0.684701162278 0.0525862323761 
0.270498389934 1.05189137682 0.701260917877 0.0619690750218 
0.264981084356 1.09029953508 0.726866356718 0.0668458762087 
0.256679831246 1.13388865854 0.755925772361 0.0721973465683 
0.219707256786 1.16729676171 0.778197841141 0.0741692537397 
0.191458160347 1.19725115894 0.79816743929 0.0746603387945 
0.16462935111 1.22347228507 0.815648190049 0.0729966766506 
0.138929908865 1.24572838511 0.830485590071 0.0714703677116 
0.135417658165 1.25890494676 0.839269964505 0.0681033146826 
0.104739798255 1.27312853449 0.848752356325 0.067110052413 
0.100168752065 1.28495036554 0.856633577024 0.0633426234399 
0.0840271856815 1.29079061871 0.860527079142 0.0658281615494 
0.0823140628697 1.29639344435 0.864262296232 0.0612565970189 
0.0819639911081 1.29851223486 0.865674823243 0.0615352259374 
0.0816242538727 1.30073164314 0.867154428757 0.061677191697 
0.0811000721627 1.30444054959 0.869627033059 0.0618713138189 
0.0772024507882 1.30481985939 0.869879906257 0.0568916611845 
0.0767265324768 1.30570115126 0.870467434175 0.05708803633 
0.0766403849632 1.30340716684 0.868938111229 0.056605275832 
0.0764405442718 1.3049628067 0.869975204469 0.0566493170507 
0.0762918660578 1.30652250683 0.871015004555 0.0563661069057 
0.0755884108595 1.30819069475 0.872127129834 0.0520351946048 
0.0753967921397 1.3100546217 0.873369747803 0.052153407882 
0.0753593125316 1.30920014611 0.872800097404 0.051888078434 
0.0770363256914 1.30673212591 0.871154750605 0.0486239649557 
0.0769765565727 1.30942827578 0.872952183851 0.0489147107545 
0.0766677079892 1.3132388216 0.875492547736 0.0492920726034 
0.0763077138289 1.31513570877 0.876757139178 0.049356850085 
0.0761513317529 1.31412994284 0.876086628558 0.049101797199 
0.075920548016 1.31492720815 0.876618138767 0.049034397763 
0.0758784550248 1.3138741946 0.87591612973 0.0485765292308 
0.0758008741057 1.31327232426 0.87551488284 0.0482710711177 
0.0761451349666 1.30753245674 0.871688304497 0.0481406624587 
0.0989362564906 1.29519652443 0.863464349621 0.0579880502631 
0.128107887564 1.27364101676 0.849094011172 0.0662194592608 
0.154227274895 1.2524167047 0.834944469803 0.07499922574 
0.18573023072 1.22378811275 0.815858741836 0.0833821480266 
0.229843783328 1.17921114884 0.786140765896 0.0884263880331 
0.273394635704 1.13036948125 0.753579654168 0.0875211625431 
0.306262190759 1.07880519729 0.719203464861 0.0851723501408 
0.319421922451 1.01452648519 0.676350990129 0.0796304374894 
0.334967937695 0.953306268031 0.635537512021 0.0698433071232 
0.330909024101 0.886775646363 0.591183764242 0.0586345395497 
0.300184711828 0.804123334588 0.536082223059 0.0482977997283 
0.264127832793 0.707040740226 0.471360493484 0.0432388481434 
0.224465123862 0.605717138748 0.403811425832 0.0440361717368 
0.184497857399 0.499662591145 0.333108394097 0.0504022799392 
0.160115684971 0.411120063418 0.274080042279 0.0486484419746 
0.144281662781 0.32403403453 0.216022689687 0.00040098208123 
0.123037721221 0.266019496891 0.17734633126 -0.030180217094 
0.107954482412 0.230363262343 0.153575508229 -0.0386588373357 
0.0845692172122 0.174343322327 0.116228881551 -0.0137758127743 
0.0710650596329 0.148191686325 0.0987944575501 -0.0136796495606 
0.0610825491534 0.124028761394 0.0826858409292 -0.0112122730857 
0.0495069867227 0.104527892338 0.0696852615589 -0.00814156199839 
0.0407011199504 0.104934155258 0.0699561035054 -0.00822681394956 
0.0304406782954 0.0795719437196 0.0530479624797 -0.00846634106898 
0.0263399708547 0.0797194856638 0.0531463237758 -0.00856030980426 
0.0231923923264 0.0799550357288 0.0533033571525 -0.00916810994288 
0.0228931718719 0.0622233582095 0.0414822388063 -0.0107935186732 
0.0187972533001 0.0658924376478 0.0439282917652 -0.0146976810281 
0.0203631686379 0.0658797214807 0.0439198143205 -0.0150994756093 
0.0225632352168 0.0821824293036 0.0547882862024 -0.0190725982906 
0.0277234903585 0.0812148352961 0.0541432235307 -0.0196603740044 
0.0291152268484 0.0809079585349 0.0539386390233 -0.019898539533 
0.0305120085304 0.0808646440823 0.0539097627216 -0.0213379685367 
0.0293119915859 0.0817529005387 0.0545019336925 -0.0221382444053 
0.0352164431119 0.0810931501412 0.0540621000942 -0.022630066155 
0.0388241975714 0.0810014490446 0.0540009660297 -0.0231360859919 
0.0425910551511 0.080893660922 0.0539291072813 -0.0235471702037 
0.0506796471726 0.0802849055734 0.0535232703823 -0.0235439727956 
0.0585859654839 0.0798017423188 0.0532011615459 -0.0251614730033 
0.0727726711569 0.106263666313 0.0708424442083 -0.0346282787019 
0.093349666744 0.105185589057 0.0701237260383 -0.0435887862869 
0.125050729439 0.103982482562 0.0693216550411 -0.0590303550201 
0.169398664183 0.122011048234 0.0813406988226 -0.0823010855712 
0.223267584451 0.10247645584 0.0683176372266 -0.0973555000963 
0.27886915966 0.0923799963405 0.061586664227 -0.0941355681164 
0.370618403529 0.198272134941 0.132181423294 0.049802849679 
0.435909695517 0.205591235114 0.13706082341 0.0631297661505 
0.520723162639 0.291466594749 0.194311063166 0.0403128916036 
0.588902270727 0.33904864646 0.226032430973 0.0377788712034 
0.680126224403 0.418376046819 0.278917364546 0.0343072847034 
0.744603092602 0.466517841936 0.311011894624 0.0366866475849 
0.759482853104 0.462644279829 0.308429519886 0.0478635608542 
0.817339988797 0.554832634935 0.36988842329 0.0554651506578 
0.809376716582 0.570038622585 0.38002574839 0.0656867619412 
0.841169031197 0.638454012348 0.425636008232 0.0734328414532 
0.792936101417 0.711909767626 0.47460651175 0.0869232758417 
0.755090874559 0.795517209494 0.53034480633 0.0943415852482 
0.730853379956 0.872487941275 0.581658627517 0.0937032368069 
0.707613394062 0.963447368139 0.642298245426 0.0901973517853 
0.619850692346 1.04515801869 0.696772012462 0.079940669562 
0.529820731953 1.12727068958 0.751513793052 0.0596366791921 
0.419074767437 1.21117342767 0.807448951778 0.0257482201047 
0.287800513507 1.28806962159 0.858713081061 -0.0161158565396 
0.159636969519 1.34771517436 0.898476782904 -0.0607885634668 
0.0470171927544 1.39400306148 0.929335374322 -0.106065780198 
1.12162145609e-17 1.44477722807 0.963184818713 -0.131499170727 
1.62442436287e-22 1.48822546462 0.992150309746 -0.138685102048 
1.02931995418e-21 1.52136118543 1.01424079029 -0.149028604187 
0.000313197462798 1.5496114889 1.03307432594 -0.158019223699 
0.731055902386 1.54399277088 1.02932851392 -0.00599510644498 
0.755951635726 1.56044942472 1.04029961648 -0.0245202633847 
0.798146243954 1.57275922677 1.04850615118 -0.0260780131617 
0.818770005901 1.58209121034 1.05472747356 -0.0415117624536 
0.837666927654 1.5911338853 1.06075592353 -0.0539706765674 
0.853069566532 1.59708471693 1.06472314462 -0.0626186346871 
0.864276415152 1.60157897877 1.06771931918 -0.0681792430001 
0.872357490541 1.60427300396 1.06951533597 -0.0723085013695 
0.878461805461 1.60662427789 1.07108285193 -0.0754957468312 
0.878922719641 1.60893431019 1.07262287346 -0.0757424683491 
0.884624154049 1.61020506886 1.07347004591 -0.0785043346371 
0.884815320152 1.61086582053 1.07391054702 -0.0785887077028 
0.890414400951 1.61086654337 1.07391102891 -0.0811093850388 
0.890727954496 1.61213202508 1.07475468338 -0.081227616145 
0.897070898355 1.61250283293 1.07500188862 -0.0834174094632 
0.897340722939 1.61335393814 1.0755692921 -0.0835366722241 
0.903718883712 1.61292627727 1.07528418485 -0.0866980443532 
0.904088486691 1.61465856431 1.07643904287 -0.086887971966 
0.908439509348 1.6146051754 1.07640345027 -0.0887942379709 
0.908446564383 1.61404058774 1.0760270585 -0.0888024990023 
0.908446564383 1.61404058774 1.0760270585 -0.0888024990023 
0.911628964636 1.61366706284 1.07577804189 -0.0908863288748 
0.911706488211 1.61414140426 1.07609426951 -0.0909202934016 
0.911789641667 1.61460591415 1.07640394276 -0.0909356380154 
0.91170955359 1.61433353953 1.07622235968 -0.0908342871243 
0.911552449804 1.61394742495 1.07596494997 -0.0906653122166 
0.907453491792 1.61314407853 1.07542938569 -0.0868977194268 
0.907153224531 1.61175931235 1.07450620823 -0.0866804374512 
0.897164675274 1.61076831442 1.07384554294 -0.0807579702393 
0.883934676528 1.60745323681 1.07163549121 -0.074072204066 
0.864967948797 1.60318642615 1.06879095077 -0.064222250998 
0.837743308071 1.59657357857 1.06438238571 -0.0492478418877 
0.806975726843 1.58408338708 1.05605559139 -0.0314047396017 
0.764291182996 1.57089629916 1.04726419944 -0.0273745190646 
0.722029494295 1.54951710729 1.03301140486 -0.0200231493677 
0.662084783489 1.52469875146 1.01646583431 -0.0254305192777 
0.548646332737 1.50095388378 1.00063592252 -0.0496400081268 
1.45279012356e-15 1.46706243753 0.978041625018 -0.151992340336 
3.84514818494e-22 1.41485432373 0.943236215819 -0.142545293154 
0.112664017682 1.34517738736 0.896784924905 -0.0929068338916 
0.278830222559 1.27086950746 0.847246338309 -0.0304077304164 
0.4170383199 1.19195011676 0.794633411175 0.0140713593503 
0.548528650697 1.09637387624 0.730915917495 0.0469371957008 
0.647070053903 1.00324037647 0.668826917648 0.0652285034316 
0.728182981414 0.907675474997 0.605116983332 0.0729330716081 
0.760459133438 0.798165510462 0.532110340308 0.0723435879263 
0.805408481704 0.702576410366 0.468384273577 0.0657462244923 
0.841359341757 0.641679010933 0.427786007288 0.0593214494427 
0.808959297347 0.557621522852 0.371747681901 0.0573822632238 
0.81972120779 0.542374331577 0.361582887718 0.0500702425004 
0.736243949813 0.464334856853 0.309556571235 0.0519819765446 
0.716153859605 0.473336794264 0.315557862843 0.0469400856043 
0.632724116747 0.386855361215 0.257903574143 0.0524242903996 
0.549531547916 0.334025699209 0.222683799472 0.0562667387625 
0.472065165716 0.272608230653 0.181738820435 0.0618435376995 
0.396749289759 0.235206655196 0.156804436798 0.0682536883414 
0.331039976615 0.225157036059 0.150104690706 0.0532952127609 
0.24776788697 0.11122981138 0.0741532075866 -0.105335242972 
0.198021408314 0.124833039112 0.0832220260749 -0.100211607553 
0.15032928678 0.0930123793423 0.0620082528949 -0.0624543020985 
0.11551164033 0.071929310721 0.047952873814 -0.0456352070997 
0.094599443162 0.0772884752223 0.0515256501482 -0.0406650694991 
0.0804508867124 0.0637823884343 0.0425215922895 -0.0339915659487 
0.0745196077406 0.0474482510633 0.0316321673755 -0.0283754435853 
0.0696320952903 0.0470809602297 0.0313873068198 -0.0229760816617 
0.0679474337008 0.0238606261745 0.0159070841163 -0.0204361223561 
0.0679474337008 0.0238606261745 0.0159070841163 -0.0204361223561 
0.0692112725901 0.0221652622343 0.0147768414895 -0.0162163207934 
0.0706197689716 0.0172219317511 0.0114812878341 -0.0129789718971 
0.0700283365606 0.00429178286209 0.00286118857472 -0.0117896421652 
0.0736087239669 0.000268773448338 0.000179182298892 -0.00887520138169 
0.0712166604882 0.000664772375249 0.0004431815835 -0.00972251979977 
0.0672008050975 0.00400259023175 0.00266839348784 -0.0125891320175 
0.0673434138055 0.00146498478647 0.00097665652431 -0.00783932438173 
0.0651190049723 0.00181991401643 0.00121327601096 -0.00848466579879 
0.0697198753649 0.000792318296591 0.000528212197727 -0.00913050477877 
0.0687510243198 0.00118292323904 0.000788615492693 -0.00819105001901 
0.0673153410029 0.00173045865125 0.00115363910083 -0.00733694226738 
0.0729395084974 0.000240305858004 0.000160203905336 -0.00455330116076 
0.0790968348027 0.0114989360641 0.00766595737607 -0.00572029535074 
0.0959778540264 0.0325496397159 0.0216997598106 -0.0135811242699 
0.12385193147 0.0694521931198 0.0463014620799 -0.0328365642023 
0.178595708878 0.125773748386 0.0838491655908 -0.0859185143998 
0.235435412326 0.108319659035 0.0722131060235 -0.115506060472 
0.289293589608 0.0744223600169 0.049614906678 -0.0943043307575 
0.4172101706 0.269445166608 0.179630111072 0.129884208945 
0.505722866806 0.254021521702 0.169347681135 0.13953325639 
0.603655042698 0.227094869126 0.151396579417 0.141868550823 
0.71658272334 0.196150943366 0.130767295577 0.15021851862 
0.825578150144 0.155327882322 0.103551921548 0.146950317318 
0.916662342387 0.049647766899 0.033098511266 0.157100697898 
1.0246080421 -4.63036856728e-19 -3.08691237819e-19 0.141304591692 
1.11935964451 6.69731965035e-22 4.4648797669e-22 0.114900778918 
1.20021369317 4.540905881e-23 3.02727058733e-23 0.0954451447427 
1.27254316057 -7.47872420585e-22 -4.98581613723e-22 0.0742607508654 
1.32944712861 4.36785526542e-22 2.91190351028e-22 0.0575501841548 
1.36645530622 -1.9463173876e-21 -1.29754492507e-21 0.048565248485 
1.39994000904 9.69912252987e-22 6.46608168658e-22 0.0409389215741 
1.42836833376 -6.75870123382e-22 -4.50580082255e-22 0.03404668926 
1.44973801116 -3.1302139096e-21 -2.08680927307e-21 0.0297076255879 
1.46655531453 6.52469552675e-22 4.34979701784e-22 0.0282774578465 
1.47418721887 8.62674314264e-22 5.75116209509e-22 0.0275296223261 
1.4823933584 9.37843576506e-22 6.25229051004e-22 0.0249076995977 
1.4850357857 -5.66490392942e-22 -3.77660261961e-22 0.0254080996646 
1.48698098238 1.81772019826e-21 1.21181346551e-21 0.0254151077146 
1.48131743604 1.82480663505e-22 1.2165377567e-22 0.0284299395606 
1.48311447524 -8.97077745557e-22 -5.98051830371e-22 0.0280030358006 
1.48916215012 1.36709461053e-21 9.11396407023e-22 0.0247643595507 
1.48438517366 -1.68212567268e-21 -1.12141711512e-21 0.0266337487639 
1.4820068273 8.46793215447e-22 5.64528810298e-22 0.0268535367831 
1.48333405026 1.41785069383e-21 9.45233795884e-22 0.0277081151445 
1.47835422721 1.60028653252e-21 1.06685768835e-21 0.0287878375277 
1.4767018383 7.94174445508e-22 5.29449630339e-22 0.0300295458237 
1.47646191226 -1.13485020247e-22 -7.56566801647e-23 0.0294082694539 
1.4765115837 1.36450547463e-21 9.0967031642e-22 0.0311705113914 
1.47630291774 4.35994888019e-22 2.9066325868e-22 0.0326635843031 
1.47643978631 -5.00838604322e-22 -3.33892402881e-22 0.0304539636008 
1.47604072658 1.49137199381e-21 9.94247995873e-22 0.0314948166723 
1.4680815976 5.93419897739e-23 3.95613265159e-23 0.0341539897823 
1.46766966064 -2.51054914694e-21 -1.6736994313e-21 0.0350812642039 
1.46108646691 2.24780507321e-22 1.49853671547e-22 0.0369710784073 
1.46111347887 7.12507016539e-22 4.75004677693e-22 0.0338616099449 
1.46114944592 -4.72764878097e-22 -3.15176585398e-22 0.0357454225345 
1.45571827568 1.04030487913e-21 6.93536586085e-22 0.0381912156257 
1.45603198308 3.19211057972e-22 2.12807371982e-22 0.0366559746979 
1.45104602709 6.99723263076e-23 4.66482175384e-23 0.0373648248421 
1.44588988433 1.05996931406e-21 7.0664620937e-22 0.0377141408974 
1.44313564549 2.24569827854e-21 1.49713218569e-21 0.0377947518869 
1.44065261652 2.76869021322e-21 1.84579347548e-21 0.0352039580213 
1.43805786264 1.83556245701e-21 1.22370830468e-21 0.0345868424183 
1.43555022169 2.88434477239e-22 1.92289651493e-22 0.0336055212004 
1.43704417461 5.28851820871e-22 3.52567880581e-22 0.0324709256338 
1.42918924312 -5.8788307534e-22 -3.91922050227e-22 0.0361657470903 
1.43163676702 -9.68516433963e-22 -6.45677622642e-22 0.0346948209762 
1.41382555475 4.99364412331e-22 3.32909608221e-22 0.0390855612433 
1.39403332139 1.07953066912e-21 7.19687112744e-22 0.0476411063266 
1.36975019086 1.64253547563e-22 1.09502365042e-22 0.0574672142892 
1.33637480058 -1.44254037333e-21 -9.61693582221e-22 0.0674313804625 
1.29098483892 1.51938015915e-21 1.0129201061e-21 0.0758777245679 
1.22896552991 6.83273990413e-20 4.55515993609e-20 0.080884696451 
1.16294691024 6.52978572119e-19 4.35319048079e-19 0.0854110871197 
1.09503162817 -5.41602313966e-18 -3.61068209311e-18 0.0884366837948 
0.998960740496 0.0270201707923 0.0180134471949 0.0866235644458 
0.885024621706 0.0654979959649 0.0436653306433 0.0880334269071 
0.760370084956 0.107483418658 0.0716556124389 0.081947844677 
0.598140965576 0.096913715327 0.0646091435513 0.0683718318678 
0.432771813544 3.39028192945e-16 2.26018795297e-16 -0.0907164164966 
0.342298667739 0.00740237317152 0.00493491544768 -0.206625096668 
0.294729944737 0.100827780281 0.0672185201871 -0.313772501157 
0.260434464036 0.160597014489 0.107064676326 -0.398045146206 
0.237686300972 0.198306842522 0.132204561682 -0.463122409532 
0.223948686132 0.223380814456 0.148920542971 -0.513006103736 
0.211764278224 0.242711447304 0.161807631536 -0.523598775598 
0.201213756481 0.257933701795 0.171955801197 -0.523598775598 
0.19913134193 0.258388650154 0.172259100102 -0.523598775598 
0.19913134193 0.258388650154 0.172259100102 -0.523598775598 
0.192131994772 0.268941452939 0.179294301959 -0.523598775598 
0.189734974212 0.269253998645 0.179502665763 -0.523598775598 
0.185073558685 0.276445075517 0.184296717011 -0.523598775598 
0.182886693984 0.276686153643 0.184457435762 -0.523598775598 
0.18404891111 0.277509617119 0.185006411412 -0.523598775598 
0.18404891111 0.277509617119 0.185006411412 -0.523598775598 
0.185086209878 0.278532166792 0.185688111195 -0.523598775598 
0.185086209878 0.278532166792 0.185688111195 -0.523598775598 
0.185291473117 0.281402402797 0.187601601865 -0.523598775598 
0.18725211093 0.281465303814 0.187643535876 -0.523598775598 
0.18725211093 0.281465303814 0.187643535876 -0.523598775598 
0.188733210368 0.28135018806 0.18756679204 -0.523598775598 
0.188733210368 0.28135018806 0.18756679204 -0.523598775598 
0.196248988807 0.27017981546 0.180119876973 -0.523598775598 
0.196248988807 0.27017981546 0.180119876973 -0.523598775598 
0.200335610761 0.263435066428 0.175623377619 -0.523598775598 
0.200335610761 0.263435066428 0.175623377619 -0.523598775598 
0.198661665108 0.26397917443 0.175986116287 -0.523598775598 
0.198661665108 0.26397917443 0.175986116287 -0.523598775598 
0.195091609406 0.270792125871 0.180528083914 -0.523598775598 
0.189283690679 0.278705123429 0.18580341562 -0.523577598907 
0.190985511171 0.278540893737 0.185693929158 -0.523495827814 
0.190985511171 0.278540893737 0.185693929158 -0.523495827814 
0.190985511171 0.278540893737 0.185693929158 -0.523495827814 
0.198465816084 0.270314674179 0.180209782786 -0.52089607172 
0.205946133174 0.262924781913 0.175283187942 -0.518497397309 
0.206930536404 0.26412282371 0.176081882473 -0.517212589498 
0.202655489493 0.270314049786 0.180209366524 -0.503220051553 
0.20458555059 0.265141097727 0.176760731818 -0.494606795354 
0.206932603164 0.265644849871 0.177096566581 -0.49365975171 
0.21126504338 0.258030362474 0.172020241649 -0.48791599742 
0.214243608762 0.258382254225 0.17225483615 -0.487145468989 
0.209402185834 0.263589280642 0.175726187095 -0.468657142331 
0.216773204194 0.252283669462 0.168189112975 -0.465356533796 
0.225420565311 0.233088180719 0.15539212048 -0.43911711665 
0.226820428028 0.213213928999 0.142142619333 -0.370032099275 
0.237849698738 0.175144202802 0.116762801868 -0.299764201848 
0.273389905669 0.0793411973572 0.0528941315714 -0.208943095892 
0.31360945098 1.52748293355e-19 1.0183219557e-19 -0.154211529632 
0.378757479853 1.77535430985e-23 1.1835695399e-23 -0.100480074586 
0.505585103971 0.166967846586 0.111311897724 0.10081271047 
0.575819766215 0.155381868114 0.103587912076 0.11109290158 
0.64965615772 0.183865237701 0.122576825134 0.102916837121 
0.707430198681 0.173078965626 0.115385977084 0.118349500821 
0.7547241247 0.165703573154 0.110469048769 0.132281578101 
0.793326852182 0.164618928686 0.109745952458 0.148510724201 
0.828897876568 0.165638332423 0.110425554949 0.160148157611 
0.853011885574 0.165934972591 0.11062331506 0.163628951379 
0.856288118797 0.173928552678 0.115952368452 0.181165635892 
0.873773843684 0.232519247364 0.155012831576 0.177025152599 
0.873400841475 0.238769961205 0.159179974137 0.191163141203 
0.856664113015 0.259638918482 0.173092612321 0.204087250487 
0.867334202853 0.327798752121 0.218532501414 0.19900736653 
0.81847248309 0.375474941524 0.250316627683 0.223465974517 
0.80383737479 0.531937514394 0.354625009596 0.212428514601 
0.740572284017 0.617012591407 0.411341727605 0.226101948391 
0.75044848012 0.751588081092 0.501058720728 0.207620511389 
0.706133786617 0.873680050282 0.582453366855 0.19841186631 
0.683664866757 0.973319232015 0.64887948801 0.183013146439 
0.589706777714 1.05357572508 0.70238381672 0.161340845105 
0.49955524716 1.14580624817 0.76387083211 0.123557916281 
0.402781837722 1.22467538391 0.816450255941 0.0735051831244 
0.304313379828 1.28804778872 0.85869852581 0.0180183286565 
0.212560502933 1.34159945352 0.894399635681 -0.0482141558199 
0.14124679769 1.38347790039 0.922318600257 -0.0987501651561 
0.144438164778 1.41538440089 0.943589600592 -0.124636837356 
0.434815161781 1.43773206412 0.958488042749 -0.0883420357011 
0.612555602348 1.44675565176 0.96450376784 -0.061767443378 
0.692348226289 1.45317580443 0.968783869622 -0.0522316702257 
0.740792332597 1.45916601804 0.972777345362 -0.0481746042392 
0.768929097782 1.46320878608 0.975472524053 -0.0459167308575 
0.775214639696 1.46777107716 0.978514051443 -0.0517096477818 
0.798251062523 1.46918506789 0.979456711924 -0.0435239565657 
0.801156136133 1.47220157118 0.981467714121 -0.0455031137142 
0.801607240251 1.47507729058 0.983384860387 -0.0457335874613 
0.806948917225 1.47600433491 0.984002889942 -0.048283579621 
0.807177402752 1.47672827125 0.984485514168 -0.0483139788103 
0.807445237461 1.47730133451 0.984867556337 -0.0483535619082 
0.823901194906 1.47683352726 0.984555684839 -0.0402670125101 
0.823967227855 1.47758469603 0.985056464018 -0.0402808353977 
0.823967227855 1.47758469603 0.985056464018 -0.0402808353977 
0.819176302444 1.4753664162 0.983577610803 -0.0364786353705 
0.78983040077 1.47137274054 0.980915160363 -0.0442111316243 
0.749535123862 1.46665684676 0.977771231176 -0.0492565733949 
0.696378310444 1.45652033713 0.971013558084 -0.0572343917888 
0.590636766666 1.44114555282 0.960763701882 -0.0739520809682 
0.378470283768 1.42310505042 0.948736700278 -0.11299444202 
0.130244019438 1.3953063235 0.930204215665 -0.153246936232 
0.130526715041 1.36223417306 0.908156115375 -0.142515721062 
0.205381404317 1.32778244635 0.885188297566 -0.114467835772 
0.289143470819 1.28552465976 0.857016439842 -0.0806459684592 
0.382280277104 1.23604698105 0.824031320697 -0.0457849005961 
0.466490473124 1.18486422628 0.789909484185 -0.0176243370862 
0.545089245731 1.13138028122 0.754253520811 0.00626043877469 
0.617486932465 1.07572278395 0.717148522634 0.0242579574856 
0.681400988629 1.01817843798 0.678785625318 0.034477247325 
0.742618856411 0.959921168015 0.639947445344 0.0442907295271 
0.793694842264 0.900905341959 0.600603561306 0.048049476153 
0.813443147158 0.835483659532 0.556989106355 0.0485518026666 
0.841477975368 0.77455274922 0.51636849948 0.0466996300378 
0.879307564747 0.708865982268 0.472577321512 0.0441651903688 
0.921221562301 0.650013129145 0.433342086097 0.0408849799462 
0.956669123444 0.604049213267 0.402699475512 0.0365542844762 
0.999690877494 0.55305349325 0.368702328833 0.0306941958161 
1.03147095098 0.515105157013 0.343403438008 0.0263009103173 
1.02470543205 0.428289449974 0.285526299983 0.0170041404189 
1.05224098019 0.409033370424 0.272688913616 0.00766869020757 
1.06571260874 0.398222104781 0.265481403187 0.00255127726819 
1.0759665551 0.38920165052 0.259467767013 -0.00278951790248 
1.08014653749 0.38440329164 0.256268861093 -0.00422010773008 
1.05724205144 0.343582966603 0.229055311069 -0.00479708354874 
1.05718922561 0.34346346696 0.22897564464 -0.00290755258291 
1.04561908305 0.347368346332 0.231578897554 -0.00156021912325 
1.03738588444 0.349454649496 0.23296976633 0.00147359285468 
0.983040076893 0.327876642506 0.218584428338 0.00741274962972 
0.94448790847 0.347129384901 0.231419589934 0.0106858358563 
0.870164493397 0.314728343365 0.209818895577 0.0149860032445 
0.816426616332 0.338194772001 0.225463181334 0.0160670133639 
0.731909764555 0.289198527204 0.192799018136 0.0192615491729 
0.651468852647 0.244885817594 0.163257211729 0.0216150805634 
0.566317808125 0.201326320116 0.134217546744 0.0216373083144 
0.486991275299 0.155582140591 0.10372142706 0.018340872644 
0.412017701332 0.105997961752 0.0706653078347 -0.00575836493571 
0.334419148075 0.051787506259 0.0345250041727 -0.0985480914428 
0.292608010339 0.0885894759672 0.0590596506448 -0.160340369305 
0.260648354401 0.126273502571 0.0841823350476 -0.208918906504 
0.23562583704 0.165285130338 0.110190086892 -0.272729854517 
0.212349294821 0.19645359136 0.130969060907 -0.316010196047 
0.193759565908 0.222816532854 0.148544355236 -0.350474053887 
0.184439802102 0.244703691996 0.163135794664 -0.393823665758 
0.169705874424 0.261110137548 0.174073425032 -0.397838307942 
0.1649015289 0.271080883872 0.180720589248 -0.428032009699 
0.166053941825 0.27439466921 0.182929779473 -0.448391002028 
0.164039093016 0.279363027582 0.186242018388 -0.451630672559 
0.161573672215 0.279524375031 0.186349583354 -0.452108632309 
0.163682542069 0.279311729707 0.186207819804 -0.452638919387 
0.159674322238 0.283816517611 0.18921101174 -0.454921786301 
0.159674322238 0.283816517611 0.18921101174 -0.454921786301 
0.158004486221 0.283757831082 0.189171887388 -0.45531099408 
0.165616332648 0.276484842623 0.184323228416 -0.459879495975 
0.161756541383 0.283427398365 0.18895159891 -0.461547823447 
0.16030297636 0.283486670646 0.188991113764 -0.461541478058 
0.162331071537 0.283898110429 0.189265406952 -0.461376190096 
0.162331071537 0.283898110429 0.189265406952 -0.461376190096 
0.162751365047 0.286405362729 0.190936908486 -0.461344150503 
0.163982655462 0.286665279169 0.191110186113 -0.461209611275 
0.163982655462 0.286665279169 0.191110186113 -0.461209611275 
0.158507861676 0.291263666389 0.194175777593 -0.427939315017 
0.158507861676 0.291263666389 0.194175777593 -0.427939315017 
0.164420305541 0.277306478939 0.184870985959 -0.393232361493 
0.174794340831 0.265926758978 0.177284505986 -0.389676327958 
0.184099649943 0.245223957533 0.163482638356 -0.354121155968 
0.197347446954 0.220279420713 0.146852947142 -0.31251205995 
0.22052062265 0.18531570128 0.123543800853 -0.27675114016 
0.244432879577 0.144799272023 0.0965328480151 -0.24012719827 
0.274551438003 0.0817931911574 0.0545287941049 -0.185459750015 
0.318579353696 0.0155198005847 0.0103465337231 -0.144237980973 
0.396498317315 -9.55551000743e-20 -6.37034000495e-20 -0.0912458965735 
0.527748533808 0.0904616897819 0.0603077931879 0.0734870070792 
0.62950293229 0.0649828686784 0.0433219124522 0.0737416148728 
0.719549329155 0.0379469653613 0.0252979769075 0.0659943588141 
0.793350176545 0.013958772341 0.00930584822731 0.0581888409777 
0.838798343429 -7.27270817505e-20 -4.8484721167e-20 0.0592542679007 
0.874476318458 1.34559707148e-23 8.97064714322e-24 0.0519499143255 
0.902724832919 1.04030056911e-22 6.93533712743e-23 0.0450969472981 
0.914170868543 8.41201702578e-25 5.60801135052e-25 0.0418178983236 
0.925741547445 2.63576113274e-23 1.7571740885e-23 0.0349519534911 
0.927315447944 1.37436018547e-23 9.16240123646e-24 0.0296730104136 
0.923641894898 0.000470026927659 0.000313351285106 0.0301445499224 
0.917961610912 0.00192348542969 0.0012823236198 0.0308268687277 
0.919248432301 0.00109604907137 0.000730699380917 0.0276258116037 
0.909291471925 0.00444852122646 0.00296568081764 0.0308047966476 
0.896481770827 0.008472219438 0.005648146292 0.0351335672849 
0.885441772855 0.0119424646936 0.00796164312907 0.034613079214 
0.879160629875 0.0138498644242 0.00923324294945 0.0333789231332 
0.872002134867 0.0163192931483 0.0108795287655 0.0331860633692 
0.862569447821 0.0196809634215 0.013120642281 0.0323733367576 
0.860603252029 0.0208411478945 0.0138940985963 0.0301053498984 
0.853321455733 0.0244556508911 0.0163037672607 0.032838542815 
0.85165001851 0.0264999489605 0.0176666326403 0.0310749824408 
0.867981044113 0.089381779581 0.059587853054 0.02585847443 
0.868719204166 0.0887005852814 0.0591337235209 0.0223316487137 
0.872306929681 0.0876124074256 0.058408271617 0.0179226045244 
0.864655628585 0.0897782675822 0.0598521783882 0.0141179053303 
0.85851753131 0.0917376099959 0.0611584066639 0.0151524628335 
0.852005937451 0.0937389008765 0.0624926005844 0.0135514041058 
0.851992310706 0.0939376574107 0.0626251049405 0.00775675939702 
0.844610602327 0.0969156429619 0.0646104286413 0.00736105705744 
0.839834877984 0.0993106902146 0.0662071268097 0.00802675837998 
0.835432085756 0.102433744973 0.0682891633152 0.00727637246276 
0.850101840117 0.168417048957 0.112278032638 0.00865482532245 
0.839847018529 0.171932445931 0.11462163062 0.00982651445513 
0.808993376863 0.182009312723 0.121339541815 0.00818727365591 
0.72030731316 0.102165969705 0.0681106464703 0.00761887589656 
0.616030279908 0.0573721488167 0.0382480992112 -0.00344648385217 
0.465017552041 5.01927004015e-18 3.34618002677e-18 -0.07514053065 
0.361366957762 0.0558879089785 0.0372586059857 -0.137653986215 
0.28513332025 0.132683569378 0.0884557129183 -0.178896732902 
0.239057336049 0.185660541844 0.123773694563 -0.230466113402 
0.19398742889 0.223381947882 0.148921298588 -0.227559755764 
0.165511367885 0.246542776783 0.164361851188 -0.226339467124 
0.148528449141 0.262587356633 0.175058237755 -0.227246464817 
0.152050916192 0.286754314931 0.191169543287 -0.299665256233 
0.147783724667 0.287294475338 0.191529650225 -0.300537784315 
0.143651224895 0.295699113187 0.197132742125 -0.301070811283 
0.137743583584 0.300574579003 0.200383052669 -0.300273055362 
0.142950299807 0.295635545196 0.197090363464 -0.303003686542 
0.145873732236 0.296057474238 0.197371649492 -0.303133690587 
0.147485718154 0.295738211852 0.197158807901 -0.303246920486 
0.146467264521 0.295582995516 0.197055330344 -0.303371511938 
0.141711889511 0.291584183276 0.194389455518 -0.26853053926 
0.149343290194 0.28599094838 0.190660632253 -0.267619893467 
0.154584655221 0.269102865135 0.17940191009 -0.232006246181 
0.12661753521 0.153747730104 0.102498486736 -0.0677064940862 
0.140482383916 0.237630287105 0.158420191403 -0.104693308283 
