0.0 0.0 0.0 0.0 
2.13389179261e-21 0.813660140695 0.542440093797 0.00690642911872 
2.13389179261e-21 0.813660140695 0.542440093797 0.00690642911872 
-6.48648221035e-21 0.791403923093 0.527602615395 0.00544470435853 
-1.5686360916e-21 0.804276743799 0.536184495866 0.0062638911526 
-1.5686360916e-21 0.804276743799 0.536184495866 0.0062638911526 
-4.16144169718e-21 0.825655857934 0.550437238622 0.00832220787199 
-4.16144169718e-21 0.825655857934 0.550437238622 0.00832220787199 
-4.16144169718e-21 0.825655857934 0.550437238622 0.00832220787199 
3.37887064842e-21 0.811748898486 0.541165932324 0.00935332654295 
1.45036899959e-21 0.79421734025 0.529478226834 0.00922464468747 
1.45036899959e-21 0.79421734025 0.529478226834 0.00922464468747 
9.19329339018e-22 0.813636991657 0.542424661105 0.0155395054519 
7.70547376669e-22 0.810395022494 0.540263348329 0.0257573337951 
0.0127032281544 0.786896152031 0.524597434687 0.0354413675818 
0.0983736219039 0.850936165154 0.567290776769 0.0223866713094 
0.17124172031 0.906168496202 0.604112330801 0.018934851145 
0.226116989549 0.93870166036 0.625801106906 0.0166601579225 
0.269049823818 0.969777497733 0.646518331822 0.015916943957 
0.286911204869 0.969304906107 0.646203270738 0.0138283598827 
0.303446690898 0.971832632506 0.647888421671 0.0126163346121 
0.306222677659 0.965423470093 0.643615646729 0.0114888788705 
0.314882767319 0.966077879477 0.644051919652 0.0101769398327 
0.293589354865 0.939792408451 0.626528272301 0.00698362734013 
0.292472374077 0.939804890152 0.626536593435 0.00694928880791 
0.289755369875 0.937274369884 0.624849579923 0.00694026251334 
0.272442860179 0.921502119281 0.614334746188 0.00567552341399 
0.270109528274 0.919940635939 0.613293757293 0.00589768053301 
0.259760705777 0.910283714291 0.606855809527 0.00500016651128 
0.257149684595 0.9107084876 0.607138991733 0.00596565479947 
0.250234621331 0.916426204685 0.610950803123 0.00723627676244 
0.2293971459 0.899746743402 0.599831162268 0.00743872567803 
0.20804118196 0.881397502573 0.587598335049 0.00687076246205 
0.19858286204 0.881813020266 0.587875346844 0.00853829270856 
0.183369182429 0.858961699044 0.572641132696 0.0100004255587 
0.16812129084 0.85039609908 0.56693073272 0.0115523185627 
0.145101648262 0.815494197967 0.543662798645 0.0117838661341 
0.140174244837 0.81776411793 0.54517607862 0.0141791063724 
0.12314590398 0.772171737841 0.514781158561 0.0163350302873 
0.113344360793 0.753101877762 0.502067918508 0.0190716833925 
0.112739330998 0.754558416712 0.503038944475 0.0216090900138 
0.110616316609 0.750561417007 0.500374278004 0.0244277328323 
0.112427546019 0.741966638915 0.494644425943 0.0278557605611 
0.119392568662 0.735483437188 0.490322291459 0.0312156683208 
0.128572994561 0.700989778977 0.467326519318 0.0352716354291 
0.160660039141 0.665577586732 0.443718391155 0.0392540693126 
0.236235361795 0.706699276085 0.471132850723 0.0338299155236 
0.309930364558 0.716155956256 0.47743730417 0.0326649341792 
0.407526196024 0.732072660493 0.488048440329 0.0292793443507 
0.585569946856 0.817846388921 0.545230925948 0.0268497984104 
0.725466632582 0.833840151765 0.55589343451 0.027112737616 
0.753269453601 0.779810413974 0.519873609316 0.0288421044093 
0.793410845979 0.715087644335 0.476725096224 0.0280875128827 
0.760257773479 0.604651035651 0.403100690434 0.0350123139515 
0.812396492634 0.562204535924 0.37480302395 0.0363527018355 
0.775353108662 0.317436546263 0.211624364175 0.0573320098848 
0.8407973836 0.29531561545 0.196877076967 0.0545518522087 
0.877211515628 0.105800477026 0.0705336513506 0.0677034837971 
0.96009856705 0.0870291122996 0.0580194081998 0.0678999677769 
1.01475208567 -5.16650456065e-18 -3.44433637377e-18 0.0695114265719 
1.0792457744 7.01176418439e-23 4.67450945626e-23 0.0663425017977 
1.13948553505 1.11388998042e-22 7.42593320281e-23 0.0579032888002 
1.19769615813 1.54848225351e-22 1.03232150234e-22 0.0482562709524 
1.24615823009 2.96889257421e-22 1.97926171614e-22 0.0427894520682 
1.29294993855 -6.81700121021e-22 -4.54466747347e-22 0.0380178649376 
1.32827531894 -1.52447059274e-22 -1.01631372849e-22 0.0343449550696 
1.35373356507 4.92569473338e-22 3.28379648892e-22 0.0310735657098 
1.37003005553 -4.92208174799e-22 -3.28138783199e-22 0.0292975262427 
1.38132585821 -1.99438601372e-22 -1.32959067581e-22 0.0310541487992 
1.39152650757 2.45636194315e-22 1.63757462876e-22 0.0293576380773 
1.39534527909 3.30351072306e-22 2.20234048204e-22 0.0288788385609 
1.39837623904 -2.96764584217e-22 -1.97843056145e-22 0.0272845174815 
1.39767983515 1.66034935281e-21 1.10689956854e-21 0.0298286951822 
1.40667016667 -1.3198303098e-21 -8.79886873201e-22 0.026238157907 
1.41795254577 7.22349407347e-22 4.81566271565e-22 0.0227084052648 
1.41795254577 7.22349407347e-22 4.81566271565e-22 0.0227084052648 
1.41795254577 7.22349407347e-22 4.81566271565e-22 0.0227084052648 
1.40793161992 7.34911876562e-22 4.89941251041e-22 0.0251648850812 
1.40326957358 6.15852404696e-22 4.10568269798e-22 0.0269897152378 
1.40532160223 1.1142725091e-22 7.42848339403e-23 0.0231114521951 
1.40271332909 -3.05172429456e-22 -2.03448286304e-22 0.0244477714997 
1.40454738714 5.05787577739e-22 3.37191718492e-22 0.020505981515 
1.39690743799 -7.64519217501e-22 -5.09679478334e-22 0.0221388921136 
1.40286858045 6.96669700884e-22 4.64446467256e-22 0.0206116676332 
1.39466392549 -5.77971680392e-22 -3.85314453595e-22 0.0231584761433 
1.38847724566 3.11595032122e-22 2.07730021415e-22 0.0255022140174 
1.38847724566 3.11595032122e-22 2.07730021415e-22 0.0255022140174 
1.39673301743 7.21094880017e-22 4.80729920012e-22 0.0216041925475 
1.38316176135 2.80834140359e-22 1.87222760239e-22 0.0250478521272 
1.38316176135 2.80834140359e-22 1.87222760239e-22 0.0250478521272 
1.38965474789 1.52745039782e-21 1.01830026521e-21 0.0216499175718 
1.40160819323 1.40649437263e-21 9.37662915086e-22 0.017943456225 
1.40537202767 -5.13294248693e-22 -3.42196165795e-22 0.016270322192 
1.40327309716 2.08088126617e-22 1.38725417744e-22 0.0186402147609 
1.39426640728 1.00344728054e-21 6.68964853695e-22 0.0202127778121 
1.38211732777 -1.51065571082e-22 -1.00710380721e-22 0.0246491542333 
1.38211732777 -1.51065571082e-22 -1.00710380721e-22 0.0246491542333 
1.38211732777 -1.51065571082e-22 -1.00710380721e-22 0.0246491542333 
1.3853190229 3.42099025876e-22 2.28066017251e-22 0.0227141923954 
1.37556009903 -1.94611595533e-22 -1.29741063689e-22 0.0267647421754 
1.37955448126 -8.42412452202e-23 -5.61608301468e-23 0.023795748847 
1.38747687677 8.4601379519e-22 5.64009196793e-22 0.0218437010371 
1.38747687677 8.4601379519e-22 5.64009196793e-22 0.0218437010371 
1.38171991645 6.45301011838e-22 4.30200674559e-22 0.0216145096219 
1.37311073296 5.29835859938e-22 3.53223906625e-22 0.0227202763047 
1.33535158275 -3.09531689807e-22 -2.06354459871e-22 0.027600227351 
1.29756640623 -4.16981453163e-22 -2.77987635442e-22 0.0301348675229 
1.24650534799 -2.43972335206e-22 -1.6264822347e-22 0.0329349967209 
1.16547054271 -1.01466236335e-18 -6.7644157557e-19 0.0393712961564 
1.09215921153 8.23502609072e-19 5.49001739381e-19 0.0376470834517 
1.00534201235 0.0112904312902 0.0075269541935 0.0369910323138 
0.876714181224 0.0357067467494 0.0238044978329 0.0355878340245 
0.773082482811 0.321093117493 0.214062078329 0.018486937475 
0.760985581442 0.656218670239 0.437479113493 0.0106914405233 
0.437254114681 0.326563040439 0.217708693626 0.0150618792692 
0.279173770179 0.143622773476 0.0957485156509 -0.0352969843954 
0.178919816443 0.072742573835 0.0484950492233 -0.0162915205887 
0.106809498087 0.0384745731613 0.0256497154409 -0.00738000807888 
0.048909513821 0.06725124798 0.04483416532 -0.00527483747123 
0.015231997875 0.0221170282861 0.014744685524 -0.00230734958051 
-6.67422309967e-19 -6.86267444155e-19 -4.57511629436e-19 0.000324718876621 
4.63406181667e-21 1.10071827232e-21 7.33812181546e-22 0.00223454976557 
4.63406181667e-21 1.10071827232e-21 7.33812181546e-22 0.00223454976557 
4.63406181667e-21 1.10071827232e-21 7.33812181546e-22 0.00223454976557 
4.63406181667e-21 1.10071827232e-21 7.33812181546e-22 0.00223454976557 
4.63406181667e-21 1.10071827232e-21 7.33812181546e-22 0.00223454976557 
-1.78680690483e-21 1.05904344205e-22 7.06028961369e-23 -0.00154783437617 
-1.78680690483e-21 1.05904344205e-22 7.06028961369e-23 -0.00154783437617 
-4.04873502077e-21 7.54963224897e-22 5.03308816598e-22 -0.00410060544198 
-4.04873502077e-21 7.54963224897e-22 5.03308816598e-22 -0.00410060544198 
-4.04873502077e-21 7.54963224897e-22 5.03308816598e-22 -0.00410060544198 
-4.04873502077e-21 7.54963224897e-22 5.03308816598e-22 -0.00410060544198 
-4.04873502077e-21 7.54963224897e-22 5.03308816598e-22 -0.00410060544198 
-4.04873502077e-21 7.54963224897e-22 5.03308816598e-22 -0.00410060544198 
5.93096415858e-21 3.29608753958e-21 2.19739169305e-21 -0.0063423376133 
0.00551835318438 2.24238725273e-21 1.49492483516e-21 -0.00693785569861 
0.0225613027576 7.25415377287e-22 4.83610251525e-22 -0.00769568391059 
0.0746842458603 1.00987630763e-21 6.73250871756e-22 -0.00950763972485 
0.138695058998 -4.83216717733e-22 -3.22144478489e-22 -0.0109905150246 
0.200748972703 1.86239134465e-21 1.24159422977e-21 -0.0120334424812 
0.273371826166 3.6448531442e-22 2.42990209613e-22 -0.0543986356095 
0.380590234247 0.00257974613129 0.00171983075419 -0.260646927865 
0.4478967356 1.26888907048e-19 8.45926046985e-20 -0.124403137162 
0.535227758255 8.26595897803e-22 5.51063931869e-22 0.0226050158582 
0.615572583995 -2.3437779586e-22 -1.56251863907e-22 0.0182538505315 
0.681885166614 -8.42940303555e-23 -5.6196020237e-23 0.0199064698878 
0.777455081489 0.164097514256 0.109398342837 0.0134063941479 
0.833932804832 0.150867000539 0.100578000359 0.0126944439437 
0.875801581569 0.141085970663 0.0940573137751 0.0153634193999 
0.922420191291 0.129858882388 0.0865725882586 0.0154777089198 
0.969078253008 0.118371537163 0.0789143581087 0.0148168906702 
0.994027086277 2.36006234741e-17 1.57337489828e-17 0.0140146645756 
1.0373877438 -7.52946501706e-23 -5.0196433447e-23 0.0115434856426 
1.06786381229 2.64971357633e-22 1.76647571755e-22 0.0138420544432 
1.10847066686 -3.50609033112e-22 -2.33739355408e-22 0.0116772253497 
1.14539872999 1.62678128981e-23 1.08452085987e-23 0.0106362439417 
1.19116511663 -6.76765342299e-24 -4.51176894866e-24 0.00755484806226 
1.22345580179 3.9043510118e-22 2.60290067453e-22 0.00737237583426 
1.25144130359 7.6232929379e-22 5.08219529194e-22 0.00910577086165 
1.30049151277 0.0122505978105 0.00816706520703 0.00586949465258 
1.32253627352 1.48342365871e-18 9.88949105805e-19 0.00667997117034 
1.34307640538 9.52802481111e-23 6.35201654074e-23 0.00862049547477 
1.36643104716 5.02979100814e-22 3.35319400542e-22 0.00875150847872 
1.38425856502 1.79957135901e-21 1.19971423934e-21 0.00885409323735 
1.39784400881 8.82858680873e-22 5.88572453915e-22 0.00856220091768 
1.41319983539 3.71211472206e-22 2.47474314804e-22 0.00770937003437 
1.42710781006 2.25835468332e-22 1.50556978888e-22 0.00574908163413 
1.42755306726 4.90854440746e-22 3.2723629383e-22 0.00596026032768 
1.43404728528 3.98666980998e-22 2.65777987332e-22 0.00478647621973 
1.44313166918 -2.86442157558e-22 -1.90961438372e-22 0.00343123959215 
1.43707589449 -3.47187986754e-22 -2.31458657836e-22 0.00479081150198 
1.43737679101 -4.67017242962e-22 -3.11344828641e-22 0.0047089523871 
1.43837405867 -5.60147448032e-23 -3.73431632021e-23 0.00413400749867 
1.4377024651 1.25790829363e-21 8.38605529084e-22 0.00329663596475 
1.44254548357 9.3663579522e-23 6.2442386348e-23 0.00274284663426 
1.43995122168 9.0153274607e-23 6.01021830714e-23 0.0040288227526 
1.45085542968 0.00474896789413 0.00316597859609 0.00167014177842 
1.4504723044 0.00263617495333 0.00175744996888 0.00121223504633 
1.44753889938 -1.75076581818e-18 -1.16717721212e-18 0.00173376788629 
1.45611397119 0.0251813054962 0.0167875369975 0.00106604172687 
1.44998225242 0.00612548990398 0.00408365993598 0.00126286441685 
1.44238332137 1.67492538838e-17 1.11661692559e-17 0.00197928978126 
1.44063343878 8.30861545013e-22 5.53907696675e-22 0.00214141291932 
1.43449145033 -1.84714069292e-22 -1.23142712862e-22 0.00280621679815 
1.42748063084 1.97907568487e-22 1.31938378992e-22 0.00434638700507 
1.43083049471 -5.523392771e-22 -3.68226184734e-22 0.00314811100285 
1.42974625395 1.35554500297e-21 9.03696668644e-22 0.00417003720742 
1.41648259355 6.06115280115e-24 4.0407685341e-24 0.00701520889037 
1.39863813926 6.446450296e-22 4.29763353067e-22 0.00954672263359 
1.39244683813 2.25472731019e-22 1.50315154013e-22 0.0100865723172 
1.38280438333 -1.04175626788e-22 -6.94504178584e-23 0.0101242541677 
1.35291205511 -1.33936209482e-20 -8.92908063211e-21 0.011225164227 
1.33507459804 -4.27235444776e-22 -2.8482362985e-22 0.00921439453895 
1.31113021249 1.61195602752e-19 1.07463735168e-19 0.00966981278971 
1.28097857795 -3.26383819396e-18 -2.17589212931e-18 0.00994343709349 
1.25050012354 -6.79088275148e-18 -4.52725516765e-18 0.0110020454827 
1.22953354187 -2.56280479849e-18 -1.70853653233e-18 0.0101047480954 
1.19128785427 -2.03433373892e-18 -1.35622249262e-18 0.0121578839003 
1.19354529823 0.118723837631 0.0791492250874 0.00966794360245 
1.18457037372 0.201100316563 0.134066877709 0.00982620091329 
1.1619201483 0.24593873314 0.163959155427 0.00956498110533 
1.14771073273 0.299021087633 0.199347391755 0.00960978272376 
1.12689981254 0.333430812045 0.22228720803 0.00987890276767 
1.11764960475 0.388197248727 0.258798165818 0.00928282600743 
1.12503830546 0.449798462403 0.299865641602 0.00892596780383 
1.10578501423 0.472924797157 0.315283198104 0.00958108674217 
1.13375073658 0.553721191605 0.36914746107 0.0095815381369 
1.19462116564 0.636573288152 0.424382192101 0.00886511877427 
1.17754232149 0.66048938625 0.4403262575 0.0103622864533 
1.20788044747 0.716238510657 0.477492340438 0.0116457825343 
1.2116857821 0.759370172885 0.506246781923 0.0137789052201 
1.2374812751 0.807142958699 0.5380953058 0.0159894550501 
1.26442122153 0.859186272835 0.572790848557 0.0193694805984 
1.28501654 0.902012014043 0.601341342695 0.0233021364337 
1.28660151614 0.938645502904 0.625763668603 0.0279237117016 
1.28930744777 0.974189787139 0.649459858093 0.0333670909052 
1.32199487124 0.997137250196 0.664758166797 0.0376617137587 
1.32325850005 1.01785735667 0.678571571111 0.0423934743379 
1.31982497658 1.03578823299 0.690525488661 0.0465948712359 
1.33922396575 1.04544869625 0.696965797501 0.04906249774 
1.33981680885 1.05480667333 0.703204448889 0.0517894288912 
1.33991607461 1.0615950117 0.707730007802 0.0535624014812 
1.35562839798 1.06303652405 0.708691016032 0.0540869273885 
1.35550231268 1.06591212934 0.710608086229 0.0552134459937 
1.35328338729 1.06883573344 0.712557155629 0.0562139752744 
1.34836001251 1.07140259996 0.714268399975 0.0566926334419 
1.33930716743 1.07439678909 0.716264526062 0.0576827495697 
1.33857845524 1.07525146307 0.716834308712 0.0581055185133 
1.34582158101 1.07415969353 0.716106462352 0.057818679 
1.34771489229 1.07382225556 0.715881503704 0.0577002261823 
1.3347297173 1.07549869181 0.716999127873 0.0582663446249 
1.32208908571 1.07402401741 0.716016011609 0.0571825389322 
1.29747896956 1.07493240167 0.71662160111 0.0571613281763 
1.27126175907 1.07570447685 0.717136317902 0.0562873503802 
1.23961122015 1.07444874695 0.716299164632 0.0541197907377 
1.20317382292 1.07295427306 0.715302848708 0.0519971644204 
1.16188102413 1.07044401812 0.713629345415 0.0492831347686 
1.11428953374 1.0664184474 0.710945631599 0.0459486857859 
1.06535245795 1.05577077289 0.703847181924 0.041760901356 
0.985178137124 1.04465423426 0.696436156172 0.0380931569211 
0.853253286219 1.028751268 0.685834178668 0.0335188246325 
0.645787471859 0.977662866357 0.651775244238 0.0274476556294 
0.647291086794 0.972099735408 0.648066490272 0.0302797585606 
0.648057762466 0.969418506009 0.646279004006 0.0325103889004 
0.643500524023 0.985165512306 0.656777008204 0.0396590217828 
0.638128282623 1.00459866725 0.669732444833 0.0480496864978 
0.635343089223 1.0138684305 0.675912287 0.0532172742832 
0.626247951528 1.02981396516 0.68654264344 0.067065385065 
0.619919684222 1.05532572555 0.703550483701 0.0758146916935 
0.550859602755 1.07682616839 0.717884112261 0.0981948259054 
0.537569815681 1.10454570245 0.736363801637 0.121647055047 
0.476021438537 1.1375901915 0.758393461001 0.143335208398 
0.473489569986 1.16544044337 0.776960295578 0.153303492034 
0.411382227173 1.18895441288 0.792636275253 0.175185007403 
0.409960696764 1.21691876155 0.811279174369 0.184320881179 
0.35539314234 1.24969887721 0.833132584804 0.176929506188 
0.354707495376 1.27495389911 0.849969266074 0.183946644108 
0.28566755884 1.31589736784 0.877264911895 0.149706949214 
0.238950656771 1.35814651483 0.905431009884 0.122471251372 
0.196629641867 1.39178878825 0.927859192168 0.091423935801 
0.147966574203 1.42590440854 0.950602939026 0.0551285294458 
0.102981796119 1.45489672398 0.969931149319 0.0262552246634 
0.159462287741 1.48173388998 0.987822593321 0.0150905862095 
0.432822633337 1.49662535474 0.997750236496 0.0569961202856 
0.554628334253 1.50682262471 1.00454841647 0.0899653009903 
0.657036438786 1.51469311718 1.00979541146 0.155897382925 
0.78022754564 1.49490893129 0.996605954193 0.314641893478 
0.791533308943 1.52093324869 1.01395549913 0.271572017031 
0.80541829294 1.53995581357 1.02663720905 0.221989634939 
0.817246849944 1.55877366988 1.03918244659 0.144589731875 
0.826892822453 1.57165630825 1.04777087217 0.0441110803663 
0.835278167122 1.57581617705 1.05054411803 -0.0590453319151 
0.840016319898 1.57155880508 1.04770587005 -0.18033643763 
0.853785352869 1.48393912504 0.989292750026 -0.523598775598 
0.85823755768 1.48918709692 0.992791397947 -0.523598775598 
0.861967438875 1.49394756184 0.995965041225 -0.523598775598 
0.864782174117 1.49678292004 0.997855280025 -0.523598775598 
0.86729990317 1.49783896532 0.998559310216 -0.523598775598 
0.868605238255 1.49832528364 0.998883522424 -0.523598775598 
0.868169897023 1.49938851848 0.999592345654 -0.523598775598 
0.867195152298 1.49863986811 0.99909324541 -0.523598775598 
0.861599441605 1.49592256705 0.997281711366 -0.523598775598 
0.853995878916 1.490285748 0.993523832002 -0.523598775598 
0.841348605618 1.48426562429 0.989510416193 -0.523598775598 
0.827730619981 1.47409201923 0.98272801282 -0.523598775598 
0.809734290302 1.45843908449 0.972292722996 -0.523598775598 
0.787562871746 1.43646295167 0.957641967779 -0.523598775598 
0.762995629719 1.4090429648 0.939361976533 -0.523598775598 
0.735227576112 1.38085390627 0.920569270844 -0.523598775598 
0.712605864558 1.35419508391 0.902796722606 -0.523598775598 
0.680341992722 1.31993238019 0.879954920124 -0.520979488249 
0.207902650986 1.47209729228 0.981398194851 0.0137475590311 
0.122905003812 1.43854299402 0.95902866268 0.0158648537172 
0.203223759675 1.3840059752 0.92267065013 0.0520168749459 
0.286866910249 1.31994936054 0.879966240357 0.0920844052531 
0.36957682797 1.24652290817 0.831015272114 0.12194337473 
0.448013989696 1.17214628585 0.78143085723 0.127941459321 
0.520569954533 1.10138412737 0.734256084916 0.119554122004 
0.561445398851 1.03244359126 0.688295727507 0.1156048465 
0.639848715525 0.971795255729 0.647863503819 0.0839790434605 
0.666834421087 0.897265974471 0.598177316314 0.0703054235152 
0.695569815826 0.842092899812 0.561395266541 0.0591692218181 
0.719173889287 0.803798460541 0.535865640361 0.0507318349147 
0.738361005071 0.774122510171 0.516081673448 0.0445444681224 
0.764733272361 0.732795041699 0.488530027799 0.0338891248234 
0.77297146115 0.719966138863 0.479977425909 0.0256312678443 
0.769398863244 0.72331552119 0.48221034746 0.023453537055 
0.765725983062 0.727760645187 0.485173763458 0.0212154392321 
0.752401712058 0.745125871962 0.496750581308 0.019574021951 
0.736847600954 0.76614729506 0.510764863373 0.0185671716157 
0.717136567498 0.793665842448 0.529110561632 0.0187844639285 
0.710326794476 0.802698198126 0.535132132084 0.0153620083443 
0.692893852093 0.826530769143 0.551020512762 0.0156470987998 
0.315845905245 0.133176252934 0.0887841686227 0.523598775598 
0.289556200372 0.153837257712 0.102558171808 0.523598775598 
0.249135568671 0.197683607068 0.131789071378 0.523598775598 
0.211961743202 0.239837796977 0.159891864652 0.523598775598 
0.195435628107 0.251168284092 0.167445522728 0.523598775598 
0.174190780121 0.271656663571 0.181104442381 0.523598775598 
0.149979866332 0.297515460082 0.198343640054 0.523598775598 
0.137528726827 0.307578777004 0.205052518003 0.523598775598 
0.131684747211 0.306118901579 0.204079267719 0.523598775598 
0.12033727043 0.317840697742 0.211893798495 0.523598775598 
0.108208192702 0.333009847937 0.222006565292 0.523598775598 
0.0924782259986 0.354514829624 0.236343219749 0.523598775598 
0.0891385267171 0.354323224124 0.236215482749 0.523598775598 
0.0786306320211 0.371157103947 0.247438069298 0.523598775598 
0.0892334119545 0.353472524214 0.235648349476 0.523598775598 
0.0771908016732 0.37417080629 0.249447204193 0.523598775598 
0.0700868111714 0.390563448787 0.260375632524 0.523598775598 
0.0718716153695 0.393288118047 0.262192078698 0.523598775598 
0.0753479725783 0.396212450097 0.264141633398 0.523598775598 
0.0865827819806 0.391015200206 0.260676800138 0.523598775598 
0.098763688795 0.384499353938 0.256332902625 0.523598775598 
0.0902712895677 0.412313667919 0.274875778613 0.523598775598 
0.0963419066134 0.414953288166 0.276635525444 0.523598775598 
0.110749114004 0.403158424974 0.268772283316 0.523598775598 
0.119571562016 0.459774416909 0.306516277939 0.191779926873 
0.163076888654 0.585217143993 0.390144762662 0.0687262527105 
0.2163378157 0.695507717225 0.463671811483 0.0449338188985 
0.27051174158 0.755328919408 0.503552612939 0.036951488408 
0.305200344947 0.755647408952 0.503764939301 0.0330069980567 
0.382246342899 0.821137911211 0.54742527414 0.0283714402715 
0.487524426929 0.88404304643 0.589362030954 0.0267310111857 
0.660768276236 0.956041935059 0.637361290039 0.0294747092764 
0.659588785145 0.959767880359 0.639845253573 0.0318856182234 
0.658983834945 0.961599187154 0.641066124769 0.0340259941238 
0.659273752279 0.960327234522 0.640218156348 0.0357547015766 
0.660529683587 0.955969958229 0.637313305486 0.0355198045958 
0.660529683587 0.955969958229 0.637313305486 0.0355198045958 
0.659280409107 0.959918926066 0.63994595071 0.0390486024643 
0.657644892788 0.965130993541 0.643420662361 0.0414796931192 
0.65920381207 0.959320708212 0.639547138808 0.0396733739943 
0.658674404434 0.960886967246 0.640591311497 0.0406737209977 
0.660723273291 0.953737798958 0.635825199306 0.0391156690605 
0.662555370059 0.947901284728 0.631934189819 0.0380203222389 
0.665091256525 0.94029395523 0.62686263682 0.0359452514286 
0.665091256525 0.94029395523 0.62686263682 0.0359452514286 
0.664451019513 0.942904208896 0.628602805931 0.0377139640589 
0.665751737692 0.939462483892 0.626308322595 0.0367246917544 
0.668320101563 0.932375865367 0.621583910245 0.0348502637727 
0.664227560119 0.945248111923 0.630165407949 0.0399155991217 
0.664227560119 0.945248111923 0.630165407949 0.0399155991217 
0.661292377872 0.954811200585 0.63654080039 0.0430732984467 
0.65984787628 0.959415824275 0.639610549516 0.0442804665046 
0.657848375186 0.965686811383 0.643791207589 0.0460997704093 
0.657848375186 0.965686811383 0.643791207589 0.0460997704093 
0.656769551322 0.968449193346 0.645632795564 0.0456492333144 
0.653614861744 0.978452841384 0.652301894256 0.0476837954133 
0.649777854609 0.990648234669 0.660432156446 0.0509993838709 
0.647802482524 0.995075940127 0.663383960085 0.0516752335275 
0.644790357647 1.00355820153 0.669038801018 0.0534633956503 
0.64086048062 1.01546826375 0.676978842499 0.0564834604341 
0.638041188284 1.0215824766 0.681054984403 0.0577288395278 
0.63483250703 1.02921229774 0.686141531828 0.0592662321831 
0.592425130107 1.04186113129 0.694574087529 0.0689992436125 
0.591501964459 1.04579326774 0.697195511825 0.0677382004733 
0.589559455907 1.05472847535 0.703152316897 0.0683957272654 
0.587744586812 1.0617429448 0.707828629868 0.0695326036784 
0.587744586812 1.0617429448 0.707828629868 0.0695326036784 
0.585240306482 1.07174703356 0.714498022373 0.0715520043341 
0.582038355412 1.08465073641 0.723100490941 0.0748935131636 
0.579455257337 1.09111085785 0.727407238565 0.0769105928077 
0.576392095123 1.10029470088 0.733529800587 0.0798493462291 
0.538641121695 1.09979960418 0.733199736121 0.0893572601374 
0.538935574331 1.09532955183 0.730219701222 0.0861312630947 
0.5375627261 1.10461755572 0.736411703817 0.0871335751015 
0.535913987217 1.11383445962 0.742556306412 0.0886348454805 
0.533886200873 1.12389512177 0.749263414513 0.0909509496407 
0.532137345622 1.12833537955 0.752223586363 0.0918985430845 
0.529894749 1.13675782899 0.757838552657 0.0942805391681 
0.494836606627 1.13651590487 0.757677269911 0.0993478685074 
0.494836606627 1.13651590487 0.757677269911 0.0993478685074 
0.494360015397 1.1404488553 0.760299236869 0.0999688840089 
0.493191818029 1.14957785225 0.766385234836 0.102342596428 
0.491753141629 1.15836359018 0.772242393456 0.104848377497 
0.491753141629 1.15836359018 0.772242393456 0.104848377497 
0.490140356764 1.16601083603 0.777340557356 0.107014133338 
0.489026629996 1.16313098665 0.775420657766 0.106279331401 
0.487317625657 1.16516120281 0.776774135205 0.107119468617 
0.486707710642 1.15980691681 0.773204611208 0.105909984322 
0.486388745221 1.15432918052 0.769552787016 0.104788854988 
0.485993793035 1.15196473268 0.767976488451 0.104925758821 
0.487406500713 1.13232748908 0.75488499272 0.100177058819 
0.489794008958 1.11506326189 0.743375507926 0.0957353951298 
0.493185035613 1.09869528139 0.73246352093 0.0915154465842 
0.537495833115 1.09500040728 0.73000027152 0.0875870950556 
0.539846536343 1.0782942219 0.7188628146 0.0828635682835 
0.542156601672 1.06856913255 0.712379421699 0.0802749318268 
0.545400168852 1.05645971801 0.704306478674 0.0766599231144 
0.550184017709 1.03974576466 0.693163843108 0.0712119993286 
0.594864773789 1.03365635549 0.689104236992 0.0608868888324 
0.595840213208 1.03019006578 0.686793377186 0.06304577268 
0.599048711363 1.01616538133 0.677443587553 0.060497201544 
0.603318779705 1.00088297934 0.667255319562 0.0573768698674 
0.610843053724 0.975732647119 0.650488431413 0.0509383463527 
0.665789247867 0.946817385689 0.631211590459 0.0432226546526 
0.671413333938 0.929025400739 0.619350267159 0.0382964662521 
0.675984009622 0.916341579538 0.610894386359 0.0358126721471 
0.681637821787 0.90195781587 0.60130521058 0.032837119821 
0.68801408557 0.885451100888 0.590300733925 0.025769358792 
0.689631825919 0.881070626068 0.587380417379 0.0204609039676 
0.68412016992 0.892516351267 0.595010900844 0.0210281269591 
0.67289213398 0.917174881427 0.611449920951 0.019854276395 
0.666995948301 0.931447772082 0.620965181388 0.0189859350876 
0.664218339691 0.937976885228 0.625317923485 0.0164018211598 
0.664218339691 0.937976885228 0.625317923485 0.0164018211598 
0.663540399222 0.93874385042 0.625829233613 0.0128096745683 
0.660849939937 0.945028944001 0.630019296001 0.0135424354313 
0.661338159511 0.942322093669 0.628214729112 0.0118387282724 
0.659271727242 0.946812486558 0.631208324372 0.0130066093203 
0.659271727242 0.946812486558 0.631208324372 0.0130066093203 
0.659271727242 0.946812486558 0.631208324372 0.0130066093203 
0.662226691895 0.936328487988 0.624218991992 0.0109604487916 
0.66270720776 0.932360807012 0.621573871341 0.0114477691514 
0.658883997502 0.940593366116 0.627062244077 0.0143788074709 
0.655279753986 0.9487741427 0.632516095133 0.0192419743581 
0.652755798479 0.954356373553 0.636237582369 0.0251232649561 
0.649721793553 0.96198336172 0.641322241147 0.033604846822 
0.645609404633 0.974144600037 0.649429733358 0.0439638002833 
0.644676804457 0.976983299105 0.651322199403 0.0513610142417 
0.643500181909 0.981279090415 0.654186060276 0.0590095724596 
0.643579226881 0.981748163487 0.654498775658 0.0659584074969 
0.641789933256 0.989716808409 0.659811205606 0.0734724856221 
0.642420200327 0.990011807058 0.660007871372 0.0767573657214 
0.642130656694 0.993826198647 0.662550799098 0.0804234049623 
0.641132874464 1.00139280806 0.667595205372 0.0846910308011 
0.640827648486 1.00758404624 0.671722697492 0.0868483742752 
0.640827648486 1.00758404624 0.671722697492 0.0868483742752 
0.643080234979 1.00328126007 0.668854173379 0.0844298361568 
0.643446205274 1.00745025014 0.671633500096 0.0867481638786 
0.643446205274 1.00745025014 0.671633500096 0.0867481638786 
0.646355680741 1.00071989825 0.667146598832 0.0839314440859 
0.646508252357 1.00591078757 0.670607191712 0.0868854483293 
0.646508252357 1.00591078757 0.670607191712 0.0868854483293 
1.2913599072 1.07469640162 0.716464267749 0.15971921964 
1.2979327763 1.07347442982 0.715649619879 0.156091353465 
1.28820234888 1.07613378141 0.717422520942 0.1537693737 
1.28957404563 1.07604538333 0.717363588887 0.150061632806 
1.28778257357 1.07801231956 0.718674879708 0.145294346652 
1.28096490287 1.07953109274 0.719687395157 0.139625050405 
1.28909426051 1.07766991091 0.71844660727 0.131540257354 
1.28880230868 1.07675194544 0.717834630291 0.120678054927 
1.28983674686 1.0749385683 0.716625712197 0.110225145971 
1.29501440862 1.07213581711 0.714757211407 0.100403912322 
1.28414284573 1.07266498959 0.715109993058 0.0917686630434 
1.28993948487 1.06958431121 0.713056207474 0.0840529282361 
1.29142118317 1.06786726512 0.711911510077 0.0783672955539 
1.28455308051 1.06880721681 0.712538144543 0.074688250196 
1.27976010964 1.068693655 0.712462436669 0.0718989349683 
1.28192962669 1.06771068049 0.711807120326 0.0694428856634 
1.27989593345 1.06782323313 0.711882155419 0.0680931104314 
1.26730446725 1.06986528154 0.713243521027 0.067206376256 
1.26372535785 1.07001796654 0.713345311026 0.0665824904018 
1.27524167014 1.0673705953 0.711580396869 0.065220963634 
1.27003549504 1.06824971962 0.712166479749 0.0651775478217 
1.27712532679 1.06673843702 0.711158958017 0.0647058920237 
1.26917644475 1.06846788872 0.712311925816 0.0652632174166 
1.27525775608 1.06654149888 0.711027665921 0.0652837515618 
1.28646899034 1.06416657435 0.709444382903 0.0650871355317 
1.2826866372 1.06483186243 0.709887908283 0.0654414573975 
1.30255096615 1.06080051324 0.707200342162 0.0650066753529 
1.29588565925 1.06187552495 0.707917016631 0.0657814549388 
1.27857327317 1.0656833449 0.71045556327 0.0668897853225 
1.27431495447 1.0658372009 0.710558133932 0.067617643201 
1.26969563626 1.06551973904 0.710346492696 0.0687015916804 
1.25424126979 1.06649873428 0.710999156188 0.0702124265433 
1.24394878095 1.06650107464 0.71100071643 0.0725453975604 
1.23749883624 1.06491584401 0.709943896009 0.0751023405999 
1.2257139367 1.06393925983 0.709292839886 0.0787290035726 
1.1987964869 1.06688463923 0.711256426153 0.0839951503915 
1.18492034369 1.06761343666 0.711742291105 0.0884423249011 
1.18197484741 1.06675233938 0.71116822625 0.0921203392261 
1.16675250862 1.06732758098 0.711551720656 0.0961225678351 
1.15604427294 1.06609086289 0.710727241924 0.0990308350897 
1.14274572073 1.0614074476 0.707604965066 0.101651205453 
1.10880192851 1.06081759188 0.707211727918 0.103959232163 
1.06843978166 1.05913809128 0.706092060854 0.106215241808 
1.03411491257 1.05474268066 0.703161787106 0.107045740268 
0.981311263137 1.05206184869 0.701374565794 0.10806166168 
0.942868189528 1.04619728557 0.697464857047 0.107752827146 
0.887438137701 1.03695470403 0.691303136018 0.1074035379 
0.784651006037 1.02709618239 0.684730788263 0.107791328821 
0.605091300172 1.00323564238 0.668823761587 0.114763941496 
0.604047776156 1.00849706757 0.67233137838 0.122399792946 
0.601849127245 1.01793715104 0.678624767357 0.132175855252 
0.598849264123 1.02789740162 0.685264934416 0.142358473482 
0.594566377873 1.03627733215 0.690851554765 0.152402050056 
0.592760189879 1.04455159132 0.696367727547 0.157936350472 
0.539142448779 1.04582126204 0.697214174694 0.17216555975 
0.537388338558 1.05918702423 0.706124682821 0.180577063204 
0.533851327029 1.06556138852 0.710374259013 0.192341586854 
0.482856091568 1.07921765533 0.719478436885 0.21184685575 
0.480849132355 1.10204752845 0.734698352297 0.224590787335 
0.427913110527 1.11395199917 0.742634666113 0.244939850876 
0.427005921809 1.13208595521 0.75472397014 0.254610641253 
0.425847773483 1.15569183812 0.770461225414 0.267118354283 
0.352461461287 1.17216440534 0.781442936893 0.286473064492 
0.352352477691 1.19668247659 0.797788317724 0.298072448578 
0.347840596883 1.2333170016 0.8222113344 0.296469792056 
0.340666994202 1.2705799422 0.847053294802 0.298968582739 
0.333651949024 1.29800497018 0.865336646788 0.295742751409 
0.261459158012 1.33971300534 0.893142003558 0.27641787335 
0.265634460286 1.36983566354 0.913223775691 0.265300815851 
0.198830341401 1.40659602803 0.937730685352 0.232262666225 
0.203322726375 1.42917387428 0.952782582851 0.213915114722 
0.126883913011 1.46001333577 0.973342223845 0.174256394494 
0.0955745513413 1.48095429769 0.987302865124 0.148857013859 
0.0573393519591 1.50563991224 1.00375994149 0.119960662622 
0.031125686191 1.52229035591 1.01486023727 0.101432647581 
0.0329431226368 1.53302528452 1.02201685634 0.0915914595779 
1.39393399523e-18 1.5441287666 1.02941917773 0.0784742880522 
0.000928912672627 1.54823669201 1.03215779467 0.0737997652894 
0.00158041795615 1.54943949815 1.03295966543 0.070752057461 
0.149803848531 1.54609668442 1.03073112295 0.101730074872 
0.138924801534 1.54620930503 1.03080620335 0.0984917612537 
0.107350242769 1.54654569033 1.03103046022 0.0917389093169 
1.97660959704e-18 1.54514642683 1.03009761789 0.0742576169538 
1.53095612945e-06 1.53365075428 1.02243383619 0.0844021922861 
0.0365002665943 1.51911471707 1.01274314471 0.105855878498 
0.0784553458167 1.49218351686 0.994789011243 0.135498899232 
0.124885651883 1.45966800542 0.973112003616 0.16641224063 
0.170461856328 1.42398713336 0.949324755576 0.195324217593 
0.173010499632 1.38715814682 0.924772097877 0.209466473157 
0.249177514117 1.34463791458 0.896425276389 0.224439391706 
0.248541590761 1.31172782646 0.874485217638 0.214523540788 
0.310259212433 1.27963611462 0.853090743081 0.210131163241 
0.320860437779 1.24548206517 0.830321376781 0.18659918941 
0.397491337594 1.20779986147 0.805199907644 0.164763349646 
0.44761517626 1.17008621484 0.780057476559 0.134841089249 
0.45196869222 1.13710654789 0.758071031924 0.111926081742 
0.515737323043 1.11544698664 0.743631324428 0.0945590756025 
0.518639203631 1.09178876548 0.727859176987 0.0776655477347 
0.250908541048 1.01063533744 0.673756891629 0.081933569234 
0.14062139515 0.930118142687 0.620078761791 0.0936821945912 
0.0423824758709 0.81540759925 0.543605066167 0.134491093687 
6.9534414066e-19 0.749595241144 0.499730160763 0.173871362383 
-1.00786908138e-21 0.718833099325 0.479222066217 0.160460373244 
-7.1740927186e-22 0.677764327819 0.451842885212 0.147228820362 
2.25215036269e-22 0.664853145398 0.443235430265 0.142940956531 
2.25215036269e-22 0.664853145398 0.443235430265 0.142940956531 
-1.31320687825e-21 0.636547910953 0.424365273968 0.134194154919 
-1.31320687825e-21 0.636547910953 0.424365273968 0.134194154919 
-1.31320687825e-21 0.636547910953 0.424365273968 0.134194154919 
-3.35834898463e-21 0.652213054411 0.434808702941 0.136217008667 
-3.35834898463e-21 0.652213054411 0.434808702941 0.136217008667 
1.68166774104e-21 0.63836180431 0.425574536206 0.135002069254 
1.68166774104e-21 0.63836180431 0.425574536206 0.135002069254 
1.68166774104e-21 0.63836180431 0.425574536206 0.135002069254 
1.68166774104e-21 0.63836180431 0.425574536206 0.135002069254 
-9.2347278161e-22 0.64192509703 0.427950064687 0.186945949816 
2.31610571515e-23 0.656769386774 0.437846257849 0.195417861688 
0.00878362517813 0.634635252321 0.423090168214 0.256398877327 
0.0223537843525 0.64254965463 0.42836643642 0.261121466417 
0.0493513534609 0.637672382732 0.425114921821 0.263595498803 
0.0751346460198 0.642591403923 0.428394269282 0.268140473442 
0.297845064549 0.882926839444 0.588617892962 0.0746136986856 
0.563970130928 0.989792504488 0.659861669659 0.0630918726909 
0.620883863787 1.00319040868 0.668793605786 0.0698681908011 
0.616344993207 1.0200110856 0.680007390398 0.081991149912 
0.612935715574 1.02773169202 0.685154461346 0.0919864975915 
0.57401005785 1.0463802744 0.6975868496 0.10753562526 
0.56887075735 1.07608664494 0.717391096626 0.120813483249 
0.500900476756 1.10777562786 0.73851708524 0.14929551087 
0.497298799264 1.14143419216 0.760956128106 0.163112608941 
0.424960563476 1.16204284478 0.774695229856 0.196615238136 
0.423271984398 1.19284127824 0.795227518826 0.209286319685 
0.370460769173 1.2138485258 0.809232350534 0.238972828955 
0.355461746816 1.25278160615 0.835187737433 0.224003365082 
0.298063765492 1.29648479247 0.864323194978 0.19356709131 
0.252618492785 1.34493054207 0.896620361382 0.152825791661 
0.199253125854 1.39034582023 0.926897213485 0.108111445268 
0.128855832744 1.44070990383 0.960473269222 0.0590304819028 
0.302925314101 1.4707751514 0.9805167676 0.0614736742043 
0.597633832151 1.48594576632 0.990630510879 0.154446132413 
0.796379729315 1.4625415688 0.975027712534 0.351035357199 
0.815389437643 1.5000376429 1.00002509526 0.301828211232 
0.836294979309 1.52837397118 1.01891598078 0.23522559211 
0.848687558106 1.56147503619 1.04098335746 0.0747210986847 
0.867241236374 1.56492767569 1.04328511712 -0.161217390092 
0.888061443932 1.48423589303 0.989490595352 -0.523598775598 
0.902569818499 1.49160439447 0.994402929646 -0.523598775598 
0.913085784581 1.49869709894 0.99913139929 -0.523598775598 
0.921160751824 1.50329081381 1.00219387587 -0.523598775598 
0.928580234457 1.50641529591 1.00427686394 -0.523598775598 
0.933287411055 1.51125411766 1.00750274511 -0.523598775598 
0.936291319317 1.51567368613 1.01044912409 -0.523598775598 
0.939265392091 1.51863905298 1.01242603532 -0.523598775598 
0.94219338508 1.52064351703 1.01376234469 -0.523598775598 
0.944824859679 1.52190768617 1.01460512411 -0.523598775598 
0.947328226335 1.52373761471 1.01582507648 -0.523598775598 
0.949474771782 1.52611021722 1.01740681148 -0.523598775598 
0.951999140279 1.52661820711 1.0177454714 -0.523598775598 
0.954554808232 1.52660995109 1.01773996739 -0.523598775598 
0.955349054817 1.52713038177 1.01808692118 -0.523598775598 
0.954175223201 1.52880791651 1.01920527768 -0.523598775598 
0.95237123804 1.53086508155 1.02057672103 -0.523598775598 
0.952210763017 1.52960768345 1.01973845563 -0.523598775598 
0.951112365104 1.52871587683 1.01914391789 -0.523598775598 
0.949385086922 1.52688724558 1.01792483038 -0.523598775598 
0.942476252048 1.52544113487 1.01696075658 -0.523598775598 
0.934768102989 1.51881481163 1.01254320775 -0.523598775598 
0.92452630123 1.51347856398 1.00898570932 -0.523598775598 
0.912453372094 1.5068045965 1.00453639766 -0.523598775598 
0.90000908415 1.4991490372 0.999432691469 -0.523598775598 
0.888334804853 1.49035263249 0.993568421658 -0.523598775598 
0.873909994191 1.47055210981 0.980368073208 -0.523598775598 
0.854793633534 1.43756365484 0.958375769892 -0.523598775598 
0.834877079876 1.39927925054 0.932852833691 -0.523598775598 
0.900226387075 1.40078295974 0.933855306493 0.409047577549 
0.695224936453 1.43203511942 0.954690079612 0.14430699679 
0.530131324386 1.39878574873 0.932523832487 0.076010486059 
0.262614814623 1.33817508309 0.892116722058 0.0460825668533 
0.362496120668 1.2586896487 0.839126432466 0.0741390554466 
0.461153184279 1.16862352609 0.779082350729 0.0959464731152 
0.556511830145 1.06852472172 0.712349814479 0.103813445353 
0.63855057447 0.962728308554 0.641818872369 0.10405098445 
0.685485560107 0.830404664752 0.553603109835 0.100463518321 
0.763321508585 0.688144340782 0.458762893855 0.0875548880082 
0.761689227028 0.408432829552 0.272288553035 0.0998000712515 
0.861068265429 0.360033725788 0.240022483859 0.0722330881384 
0.898580159283 0.0881757476915 0.0587838317943 0.083276980379 
0.980329816969 0.0672692347651 0.0448461565101 0.0667462378364 
1.04035828371 0.0490677822714 0.0327118548476 0.0493372208305 
1.0764382995 5.0135037644e-19 3.34233584294e-19 0.0451898560641 
1.11036370729 1.58011992026e-23 1.05341328017e-23 0.0368908408401 
1.1336001958 4.71525583594e-22 3.14350389063e-22 0.0334975661597 
1.16026349657 2.65864004509e-22 1.77242669672e-22 0.0276622358519 
1.19580645395 0.0608323215633 0.0405548810422 0.0209738682403 
1.22693712742 0.154131574896 0.102754383264 0.0176365013334 
1.24402862857 0.196815903004 0.131210602003 0.0161036131556 
1.22889594262 0.152025387858 0.101350258572 0.0178725630726 
1.25812925059 0.233175861985 0.155450574657 0.0151781281504 
1.2197441431 0.138255184199 0.0921701227992 0.0183756066474 
1.19378827521 0.0644739424067 0.0429826282711 0.0205190047354 
1.1925609201 0.0705003725378 0.0470002483585 0.020400879886 
1.24167982021 0.239469480135 0.15964632009 0.0147563846204 
1.2599777156 0.28350987931 0.189006586206 0.0130599391324 
1.2297979134 0.223018407855 0.14867893857 0.0149061087886 
1.22297515817 0.209455696204 0.139637130803 0.0151954652545 
1.21055430186 0.189569236641 0.126379491094 0.0153319210359 
1.20986178586 0.18995592841 0.126637285607 0.0151837409743 
1.18637200312 0.132484997933 0.0883233319554 0.0170630530426 
1.16211572541 0.0556852564716 0.0371235043144 0.0193977303392 
1.19368768274 0.16299366939 0.10866244626 0.0160349977145 
1.17602198047 0.11873168292 0.0791544552801 0.016517325975 
1.13589675225 1.83926662198e-17 1.22617774799e-17 0.0211592721743 
1.12444627426 0.0 0.0 0.0231637801375 
1.10952279895 8.76689125777e-21 5.84459417184e-21 0.0261320541271 
1.0711231883 -4.40192612521e-19 -2.93461741681e-19 0.0332525166349 
1.03393401249 0.00412560890897 0.00275040593931 0.0421469257328 
0.98864093044 0.0101856642997 0.00679044286646 0.0505972367019 
0.846697082953 0.0387037811204 0.0258025207469 0.0696890489984 
0.766644328515 0.362515669935 0.24167711329 0.0692171261953 
0.754672619641 0.681902078921 0.454601385948 0.057928602137 
0.711614994357 0.858032589739 0.572021726493 0.0572878607019 
0.646074870133 0.996124035869 0.664082690579 0.0560023635202 
0.565608549729 1.07247959589 0.714986397261 0.0469190923389 
0.519484368192 1.12047418967 0.746982793115 0.0371489168421 
0.510599561716 1.15766696102 0.77177797401 0.0316551995665 
0.453196915183 1.18180723476 0.787871489838 0.0280090022931 
0.451908288448 1.19606821345 0.797378808969 0.0284611290551 
0.44862740578 1.20596231785 0.803974878568 0.0232967888046 
0.415448316366 1.21421708188 0.80947805459 0.0205023797697 
0.415092248166 1.21905740954 0.812704939694 0.0205854281902 
0.414845599686 1.22173455331 0.814489702209 0.0204286298564 
0.414290214278 1.22822295821 0.818815305473 0.0207233431419 
0.414245181957 1.22620858491 0.817472389937 0.0202993470652 
0.413906078888 1.22225187936 0.814834586238 0.016797955198 
0.413906078888 1.22225187936 0.814834586238 0.016797955198 
0.413361363757 1.22868019805 0.819120132032 0.0170488283122 
0.413129929901 1.22932930369 0.819552869128 0.0169561085673 
0.41242470553 1.23728399336 0.82485599557 0.0174938613326 
0.412064368537 1.23844527218 0.825630181454 0.0175926878194 
0.411989606433 1.23508567583 0.823390450553 0.0173701916979 
0.411577469217 1.23809797247 0.825398648314 0.0174602047581 
0.411060749834 1.24231989098 0.828213260656 0.0177645880714 
0.378265773085 1.24440163697 0.829601091311 0.0165107052876 
0.378399557154 1.24224613515 0.828164090102 0.0163580276406 
0.378290201719 1.24450347227 0.829668981513 0.0163907953464 
0.378750231535 1.23694836522 0.82463224348 0.015954997264 
0.380146689688 1.21706568278 0.811377121854 0.0153136960425 
0.442515052144 1.19123350479 0.79415566986 0.0270209710903 
0.533155998624 1.10661131977 0.737740879849 0.0439980375644 
0.629809969609 0.996172835414 0.66411522361 0.051226535248 
0.672901073372 0.85577181933 0.57051454622 0.0590543396108 
0.761891298778 0.684277492073 0.456184994715 0.056585158568 
0.7752579092 0.321436195716 0.214290797144 0.0645199047647 
0.893063636478 0.279411302796 0.186274201864 0.0453444488243 
0.934895908265 0.00112804720292 0.00075203146861 0.0469845472011 
1.01045168908 2.18781502462e-20 1.45854334975e-20 0.0332679737313 
1.05883322896 8.47504590284e-23 5.6500306019e-23 0.0277313520111 
1.11512367743 0.0648343301744 0.0432228867829 0.0190403638159 
1.18849958597 0.231834606037 0.154556404024 0.014557911482 
1.2213259055 0.27911440023 0.18607626682 0.0137569464393 
1.24218098871 0.303740167314 0.202493444876 0.0128607141957 
1.25244866371 0.309629844523 0.206419896348 0.0129452365556 
1.26591385649 0.323185820271 0.215457213514 0.0124819979013 
1.2723704032 0.330411022201 0.2202740148 0.0121213018697 
1.30333214789 0.379776201889 0.253184134593 0.0107009400205 
1.31210735267 0.391193165749 0.260795443833 0.0104467192453 
1.28830125472 0.357919267031 0.238612844687 0.0117035126939 
1.27079490051 0.329839158842 0.219892772562 0.0128590378187 
1.24562574375 0.289483373139 0.192988915426 0.0143181128979 
1.22779364864 0.255175999808 0.170117333205 0.0155903286308 
1.22573018878 0.249212207469 0.166141471646 0.0159099936149 
1.21233396374 0.221876333965 0.147917555976 0.0166366068933 
1.21920033928 0.241844947927 0.161229965285 0.0158009915094 
1.23229703546 0.271908698502 0.181272465668 0.0149954142248 
1.21250481948 0.230150529178 0.153433686119 0.0167632564947 
1.20811157905 0.224840069873 0.149893379916 0.0165775834711 
1.20671285447 0.223770582876 0.149180388584 0.0164280067342 
1.21857545996 0.259736567935 0.173157711957 0.015424037987 
1.2315402145 0.291990200263 0.194660133509 0.0145998540554 
1.21343116484 0.256956382124 0.171304254749 0.0153704160754 
1.21837381788 0.275830860056 0.183887240038 0.0150302850985 
1.18107234706 0.198918935089 0.132612623392 0.0179967682358 
1.19341121459 0.232887773688 0.155258515792 0.0170525789081 
1.21854952312 0.304947832799 0.203298555199 0.0158177656341 
1.24024387288 0.357679851978 0.238453234652 0.0147357200737 
1.22882929374 0.388560307486 0.259040204991 0.0156857414123 
1.216606283 0.428142649178 0.285428432786 0.0166889503255 
1.21873829142 0.497129595595 0.331419730397 0.017793784746 
1.17347174219 0.519270621807 0.346180414538 0.0203968456113 
1.14997675578 0.565374748674 0.376916499116 0.0225644889644 
1.15051702023 0.631074171365 0.420716114243 0.0233237566121 
1.14883136409 0.701719412618 0.467812941745 0.0250346370632 
1.19742850504 0.777088445344 0.518058963563 0.0267185107041 
1.15767474144 0.816940117849 0.544626745233 0.0297174409575 
1.20354365626 0.894623304875 0.596415536584 0.0339041872979 
1.22297082975 0.945178926941 0.630119284627 0.0392207279873 
1.24363174673 0.980154688448 0.653436458966 0.043612670835 
1.25928508505 1.00725899639 0.671505997595 0.0490380132008 
1.27797793401 1.02469137717 0.683127584777 0.0534799450714 
1.27713902347 1.03941234412 0.692941562748 0.0568863405713 
1.28900749761 1.04800326815 0.698668845435 0.0595261564983 
1.29170481818 1.05474951715 0.703166344764 0.0617042755415 
1.29860033861 1.05848015678 0.705653437851 0.0630288440145 
1.29928147284 1.0619285355 0.707952357003 0.0640825786574 
1.30394530647 1.0639442202 0.709296146798 0.0647707409281 
1.29824545133 1.06697222904 0.711314819361 0.0658174587461 
1.2940596345 1.06926341091 0.71284227394 0.0658555842966 
1.28846601643 1.07125422986 0.714169486572 0.0665390344096 
1.29653285057 1.06984701833 0.713231345555 0.066366708364 
1.2935890362 1.07130774363 0.714205162421 0.0666892316136 
1.29171992047 1.07210699107 0.714737994046 0.0665290588537 
1.29950461861 1.0707930211 0.71386201407 0.0664150638989 
1.30719596756 1.06970666031 0.713137773537 0.0660458861343 
1.30969203807 1.06905735075 0.7127049005 0.0659059219946 
1.30254864985 1.07074343048 0.713828953655 0.0662778005558 
1.29381246309 1.07337565752 0.715583771682 0.0668048622935 
1.297450423 1.07277008038 0.71518005359 0.0671661328668 
1.29451064327 1.07344684306 0.715631228709 0.0674343347753 
1.28785334201 1.07499739515 0.716664930102 0.0677152853606 
1.29211235399 1.0730755455 0.715383696999 0.0672358482248 
1.30086091273 1.07033630412 0.713557536079 0.0661566004913 
1.2920541983 1.07004706259 0.713364708395 0.0648943758149 
1.27666362318 1.07057145497 0.713714303314 0.0639861736105 
1.27433833373 1.06849422542 0.712329483616 0.0626220199223 
1.27249821294 1.06744275296 0.711628501975 0.0616342143851 
1.25892457903 1.06724992702 0.711499951345 0.0602178389749 
1.25875969602 1.06441023484 0.70960682323 0.0584097835511 
1.2587966055 1.06125265856 0.707501772371 0.0572269899039 
1.23223619785 1.06255285673 0.708368571151 0.0567762038125 
1.22691255826 1.05947377441 0.706315849607 0.0555229613949 
1.20812863793 1.05935891339 0.706239275596 0.0545283491554 
1.18199386034 1.05911229961 0.706074866406 0.0533678289691 
1.1704165807 1.05596885803 0.703979238686 0.0520391645188 
1.15539713903 1.05299582204 0.701997214693 0.0512122393425 
1.11994901408 1.05225025094 0.701500167293 0.0496983582367 
1.09239439542 1.04927812897 0.699518752649 0.0484101378867 
1.04089159167 1.049431879 0.699621252665 0.047797305005 
0.998397139239 1.04497953755 0.69665302503 0.0458289155641 
0.943916270395 1.03966159764 0.693107731758 0.0437312688586 
0.829274364526 1.03497498737 0.689983324913 0.0408875741876 
0.628665681208 0.999853135821 0.666568757214 0.0358310629038 
0.62490428326 1.01466170039 0.676441133597 0.0411833513518 
0.622250408749 1.025572534 0.683715022664 0.0451776131461 
0.618894231444 1.03965782454 0.693105216361 0.0502565285204 
0.577561277867 1.05765250293 0.70510166862 0.0593623483058 
0.575951977214 1.06642323251 0.710948821672 0.0620845299411 
0.572801132162 1.08342304207 0.722282028049 0.0674612218322 
0.539053566471 1.09632746181 0.730884974541 0.0746163515777 
0.535072038813 1.12386541499 0.749243609995 0.0818875374747 
0.473572706041 1.1562662697 0.770844179799 0.0976022129935 
0.4707486482 1.18604028343 0.790693522289 0.10515327443 
0.410155164277 1.21118277569 0.807455183792 0.115976100394 
0.408737852112 1.23517782992 0.823451886617 0.121857223791 
0.353148310896 1.25882172264 0.839214481759 0.132908861567 
0.352829324975 1.26863811769 0.845758745127 0.135096629753 
0.352261560775 1.28177988245 0.854519921634 0.137971756824 
0.311241968575 1.29500453818 0.863336358788 0.138575873099 
0.311190714744 1.29928609836 0.86619073224 0.139055921595 
0.311019602609 1.30586044247 0.870573628312 0.140157039201 
0.311019602609 1.30586044247 0.870573628312 0.140157039201 
0.3107907525 1.30825760357 0.872171735715 0.140321745741 
0.310482036597 1.31444544121 0.876296960807 0.141415115903 
0.31005072111 1.31352140972 0.875680939814 0.140842402794 
0.30969968094 1.31625879982 0.877505866547 0.141129369672 
0.309360336813 1.31341587899 0.875610585996 0.140070029529 
0.30901925334 1.31636718984 0.877578126558 0.140439849606 
0.308593445075 1.31771176569 0.878474510458 0.140399816784 
0.30807917075 1.31893816146 0.879292107638 0.140152718819 
0.307666195495 1.32190054742 0.881267031614 0.140458014242 
0.307224508748 1.31994448417 0.879962989447 0.139586614007 
0.306869141551 1.31632066961 0.877547113071 0.138255649031 
0.306523145605 1.32070491238 0.880469941589 0.138699898005 
0.306095970863 1.32695864968 0.884639099785 0.139707648143 
0.305565012499 1.32920399585 0.886135997231 0.139908866041 
0.305565012499 1.32920399585 0.886135997231 0.139908866041 
0.267288867964 1.33371178501 0.889141190008 0.132730482116 
0.26728534413 1.33443670941 0.889624472943 0.132860424256 
0.26728534413 1.33443670941 0.889624472943 0.132860424256 
0.267321387719 1.3262850129 0.884190008597 0.131382591898 
0.267569847353 1.31638470486 0.877589803242 0.129761142693 
0.315921102058 1.29054799374 0.860365329161 0.140909154994 
0.316233306893 1.27285127051 0.848567513672 0.13740562742 
0.339506505599 1.24246376541 0.828309176941 0.154818570456 
0.40668370429 1.20633301448 0.804222009652 0.131578885216 
0.453200355564 1.16778781779 0.778525211861 0.125937281751 
0.500295135435 1.12604737229 0.750698248195 0.110745627571 
0.554510482147 1.07516131053 0.716774207022 0.0917075445366 
0.561588656819 1.02982599884 0.686550665895 0.0770133386118 
0.620995383444 1.00404482192 0.669363214612 0.0670102555735 
0.628561619268 0.974013015597 0.649342010398 0.0556218460724 
0.636286621657 0.947202125552 0.631468083701 0.0458903182865 
0.640153321966 0.9335928077 0.622395205134 0.0393037166683 
0.640873313162 0.92986098938 0.619907326253 0.0341296828312 
0.637905392904 0.935239665491 0.623493110327 0.0312348602994 
0.640425677654 0.924740384034 0.616493589356 0.0233980914408 
0.636266532913 0.930878675989 0.620585783993 0.0225271472704 
0.633970060832 0.930681378695 0.620454252463 0.0183551969695 
0.108410053612 0.235442993166 0.156961995444 -0.193348274577 
0.0948060752988 0.241190485569 0.160793657046 -0.190493606627 
0.0897210583328 0.24053299434 0.16035532956 -0.19126795624 
0.071828123042 0.254126126432 0.169417417621 -0.17902123864 
0.0452268538181 0.0855517849458 0.0570345232972 -0.0683361743304 
0.0354666607593 0.106396361386 0.0709309075907 -0.069247580336 
0.0286978904572 0.114875429199 0.0765836194662 -0.0710157961996 
0.0263156212903 0.0963853313983 0.0642568875989 -0.0683713032766 
0.0266279546974 0.0698226416846 0.0465484277897 -0.0636930324896 
0.0253341540127 0.0685256946562 0.0456837964375 -0.0637615937198 
0.0203472278566 0.117051326864 0.078034217909 -0.0719121198872 
0.0226417915027 0.1063101131 0.0708734087336 -0.0706165712149 
0.0302462471683 0.0327229607008 0.0218153071339 -0.060118881275 
0.0309289070489 0.0471930789437 0.0314620526292 -0.0629365530715 
0.0336558946902 0.047208604232 0.0314724028213 -0.0647146328143 
0.0346556952509 0.0758217932287 0.0505478621525 -0.07038143457 
0.0381889832966 0.0785590744972 0.0523727163315 -0.0728834607171 
0.044217181108 0.0674895587505 0.044993039167 -0.0726257178055 
0.0480887212397 0.062431387408 0.0416209249386 -0.072423107186 
0.056268303392 0.0502331358077 0.0334887572051 -0.0709757043413 
0.0655261182308 0.0595394674011 0.0396929782674 -0.0779474020348 
0.0790341942189 0.0761516945513 0.0507677963675 -0.0886497657543 
0.104372635341 0.132322743551 0.0882151623673 -0.127593914738 
0.142504705789 0.168097443909 0.112064962606 -0.198192951054 
0.183958264382 0.124129233509 0.0827528223396 -0.212281381821 
0.231078257348 0.0567242777128 0.0378161851418 -0.176186348636 
0.289518896853 0.00330963153089 0.00220642102059 -0.165902306421 
0.367070203692 3.027594932e-20 2.01839662134e-20 -0.111443495086 
0.465886035472 0.110479106353 0.0736527375688 0.186524244656 
0.581199396842 0.361852879689 0.241235253126 0.0599545735604 
0.760047007086 0.604818937182 0.403212624788 0.0382602332059 
0.808002720899 0.565007167744 0.376671445163 0.0361355133545 
0.761021220517 0.391080026767 0.260720017845 0.0480806097748 
0.779306812353 0.384161890268 0.256107926845 0.0545522133732 
0.779944294899 0.383738880391 0.255825920261 0.0611581029046 
0.779944294899 0.383738880391 0.255825920261 0.0611581029046 
0.762326461935 0.391383563753 0.260922375836 0.0808678397838 
0.675985482933 0.431913905496 0.287942603664 0.115378658445 
0.736136745879 0.740913754156 0.49394250277 0.0951558115235 
0.678335056018 0.829909236161 0.553272824107 0.112446712614 
0.630722573261 0.936480289358 0.624320192905 0.113068797987 
0.591739977332 1.04023790487 0.693491936579 0.105139521964 
0.496547475452 1.13360680698 0.755737871322 0.0986532469524 
0.401602132307 1.22554605804 0.817030705358 0.0721343488171 
0.296202934412 1.31205436945 0.874702912968 0.0456505434261 
0.208011313094 1.3760928269 0.917395217935 0.0166945725505 
0.381504970136 1.42440684613 0.949604564084 0.0266770133935 
0.613752092205 1.45913390553 0.97275593702 0.0850358117571 
0.757237203111 1.47430329522 0.982868863482 0.200846738778 
0.853676980334 1.46961230123 0.979741534154 0.341580202622 
0.848136726191 1.51718839477 1.01145892985 0.257991529013 
0.84284118021 1.5603829976 1.04025533174 0.095096987 
0.849191308699 1.56809766388 1.04539844259 -0.190409583986 
0.868376765413 1.49940943477 0.999606289844 -0.523598775598 
0.878787677179 1.51513247786 1.01008831857 -0.523598775598 
0.887941151172 1.53014101527 1.02009401018 -0.523598775598 
0.894660469422 1.54133002721 1.02755335147 -0.523598775598 
0.898896332281 1.54979599066 1.03319732711 -0.523598775598 
0.904136970891 1.56453442675 1.04302295117 -0.494838329182 
0.909424834747 1.57606821074 1.05071214049 -0.470174038947 
0.913723923863 1.58434921986 1.05623281324 -0.451194307953 
0.917488776366 1.59118001178 1.06078667452 -0.435596965643 
0.920722113658 1.59320110336 1.06213406891 -0.428826263886 
0.924918248894 1.59610230763 1.06406820509 -0.419330790472 
0.928798048563 1.60090518952 1.06727012635 -0.406975536747 
0.932803937867 1.60418808446 1.06945872297 -0.398012233349 
0.936456493287 1.60611004555 1.07074003037 -0.391332445081 
0.940042030195 1.60725972805 1.07150648537 -0.386113044565 
0.94331899554 1.61084574761 1.07389716508 -0.378678429525 
0.945892664314 1.61205794378 1.07470529585 -0.375021070946 
0.947692863863 1.61007664245 1.0733844283 -0.376330070146 
0.948228297678 1.61061612585 1.0737440839 -0.375403328752 
0.948933365748 1.61045973317 1.07363982211 -0.374902639717 
0.948839455287 1.6116392134 1.07442614227 -0.37403374561 
0.948967022597 1.61330235991 1.07553490661 -0.371793809485 
0.948363561439 1.61283169403 1.07522112936 -0.373127903231 
0.947167629336 1.61260503953 1.07507002636 -0.374667049549 
0.944518810077 1.60898550048 1.07265700032 -0.382026325066 
0.939691863002 1.60657855364 1.07105236909 -0.390902185211 
0.929402219636 1.59867514977 1.06578343318 -0.413090073258 
0.913151011857 1.58131383525 1.0542092235 -0.457437615512 
0.896522327854 1.5520863463 1.03472423087 -0.520778264481 
0.882607058351 1.5367047968 1.02446986454 -0.523598775598 
0.868727973069 1.51392033876 1.00928022584 -0.523598775598 
0.855796051189 1.49068546711 0.993790311405 -0.523598775598 
0.846071267648 1.45614737332 0.970764915548 -0.523598775598 
0.835398933799 1.41699863625 0.9446657575 -0.523598775598 
0.820092131797 1.38164026146 0.921093507637 -0.510407065405 
0.756113906869 1.45551195588 0.970341303922 0.165752567435 
0.607602446065 1.42904627276 0.952697515176 0.0787689862938 
0.214022568913 1.37215669732 0.914771131545 0.0200807227437 
0.327417732252 1.28787893677 0.858585957845 0.0587357772965 
0.431181422307 1.19778885948 0.798525906322 0.087958311028 
0.536105661097 1.09259048183 0.728393654553 0.0995707500923 
0.614219029994 0.99391841607 0.66261227738 0.109958357601 
0.65947506673 0.868413607808 0.578942405206 0.109911641992 
0.723783411473 0.746856993519 0.497904662346 0.0998072913866 
0.78601599721 0.655141809133 0.436761206089 0.0841499144946 
0.7546176 0.473242526471 0.315495017647 0.0856978179262 
0.774919941104 0.460203663957 0.306802442638 0.0700719212455 
0.789137386446 0.449963013269 0.299975342179 0.0617805721921 
0.763147369403 0.461546994841 0.30769799656 0.0578529540265 
0.738206751365 0.473918555352 0.315945703568 0.0536650705514 
0.714342205329 0.48558701924 0.323724679493 0.0465751273457 
0.551331854211 0.187155134958 0.124770089972 0.10614821824 
0.483981491354 0.0651422596519 0.0434281731013 0.221898950585 
0.421070514139 0.100975559287 0.067317039525 0.275030608519 
0.361587623064 0.138020115978 0.092013410652 0.360852856444 
0.308219413053 0.17457232218 0.11638154812 0.491415152997 
0.243640822171 0.245967724983 0.163978483322 0.523598775598 
0.202091533767 0.287079681353 0.191386454235 0.523598775598 
0.157465109004 0.341131071562 0.227420714375 0.523598775598 
0.135136703345 0.362135590245 0.24142372683 0.523598775598 
0.12520221207 0.368766964163 0.245844642775 0.523598775598 
0.128863797989 0.355175568157 0.236783712104 0.523598775598 
0.127266461885 0.35435139586 0.236234263907 0.523598775598 
0.120881764377 0.364513222686 0.243008815124 0.523598775598 
0.126803922444 0.350379989939 0.233586659959 0.523598775598 
0.121359496553 0.359991390376 0.239994260251 0.523598775598 
0.127217806288 0.349426812732 0.232951208488 0.523598775598 
0.133017328913 0.33825965849 0.225506438993 0.523598775598 
0.142602189241 0.321675681889 0.214450454593 0.523598775598 
0.136769675644 0.331503336259 0.221002224173 0.523598775598 
0.125786626616 0.350390647989 0.233593765326 0.523598775598 
0.121337676482 0.356600928603 0.237733952402 0.523598775598 
0.113996672173 0.370813999866 0.247209333244 0.523598775598 
0.133355506334 0.337249184397 0.224832789598 0.523598775598 
0.129038832186 0.345134973231 0.230089982154 0.523598775598 
0.124753415361 0.353557912183 0.235705274789 0.523598775598 
0.139026814224 0.329739854478 0.219826569652 0.523598775598 
0.136012179878 0.340510228776 0.227006819184 0.523598775598 
0.154990213893 0.320520019015 0.213680012677 0.523598775598 
0.175524196461 0.30618587536 0.204123916907 0.523598775598 
0.206343503228 0.286991716023 0.191327810682 0.377061770137 
0.264641646833 0.299537478161 0.199691652107 0.122566514852 
0.373417699051 0.459334673284 0.306223115523 0.0376672441844 
0.609604635555 0.694222976988 0.462815317992 0.0207523908864 
0.753011908849 0.73206516995 0.488043446633 0.0250158630861 
0.80266739177 0.666492413025 0.44432827535 0.028898464834 
0.760556569974 0.394150595185 0.262767063457 0.0429618351634 
0.858971475054 0.353957275519 0.235971517012 0.0442847052807 
0.90113781534 0.0611994666848 0.0407996444566 0.0589180303894 
1.01535937578 0.0309970283452 0.0206646855635 0.0444724597292 
1.08584758608 -3.66291718971e-19 -2.44194479314e-19 0.0480030557063 
1.16093417557 2.99688623994e-22 1.99792415996e-22 0.0434580881903 
1.23437455448 -2.83913511234e-22 -1.89275674156e-22 0.0349980772744 
1.2874930217 -3.59161821208e-22 -2.39441214138e-22 0.0317502992971 
1.32171707117 -1.96113966075e-23 -1.3074264405e-23 0.0313995143367 
1.35243187833 1.93074940846e-22 1.28716627231e-22 0.0305937886914 
1.38628960481 1.31655541311e-22 8.77703608741e-23 0.0269395294501 
1.41378461696 1.95580821829e-22 1.30387214552e-22 0.0231505326884 
1.43289425175 -8.63467796809e-22 -5.75645197873e-22 0.0215867637373 
1.43667966509 7.07218858232e-22 4.71479238821e-22 0.0226402770775 
1.44350695838 -3.41735523716e-22 -2.27823682477e-22 0.0217269685718 
1.45256629448 2.76316508593e-22 1.84211005729e-22 0.0201143600062 
1.45485282727 -3.47007745115e-22 -2.31338496743e-22 0.0197489990269 
1.44710215447 2.95143840898e-22 1.96762560599e-22 0.0225855948232 
1.45145157464 6.52924930966e-22 4.35283287311e-22 0.0210109997622 
1.45762897745 9.44966771711e-22 6.29977847807e-22 0.0201691158379 
1.44895391747 9.02558052793e-23 6.01705368529e-23 0.0228129246059 
1.442950552 -2.02922063564e-22 -1.35281375709e-22 0.0233986459456 
1.4462799348 5.00783690927e-22 3.33855793951e-22 0.0221057398415 
1.43827839027 -1.24644804539e-21 -8.30965363591e-22 0.0245248729857 
1.43375278783 -9.69736394076e-22 -6.46490929384e-22 0.025627496779 
1.43375278783 -9.69736394076e-22 -6.46490929384e-22 0.025627496779 
1.44255030327 1.19675286912e-21 7.97835246082e-22 0.0231409882769 
1.44004303517 -7.71493162818e-22 -5.14328775212e-22 0.0241547524388 
1.44155102065 5.34573153449e-22 3.56382102299e-22 0.021914674334 
1.45031956804 -1.91656113397e-23 -1.27770742265e-23 0.0193898822177 
1.44026262275 -1.43941555222e-22 -9.59610368149e-23 0.0208948880966 
1.44026262275 -1.43941555222e-22 -9.59610368149e-23 0.0208948880966 
1.43153592748 -4.80786100822e-22 -3.20524067215e-22 0.0227421153935 
1.42809431136 8.20202515901e-22 5.46801677267e-22 0.0227543382209 
1.42983940402 -6.67097912945e-23 -4.44731941964e-23 0.0211776759536 
1.42231386959 6.38035232782e-22 4.25356821855e-22 0.0234511445974 
1.42928647186 -2.5319418126e-22 -1.6879612084e-22 0.0201858666631 
1.42207285871 7.40082187101e-22 4.93388124734e-22 0.0212845326537 
1.42165807223 -4.75998918923e-22 -3.17332612615e-22 0.0200471041906 
1.4273271574 -6.89876334122e-22 -4.59917556082e-22 0.0177596095644 
1.42362892513 -4.73393441633e-22 -3.15595627755e-22 0.0185885733778 
1.42397079471 -3.83275951877e-22 -2.55517301251e-22 0.0174352020747 
1.42415202765 -4.32312139789e-22 -2.88208093192e-22 0.0164952977624 
1.42898808965 8.51549988619e-22 5.67699992412e-22 0.0151488625807 
1.41520815119 -2.87142318475e-22 -1.91428212317e-22 0.0176519724071 
1.42501984026 -8.85064621592e-22 -5.90043081062e-22 0.0141083843002 
1.40468267485 -3.18808193904e-22 -2.12538795936e-22 0.0174736750757 
1.38336463161 3.15625791765e-22 2.1041719451e-22 0.0189888579527 
1.35771420055 -3.52671469428e-23 -2.35114312952e-23 0.021853351049 
1.32752817624 -3.93849269421e-22 -2.62566179614e-22 0.0262561400121 
1.2774030984 9.27389681669e-22 6.18259787779e-22 0.032076159452 
1.21230785068 2.47453179472e-22 1.64968786314e-22 0.0373671683898 
1.13801446501 1.4951555447e-18 9.96770363135e-19 0.0405603860988 
1.0831308502 1.58558960481e-18 1.05705973654e-18 0.0369340369719 
0.991040530347 0.0155284190008 0.0103522793339 0.037572579136 
0.880223962349 0.0382101175182 0.0254734116788 0.0434800877607 
0.795636087608 0.247810999047 0.165207332698 0.0378225763671 
0.643799712279 0.291027211214 0.194018140809 0.0414985772154 
0.461348702041 0.0478897595434 0.0319265063622 0.204104397292 
0.382221874469 0.0759287089904 0.0506191393269 0.420311918946 
0.309302728424 0.140927415618 0.0939516104123 0.523598775598 
0.245583587177 0.200148995563 0.133432663709 0.523598775598 
0.202937989989 0.23961728327 0.159744855513 0.523598775598 
0.177066487956 0.260726490591 0.173817660394 0.523598775598 
0.148906222107 0.294376258728 0.196250839152 0.523598775598 
0.133775819007 0.310755974088 0.207170649392 0.523598775598 
0.123710989432 0.32307773088 0.21538515392 0.523598775598 
0.121263015398 0.322246209631 0.214830806421 0.523598775598 
0.117885076059 0.323075840634 0.215383893756 0.523598775598 
0.117885076059 0.323075840634 0.215383893756 0.523598775598 
0.117885076059 0.323075840634 0.215383893756 0.523598775598 
0.109532266313 0.339170489845 0.226113659897 0.523598775598 
0.120162241157 0.319892648561 0.213261765707 0.523598775598 
0.120162241157 0.319892648561 0.213261765707 0.523598775598 
0.120162241157 0.319892648561 0.213261765707 0.523598775598 
0.120162241157 0.319892648561 0.213261765707 0.523598775598 
0.120162241157 0.319892648561 0.213261765707 0.523598775598 
0.120162241157 0.319892648561 0.213261765707 0.523598775598 
0.115275672609 0.331328791758 0.220885861172 0.523598775598 
0.115275672609 0.331328791758 0.220885861172 0.523598775598 
0.115275672609 0.331328791758 0.220885861172 0.523598775598 
0.132277465408 0.306963412452 0.204642274968 0.523598775598 
0.132277465408 0.306963412452 0.204642274968 0.523598775598 
0.133597124937 0.308779181799 0.205852787866 0.523598775598 
0.133597124937 0.308779181799 0.205852787866 0.523598775598 
0.133597124937 0.308779181799 0.205852787866 0.523598775598 
0.133597124937 0.308779181799 0.205852787866 0.523598775598 
0.133597124937 0.308779181799 0.205852787866 0.523598775598 
0.125713906376 0.323960934218 0.215973956145 0.523598775598 
0.125713906376 0.323960934218 0.215973956145 0.523598775598 
0.125713906376 0.323960934218 0.215973956145 0.523598775598 
0.125713906376 0.323960934218 0.215973956145 0.523598775598 
0.137199858745 0.306415980626 0.204277320417 0.523598775598 
0.15605896256 0.27712596766 0.184750645106 0.523598775598 
0.15605896256 0.27712596766 0.184750645106 0.523598775598 
0.159201288747 0.278174760881 0.185449840587 0.523598775598 
0.159201288747 0.278174760881 0.185449840587 0.523598775598 
0.161643652563 0.278907443222 0.185938295481 0.523598775598 
0.172590086656 0.261514327313 0.174342884875 0.523598775598 
0.172590086656 0.261514327313 0.174342884875 0.523598775598 
0.169488151958 0.273739846502 0.182493231002 0.523598775598 
0.177000793523 0.265260050211 0.176840033474 0.523598775598 
0.202313153256 0.234835219017 0.156556812678 0.523598775598 
0.212201680061 0.239308879225 0.159539252817 0.523598775598 
0.2406817106 0.21924347792 0.146162318613 0.523598775598 
0.316373959859 0.133991747786 0.0893278318575 0.4818819611 
0.352352858839 0.131919169073 0.0879461127151 0.25447181038 
0.431692982828 0.201337011473 0.134224674315 0.0753547950281 
0.60948806348 0.503263477642 0.335508985095 0.0267054638451 
0.672059048401 0.474551187633 0.316367458422 0.0313451990154 
0.728059341137 0.449607006577 0.299738004385 0.0370192905204 
0.778867019695 0.427007954061 0.284671969374 0.0421840119247 
0.817063812265 0.408899605033 0.272599736689 0.0495973347123 
0.800911738266 0.250757067352 0.167171378235 0.0711147104522 
0.839853007605 0.24010682683 0.160071217886 0.0751066216396 
0.86261924787 0.231956820671 0.154637880447 0.0814426589393 
0.86261924787 0.231956820671 0.154637880447 0.0814426589393 
0.869034057303 0.228048260908 0.152032173939 0.0999835714992 
0.869034057303 0.228048260908 0.152032173939 0.0999835714992 
0.869034057303 0.228048260908 0.152032173939 0.0999835714992 
0.857599644705 0.229307354843 0.152871569895 0.123817648767 
0.819839770239 0.240966562509 0.160644375006 0.141288916861 
0.757406737809 0.324927778887 0.216618519258 0.212872552769 
0.690333141011 0.447266299418 0.298177532945 0.279829976476 
0.59952715855 0.550087916976 0.366725277984 0.335746457633 
0.42512331077 0.627425629282 0.418283752855 0.523598775598 
0.314661115746 0.744072773134 0.496048515422 0.523598775598 
0.195864549854 0.858523205153 0.572348803435 0.523598775598 
0.0306247983747 0.984373774849 0.656249183233 0.523598775598 
-2.84119934738e-18 1.10008614327 0.733390762181 0.450941070676 
0.310469131121 1.30140524686 0.867603497907 0.065472119241 
0.223503185601 1.36379883457 0.90919922305 0.0117119466272 
0.347928127124 1.41408191095 0.942721273966 0.00474969902091 
0.588715937427 1.43845851694 0.95897234463 0.0374337849155 
0.714048509541 1.45197728241 0.967984854943 0.0668327535625 
0.790122985454 1.4609867001 0.973991133398 0.0987748546386 
0.84374307822 1.46573970289 0.977159801926 0.134311115316 
0.886759979123 1.46739378263 0.978262521752 0.1879733949 
0.922494291525 1.46234892506 0.974899283373 0.249346656704 
0.979710939857 1.43274440544 0.95516293696 0.391588350794 
0.984532655565 1.43561421267 0.957076141781 0.390693031806 
0.986000549421 1.43971085951 0.959807239677 0.39126763388 
0.976587612961 1.45117395599 0.967449303993 0.363071471888 
0.978693055812 1.45284105087 0.968560700582 0.362773791739 
0.98012356104 1.45387794339 0.969251962262 0.362489664181 
0.981387631197 1.45437031355 0.969580209034 0.362101462304 
0.982107921421 1.45541740101 0.970278267341 0.361971734964 
0.981482893582 1.456652016 0.971101343998 0.362211677412 
0.979873707951 1.45705307216 0.971368714772 0.362528043357 
0.979377001936 1.45272089959 0.968480599724 0.36155903314 
0.982881580138 1.43684143036 0.957894286909 0.38586339072 
0.970698111277 1.42619692427 0.950797949512 0.387322651462 
0.865742363397 1.46146242493 0.974308283288 0.171439821851 
0.793558658191 1.45192396744 0.967949311625 0.103561230745 
0.727446710698 1.43483645228 0.956557634852 0.0646948341926 
0.651757900898 1.41789879095 0.945265860634 0.040495687089 
0.528340044799 1.39215818124 0.928105454163 0.0163881270189 
0.227711308196 1.35569465946 0.903796439642 -0.0149339190798 
0.301356008864 1.30355862096 0.869039080643 0.00257158674637 
0.37296668016 1.24923544227 0.832823628182 0.0214969822775 
0.439183853884 1.19448746395 0.796324975964 0.0383523012965 
0.50475313729 1.1340842738 0.756056182532 0.0513209327424 
0.567974761658 1.06864977989 0.712433186596 0.0594517434576 
0.59659593971 0.999664566624 0.666443044416 0.0726642808621 
0.645833798535 0.916977372223 0.611318248149 0.0758803007706 
0.693793731984 0.833657308707 0.555771539138 0.0696972553952 
0.743443539889 0.750048778151 0.500032518767 0.0620417262909 
0.789965794251 0.672562838436 0.448375225624 0.0604482827739 
0.760191849793 0.401030803074 0.267353868716 0.0641443958255 
0.841592276382 0.364469529667 0.242979686445 0.0434315191213 
0.846918282613 0.144368455584 0.0962456370562 0.0497606218899 
0.91557277331 0.126839683278 0.0845597888522 0.0362635861299 
0.952741666073 0.113204582596 0.0754697217307 0.0285858979009 
0.986501705234 0.0993708166052 0.0662472110702 0.0219587345729 
1.00495108481 0.0890441828623 0.0593627885749 0.0141614877316 
0.997874169072 1.44706844056e-17 9.64712293706e-18 0.0144804834025 
1.00184071601 1.13911363651e-23 7.5940909101e-24 0.0112125822134 
0.998963305218 9.71334439477e-23 6.47556292984e-23 0.00841899604342 
0.990571258627 0.000324658697944 0.000216439131963 0.00982162409987 
0.989132100438 -9.3056841204e-22 -6.2037894136e-22 0.00708881435772 
0.970881452029 0.00298440840712 0.00198960560474 0.00895920098729 
0.958899722061 0.00497941095417 0.00331960730278 0.00857724846252 
0.912597461591 0.0144958018839 0.00966386792258 0.00976764598747 
0.874947836522 0.0225636896079 0.0150424597386 0.00773552887041 
0.810587804829 0.0395328978447 0.0263552652298 0.018769493494 
0.795541333515 0.249048487274 0.16603232485 0.0129130134375 
0.734867798583 0.266104388417 0.177402925612 0.015247777279 
0.759036245093 0.51636968187 0.34424645458 0.0131090968207 
0.70569505385 0.548064702352 0.365376468235 0.0139242202543 
0.514085591421 0.189915156688 0.126610104459 0.0393660490409 
0.435658014841 0.0464330471098 0.0309553647399 0.153982047409 
0.373219702797 0.0915183512116 0.0610122341411 0.260604857753 
0.321080121276 0.14662321604 0.0977488106935 0.350547859942 
0.294985316795 0.162615841939 0.108410561293 0.486113292915 
0.252060094539 0.208660604887 0.139107069925 0.523598775598 
0.199292945973 0.274067189882 0.182711459922 0.523598775598 
0.168635600154 0.306740456016 0.204493637344 0.523598775598 
0.147228540259 0.327332191463 0.218221460975 0.523598775598 
0.128701899521 0.346093105176 0.230728736784 0.523598775598 
0.113347051638 0.363188189652 0.242125459768 0.523598775598 
0.110591769078 0.36161818164 0.24107878776 0.523598775598 
0.109627194608 0.360196695675 0.24013113045 0.523598775598 
0.109627194608 0.360196695675 0.24013113045 0.523598775598 
0.121632959764 0.337341446988 0.224894297992 0.523598775598 
0.110907143928 0.354504543055 0.236336362037 0.523598775598 
0.110907143928 0.354504543055 0.236336362037 0.523598775598 
0.102943750596 0.370031777155 0.246687851437 0.523598775598 
0.120385852602 0.338067896592 0.225378597728 0.523598775598 
0.107453063992 0.359425840384 0.239617226922 0.523598775598 
0.107453063992 0.359425840384 0.239617226922 0.523598775598 
0.109070721591 0.359183308115 0.239455538743 0.523598775598 
0.103095767669 0.367951988809 0.245301325873 0.523598775598 
0.108444024586 0.360235255637 0.240156837091 0.523598775598 
0.103529186463 0.368746658361 0.245831105574 0.523598775598 
0.111043125485 0.356808595484 0.237872396989 0.523598775598 
0.105620074309 0.370699275954 0.247132850636 0.523598775598 
0.112649359988 0.364399751276 0.242933167518 0.523598775598 
0.129444499882 0.342707206914 0.228471471276 0.523598775598 
0.136472809261 0.340876809179 0.227251206119 0.523598775598 
0.161119158345 0.310841905662 0.207227937108 0.523598775598 
0.194551603263 0.270605493865 0.180403662577 0.523598775598 
0.233158888779 0.223744174262 0.149162782841 0.523598775598 
0.27838014766 0.169177731658 0.112785154438 0.523598775598 
0.313670113486 0.136483284977 0.0909888566513 0.433690850746 
0.360968107119 0.0956295196741 0.0637530131161 0.295588809774 
0.430887478068 0.0764731883914 0.0509821255943 0.126009407248 
0.541598001549 0.135623118336 0.090415412224 0.0438479659861 
0.659209610968 0.199102434565 0.132734956377 0.0239056633636 
0.750903921251 0.178627397472 0.119084931648 0.0206383555931 
0.832307855475 0.159040096822 0.106026731215 0.0146892811822 
0.879457341965 0.147733011185 0.098488674123 0.0140129911141 
0.906091813268 0.141235804208 0.0941572028051 0.0149245168803 
0.930548616063 0.135097427709 0.090064951806 0.0134971768033 
0.940586455874 0.13220891323 0.0881392754867 0.0145637819572 
0.957614026092 0.127953783447 0.0853025222979 0.00994203884832 
0.961491134694 0.127078715315 0.084719143543 0.00875497501719 
0.950034202655 0.128908543551 0.0859390290341 0.011870107336 
0.946407089806 0.129290928352 0.0861939522346 0.0124840844805 
0.945612760841 0.129117811591 0.0860785410608 0.0116991344377 
0.938976475886 0.13031837137 0.0868789142465 0.0126042357032 
0.918508796617 0.133751324398 0.0891675495989 0.0159929704195 
0.909204429731 0.13527506884 0.0901833792264 0.0162095199364 
0.900840080205 0.136632114097 0.0910880760645 0.0166292271596 
0.896404129719 0.137134104881 0.0914227365875 0.0158522593869 
0.891501800234 0.137849797178 0.0918998647852 0.0159568488138 
0.896731862445 0.136114583798 0.0907430558653 0.0115735144617 
0.889387596614 0.137568558257 0.0917123721714 0.0132139960829 
0.889180581304 0.137407281953 0.0916048546351 0.0118276656477 
0.880698255925 0.139160989559 0.0927739930395 0.0133602670995 
0.887080653107 0.137367747311 0.0915784982071 0.0102263927446 
0.896356119734 0.135255107266 0.0901700715106 0.00627180916541 
0.884295317095 0.138069789126 0.0920465260843 0.00815801795549 
0.876556893667 0.13985600887 0.0932373392464 0.00812850003426 
0.872041597388 0.140892171026 0.0939281140172 0.00780366919232 
0.880949426815 0.138987115356 0.092658076904 0.00405235554912 
0.874122360198 0.140723768637 0.093815845758 0.00543691945949 
0.872693915072 0.141198231916 0.0941321546105 0.00540682550688 
0.876014720179 0.14059951197 0.0937330079799 0.0025307006283 
0.867660975915 0.142756954029 0.0951713026858 0.00481276975652 
0.850915167629 0.146804930902 0.0978699539347 0.00754415357558 
0.816793613279 0.154883597409 0.103255731606 0.00882678318071 
0.748499042378 0.171336124377 0.114224082918 0.0140650695673 
0.66640831841 0.226311036351 0.150874024234 0.0132709200845 
0.489650441918 -2.90980068068e-18 -1.93986712045e-18 0.0627229040425 
0.37460619568 0.0858008628097 0.0572005752065 0.137441935731 
0.27696324415 0.235331364831 0.156887576554 0.0885928693513 
0.215738568116 0.24185577056 0.161237180373 0.088915606175 
0.166652526695 0.293695449712 0.195796966475 0.0651403712494 
0.136885829307 0.299741213884 0.199827475922 -0.160639211963 
0.119016439998 0.314129384258 0.209419589505 -0.158938258426 
0.110465035152 0.314707417603 0.209804945069 -0.159643826305 
0.113405972875 0.295858113587 0.197238742392 -0.170617956203 
0.103741874911 0.31281769536 0.20854513024 -0.167193920371 
0.0997485352193 0.313517953919 0.209011969279 -0.1675175308 
0.106936995899 0.302044806326 0.201363204217 -0.175729971424 
0.107280978033 0.312894432323 0.208596288216 -0.17815406209 
0.129445593998 0.334586152918 0.223057435278 -0.443187898377 
0.127582993062 0.33715828328 0.224772188854 -0.421656100178 
0.127261638885 0.33743371558 0.224955810387 -0.393549756907 
0.132902629343 0.330370670181 0.220247113454 -0.357056253853 
0.149081941286 0.315074405219 0.210049603479 -0.367931149393 
0.159506115865 0.30596578512 0.20397719008 -0.251052513641 
0.165080057436 0.435743425836 0.290495617224 -0.00342483093132 
