0.0 0.0 0.0 0.0 
-1.16568090044e-20 0.26754861789 0.17836574526 0.238252941869 
-1.16568090044e-20 0.26754861789 0.17836574526 0.238252941869 
-1.16568090044e-20 0.26754861789 0.17836574526 0.238252941869 
-1.16568090044e-20 0.26754861789 0.17836574526 0.238252941869 
-9.53167371567e-21 0.24251874498 0.16167916332 0.255658682458 
-9.53167371567e-21 0.24251874498 0.16167916332 0.255658682458 
-9.53167371567e-21 0.24251874498 0.16167916332 0.255658682458 
-9.53167371567e-21 0.24251874498 0.16167916332 0.255658682458 
-9.53167371567e-21 0.24251874498 0.16167916332 0.255658682458 
-8.32272304992e-21 0.224800115812 0.149866743874 0.270222015026 
-8.32272304992e-21 0.224800115812 0.149866743874 0.270222015026 
-8.32272304992e-21 0.224800115812 0.149866743874 0.270222015026 
-8.32272304992e-21 0.224800115812 0.149866743874 0.270222015026 
-8.32272304992e-21 0.224800115812 0.149866743874 0.270222015026 
-8.32272304992e-21 0.224800115812 0.149866743874 0.270222015026 
-8.32272304992e-21 0.224800115812 0.149866743874 0.270222015026 
1.73090229992e-20 0.247229235618 0.164819490412 0.260924998284 
-1.1487598655e-20 0.272013070315 0.181342046876 0.251291125997 
-6.3009318951e-21 0.306008953942 0.204005969295 0.238071048008 
-3.71659906997e-21 0.371205258694 0.247470172462 0.211693663098 
1.91389539538e-22 0.666077972702 0.444051981801 -0.309086288799 
-1.05021394088e-20 0.659040172977 0.439360115318 -0.304197552496 
1.23883241689e-21 0.66827271294 0.44551514196 -0.245136377248 
-1.56712960667e-21 0.65599872659 0.437332484393 -0.242960999212 
6.74850615685e-21 0.648507866926 0.432338577951 -0.242586770555 
6.74850615685e-21 0.648507866926 0.432338577951 -0.242586770555 
6.74850615685e-21 0.648507866926 0.432338577951 -0.242586770555 
6.74850615685e-21 0.648507866926 0.432338577951 -0.242586770555 
6.95235447166e-22 0.653912618697 0.435941745798 -0.240623739057 
9.66765942712e-21 0.660056022814 0.440037348543 -0.206843392068 
9.66765942712e-21 0.660056022814 0.440037348543 -0.206843392068 
9.66765942712e-21 0.660056022814 0.440037348543 -0.206843392068 
3.31341676046e-21 0.656069186967 0.437379457978 -0.204771331843 
3.31341676046e-21 0.656069186967 0.437379457978 -0.204771331843 
-1.22298033466e-21 0.649651205073 0.433100803382 -0.203355384198 
-1.22298033466e-21 0.649651205073 0.433100803382 -0.203355384198 
-1.22298033466e-21 0.649651205073 0.433100803382 -0.203355384198 
7.20613284551e-21 0.653756871502 0.435837914335 -0.209537462009 
3.78534545838e-21 0.641454280094 0.427636186729 -0.25112650757 
3.78534545838e-21 0.641454280094 0.427636186729 -0.25112650757 
3.78534545838e-21 0.641454280094 0.427636186729 -0.25112650757 
1.50628436991e-21 0.646567032055 0.431044688037 -0.25447381524 
1.50628436991e-21 0.646567032055 0.431044688037 -0.25447381524 
1.50628436991e-21 0.646567032055 0.431044688037 -0.25447381524 
-7.07261783214e-22 0.638609207884 0.425739471922 -0.257967059737 
-7.07261783214e-22 0.638609207884 0.425739471922 -0.257967059737 
-1.31791381029e-21 0.621937967559 0.414625311706 -0.30683921147 
3.77690321006e-21 0.614604179535 0.40973611969 -0.305583460746 
1.34353649144e-21 0.597001643522 0.398001095681 -0.303591637237 
5.18372174159e-22 0.584560629405 0.38970708627 -0.301798630087 
1.94983894213e-21 0.571396843192 0.380931228795 -0.250722926817 
0.0387809628012 0.506441097096 0.337627398064 -0.185656295346 
0.0853738719411 0.452803770108 0.301869180072 -0.128736565753 
0.148724398314 0.403087434426 0.268724956284 -0.0698497913639 
0.258406380924 0.394367835342 0.262911890228 0.0002499748855 
0.386112102286 0.405648332096 0.270432221397 0.0254525458842 
0.52920583967 0.408891002975 0.272594001983 0.0347034563369 
0.677510928527 0.399754628801 0.266503085867 0.0458036208612 
0.78626665984 0.344053025321 0.229368683548 0.0571875468588 
0.857221055915 0.229378729588 0.152919153058 0.0705412153161 
0.938277240314 0.111371626668 0.0742477511119 0.0742020000267 
1.01092032259 0.0118185514383 0.00787903429223 0.0768239603899 
1.10573608243 5.8183574504e-20 3.87890496693e-20 0.0637190029316 
1.19434159904 -1.60599072183e-22 -1.07066048122e-22 0.0535794437618 
1.26044303993 -4.91893286631e-22 -3.27928857754e-22 0.0480189095824 
1.31583860646 8.75036398307e-22 5.83357598871e-22 0.0411953062951 
1.36156807866 1.51248764381e-22 1.00832509587e-22 0.0323698428872 
1.39576308862 -1.30559433727e-22 -8.70396224846e-23 0.0268896151586 
1.42248024825 -1.41066090459e-22 -9.40440603061e-23 0.022110061484 
1.44143322928 1.69126357715e-22 1.12750905144e-22 0.014464104321 
1.45337751151 4.29070409208e-22 2.86046939472e-22 0.00941149732253 
1.46005014837 9.38385018142e-22 6.25590012095e-22 0.00930675751912 
1.46782586998 7.44214769067e-22 4.96143179378e-22 0.0096378582295 
1.47018102276 -5.79028967622e-22 -3.86019311748e-22 0.00935200282809 
1.47226288841 4.73131495639e-24 3.15420997093e-24 0.00945901459998 
1.47229351393 -4.74749071901e-22 -3.16499381267e-22 0.00929253529473 
1.46702127353 1.1161843858e-22 7.44122923864e-23 0.0107932713856 
1.45886951055 5.12962771433e-22 3.41975180955e-22 0.0145842707286 
1.45541708987 -2.73271106999e-22 -1.82180737999e-22 0.0136272907315 
1.44639529424 3.13303522339e-22 2.08869014893e-22 0.0152059697094 
1.43835346899 9.14819265113e-22 6.09879510076e-22 0.0173193260124 
1.43339559319 5.01021090524e-22 3.34014060349e-22 0.016569124109 
1.43138815523 -9.82658396902e-22 -6.55105597935e-22 0.016785062955 
1.42322510286 5.09562556856e-22 3.39708371237e-22 0.0192831724465 
1.41641449219 8.77584075189e-23 5.85056050126e-23 0.0189096121942 
1.41250899373 -7.97958164591e-22 -5.31972109728e-22 0.0203442215119 
1.40801465929 -1.63951505191e-22 -1.0930100346e-22 0.0226106958478 
1.39879053302 8.65393762662e-22 5.76929175108e-22 0.0247081255835 
1.39592048287 8.21619690143e-23 5.47746460095e-23 0.0226080081472 
1.39057699743 3.94607447596e-23 2.63071631731e-23 0.0237511438752 
1.38827905094 -5.54760984778e-23 -3.69840656519e-23 0.0227206262959 
1.3813705021 4.91548615561e-22 3.2769907704e-22 0.0210224217484 
1.35691180056 -1.69203491467e-20 -1.12802327645e-20 0.0205261666453 
1.32760235758 1.31691109389e-18 8.77940729261e-19 0.0222596865624 
1.30248988338 0.00450871614319 0.00300581076213 0.0222419007826 
1.25294584081 0.0163324249913 0.0108882833276 0.0278631892784 
1.20012321146 0.0302428737035 0.0201619158023 0.0331915716611 
1.14510268492 0.0468211571695 0.0312141047797 0.0400243152466 
1.08500331722 0.0694293063794 0.0462862042529 0.0449071518481 
1.04430987632 0.204560132178 0.136373421452 0.0453066843295 
0.967614345023 0.235993138572 0.157328759048 0.0467830469452 
0.872956068014 0.277279976562 0.184853317708 0.0469660962637 
0.776576768852 0.32120108904 0.21413405936 0.0509094026604 
0.641016075373 0.381913206727 0.254608804485 0.0446691166107 
0.443071603486 0.292247761757 0.194831841171 0.0654431204744 
0.315413169306 0.261080193662 0.174053462441 0.0763956648434 
0.2033334732 0.173272047231 0.115514698154 -0.0945520964105 
0.131047823578 0.151091500254 0.100727666836 -0.0695224059782 
0.0742474935708 0.122011528166 0.0813410187772 -0.0477376957378 
0.0319364494839 0.107517415015 0.0716782766765 -0.0383300570227 
0.00536576489372 0.0829838943704 0.0553225962469 -0.0290787205146 
-6.17340919445e-20 0.0619300741783 0.0412867161189 -0.0209931539968 
3.41945167839e-21 0.0542644602629 0.0361763068419 -0.0153840751933 
1.65567381233e-21 0.0379344719698 0.0252896479798 -0.0101685626229 
-1.14741117617e-20 0.0273695722268 0.0182463814845 -0.00839960322804 
2.10452190482e-21 0.0195690488944 0.0130460325963 -0.00537630497495 
-3.16999982085e-21 0.00854505363603 0.00569670242402 -0.00333845738189 
-6.10773830484e-21 -3.51849543482e-19 -2.34566362321e-19 -0.00128571470577 
-1.75746321907e-21 -2.15170065102e-21 -1.43446710068e-21 0.000437365759292 
8.54014733424e-23 1.56601097775e-21 1.0440073185e-21 -7.56008009141e-05 
-1.85662444654e-21 1.82968078779e-22 1.21978719186e-22 -0.00160954963695 
5.29004227266e-21 -5.67413893549e-22 -3.78275929033e-22 -0.00121612262843 
0.000850086474594 2.51493252718e-22 1.67662168478e-22 -0.000795367742397 
0.00526151950908 8.84223215475e-22 5.8948214365e-22 0.00335044590621 
0.018172507722 -1.98030375288e-21 -1.32020250192e-21 0.0117056868785 
0.0243653303368 -1.9413424011e-22 -1.2942282674e-22 0.0163353725687 
0.0309727539697 -8.378520268e-22 -5.58568017867e-22 0.0170192195501 
0.0442441020709 6.74985606056e-22 4.49990404038e-22 0.0218422474947 
0.0538296852429 -7.65186443782e-22 -5.10124295855e-22 0.026626565171 
0.0760070699321 -4.2491875982e-22 -2.83279173213e-22 0.0373462622475 
0.10619215477 -4.51449814913e-22 -3.00966543275e-22 0.0418918929412 
0.149681658531 -1.03126733216e-22 -6.87511554775e-23 0.0396372329538 
0.200351253835 0.0401147096122 0.0267431397415 0.0315038088057 
0.304873156179 0.166366228086 0.110910818724 -0.125414457937 
0.395558592643 0.163804688244 0.109203125496 -0.00458849265085 
0.522005107926 0.224288075775 0.14952538385 0.0386008660319 
0.663034380928 0.250673906875 0.167115937917 0.0476402876345 
0.79629934721 0.202845378749 0.1352302525 0.0579210272627 
0.920896556433 0.156724905864 0.104483270576 0.0598926661393 
0.991557824656 0.0110639379865 0.00737595865769 0.0688122882544 
1.1049594925 -2.86825894599e-19 -1.91217263066e-19 0.0560238155845 
1.19642599029 9.20298752212e-22 6.13532501475e-22 0.0448649316286 
1.26892114428 9.43885004809e-22 6.29256669872e-22 0.0315401346371 
1.32876517306 2.01964508114e-21 1.34643005409e-21 0.0240009433267 
1.36995648296 5.86552132592e-22 3.91034755061e-22 0.0163788808828 
1.40085476179 1.27789077131e-21 8.51927180876e-22 0.0106856481509 
1.42667840341 -9.76469589533e-23 -6.50979726356e-23 0.00646936404351 
1.44968850492 5.43461458576e-22 3.62307639051e-22 -0.000644058323109 
1.46061381504 7.75485291804e-22 5.16990194536e-22 -0.00149373325177 
1.46575162944 6.40123500952e-23 4.26749000635e-23 -0.00561120029927 
1.46989710854 -6.75058220881e-23 -4.50038813921e-23 -0.00691208471818 
1.47140179453 6.85523628161e-23 4.57015752107e-23 -0.00726303753544 
1.47373430949 -2.40866747695e-22 -1.60577831797e-22 -0.00639486545726 
1.47476545977 1.6890487229e-23 1.12603248194e-23 -0.00442910868054 
1.47128881018 6.31618363457e-23 4.21078908972e-23 -0.00575713178599 
1.47921202081 5.87724507953e-07 3.91816338635e-07 -0.00769575252889 
1.4700524786 2.13494676615e-19 1.4232978441e-19 -0.00490184105658 
1.47104462909 -3.47828870316e-24 -2.31885913544e-24 -0.00605272015782 
1.4701592244 4.08367272418e-22 2.72244848279e-22 -0.00431245427022 
1.47452456009 3.67566421034e-23 2.45044280689e-23 -0.00538478026008 
1.46828003567 8.76450636701e-22 5.84300424467e-22 -0.00356271857044 
1.46598116832 -1.14434161067e-22 -7.62894407116e-23 -0.00318154557708 
1.46155585185 3.37800607454e-22 2.2520040497e-22 -0.00225392853783 
1.45739937594 5.38533224971e-22 3.59022149981e-22 -0.00155454503276 
1.4594094859 4.4966233448e-22 2.99774889653e-22 -0.00148722269189 
1.46265644303 1.12278094583e-22 7.48520630555e-23 -0.00142053705036 
1.45907593054 0.000460695108719 0.00030713007248 0.00136032590937 
1.45685633078 0.00858980974318 0.00572653982878 0.0011037142006 
1.4465275584 6.27828863236e-18 4.18552575491e-18 0.00274165697733 
1.44517977391 1.47583240512e-22 9.8388827008e-23 0.0019947529216 
1.44791636872 0.0108454599967 0.00723030666445 0.000171608835029 
1.44457068369 0.0112244138978 0.00748294259856 0.00144168518294 
1.44287345827 0.0117867888935 0.00785785926232 0.00228162805055 
1.4417826167 0.0124427916285 0.00829519441898 0.00189968237989 
1.43164068051 -5.22970351081e-18 -3.48646900721e-18 0.00359074837808 
1.43970918335 0.0129169984043 0.00861133226955 0.00383080736887 
1.43825976364 0.0134301262152 0.00895341747681 0.00467267457162 
1.43630803572 0.0133617696257 0.00890784641714 0.0048984065338 
1.42991914949 0.0 0.0 0.00256834656965 
1.43067717416 0.0143038922013 0.00953592813422 0.00356397143964 
1.42474702803 0.0151487757636 0.0100991838424 0.00164945320904 
1.415396833 0.0 0.0 0.00186245458318 
1.41162455681 0.00118893108694 0.000792620724625 0.00250245213448 
1.41264832041 0.0233570099441 0.0155713399627 0.00433311314433 
1.40930157286 0.024244467663 0.016162978442 0.00413306611395 
1.41328814098 0.0566963629982 0.0377975753321 0.00267897351848 
1.40179237872 0.0592184368553 0.0394789579035 0.00439119335325 
1.37586349863 0.0180147126661 0.0120098084441 0.00903634879436 
1.34183171084 4.6261304837e-18 3.08408698914e-18 0.0178695919163 
1.28837928312 -1.54640774442e-17 -1.03093849628e-17 0.0259956339926 
1.23474544277 0.0135476470755 0.00903176471701 0.0373664008868 
1.14890581563 -2.20311131492e-19 -1.46874087661e-19 0.0496443933151 
1.04607459121 0.0327602474324 0.0218401649549 0.0574099452863 
0.954507986321 0.139949133281 0.0932994221871 0.0558237206605 
0.830450946966 0.184824472511 0.123216315007 0.0548599800043 
0.628175992989 0.180115721785 0.120077147857 0.0616951277879 
0.457504597778 0.153199209801 0.102132806534 0.0727604914192 
0.305380010594 0.022890387367 0.0152602582447 -0.110545643316 
0.225212403341 0.0662784150113 0.0441856100075 -0.118504563068 
0.156988457026 0.0621836624854 0.0414557749903 -0.085498194649 
0.108367104422 0.0439896741631 0.0293264494421 -0.0636170211501 
0.0748035985636 0.026920610566 0.0179470737107 -0.0511165793601 
0.0558775446622 0.010855310346 0.00723687356403 -0.0445636109325 
0.0431033500273 0.0017068058426 0.00113787056174 -0.0402452684356 
0.0439313441753 6.60738166002e-19 4.40492110668e-19 -0.0356435141137 
0.0388808748462 8.32453336221e-22 5.54968890814e-22 -0.0347007203328 
0.0305913681627 -2.24001712597e-20 -1.49334475064e-20 -0.0325257669264 
0.028881302944 -7.48716358797e-22 -4.99144239198e-22 -0.0319740554427 
0.0251594420369 0.000626825531181 0.000417883687454 -0.0330671973481 
0.0238219465127 0.000500567760184 0.000333711840123 -0.0327638789646 
0.027083453693 3.48658444045e-20 2.32438962697e-20 -0.0304401466252 
0.0258833850342 1.66132898155e-22 1.10755265437e-22 -0.0307799348082 
0.0265143528072 -1.72595990406e-22 -1.15063993604e-22 -0.0296449730581 
0.0289954272993 1.33647128215e-22 8.9098085477e-23 -0.0285432631941 
0.032319190478 -2.40856501388e-22 -1.60571000925e-22 -0.0285808281165 
0.0327179404975 -6.1157957821e-23 -4.07719718806e-23 -0.0287855388129 
0.0402841208889 -7.29123496419e-22 -4.86082330946e-22 -0.0272477827463 
0.0454950352502 2.38935889953e-21 1.59290593302e-21 -0.0253763877161 
0.051216947572 1.19670796504e-21 7.97805310025e-22 -0.0258179358453 
0.0618470492561 -5.17200658221e-22 -3.44800438814e-22 -0.0227479816997 
0.0716861644239 1.48374804055e-21 9.89165360365e-22 -0.0211717957861 
0.0903842575033 -2.45885378516e-21 -1.63923585677e-21 -0.0194104998706 
0.104696571741 1.86240754018e-21 1.24160502678e-21 -0.020857483678 
0.123456392439 2.79053461499e-21 1.86035640999e-21 -0.0321924952538 
0.162665843361 -5.67329621068e-24 -3.78219747378e-24 -0.0490905383278 
0.213587660351 0.0341736951395 0.0227824634263 -0.0868163101795 
0.258477420351 0.0414910959124 0.0276607306083 -0.123129168842 
0.309221869049 0.00700181287012 0.00466787524675 -0.120135189464 
0.379026391779 6.26531204254e-20 4.17687469503e-20 -0.0730821646402 
0.507082930387 0.135713318428 0.090475545619 0.0857226224128 
0.626294966728 0.109960609403 0.0733070729351 0.0865837340458 
0.742797165758 0.0817770097577 0.0545180065051 0.0891960360157 
0.85428956692 0.048102125337 0.032068083558 0.0804263850182 
0.951472696424 0.0162448340596 0.010829889373 0.0747302517491 
1.02637604018 6.69026215935e-20 4.4601747729e-20 0.0665822847115 
1.08166289676 -4.13952424401e-22 -2.75968282934e-22 0.0641557426721 
1.12181001668 -2.92125478663e-22 -1.94750319109e-22 0.0573689742206 
1.15480878316 -1.88347880393e-22 -1.25565253596e-22 0.0513982961446 
1.17029803681 9.37869110053e-22 6.25246073368e-22 0.0497405656764 
1.18280074992 -3.49431436814e-22 -2.32954291209e-22 0.0479962638946 
1.19473287811 -2.80275149981e-22 -1.86850099988e-22 0.0489729812133 
1.19473287811 -2.80275149981e-22 -1.86850099988e-22 0.0489729812133 
1.19432251535 6.50404264846e-22 4.33602843231e-22 0.0501978134557 
1.19432251535 6.50404264846e-22 4.33602843231e-22 0.0501978134557 
1.18875398625 3.91806849859e-22 2.61204566573e-22 0.0566669260633 
1.18889241787 2.57080286521e-22 1.7138685768e-22 0.0555365779518 
1.18907828881 4.63048168034e-22 3.08698778689e-22 0.0539984483506 
1.17353279729 -1.37412137995e-21 -9.16080919966e-22 0.0579574733531 
1.17437009113 -4.83402856563e-22 -3.22268571042e-22 0.0604842628382 
1.17512877085 -3.55188600282e-22 -2.36792400188e-22 0.0555934975805 
1.16994974711 -1.28863070748e-22 -8.59087138317e-23 0.0565629265367 
1.17047046702 -1.3341260761e-22 -8.89417384064e-23 0.0517935897313 
1.17044674 4.82215842632e-22 3.21477228421e-22 0.0496352327002 
1.17038797199 -3.54372727042e-22 -2.36248484695e-22 0.0522697798861 
1.1584260009 -5.79240891174e-23 -3.86160594116e-23 0.0536432695706 
1.15373084542 2.6089002871e-22 1.73926685807e-22 0.050229195372 
1.14997537237 -1.86504952585e-22 -1.24336635057e-22 0.0499069868136 
1.14607628374 -6.50589184736e-22 -4.33726123157e-22 0.0490676081064 
1.14474238985 -1.76459591435e-22 -1.17639727623e-22 0.0466294115605 
1.1442298488 9.29943697129e-23 6.19962464753e-23 0.0418601704608 
1.13889396001 -1.06716646657e-22 -7.11444311045e-23 0.0397767885772 
1.12634410648 3.43323941593e-20 2.28882627729e-20 0.0438321222994 
1.12185085717 3.09635276913e-22 2.06423517942e-22 0.0452178301661 
1.1143714125 -3.57330614672e-22 -2.38220409781e-22 0.0503309281599 
1.10890581759 -2.84825752551e-23 -1.89883835034e-23 0.0498500519719 
1.10842940645 1.69090872802e-23 1.12727248535e-23 0.0512669512427 
1.10766488485 3.87485395125e-22 2.5832359675e-22 0.0472076292778 
1.10231284699 -2.93172978381e-22 -1.95448652254e-22 0.0487414502017 
1.10133854772 4.05329326133e-22 2.70219550755e-22 0.0457091421321 
1.10605978972 -3.65912046143e-23 -2.43941364095e-23 0.0399463128223 
1.10532987118 3.41326368649e-23 2.27550912432e-23 0.0358870504998 
1.09887688387 -4.37828980861e-21 -2.9188598724e-21 0.0353919719726 
1.09793136648 8.35211488648e-24 5.56807659099e-24 0.0338984347076 
1.10891614795 -9.81503790705e-23 -6.5433586047e-23 0.0350542040507 
1.1143591448 1.10647712711e-22 7.37651418071e-23 0.0393938284301 
1.12232440436 -2.24354247315e-22 -1.4956949821e-22 0.0413085733102 
1.14654663736 -4.52250868293e-22 -3.01500578862e-22 0.0394598578655 
1.16554458151 7.19870348835e-23 4.7991356589e-23 0.0374682080318 
1.20324027785 -5.30482074933e-23 -3.53654716622e-23 0.0335504548504 
1.26439983944 -1.01639274553e-21 -6.77595163688e-22 0.0322188666984 
1.31823338737 -5.72823642875e-22 -3.81882428583e-22 0.0374347338779 
1.3711915099 -2.74623050468e-21 -1.83082033646e-21 0.0360455484684 
1.41643724438 1.4171789234e-21 9.44785948935e-22 0.0313122825501 
1.45158505665 -1.10902362191e-21 -7.39349081276e-22 0.0247027455297 
1.4752536848 2.47483086634e-21 1.64988724423e-21 0.0214287384761 
1.49725254652 -4.05206380696e-22 -2.70137587131e-22 0.0164569956446 
1.51197241392 -2.73374004394e-22 -1.82249336262e-22 0.011118823395 
1.51550135824 2.9727988118e-22 1.98186587454e-22 0.00982135301898 
1.51816994693 -1.26958642104e-21 -8.46390947359e-22 0.00939312752479 
1.52292725002 3.67987377436e-21 2.4532491829e-21 0.00680092845345 
1.52307455772 6.46317856451e-22 4.30878570967e-22 0.00619572043773 
1.52210527581 4.93753182733e-22 3.29168788489e-22 0.00719597209608 
1.52386163068 1.18887407335e-21 7.92582715569e-22 0.00785921142547 
1.5209634624 5.69378497065e-22 3.7958566471e-22 0.00856683514329 
1.51672212987 9.23104789847e-22 6.15403193231e-22 0.00930012148773 
1.51315451028 -3.87743168152e-22 -2.58495445435e-22 0.0112971199046 
1.51053434699 1.38169524222e-21 9.21130161482e-22 0.0101837202206 
1.51054944592 5.30225892782e-22 3.53483928521e-22 0.010402063901 
1.51402538531 -4.42175617967e-22 -2.94783745311e-22 0.0109467476241 
1.51242462215 -5.70917746092e-22 -3.80611830728e-22 0.0135885338288 
1.5103677516 2.3673880757e-21 1.57825871713e-21 0.0126159560193 
1.50159119376 2.60965118348e-22 1.73976745565e-22 0.0151931791179 
1.50165151352 6.91409164445e-22 4.60939442963e-22 0.0142689803503 
1.49667845012 1.43600464704e-21 9.57336431357e-22 0.0172635365835 
1.49641486503 4.5062831793e-23 3.0041887862e-23 0.0174880056646 
1.48608095957 2.2299603093e-21 1.4866402062e-21 0.0186783309398 
1.48892580689 1.61107349655e-21 1.0740489977e-21 0.0169274650727 
1.48331090258 1.06938106147e-21 7.12920707645e-22 0.0175205006182 
1.48217891887 1.59964973082e-21 1.06643315388e-21 0.0181166252478 
1.48116546662 1.05063282171e-21 7.00421881142e-22 0.0176548404685 
1.47599150713 4.02031010394e-22 2.68020673596e-22 0.0169749377878 
1.46847694038 1.55465418018e-21 1.03643612012e-21 0.0176574124725 
1.45846299793 5.8478678966e-22 3.89857859773e-22 0.0196919913802 
1.45240900113 -1.240101849e-21 -8.26734565998e-22 0.0216537869565 
1.4397370331 9.05037226871e-22 6.03358151247e-22 0.0245566653444 
1.41968241993 -5.0152912782e-23 -3.3435275188e-23 0.0260347690852 
1.39805141111 -2.51781734617e-22 -1.67854489744e-22 0.0270137249343 
1.34907304575 -1.90435761606e-18 -1.26957174404e-18 0.0352717423376 
1.28510871532 4.11560150135e-18 2.74373433424e-18 0.0522767209128 
1.21446985379 0.01080831373 0.00720554248665 0.0773221133032 
1.13428320587 0.0331795611049 0.0221197074033 0.107305644494 
1.07044899098 0.146287276977 0.0975248513179 0.129480363216 
0.982982143723 0.191479347821 0.127652898547 0.163932361364 
0.961350489005 0.420596456176 0.280397637451 0.15847265554 
0.92288330405 0.556758237151 0.3711721581 0.170585913304 
0.854592699278 0.657328249251 0.438218832834 0.18436575587 
0.7942086631 0.803654756095 0.535769837397 0.196429696796 
0.76659677049 0.920574548113 0.613716365409 0.200002071474 
0.612699188129 1.06556062691 0.710373751274 0.182918013475 
0.464529602283 1.19313418446 0.795422789638 0.134942146893 
0.333613415422 1.28164392661 0.85442928441 0.0776141414008 
0.217104846097 1.34452320112 0.896348800746 0.0232439218719 
0.1194274632 1.38885412629 0.92590275086 -0.0304171195266 
0.0444482968078 1.41485036889 0.943233579261 -0.0730653167962 
-4.33680868994e-19 1.43461731966 0.95641154644 -0.102795617623 
-3.80291434588e-22 1.44941629202 0.966277528014 -0.115992260281 
6.65467010563e-22 1.45834714771 0.972231431808 -0.12344166798 
3.22965093795e-22 1.46331893835 0.975545958897 -0.130482843249 
-2.17903738307e-22 1.46479708464 0.976531389763 -0.136079622529 
2.74061600571e-22 1.46711651064 0.978077673761 -0.13901520181 
6.49917232541e-23 1.46912902944 0.97941935296 -0.139466094143 
5.71274820704e-22 1.46989137991 0.979927586609 -0.143363579935 
-1.97664847087e-22 1.46756294644 0.978375297625 -0.146230671498 
-2.22325144202e-22 1.46876059959 0.979173733059 -0.146510540939 
-2.85759550275e-22 1.46755928805 0.978372858701 -0.146544355616 
-1.76311687049e-22 1.46724371856 0.978162479037 -0.149435993144 
1.4556495116e-22 1.46765712667 0.978438084447 -0.14956471854 
7.09118989757e-23 1.46811416515 0.978742776766 -0.149830800331 
3.59959813849e-22 1.46569066272 0.977127108481 -0.149707412165 
-1.52633665011e-22 1.46339292042 0.975595280278 -0.149622360592 
-4.68466350223e-23 1.46238390586 0.974922603906 -0.149745452492 
6.24442824558e-23 1.46110088659 0.974067257726 -0.152582601829 
3.69567799302e-23 1.46061544636 0.973743630905 -0.152472461968 
9.71341704155e-23 1.45706773569 0.971378490462 -0.151970889806 
8.42094737031e-23 1.45469019896 0.969793465976 -0.151842553573 
-4.36674784506e-23 1.45275865262 0.968505768414 -0.151755129134 
2.10910280365e-22 1.4497352442 0.966490162798 -0.151466609267 
8.71632154852e-24 1.4458526883 0.963901792197 -0.15099420523 
-1.44286235964e-22 1.44488395856 0.963255972371 -0.150791120047 
-1.75667372191e-22 1.44368794381 0.962458629207 -0.150414546704 
-1.04478136843e-22 1.44100731166 0.960671541104 -0.149864474606 
-1.29034270131e-23 1.43654703664 0.957698024424 -0.14927412565 
-8.88618693816e-23 1.43709324109 0.958062160726 -0.149484540264 
-3.67494902249e-23 1.43570141912 0.957134279411 -0.149379000344 
-1.14203149213e-23 1.43648071918 0.957653812787 -0.149502203438 
2.59235766436e-22 1.43463435989 0.956422906595 -0.149167632732 
2.59235766436e-22 1.43463435989 0.956422906595 -0.149167632732 
2.59235766436e-22 1.43463435989 0.956422906595 -0.149167632732 
1.34331493895e-22 1.43278384237 0.955189228246 -0.1488088841 
1.37182283518e-23 1.43393168714 0.955954458094 -0.148850710615 
-2.01503757213e-22 1.43526389516 0.956842596775 -0.145756374047 
3.40453221313e-22 1.43703071772 0.95802047848 -0.142070323559 
-6.8854838037e-22 1.43845840595 0.958972270632 -0.132495211751 
-1.59161255243e-21 1.44187060793 0.96124707195 -0.116327073784 
1.72873678507e-21 1.442709952 0.961806634668 -0.096611641793 
1.2981207676e-22 1.43830923409 0.958872822728 -0.0635203890198 
-1.32938308098e-21 1.43810643148 0.958737620985 -0.0336436045449 
-5.31874205202e-22 1.42835498877 0.952236659178 -0.00152353566005 
1.02987946394e-22 1.41028941781 0.940192945204 0.0358539191112 
0.0497885990592 1.3803665263 0.920244350869 0.0879185188655 
0.124052435119 1.33359372282 0.889062481883 0.140664038551 
0.181079334154 1.28250711683 0.855004744553 0.190251489061 
0.234122336647 1.22182771203 0.814551808019 0.232457253495 
0.286920163433 1.15293264778 0.768621765187 0.261925075858 
0.300223276713 1.08159345399 0.72106230266 0.285741465877 
0.318234538569 1.01418329984 0.676122199893 0.297697977468 
0.334387560572 0.959381328462 0.639587552308 0.305386828565 
0.345899752372 0.909884098728 0.606589399152 0.302551249153 
0.351417368328 0.869391141825 0.57959409455 0.298931865334 
0.153110724609 0.738009885877 0.492006590585 0.523598775598 
0.153255597022 0.709984491191 0.473322994127 0.523598775598 
0.144813825016 0.68933463984 0.45955642656 0.523598775598 
0.132288819025 0.673972918207 0.449315278805 0.523598775598 
0.116077534461 0.659483618526 0.439655745684 0.523598775598 
0.0921044022204 0.661920906964 0.441280604642 0.523598775598 
0.071532809033 0.6629668269 0.4419778846 0.523598775598 
0.0558252072902 0.660821011148 0.440547340765 0.523598775598 
0.0434372799892 0.66071091012 0.44047394008 0.523479558169 
0.0372832343083 0.6554446207 0.436963080467 0.521402456761 
0.0302028963208 0.650094010633 0.433396007089 0.519124950972 
0.0198335060488 0.653617643555 0.435745095703 0.512624093431 
0.0099102667605 0.656449940971 0.437633293981 0.506433764936 
-6.82083931048e-19 0.663356474767 0.442237649845 0.503268878114 
3.29604828894e-25 0.668015503866 0.445343669244 0.461037758377 
3.29604828894e-25 0.668015503866 0.445343669244 0.461037758377 
2.78267256485e-22 0.680804066709 0.453869377806 0.42162069903 
2.69528413085e-22 0.677583202683 0.451722135122 0.420703251428 
2.69528413085e-22 0.677583202683 0.451722135122 0.420703251428 
-9.21287963498e-24 0.672533112945 0.44835540863 0.419062007321 
-9.21287963498e-24 0.672533112945 0.44835540863 0.419062007321 
-8.86458681572e-22 0.670355576505 0.44690371767 0.41795771366 
-2.85088526044e-24 0.66744924455 0.444966163033 0.417258002393 
-1.54431195478e-22 0.66493587837 0.44329058558 0.417196915304 
0.00224061619394 0.657366557915 0.438244371943 0.417718811479 
0.00574769505947 0.649608886351 0.433072590901 0.417696581438 
0.00483308888251 0.647067124905 0.43137808327 0.417273557364 
0.0134677377905 0.635415722419 0.423610481613 0.417451143214 
0.0161556669018 0.633269836586 0.422179891057 0.417935656026 
0.0161556669018 0.633269836586 0.422179891057 0.417935656026 
0.0261230330257 0.619998587839 0.413332391893 0.419214493109 
0.0344313861561 0.611863873181 0.407909248787 0.420652097203 
0.0515560252133 0.600135788506 0.400090525671 0.422552088066 
0.0689038372882 0.589405281299 0.392936854199 0.424728264516 
0.0956356858676 0.564448173152 0.376298782101 0.424107176222 
0.12530489163 0.537967275 0.35864485 0.421740981968 
0.183061043919 0.550844127789 0.367229418526 0.289728035529 
0.21382534858 0.527903204675 0.351935469783 0.284743713947 
0.250450073048 0.502445924381 0.334963949587 0.276421942838 
0.334544020693 0.560540016353 0.373693344236 0.174866148828 
0.360882694949 0.550896111581 0.367264074388 0.178295577578 
0.414387805803 0.592282955567 0.394855303711 0.149431714438 
0.421982288988 0.595308390373 0.396872260249 0.158798532498 
0.484589386749 0.653733149807 0.435822099871 0.132103981126 
0.487523311296 0.659016734914 0.439344489943 0.142512483978 
0.553992455103 0.718837476625 0.479224984417 0.12633110809 
0.549878831715 0.736429316798 0.490952877865 0.134870522125 
0.591807742257 0.771658765973 0.514439177315 0.135347638314 
0.592213454934 0.778788200734 0.519192133823 0.148681516201 
0.593612104388 0.799087724998 0.532725149999 0.159209065419 
0.587420367716 0.84030419366 0.560202795773 0.18687966214 
0.578311239702 0.886410633134 0.590940422089 0.215189429642 
0.564773541515 0.930586065552 0.620390710368 0.237382642505 
0.472612799234 0.976929726038 0.651286484025 0.276071726919 
0.460973611603 1.03131377065 0.687542513764 0.286429222019 
0.375909834751 1.0806108987 0.720407265797 0.302959399928 
0.308855867973 1.15148244488 0.76765496325 0.297340483645 
0.250529101949 1.21749480806 0.811663205372 0.27391733922 
0.179287745238 1.28217141201 0.854780941338 0.243923745205 
0.0901633808818 1.35143172827 0.900954485511 0.19391981923 
0.00592430946863 1.40424815473 0.93616543649 0.141775016704 
-2.54148501535e-19 1.44640317659 0.964268784391 0.0989765049439 
4.49095872612e-21 1.48747972356 0.991653149037 0.0584475598296 
8.25623684282e-21 1.52057180397 1.01371453598 0.025742349607 
5.79445661752e-21 1.54578360231 1.03052240154 -0.00150673973809 
5.51966705731e-21 1.56908020645 1.04605347097 -0.0287692000674 
-1.8620117622e-21 1.58714464567 1.05809643045 -0.0516698610858 
-1.51458782106e-21 1.59967376518 1.06644917679 -0.0704298376651 
-2.86224978892e-22 1.61063569341 1.07375712894 -0.0869321345076 
-6.3428477602e-21 1.61857576151 1.07905050767 -0.0990116506612 
0.00218009929321 1.62496142461 1.08330761641 -0.107509391602 
0.660764092836 1.59246116293 1.06164077528 0.0612908446506 
0.674761592833 1.59711973082 1.06474648721 0.051161753526 
0.688604397492 1.60047853206 1.06698568804 0.0447266063225 
0.704330628999 1.60217165896 1.06811443931 0.0388876040614 
0.726992166538 1.60221456262 1.06814304175 0.0444848611427 
0.735575826659 1.60321824559 1.06881216373 0.038687311325 
0.742988181829 1.60287210746 1.06858140497 0.0340410890435 
0.750308116948 1.60315118395 1.06876745597 0.0301410508056 
0.755923654918 1.60209936394 1.06806624263 0.0266355067213 
0.761336427722 1.60191502194 1.06794334796 0.0246597455832 
0.761583721723 1.60268565741 1.06845710494 0.0246100926062 
0.768467406225 1.60344359713 1.06896239809 0.0227448437168 
0.768588391489 1.6038574424 1.06923829493 0.0227443675419 
0.768739672332 1.60415141324 1.06943427549 0.0227128186677 
0.768881359299 1.60382177426 1.06921451617 0.0226697782582 
0.775020113228 1.60253381633 1.06835587756 0.0202674922689 
0.775116121389 1.60317980758 1.06878653839 0.0202922461572 
0.775116121389 1.60317980758 1.06878653839 0.0202922461572 
0.77511928358 1.60338930789 1.06892620526 0.0203568202889 
0.774969615611 1.60297592723 1.06865061815 0.0204981067797 
0.767818656639 1.60310404317 1.06873602878 0.0265744407728 
0.760199979653 1.6016760766 1.06778405106 0.031749359401 
0.745224775078 1.59800310301 1.065335402 0.042367581507 
0.719268032018 1.5894524958 1.0596349972 0.0595624908426 
0.663797674627 1.58087921698 1.05391947799 0.0574083805188 
0.582468361498 1.56999824929 1.04666549953 0.0496615882982 
0.413350922937 1.56552130045 1.04368086697 0.00673529784415 
-5.9211183763e-16 1.56089580881 1.04059720587 -0.0672090025602 
4.03864274966e-21 1.54020359592 1.02680239728 -0.0439738178873 
-6.28532270086e-21 1.50963156913 1.00642104609 -0.0128585636976 
-2.468502625e-22 1.47787951577 0.985253010515 0.020534285567 
1.63828649954e-21 1.44118967919 0.960793119461 0.0556799525937 
0.0751799984024 1.38225918314 0.921506122096 0.116526485378 
0.210380028229 1.30136413356 0.867576089042 0.185099641313 
0.346710527269 1.18700529592 0.791336863945 0.242521604389 
0.441884904724 1.07603731891 0.717358212604 0.262897143243 
0.465115517207 0.972140124323 0.648093416215 0.27204015586 
0.55518288957 0.895729759927 0.597153173285 0.248707884024 
0.578314896717 0.817233498913 0.544822332608 0.22954764313 
0.600981697423 0.757837704421 0.50522513628 0.205530165615 
0.616265014416 0.717667822642 0.478445215095 0.181966965436 
0.624437503956 0.689733082944 0.459822055296 0.158491975084 
0.621988357765 0.681858302964 0.454572201976 0.138595651926 
0.546838720736 0.627273010687 0.418182007125 0.139246957208 
0.516537004612 0.639804308533 0.426536205689 0.11931450565 
0.424643224712 0.563506513819 0.375671009213 0.133074149094 
0.360197647531 0.509149502741 0.339433001827 0.145419145788 
0.300846600735 0.455879370961 0.303919580641 0.164778164671 
0.260373819041 0.418885103404 0.279256735603 0.183034787382 
0.236033705837 0.418135572576 0.278757048384 0.176393691426 
0.218518544699 0.406395617755 0.270930411837 0.167199024876 
0.202323109006 0.406729863528 0.271153242352 0.164995146426 
0.193644077326 0.393099800656 0.262066533771 0.160131927846 
0.184649360685 0.391781967158 0.261187978105 0.158280166502 
0.182930871351 0.370897787576 0.247265191717 0.147947525423 
0.178919842662 0.370368897595 0.246912598397 0.146326274139 
0.181978363084 0.361274119082 0.240849412721 0.0902567625123 
0.15398941074 0.185549147528 0.123699431685 -0.123710469371 
0.149705371485 0.186622705425 0.12441513695 -0.123509077074 
0.149705371485 0.186622705425 0.12441513695 -0.123509077074 
0.147257741668 0.187469018544 0.124979345696 -0.122110339061 
0.144060292191 0.188650517899 0.125767011932 -0.121269184923 
0.144060292191 0.188650517899 0.125767011932 -0.121269184923 
0.142946079997 0.198592224608 0.132394816405 -0.11365892514 
0.144642019383 0.197752227797 0.131834818531 -0.113021119397 
0.144642019383 0.197752227797 0.131834818531 -0.113021119397 
0.144642019383 0.197752227797 0.131834818531 -0.113021119397 
0.146702299781 0.197539867689 0.131693245126 -0.112624098613 
0.148742967917 0.197293944119 0.131529296079 -0.112021637689 
0.15287926127 0.196635936526 0.13109062435 -0.111349761835 
0.146827053743 0.207818180621 0.138545453747 -0.102075054489 
0.143485183039 0.209467042012 0.139644694675 -0.102270179788 
0.147819291052 0.225967953645 0.15064530243 -0.100283792798 
0.144236595481 0.227465409441 0.151643606294 -0.100280244797 
0.146623333581 0.245392622896 0.163595081931 -0.100188821073 
0.141809782349 0.275798885898 0.183865923932 -0.0945327738074 
0.13684235133 0.27767043811 0.185113625407 -0.093517802198 
0.141511165265 0.278300882883 0.185533921922 -0.0924376703366 
0.164156197479 0.440552977777 0.293701985185 0.121291084665 
0.161860434189 0.462021387676 0.308014258451 0.12966252381 
0.158575398573 0.479183734401 0.319455822934 0.136401951116 
0.154028273699 0.502428959729 0.334952639819 0.14424913366 
0.166228914752 0.546646314772 0.364430876514 0.110986823898 
0.161238617312 0.55739250774 0.37159500516 0.117201868419 
0.161238617312 0.55739250774 0.37159500516 0.117201868419 
0.1599161603 0.57016127033 0.380107513553 0.121805326329 
0.185597860756 0.59833516955 0.398890113033 0.0856633264794 
0.182935282355 0.601878911124 0.401252607416 0.0874416653868 
0.187918643285 0.600004514571 0.400003009714 0.0894559498045 
0.19036623515 0.602187785219 0.40145852348 0.096635619451 
0.177572661016 0.620207595707 0.413471730472 0.120105438115 
0.0856288795379 0.57380406501 0.38253604334 0.401234927039 
0.0784119770547 0.61754828422 0.411698856147 0.409725328847 
0.0464683556815 0.641162541795 0.42744169453 0.515635119698 
0.047065265641 0.6638447569 0.442563171266 0.518335480766 
0.0560257340313 0.672660642655 0.448440428436 0.521565880739 
0.0561694364876 0.690750974589 0.460500649726 0.523598775598 
0.0625561908634 0.698729274547 0.465819516365 0.523598775598 
0.0660184371664 0.704358254994 0.469572169996 0.523598742464 
0.0693081053488 0.708464329757 0.472309553171 0.523598775598 
0.0726273224718 0.712383023916 0.474922015944 0.523598775598 
0.0801833602943 0.710259060118 0.473506040079 0.523598775598 
0.0872569472964 0.707902038885 0.47193469259 0.523598775598 
0.0996463621224 0.701590472863 0.467726981909 0.523395795423 
0.101548300422 0.705827378814 0.470551585876 0.523598775598 
0.101548300422 0.705827378814 0.470551585876 0.523598775598 
0.0956769596308 0.714984637906 0.47665642527 0.523598775598 
0.0966483284874 0.717034478742 0.478022985828 0.523598775598 
0.097213482548 0.720163136998 0.480108757998 0.523598775598 
0.0913511578515 0.72404853487 0.482699023247 0.523598775598 
0.0836396115838 0.734196543221 0.489464362147 0.523598775598 
0.0832358892301 0.732756965305 0.488504643536 0.523598775598 
0.0832358892301 0.732756965305 0.488504643536 0.523598775598 
0.0883087845133 0.723013965176 0.482009310118 0.523598775598 
0.0883087845133 0.723013965176 0.482009310118 0.523598775598 
0.0883087845133 0.723013965176 0.482009310118 0.523598775598 
0.0914228923257 0.717911248742 0.478607499161 0.523598775598 
0.097190524279 0.709297391627 0.472864927751 0.523598775598 
0.0963537090542 0.708124927581 0.472083285054 0.523418898721 
0.105224317594 0.697451872438 0.464967914959 0.523598775598 
0.105862865065 0.698861523791 0.465907682527 0.523598775598 
0.106751943351 0.70230250082 0.468201667213 0.523598756373 
0.101289547378 0.707626522368 0.471751014912 0.523478887157 
0.101289547378 0.707626522368 0.471751014912 0.523478887157 
0.108411852027 0.70060982617 0.467073217447 0.523598775598 
0.106669728634 0.699991691514 0.466661127676 0.523300678049 
0.0909191031541 0.713621599356 0.475747732904 0.523598775598 
0.0934096021706 0.705354176106 0.470236117404 0.523598775598 
0.0841499504939 0.712232175269 0.47482145018 0.523598775598 
0.0849545846101 0.697419053784 0.464946035856 0.522447042082 
0.0772324373201 0.687683091013 0.458455394009 0.518229663486 
0.0670691282765 0.677782754808 0.451855169872 0.513437005416 
0.0519367990509 0.663030160412 0.442020106941 0.506837083875 
0.0487404183284 0.632223361108 0.421482240739 0.498813429828 
0.0499284121608 0.600630699689 0.400420466459 0.491338924036 
0.0674444919518 0.580006801324 0.386671200882 0.379388808113 
0.0702695848572 0.542856374891 0.361904249928 0.371319251535 
0.088062744385 0.524219281325 0.349479520883 0.250575265763 
0.0973792410075 0.502493275661 0.334995517107 0.188146194243 
0.0969438765099 0.49469174203 0.329794494686 0.139174349898 
0.0937057897082 0.468886056119 0.312590704079 0.129056114468 
0.0903734900089 0.453773733986 0.302515822657 0.119728349944 
0.0912791161215 0.440150795721 0.293433863814 0.0608047006519 
0.088935528696 0.424603520858 0.283069013905 0.0549305028216 
0.0853812808559 0.424370979074 0.28291398605 0.0541895596538 
0.0851665198095 0.390652275051 0.260434850034 0.0399359852547 
0.0851665198095 0.390652275051 0.260434850034 0.0399359852547 
0.080589464138 0.373090424224 0.248726949483 0.0312920871485 
0.0783162987189 0.373416784311 0.248944522874 0.0311025173095 
0.0823060973494 0.356436167819 0.237624111879 0.0290904474426 
0.0848395160168 0.356104602573 0.237403068382 0.0294735496135 
0.0915123649526 0.376403075409 0.250935383606 0.0363957504415 
0.101374134544 0.407810649483 0.271873766322 0.0392427440709 
0.112117719204 0.432231394255 0.288154262837 0.0409367493367 
0.115423735551 0.4631942993 0.308796199533 0.0485356968693 
0.136764692159 0.523170276801 0.348780184534 0.0119044131692 
0.138923696128 0.549470990523 0.366313993682 0.0346195223778 
0.159472907236 0.586822535299 0.391215023533 0.0261111270091 
0.18005812708 0.634145328688 0.422763552458 0.0297707745571 
0.20169079771 0.678800219274 0.452533479516 0.0377536943665 
0.222819553534 0.723273001047 0.482182000698 0.0460013459161 
0.241900827094 0.773782118203 0.515854745469 0.0538514196009 
0.267178691411 0.818071226864 0.545380817909 0.0641567156201 
0.298173188481 0.867094208034 0.578062805356 0.0802404343965 
0.333888385823 0.909657441043 0.606438294028 0.098262584457 
0.359412625914 0.942284276778 0.628189517852 0.117861547617 
0.391842430114 0.959321083027 0.639547388685 0.134346712813 
0.398309766691 0.971577562825 0.647718375217 0.157120352832 
0.440017446438 0.992473777539 0.661649185026 0.169356719286 
0.443661511081 1.00415565967 0.669437106443 0.186636168187 
0.441874312539 1.03578833822 0.690525558816 0.208555453867 
0.436048075652 1.06627474053 0.710849827021 0.220226877018 
0.398366909556 1.09234003614 0.728226690758 0.234802686145 
0.392309186966 1.12908603843 0.752724025621 0.240979550992 
0.351662796061 1.15613112361 0.770754082409 0.2457857897 
0.347189582431 1.1912283714 0.794152247602 0.241565470533 
0.295464567181 1.22795515384 0.818636769226 0.229368192622 
0.264659913082 1.26202417868 0.841349452453 0.20544351573 
0.231285471533 1.29352793603 0.862351957354 0.177203465788 
0.190256745436 1.32777341788 0.885182278588 0.138433959545 
0.162454995825 1.34998634317 0.899990895448 0.104394527885 
0.121139126943 1.37387525217 0.915916834783 0.0700868997414 
0.0794761354795 1.3940131344 0.929342089603 0.038762543733 
0.0552308526612 1.40594288578 0.937295257186 0.0133918466502 
0.0235145145446 1.41871929149 0.945812860996 -0.00776927202222 
-1.73472347598e-18 1.42895584557 0.95263723038 -0.0248643253224 
-1.08397935225e-22 1.43537069749 0.956913798323 -0.0356021105254 
-6.33326196551e-22 1.44138541244 0.960923608295 -0.0420667245106 
6.69927900002e-23 1.44476548152 0.963176987681 -0.04754298341 
-1.02157688144e-21 1.44976372199 0.966509147996 -0.0479058769776 
-4.59570436941e-22 1.4518441151 0.967896076733 -0.049781472269 
-1.73590969865e-21 1.45371630685 0.969144204567 -0.0499676370713 
-1.41992611846e-21 1.4556156635 0.970410442333 -0.0501256595735 
-1.93542323502e-21 1.45594863971 0.970632426475 -0.0521638344144 
3.24394411675e-23 1.45701738204 0.971344921357 -0.0521948955267 
-4.02281238787e-21 1.45925639995 0.972837599966 -0.0522490725788 
-2.1529187504e-21 1.45965528873 0.97310352582 -0.0522244257439 
2.17716489805e-21 1.46061583164 0.973743887761 -0.0522709371825 
1.10413578923e-21 1.45852419189 0.972349461261 -0.0545879299838 
-1.04570650749e-21 1.45813362664 0.972089084429 -0.0545755076611 
1.05064818834e-21 1.45701316404 0.971342109362 -0.0569384334018 
1.81186050819e-21 1.45794511288 0.971963408585 -0.0571033249661 
-4.48815295461e-21 1.45765550788 0.971770338584 -0.0572914429531 
2.15423680652e-21 1.45703962069 0.971359747124 -0.0596333346822 
8.38606044154e-22 1.45587867456 0.970585783038 -0.0596335116842 
-3.79119711524e-22 1.45067234381 0.967114895872 -0.0609773661224 
3.28119718446e-22 1.44278062395 0.961853749297 -0.0605083910032 
-1.86467731325e-22 1.43458773734 0.956391824892 -0.0575619174199 
0.0137849459267 1.42031664309 0.946877762062 -0.0504154733953 
0.114629407295 1.38835572523 0.925570483485 -0.0188820043454 
0.24107369077 1.33441705044 0.889611366959 0.025413866934 
0.387733677301 1.25548292626 0.836988617505 0.071078529681 
0.538348528342 1.14989525443 0.766596836289 0.108924071991 
0.663448881961 1.03253439368 0.688356262455 0.122712736002 
0.778591409434 0.89628476553 0.59752317702 0.109473076103 
0.824639607669 0.753237246859 0.502158164573 0.0954851232194 
0.897363220768 0.625874891866 0.417249927911 0.075269582639 
0.971428749034 0.529570762949 0.353047175299 0.0523976373791 
0.976272574543 0.352770854009 0.235180569339 0.0361808968813 
1.02525491505 0.32351545718 0.215676971453 0.0203182254782 
1.0697831146 0.298017765763 0.198678510509 0.0074381024869 
1.10144635804 0.279583235691 0.186388823794 -0.00259505114503 
1.08537665205 0.193861909677 0.129241273118 -0.00841042584053 
1.1032918855 0.188537113382 0.125691408921 -0.0116483989358 
1.11057796698 0.18568589763 0.12379059842 -0.0125886364307 
1.11924381412 0.182413260392 0.121608840262 -0.0159067485519 
1.11924381412 0.182413260392 0.121608840262 -0.0159067485519 
1.13154908282 0.176816563972 0.117877709315 -0.0204014909625 
1.13862929178 0.174173652051 0.116115768034 -0.0236788846949 
1.13891131823 0.174019174935 0.11601278329 -0.0256637885072 
1.14008459828 0.173749675734 0.115833117156 -0.0237107205246 
1.13967990662 0.174154188493 0.116102792329 -0.0220642217908 
1.13775433932 0.175561858089 0.117041238726 -0.0205106757656 
1.13775433932 0.175561858089 0.117041238726 -0.0205106757656 
1.12626994054 0.180078681045 0.12005245403 -0.0186995677082 
1.11873537533 0.182028076202 0.121352050801 -0.0165199163915 
1.11873537533 0.182028076202 0.121352050801 -0.0165199163915 
1.11712112372 0.182493978349 0.121662652233 -0.0134575239367 
1.1077485079 0.185851596423 0.123901064282 -0.00886679406856 
1.10528626037 0.187098480861 0.124732320574 -0.00341260102702 
1.08304522392 0.194388071198 0.129592047465 0.0025601312911 
1.06822213749 0.200581065044 0.133720710029 0.00898679302616 
1.03949176512 0.213575221846 0.142383481231 0.0224172593353 
1.01228625032 0.227701834316 0.151801222877 0.0342059914382 
0.977484508025 0.248227842945 0.16548522863 0.048303286663 
0.98071793355 0.416329427297 0.277552951531 0.0629211196571 
0.916448933935 0.464265044561 0.309510029707 0.0866175180513 
0.929629985365 0.602645973368 0.401763982245 0.0980163483875 
0.878621719404 0.678434708504 0.452289805669 0.118256223385 
0.844145545474 0.758146300013 0.505430866675 0.130162226008 
0.821243613651 0.829718747951 0.553145831968 0.139210698968 
0.799480819781 0.901910816034 0.601273877356 0.146299891799 
0.730531065989 0.954552551538 0.636368367692 0.148823304392 
0.685601901011 1.00101067122 0.667340447483 0.149789463015 
0.649821757988 1.03609040806 0.690726938706 0.14630000081 
0.645399188371 1.05969932937 0.706466219579 0.144518490697 
0.608259638448 1.07573605452 0.71715736968 0.14117222998 
0.605588198482 1.08896005099 0.725973367327 0.139462448052 
0.575759778796 1.10202390345 0.7346826023 0.13837220569 
0.57533116282 1.10824640184 0.738830934557 0.140087075252 
0.572665513253 1.11564593723 0.743763958153 0.137285976256 
0.571749696383 1.120977903 0.747318602001 0.139606153041 
0.570747450203 1.12451721155 0.74967814103 0.141023635436 
0.569609469218 1.12769624744 0.751797498296 0.142335674284 
0.569609469218 1.12769624744 0.751797498296 0.142335674284 
0.56845600217 1.1259842449 0.750656163265 0.141694173552 
0.538910822423 1.13083008748 0.753886724984 0.138574149265 
0.538910822423 1.13083008748 0.753886724984 0.138574149265 
0.539258950073 1.12767002346 0.751780015637 0.137285369449 
0.539260451013 1.13047580779 0.753650538526 0.138797294789 
0.539109575467 1.13289471618 0.755263144121 0.140112424133 
0.538717066535 1.13557159072 0.757047727146 0.141790469059 
0.538717066535 1.13557159072 0.757047727146 0.141790469059 
0.538339240794 1.13725328072 0.758168853816 0.142527287284 
0.538339240794 1.13725328072 0.758168853816 0.142527287284 
0.538339240794 1.13725328072 0.758168853816 0.142527287284 
0.537816454273 1.13917810606 0.759452070709 0.143772709431 
0.537570407371 1.13609458642 0.757396390945 0.143042826367 
0.537351874438 1.12878423409 0.752522822729 0.146048722162 
0.540229204075 1.11374071982 0.742493813214 0.149660917939 
0.601155485028 1.07536450006 0.716909666708 0.154540100661 
0.66319404272 1.00973764575 0.673158430498 0.161969977779 
0.724495675872 0.929768441195 0.619845627463 0.166309779201 
0.796134157597 0.827536549711 0.551691033141 0.156404447588 
0.843413652137 0.699966908313 0.466644605542 0.14284361659 
0.906842601115 0.589023481636 0.392682321091 0.121384168716 
0.913917916341 0.425547249597 0.283698166398 0.111068421069 
0.980385067484 0.371194129231 0.24746275282 0.0836944027964 
0.978370373085 0.219226327665 0.14615088511 0.0730410545648 
1.01206496959 0.201392463826 0.134261642551 0.0577942569575 
1.03528087864 0.18637164027 0.12424776018 0.046268594163 
1.05391245666 0.174162425914 0.116108283943 0.0370738878523 
1.06680606901 0.164875395932 0.109916930622 0.0335395813133 
1.06848638074 0.162590904247 0.108393936164 0.0293646189436 
1.07747534547 0.154638191634 0.103092127756 0.0259597791707 
1.06752387961 0.15098081113 0.100653874087 0.0288709577568 
1.06960374392 0.149113016382 0.0994086775878 0.0256633636474 
1.06679671792 0.149303187789 0.0995354585263 0.0294326378142 
1.05546472003 0.150032296838 0.100021531225 0.0325624402239 
1.05533567044 0.149403681603 0.0996024544017 0.0295718614785 
1.0520967993 0.149574742662 0.0997164951079 0.0324753376979 
1.0520967993 0.149574742662 0.0997164951079 0.0324753376979 
1.05079619623 0.149533124672 0.0996887497814 0.028799229441 
1.05079619623 0.149533124672 0.0996887497814 0.028799229441 
1.0429446419 0.152065706235 0.10137713749 0.0322997341787 
1.04325672969 0.152141566674 0.101427711116 0.0276045639841 
1.03694743613 0.155273794858 0.103515863239 0.0279847728516 
1.03694743613 0.155273794858 0.103515863239 0.0279847728516 
1.02801892721 0.159426694271 0.106284462847 0.0340288238192 
1.02801892721 0.159426694271 0.106284462847 0.0340288238192 
1.02801892721 0.159426694271 0.106284462847 0.0340288238192 
1.02801892721 0.159426694271 0.106284462847 0.0340288238192 
1.02725520241 0.160528707971 0.107019138648 0.0380890182278 
1.02725520241 0.160528707971 0.107019138648 0.0380890182278 
1.02404827707 0.162400357223 0.108266904815 0.0447903310095 
0.994225565638 0.173425447983 0.115616965322 0.0553446288435 
0.961621164463 0.188799140667 0.125866093778 0.0713004671165 
0.916230430029 0.210344315754 0.140229543836 0.0798270922559 
0.883544452812 0.337273352158 0.224848901439 0.0678811531441 
0.828698924549 0.423345818416 0.282230545611 0.0588408047828 
0.745479537187 0.472368524395 0.314912349597 0.0487482933435 
0.547421530318 0.401001887045 0.267334591364 0.0457907379325 
0.372535506703 0.299839605139 0.199893070092 0.0548719627643 
0.256451390866 0.222345980901 0.148230653934 -0.00958671430171 
0.171717029262 0.170025044408 0.113350029605 -0.0802045906863 
0.112044744556 0.163140223522 0.108760149015 -0.0675291933805 
0.072309678843 0.150264288809 0.100176192539 -0.063801371077 
0.0462320218897 0.154281989081 0.102854659388 -0.0659124206216 
0.0318899272516 0.138038659219 0.0920257728125 -0.0603857018228 
0.0261679407301 0.138506303101 0.0923375354006 -0.0602673356205 
0.0192499138535 0.128573387595 0.0857155917298 -0.0569741771972 
0.0166790881532 0.127929411537 0.085286274358 -0.0527941871893 
0.0166790881532 0.127929411537 0.085286274358 -0.0527941871893 
0.0143643774381 0.114605874092 0.0764039160611 -0.0489787430048 
0.0153703815556 0.115085183486 0.0767234556571 -0.0478619398884 
0.0164060077206 0.112757802633 0.0751718684223 -0.043395480176 
0.0132530242814 0.113443686433 0.0756291242888 -0.0436865874146 
0.0100843570043 0.113422053762 0.0756147025077 -0.0394058360258 
0.0133061203348 0.112566051925 0.0750440346166 -0.0391573618606 
0.0206761003581 0.11103285356 0.0740219023732 -0.0389339898463 
0.0215945597168 0.110982254822 0.0739881698813 -0.0379120207556 
0.0263881067301 0.110173398934 0.0734489326224 -0.0375079323044 
0.0298922383293 0.109736224117 0.0731574827444 -0.0377649692804 
0.0371271077633 0.0972675227599 0.0648450151733 -0.0396953526403 
0.0440267222884 0.0963798726591 0.0642532484394 -0.0403607045241 
0.0517940654395 0.0943042379401 0.0628694919601 -0.0429151213359 
0.060860732015 0.0846260378829 0.0564173585886 -0.0429224335808 
0.0678890654168 0.0844565123299 0.0563043415532 -0.0451462438951 
0.0770815419612 0.0914930979642 0.0609953986428 -0.0485668050736 
0.0861772218858 0.108174686484 0.072116457656 -0.053419221464 
0.100985924934 0.106398883577 0.0709325890516 -0.0526985514933 
0.126715916451 0.158203337567 0.105468891712 -0.0762559863719 
0.15698506221 0.171318557298 0.114212371532 -0.0969127372371 
0.185926018323 0.160694749125 0.10712983275 -0.109281201674 
0.234544246925 0.12795940794 0.0853062719598 -0.1108612062 
0.296170322055 0.0883314042963 0.0588876028642 -0.0823269306263 
0.412920698663 0.261121392456 0.174080928304 0.116846074393 
0.513470598594 0.235019473126 0.156679648751 0.115901631951 
0.606395714881 0.203677823664 0.135785215776 0.107058180142 
0.689304971639 0.178661110231 0.119107406821 0.105552469381 
0.785408697942 0.145074295158 0.096716196772 0.100407837234 
0.876346599062 0.110587206453 0.0737248043021 0.0931007314179 
0.932856987543 0.0019307972469 0.0012871981646 0.0988292287293 
1.00375289066 2.55036953335e-20 1.70024635557e-20 0.0885227959708 
1.06620368388 -6.12409761399e-22 -4.08273174266e-22 0.0782333789277 
1.11838407115 -6.66391535307e-22 -4.44261023538e-22 0.0695668499036 
1.16403863465 -7.35649548619e-22 -4.90433032413e-22 0.0614076831229 
1.19101523358 -5.12924649679e-22 -3.41949766453e-22 0.0580057226247 
1.20265781128 3.14874350084e-22 2.09916233389e-22 0.0552120981028 
1.21914425516 3.84770395838e-22 2.56513597226e-22 0.0504312491096 
1.23641088254 -8.29840339115e-23 -5.53226892744e-23 0.0461992751841 
1.23641088254 -8.29840339115e-23 -5.53226892744e-23 0.0461992751841 
1.24496612048 -1.02385434888e-21 -6.82569565923e-22 0.0480559545962 
1.24658649022 -9.15487212498e-22 -6.10324808332e-22 0.0459008694142 
1.25124301189 8.24598146781e-22 5.49732097854e-22 0.0445636430826 
1.25000523324 3.96223254179e-22 2.64148836119e-22 0.0461171707675 
1.24939678173 -1.16450434461e-21 -7.76336229737e-22 0.0470882410897 
1.24656267092 -1.19825252221e-21 -7.98835014803e-22 0.0479028498488 
1.24567538961 -1.08172305202e-21 -7.21148701344e-22 0.0444540106579 
1.23947914077 1.5841253319e-22 1.0560835546e-22 0.045314319124 
1.22689689604 1.75768666752e-22 1.17179111168e-22 0.0476669350727 
1.22689689604 1.75768666752e-22 1.17179111168e-22 0.0476669350727 
1.22649181324 -6.53024696999e-23 -4.35349797999e-23 0.046250069592 
1.22630022339 2.64535398492e-22 1.76356932328e-22 0.0424275914228 
1.21932873106 -5.42008554135e-22 -3.6133903609e-22 0.0423732637194 
1.2121574227 2.69922266246e-22 1.79948177497e-22 0.043126882236 
1.20617709697 -8.54211035957e-22 -5.69474023972e-22 0.0439190133527 
1.20070143148 -5.51252189238e-22 -3.67501459492e-22 0.0448671567165 
1.1930644664 1.83592416889e-22 1.22394944593e-22 0.043556635694 
1.18117357744 2.98295062409e-22 1.98863374939e-22 0.0437014123923 
1.17304643945 3.01429707203e-23 2.00953138136e-23 0.0432398912495 
1.17394515252 2.41692958246e-22 1.61128638831e-22 0.0405309839755 
1.16626697461 8.3478156011e-22 5.56521040073e-22 0.0384118236773 
1.15709984045 -3.59970435491e-22 -2.39980290328e-22 0.0406084566798 
1.15390922054 3.89264249456e-22 2.59509499637e-22 0.0426447389009 
1.15024084035 2.62182767894e-22 1.74788511929e-22 0.0438782531451 
1.15122734763 -5.16808179462e-22 -3.44538786308e-22 0.0418464208903 
1.14161809381 -1.77956328252e-20 -1.18637552168e-20 0.0408045545977 
1.09529514822 8.10687279202e-18 5.40458186135e-18 0.0581982498504 
1.04473168627 0.0166716288676 0.011114419245 0.0983942466991 
0.993213509324 0.0422286539045 0.0281524359363 0.149515251387 
0.946244396066 0.0735073565249 0.0490049043499 0.194538079539 
0.934005023078 0.155231286729 0.103487524486 0.20399545475 
0.914657047578 0.171563745455 0.114375830303 0.222122146293 
0.899987812936 0.187111898779 0.124741265853 0.235711390867 
0.887989064084 0.20002051051 0.133347007007 0.245934064122 
0.881963809366 0.210846986814 0.140564657876 0.253905941033 
0.870875531102 0.222820411203 0.148546940802 0.260672053604 
0.871196175477 0.226066802432 0.150711201621 0.264350541875 
0.867076982151 0.23466527993 0.156443519954 0.266699856172 
0.859985948114 0.241938928497 0.161292618998 0.269764966293 
0.865472255079 0.239821430583 0.159880953722 0.26679036063 
0.865163753637 0.242928622307 0.161952414871 0.270837087557 
0.865163753637 0.242928622307 0.161952414871 0.270837087557 
0.865163753637 0.242928622307 0.161952414871 0.270837087557 
0.863140280824 0.247346326424 0.164897550949 0.272483950027 
0.863140280824 0.247346326424 0.164897550949 0.272483950027 
0.87177407679 0.244819180732 0.163212787155 0.264281540358 
0.871033809117 0.24775935094 0.165172900627 0.266613593131 
0.865851926065 0.25348038678 0.16898692452 0.269307380553 
0.860398279423 0.257689109832 0.171792739888 0.268229436831 
0.860398279423 0.257689109832 0.171792739888 0.268229436831 
0.85838823562 0.250847647551 0.167231765034 0.253913835579 
0.873324130533 0.236266716023 0.157511144015 0.236490804684 
0.875157993055 0.226503969912 0.151002646608 0.213251006413 
0.882601610658 0.21235132094 0.141567547293 0.185536601071 
0.899023714676 0.195756299274 0.130504199516 0.153605995481 
0.904728754915 0.189985111964 0.126656741309 0.134732555456 
0.901979918233 0.186957017465 0.124638011643 0.117128606352 
0.901288505607 0.184479594887 0.122986396591 0.102531958367 
0.900028998447 0.184288305125 0.122858870083 0.0947587423096 
0.89814361332 0.184399617479 0.122933078319 0.0854039207394 
0.91120650405 0.234012776479 0.156008517652 0.0711290788248 
0.911087621845 0.233453719546 0.15563581303 0.0625580338267 
0.912219681394 0.232628890593 0.155085927062 0.0535689398721 
0.911930140766 0.23277447133 0.155182980887 0.0487482821175 
0.912300434279 0.232839404058 0.155226269372 0.0434032057191 
0.900187285857 0.238798547934 0.159199031956 0.0454862802105 
0.926998322446 0.298287889033 0.198858592689 0.0382892261809 
0.919948866396 0.30213882406 0.201425882707 0.0394335564199 
0.918395321346 0.3026042998 0.201736199867 0.0374335534417 
0.918395321346 0.3026042998 0.201736199867 0.0374335534417 
0.918478188884 0.302551127665 0.201700751776 0.0350439533866 
0.91747545804 0.302972701455 0.20198180097 0.0339366474645 
0.910550063731 0.305003186619 0.203335457746 0.0369119738364 
0.920772791445 0.30074216993 0.200494779953 0.0358262705661 
0.914799340514 0.302810902983 0.201873935322 0.0392965260816 
0.913443158499 0.304282319314 0.202854879542 0.0518688825481 
0.882610111995 0.319727354961 0.213151569974 0.0896774112514 
0.862965824148 0.332195274228 0.221463516152 0.13551728139 
0.848261435223 0.343522580735 0.229015053823 0.172423903242 
0.850910094643 0.348694493555 0.232462995703 0.196675012841 
0.85295532925 0.354082444174 0.236054962783 0.217320162137 
0.830120086958 0.327544095525 0.21836273035 0.246034735524 
0.832087868624 0.332651473903 0.221767649269 0.258227228626 
0.832428188807 0.337495418494 0.224996945663 0.267975074802 
0.832428188807 0.337495418494 0.224996945663 0.267975074802 
0.844424797738 0.330750644697 0.220500429798 0.268160517048 
0.844424797738 0.330750644697 0.220500429798 0.268160517048 
0.844139019231 0.333731091839 0.22248739456 0.274673170565 
0.843682298905 0.332088390343 0.221392260229 0.272075648655 
0.843748336204 0.329538553798 0.219692369199 0.270335402664 
0.847112053219 0.318393880207 0.212262586805 0.263364286688 
0.854432290406 0.297150174482 0.198100116321 0.23572243984 
0.866588882921 0.270636864178 0.180424576119 0.19482864875 
0.87589132391 0.248702474768 0.165801649845 0.151071963182 
0.87940642321 0.239607561402 0.159738374268 0.12126902493 
0.889266267837 0.230798700991 0.153865800661 0.0942553916666 
0.888771504813 0.228974283101 0.152649522067 0.0791780610747 
0.887489263636 0.228558341038 0.152372227359 0.067112342303 
0.902971318022 0.281825169507 0.187883446338 0.0539237603185 
0.902121503415 0.28206399619 0.188042664127 0.0495924622282 
0.891742299283 0.285625770462 0.190417180308 0.0472298718405 
0.891855991001 0.285004963815 0.19000330921 0.0410026449674 
0.886062003241 0.286500218793 0.191000145862 0.03850396419 
0.881498745402 0.287605692629 0.19173712842 0.036564271536 
0.886762311822 0.285249730004 0.190166486669 0.030505810154 
0.886998838484 0.285221314381 0.19014754292 0.0291880918676 
0.886998838484 0.285221314381 0.19014754292 0.0291880918676 
0.906243376553 0.326195767876 0.21746384525 0.0279582875254 
0.906243376553 0.326195767876 0.21746384525 0.0279582875254 
0.90248916131 0.32890487296 0.219269915307 0.0282159586156 
0.905820792907 0.328186195438 0.218790796958 0.0240124528803 
0.905820792907 0.328186195438 0.218790796958 0.0240124528803 
0.89491368308 0.333192683391 0.222128455594 0.0270220792239 
0.894910871133 0.333101678233 0.222067785489 0.0245672747244 
0.889328780661 0.335053447238 0.223368964825 0.0243704312215 
0.889059552323 0.335014357321 0.22334290488 0.0216302597741 
0.892309563494 0.335329694555 0.223553129704 0.0183412481032 
0.884672073689 0.340056731041 0.226704487361 0.0142745834441 
0.830739758528 0.315387905724 0.210258603816 0.011801083268 
0.764102633019 0.280768181801 0.187178787867 0.00676740451361 
0.67609207377 0.215288347664 0.14352556511 -0.00391033722032 
0.493987489895 0.053185384741 0.0354569231607 -0.0494721858985 
0.378827609736 0.0755944927814 0.050396328521 -0.163099858139 
0.311539963379 0.149936842814 0.0999578952094 -0.288470641318 
0.252686400642 0.218406029459 0.145604019639 -0.38222415372 
0.20978494241 0.271177975693 0.180785317128 -0.454654734388 
0.18437320604 0.303030589467 0.202020392978 -0.5138644967 
0.163166161261 0.328159700702 0.218773133802 -0.523598775598 
0.143790803927 0.352637751417 0.235091834278 -0.523598775598 
0.132494751219 0.368321750657 0.245547833771 -0.523598775598 
0.129676814628 0.369829000052 0.246552666701 -0.523598775598 
0.123891093641 0.381034485364 0.254022990243 -0.523598775598 
0.128717555174 0.374793172294 0.249862114863 -0.523598775598 
0.128717555174 0.374793172294 0.249862114863 -0.523598775598 
0.122997280617 0.382556324525 0.255037549683 -0.523598775598 
0.126044386826 0.381992685536 0.254661790358 -0.523598775598 
0.131693790055 0.371435425119 0.247623616746 -0.523598775598 
0.128693455222 0.371801280212 0.247867520141 -0.523598775598 
0.127619418316 0.377131486952 0.251420991301 -0.523598775598 
0.131340538179 0.370716082333 0.247144054889 -0.523598775598 
0.131340538179 0.370716082333 0.247144054889 -0.523598775598 
0.138074423781 0.360209708216 0.240139805477 -0.523598775598 
0.138074423781 0.360209708216 0.240139805477 -0.523598775598 
0.138074423781 0.360209708216 0.240139805477 -0.523598775598 
0.137857773532 0.357144663743 0.238096442495 -0.474135154861 
0.14552013669 0.345337881644 0.230225254429 -0.467538926949 
0.150398931891 0.328206540903 0.218804360602 -0.387495282457 
0.154736004334 0.287649993744 0.191766662496 -0.272332357992 
0.124307454057 0.0418522332285 0.027901488819 -0.0386030568204 
0.212180075749 0.079470206867 0.0529801379113 -0.0952518838789 
0.301145784045 0.0467686507943 0.0311791005296 -0.0830084637024 
0.470925990033 0.236970750725 0.157980500483 0.159177299603 
0.641214159891 0.206484951499 0.137656634333 0.16895607982 
0.809185984664 0.157070692636 0.104713795091 0.175066495944 
0.951521672818 0.0157538935315 0.0105025956876 0.193773332754 
1.12154260622 4.93644284959e-19 3.29096189973e-19 0.160056111128 
1.2510380938 -4.69204350556e-22 -3.12802900371e-22 0.130174631763 
1.34646081933 -2.11529863244e-21 -1.4101990883e-21 0.113158875515 
1.42434263356 -1.94696063539e-21 -1.29797375693e-21 0.0927405745405 
1.47058115737 1.49431367118e-21 9.96209114118e-22 0.0822177480753 
1.51603797747 -1.1595426811e-21 -7.7302845407e-22 0.0687580852306 
1.54616378401 -1.0943394341e-22 -7.29559622733e-23 0.0591110022373 
1.56174021264 1.63395044569e-21 1.08930029713e-21 0.0554346910251 
1.57011213666 1.22036497745e-21 8.13576651631e-22 0.0514766386586 
1.57079632679 6.74220533606e-21 4.49480355737e-21 0.0457224119967 
1.57079632679 6.74220533606e-21 4.49480355737e-21 0.0457224119967 
1.57079632679 6.74220533606e-21 4.49480355737e-21 0.0457224119967 
1.57079632679 6.74220533606e-21 4.49480355737e-21 0.0457224119967 
1.57079632679 3.46483281498e-22 2.30988854332e-22 0.0450843684249 
1.57079632679 -9.8954155065e-22 -6.596943671e-22 0.0462689113347 
1.57079632679 -7.77342631238e-22 -5.18228420826e-22 0.0434281812311 
1.57079632679 1.4892857446e-21 9.92857163066e-22 0.0452793160973 
1.57079632679 7.94582470145e-22 5.29721646763e-22 0.0432105137505 
1.57079632679 -3.73380914379e-21 -2.48920609586e-21 0.0438734074248 
1.56581264498 -1.85285099384e-22 -1.23523399589e-22 0.0457317777142 
1.55641248274 2.56592723749e-22 1.71061815833e-22 0.0497920008526 
1.5512733502 -2.18059256224e-22 -1.45372837483e-22 0.04670548203 
1.53685215394 2.73715610907e-21 1.82477073938e-21 0.0468822196043 
1.50683536217 -3.11050360433e-22 -2.07366906955e-22 0.0479829311175 
1.4657978992 -1.13976200028e-22 -7.59841333522e-23 0.0500552498808 
1.40514498788 1.42121404134e-21 9.47476027563e-22 0.0505145116067 
1.31919817466 5.98183010002e-20 3.98788673334e-20 0.0522682052154 
1.19903296751 -9.46023185024e-18 -6.30682123349e-18 0.0618854555538 
1.04439908741 -4.15675618018e-19 -2.77117078679e-19 0.0687565630395 
0.880065449366 0.0548122072888 0.0365414715259 0.0719647739855 
0.700686490372 0.111671912199 0.074447941466 0.0659723132905 
0.487124929184 0.104726984582 0.0698179897216 0.0749161858341 
0.327281972531 8.2241029309e-19 5.48273528727e-19 -0.143409979369 
0.233138550106 0.0458155720266 0.0305437146844 -0.131663161686 
0.150666815128 -1.92930543027e-19 -1.28620362018e-19 -0.0653902377777 
0.104789548992 -4.10613768679e-18 -2.73742512453e-18 -0.0493839955052 
0.0768791692662 1.27501900071e-18 8.50012667138e-19 -0.0435372899625 
0.0609163446653 2.0155750889e-19 1.34371672593e-19 -0.0365541037817 
0.0510913540808 9.56076189924e-22 6.37384126616e-22 -0.0299127216882 
0.0478968533434 3.3180155013e-22 2.2120103342e-22 -0.0248186236631 
0.0514177254103 1.27830349578e-21 8.52202330519e-22 -0.0168013539099 
0.0534061050817 3.26083442819e-21 2.17388961879e-21 -0.010139867804 
0.0503008687278 -1.05744031676e-21 -7.04960211173e-22 -0.00610706483976 
0.0516869067294 -1.67404451609e-21 -1.11602967739e-21 -0.000882720053838 
0.0509419386148 2.87099687202e-22 1.91399791468e-22 0.00195429317915 
0.0509171431281 0.0182267888775 0.012151192585 0.00467741754691 
0.0567077820835 0.0406949680332 0.0271299786888 0.00388560343809 
0.0611792910956 0.0605734257245 0.0403822838164 0.00225512626193 
0.0686587553112 0.0710269352007 0.0473512901338 -0.000249178929343 
0.0729026391806 0.0708827630222 0.0472551753481 -0.00046706346404 
0.0765721785008 0.0992299984173 0.0661533322782 -0.00239340128867 
0.0907747520031 0.0814093856551 0.0542729237701 -0.000544009327008 
0.0935016924331 0.104917629402 0.0699450862682 0.00287235741318 
0.100815422624 0.157518356881 0.105012237921 0.00862909211258 
0.110953492713 0.242809134214 0.161872756143 0.0240619590271 
