0.0 0.0 0.0 0.0 
-1.85633636426e-21 0.889730780641 0.593153853761 -0.0105809247826 
-1.85633636426e-21 0.889730780641 0.593153853761 -0.0105809247826 
2.45323153127e-22 0.868013984939 0.578675989959 -0.0141519039512 
2.45323153127e-22 0.868013984939 0.578675989959 -0.0141519039512 
-2.24266659699e-21 0.844466740584 0.562977827056 -0.0185721065491 
-1.1642679198e-21 0.82540664249 0.550271094993 -0.0213962065362 
4.6606483714e-21 0.845487202143 0.563658134762 -0.0230196510793 
-5.63996384155e-21 0.871222277296 0.58081485153 -0.0215544719833 
-5.63996384155e-21 0.871222277296 0.58081485153 -0.0215544719833 
-5.63996384155e-21 0.871222277296 0.58081485153 -0.0215544719833 
-5.63996384155e-21 0.871222277296 0.58081485153 -0.0215544719833 
3.78979559157e-21 0.859373583983 0.572915722655 -0.0200493968603 
3.78979559157e-21 0.859373583983 0.572915722655 -0.0200493968603 
3.78979559157e-21 0.859373583983 0.572915722655 -0.0200493968603 
6.08099455505e-21 0.870202566897 0.580135044598 -0.0202961399267 
6.08099455505e-21 0.870202566897 0.580135044598 -0.0202961399267 
2.61707620413e-21 0.882320819327 0.588213879551 -0.0191504335962 
-3.35535080256e-21 0.873194826571 0.582129884381 -0.0180263445682 
-3.35535080256e-21 0.873194826571 0.582129884381 -0.0180263445682 
-3.35535080256e-21 0.873194826571 0.582129884381 -0.0180263445682 
2.20621670903e-21 0.861810654439 0.574540436292 -0.0179231818363 
5.42999474022e-21 0.85578591836 0.570523945573 -0.0163298344116 
7.40293681824e-22 0.838246994851 0.558831329901 -0.0165481809069 
-4.01462956031e-21 0.827222077126 0.551481384751 -0.0177002225807 
5.4446179746e-18 0.795780045738 0.530520030492 -0.026336025111 
-7.26606932968e-21 0.800651784357 0.533767856238 -0.0266716818848 
-4.59385679111e-21 0.795187204348 0.530124802898 -0.0267093851015 
4.5678578877e-21 0.787670118329 0.52511341222 -0.0276032297736 
-5.13286459776e-21 0.780082298232 0.520054865488 -0.029094062365 
-2.23451324828e-21 0.781380223096 0.52092014873 -0.030568224239 
1.69855561747e-21 0.76791893302 0.511945955347 -0.0312036000842 
2.53475921496e-21 0.753454469659 0.502302979773 -0.0333032914816 
-9.20748157478e-23 0.768407458771 0.512271639181 -0.035007354932 
8.15441519734e-21 0.78941485888 0.526276572587 -0.0282593615917 
-2.54301380052e-21 0.76014523303 0.506763488687 -0.0288575294672 
7.60411078066e-21 0.752490261309 0.501660174206 -0.0316547934723 
-3.25603885518e-21 0.759593441275 0.506395627516 -0.0326895482934 
-7.63530671242e-22 0.771607377572 0.514404918381 -0.033043038869 
-7.63530671242e-22 0.771607377572 0.514404918381 -0.033043038869 
4.84610138413e-21 0.741512588579 0.49434172572 -0.0347215406659 
-1.5753732629e-21 0.773932423155 0.51595494877 -0.0377076355575 
-6.78174194271e-21 0.806141994291 0.537427996194 -0.0267777960371 
-6.78174194271e-21 0.806141994291 0.537427996194 -0.0267777960371 
5.28730631314e-21 0.817433169361 0.544955446241 -0.026812416601 
2.65110595901e-22 0.79612719738 0.53075146492 -0.0261798838038 
1.56780323824e-21 0.806257721375 0.537505147583 -0.0259851583347 
3.67659067976e-23 0.792310938481 0.52820729232 -0.0252896623152 
-3.71501578767e-21 0.798001573725 0.53200104915 -0.0239122387085 
2.67380515864e-21 0.754156651491 0.502771100994 -0.0207967975494 
3.54167637001e-21 0.745082240142 0.496721493428 -0.0188843021584 
-6.18386168094e-22 0.735723413869 0.490482275913 -0.0129956260721 
0.0213132685631 0.587708697059 0.391805798039 0.0111514003345 
0.106064079966 0.588168508746 0.392112339164 0.0123179760879 
0.19355534869 0.54945008886 0.36630005924 0.0128920398881 
0.329582682139 0.562594248093 0.375062832062 0.0112241710041 
0.522170376589 0.642400996116 0.428267330744 0.00846740170386 
0.756196501888 0.712314260273 0.474876173515 0.00854347082917 
0.831895838071 0.621025510401 0.414017006934 0.0107890521278 
0.783292206749 0.283127856876 0.188751904584 0.0194854739734 
0.87180016642 0.256524953427 0.171016635618 0.0247728784672 
0.917537251059 0.0209905741508 0.0139937161006 0.0299187596063 
1.00596835725 0.00194092245117 0.00129394830078 0.0281279064822 
1.09055911738 -6.58408972208e-19 -4.38939314806e-19 0.0215734825526 
1.17263486285 -2.57895460335e-22 -1.7193030689e-22 0.0159274942866 
1.2380138178 -3.29851407563e-22 -2.19900938376e-22 0.0146096707527 
1.29952752299 6.72658637523e-22 4.48439091682e-22 0.0116869709711 
1.34715766997 6.88968114754e-22 4.59312076503e-22 0.00953753467818 
1.37970930064 8.27996017096e-22 5.51997344731e-22 0.00958506980258 
1.40903497366 1.13884544524e-22 7.59230296827e-23 0.00788407349685 
1.42291771162 1.74726322303e-23 1.16484214869e-23 0.00870166773479 
1.43075270174 -5.8674242171e-22 -3.91161614474e-22 0.00935394006387 
1.4468833842 3.80596024848e-22 2.53730683232e-22 0.00673031092929 
1.46959771752 6.44766391398e-22 4.29844260932e-22 0.00138530382256 
1.47419476301 3.17199459229e-22 2.11466306153e-22 0.000235894438447 
1.49143070983 0.0459894450815 0.0306596300543 -0.00243603647969 
1.4890072616 0.0291953616898 0.0194635744599 -0.00305592346364 
1.48085201377 -1.56366133269e-17 -1.04244088846e-17 -0.00338106768061 
1.47257744435 -6.78788896879e-22 -4.52525931253e-22 -0.00256825644324 
1.47628749401 -6.43078421347e-22 -4.28718947564e-22 -0.00523635149027 
1.4707824648 8.53089303107e-22 5.68726202071e-22 -0.00487596789829 
1.45479536602 -8.12232165501e-22 -5.41488110334e-22 -0.00283433534657 
1.44829630076 3.42306397105e-22 2.28204264737e-22 -0.00385737298336 
1.45529471777 -1.37536231389e-24 -9.16908209262e-25 -0.00615045326149 
1.44262097069 2.56083009223e-22 1.70722006149e-22 -0.00440543185996 
1.43555329658 -6.30659433776e-22 -4.20439622517e-22 -0.00399054413623 
1.43280485462 1.18308271005e-21 7.88721806697e-22 -0.00493552970371 
1.42853813958 -2.23987095685e-22 -1.49324730457e-22 -0.0047035811465 
1.41866008292 -3.2133515549e-22 -2.14223436993e-22 -0.00306479071173 
1.41865854744 -4.66511791585e-22 -3.11007861056e-22 -0.00450019568053 
1.4122422741 6.49112557893e-22 4.32741705262e-22 -0.00439633529487 
1.4172113503 -1.1184138814e-22 -7.45609254266e-23 -0.00632933644699 
1.40130173583 3.71334950451e-22 2.47556633634e-22 -0.00429689158178 
1.37769077151 9.23627590849e-22 6.15751727232e-22 -0.00358714923592 
1.35296815664 1.35868750769e-21 9.05791671795e-22 -0.00398252885588 
1.33699520728 4.71433034873e-22 3.14288689915e-22 -0.0078562879684 
1.28563599498 5.06789890037e-20 3.37859926691e-20 -0.00698074799496 
1.22942867186 8.67361737988e-19 5.78241158659e-19 -0.00656316756854 
1.17192166422 -1.69578150426e-18 -1.13052100284e-18 -0.00544676781442 
1.11711762853 -1.04426371809e-17 -6.96175812063e-18 -0.00876951501303 
1.02827373226 0.0125080374127 0.00833869160845 -0.0046575034544 
0.942679187029 0.0284280595408 0.0189520396938 0.00156905122072 
0.829980971724 0.0519427913843 0.0346285275896 0.00637499061256 
0.77785488916 0.307031821552 0.204687881035 0.00713340277903 
0.761762292895 0.61553958007 0.410359720047 0.00689412514023 
0.521152778235 0.540703157723 0.360468771815 0.00818033624409 
0.320268119812 0.36918962493 0.24612641662 0.0218239144513 
0.208115186607 0.388995146381 0.259330097588 0.0435569292645 
0.126484337767 0.347526346491 0.231684230994 0.0433884836339 
0.0633103933281 0.284663948812 0.189775965875 -0.0347107136331 
0.0200698461077 0.276008845333 0.184005896888 -0.0208774854716 
-1.84241894464e-18 0.22208945514 0.14805963676 -0.0123413278948 
-6.33514503064e-21 0.109651968659 0.0731013124391 -0.0068746145647 
5.5300451973e-22 0.154971666832 0.103314444555 -0.00626689948611 
-1.0718889141e-20 0.0852395447734 0.0568263631823 -0.00308727346353 
1.25305199847e-20 0.0425174062038 0.0283449374692 -0.00232235505503 
7.38940115933e-22 0.0207289459017 0.0138192972678 -0.00176466497221 
7.38940115933e-22 0.0207289459017 0.0138192972678 -0.00176466497221 
7.38940115933e-22 0.0207289459017 0.0138192972678 -0.00176466497221 
2.73814350249e-18 -1.27466958753e-17 -8.49779725019e-18 0.000343148487722 
2.73814350249e-18 -1.27466958753e-17 -8.49779725019e-18 0.000343148487722 
2.73814350249e-18 -1.27466958753e-17 -8.49779725019e-18 0.000343148487722 
2.24675728576e-21 0.0158548155078 0.0105698770052 0.000953418503125 
1.11520344391e-20 0.061047753086 0.0406985020573 0.000674139717256 
1.01364243804e-20 0.0524329731902 0.0349553154602 0.00014782230512 
0.0118793308072 -1.63663150097e-18 -1.09108766731e-18 0.00133063158945 
0.0156432063323 0.0164974475004 0.0109982983336 0.00196489125715 
0.0236397090707 0.0190741501508 0.0127161001005 0.00240922533226 
0.04170896191 -8.68193468187e-18 -5.78795645458e-18 0.00389555504711 
0.0522212296458 -5.73420959778e-22 -3.82280639852e-22 0.00548102768066 
0.0811592577735 -1.65075558858e-22 -1.10050372572e-22 0.00882953709461 
0.104204543972 -3.544595445e-22 -2.36306363e-22 0.00806844054003 
0.150636490745 0.00877491052885 0.00584994035257 0.0081344800549 
0.208691688761 0.157252175356 0.104834783571 0.0121255962304 
0.287435979566 0.158734706185 0.105823137456 0.0140218153437 
0.411770821258 0.236038306312 0.157358870875 0.00113543632281 
0.620662659463 0.51375544445 0.342503629633 0.00264106133444 
0.744669812912 0.449731196537 0.299820797691 0.00351516664125 
0.859716281753 0.394500369975 0.26300024665 0.00795229594645 
0.893525924585 0.0589980136372 0.0393320090915 0.0155519989232 
0.992747742432 0.0375850120137 0.0250566746758 0.0193667233277 
1.09257092112 1.24416611227e-17 8.29444074847e-18 0.0146882822053 
1.17670736901 1.98709215706e-22 1.32472810471e-22 0.0159223504661 
1.25107201815 1.39035598525e-22 9.26903990165e-23 0.0110065228014 
1.31985558107 4.40636457185e-22 2.93757638123e-22 0.00596752137311 
1.35840196259 -8.73091810533e-23 -5.82061207022e-23 0.00632368622031 
1.38982420414 -3.17863375594e-22 -2.11908917063e-22 0.00641814747967 
1.42630810145 7.74021323232e-22 5.16014215488e-22 0.00434610650124 
1.44972559118 5.88162384776e-22 3.92108256517e-22 0.00274066256988 
1.46271239005 -2.44863518654e-22 -1.63242345769e-22 0.00195927762895 
1.46542872825 -7.14379880501e-22 -4.76253253667e-22 0.00221154866445 
1.46770637871 -7.42921888941e-22 -4.95281259294e-22 0.00271718459823 
1.47008455276 3.084847163e-22 2.05656477533e-22 0.00297153213517 
1.47637058661 -5.26453257099e-22 -3.50968838066e-22 0.00247772379102 
1.47582017709 5.77057502082e-22 3.84705001388e-22 0.00289627391494 
1.47146608745 1.61268969419e-21 1.0751264628e-21 0.00355796208639 
1.48618216244 1.05794751823e-21 7.05298345484e-22 0.000280853765713 
1.4742483297 -5.73275988474e-22 -3.82183992316e-22 0.00325715275083 
1.47264418331 -7.70524770391e-22 -5.13683180261e-22 0.00364878859535 
1.4804024878 -1.36277840099e-22 -9.08518933993e-23 0.00108211114223 
1.48585122672 -4.76812876716e-22 -3.17875251144e-22 5.36686500879e-05 
1.4791181361 3.14073267052e-22 2.09382178035e-22 0.00116562673267 
1.47322735048 3.5316997498e-23 2.35446649987e-23 0.00211928658894 
1.46697132675 -1.04583701452e-22 -6.97224676346e-23 0.00296459362635 
1.46941716439 6.22421239884e-22 4.14947493256e-22 0.00324695130899 
1.46951438238 8.71622321382e-22 5.81081547588e-22 0.00248766330124 
1.47954399321 8.3078276036e-22 5.53855173573e-22 0.000744105457567 
1.47481421321 2.84119073698e-23 1.89412715799e-23 0.00140896256971 
1.476870353 -1.6760998148e-21 -1.11739987654e-21 4.00175759208e-05 
1.46570087825 1.1030530987e-22 7.35368732466e-23 0.00179203932979 
1.46938979599 -1.58531643583e-22 -1.05687762388e-22 0.000949462634871 
1.4713388847 4.31588613419e-22 2.87725742279e-22 -6.92189509233e-05 
1.46484102123 -1.10560816774e-23 -7.37072111824e-24 0.00106672228517 
1.46861568635 1.01702820749e-21 6.78018804993e-22 0.000250542964854 
1.46868255498 -5.0138168523e-23 -3.3425445682e-23 3.3431925667e-05 
1.45430180853 1.51121505891e-21 1.00747670594e-21 0.00341328725441 
1.46748336217 -5.94877314203e-22 -3.96584876135e-22 0.000471385971153 
1.4647415224 -7.78199514438e-22 -5.18799676292e-22 0.000990146063533 
1.45529604485 -6.83486027192e-22 -4.55657351462e-22 0.00268529411192 
1.45039252365 3.78617522353e-22 2.52411681569e-22 0.00305441663614 
1.45179547994 -5.06440276502e-23 -3.37626851001e-23 0.00239229284791 
1.44450661447 1.03523445403e-21 6.90156302687e-22 0.00377071985809 
1.4364403885 -1.17545600866e-21 -7.83637339104e-22 0.00428904889569 
1.43287788676 -8.54407336067e-22 -5.69604890711e-22 0.00446724908123 
1.43114095342 2.00588193197e-22 1.33725462131e-22 0.00415671320427 
1.42483000675 -1.15339946374e-22 -7.68932975823e-23 0.00474749110342 
1.42866469465 9.03668453138e-22 6.02445635425e-22 0.00240824050205 
1.4165013624 8.92966167115e-22 5.95310778076e-22 0.00304375208228 
1.4012292218 -3.64198458314e-22 -2.42798972209e-22 0.00411112578791 
1.36881614199 6.24149119361e-22 4.16099412908e-22 0.00441023232092 
1.30629847866 1.21214785192e-19 8.08098567948e-20 0.00706209905142 
1.25179714956 -3.19893436342e-18 -2.13262290894e-18 0.00696895519292 
1.15457582927 -1.27924383683e-17 -8.5282922455e-18 0.0152885978002 
1.04788885154 0.0149165024852 0.00994433499012 0.0169369329096 
0.920758387728 0.0396231058244 0.026415403883 0.0265844577512 
0.791885228341 0.0672031326293 0.0448020884196 0.0257994947822 
0.7603819513 0.551263930412 0.367509286941 0.0131172843851 
0.460314895514 0.250712360334 0.167141573556 0.0364644083003 
0.32059066107 0.155501174499 0.103667449666 0.202535250578 
0.24789559658 0.213368669726 0.142245779818 0.422252375146 
0.188176474908 0.279666203066 0.186444135377 0.523598775598 
0.141322701472 0.32856580552 0.219043870346 0.523598775598 
0.105929948416 0.369788421982 0.246525614655 0.523598775598 
0.0969211366812 0.371201224563 0.247467483042 0.523598775598 
0.0834947676839 0.383883010313 0.255922006876 0.523598775598 
0.0933140820455 0.360797533503 0.240531689002 0.523598775598 
0.0917341433997 0.359880953938 0.239920635959 0.523598775598 
0.0743594882617 0.387306940902 0.258204627268 0.523598775598 
0.072521319718 0.387372445633 0.258248297089 0.523598775598 
0.0643474842594 0.403754597925 0.26916973195 0.523598775598 
0.0572315282151 0.41562515331 0.27708343554 0.523598775598 
0.065002807326 0.402803178353 0.268535452235 0.523598775598 
0.0569302370712 0.416927510764 0.277951673842 0.523598775598 
0.0642970517382 0.403427331322 0.268951554215 0.523598775598 
0.0642970517382 0.403427331322 0.268951554215 0.523598775598 
0.0752869421254 0.385715907645 0.25714393843 0.523598775598 
0.0727251961096 0.392194106236 0.261462737491 0.523598775598 
0.0922043409545 0.360641614874 0.240427743249 0.523598775598 
0.104361328478 0.342282318512 0.228188212341 0.523598775598 
0.107143691536 0.342419864507 0.228279909672 0.523598775598 
0.11280943469 0.335749311232 0.223832874155 0.523598775598 
0.11655777724 0.336560380781 0.224373587188 0.523598775598 
0.15164272496 0.283856796843 0.189237864562 0.523598775598 
0.160859882395 0.280722706495 0.187148470996 0.523598775598 
0.169917634248 0.284394386611 0.18959625774 0.523598775598 
0.2165405139 0.232314637907 0.154876425272 0.523598775598 
0.253684060057 0.199122345618 0.132748230412 0.494833978612 
0.284003466457 0.171699326611 0.11446621774 0.382600672835 
0.333244747948 0.127062440771 0.0847082938477 0.247841543093 
0.399147905481 0.119919228334 0.0799461522225 0.100073617575 
0.493061977559 0.0798033700491 0.0532022466994 0.0577952513112 
0.619075864105 0.0664795945741 0.044319729716 0.0335269972349 
0.784333418499 0.279574449081 0.186382966054 0.0179615569574 
0.857724983171 0.118603967728 0.079069311819 0.0212562064662 
0.955537341547 0.0956101718597 0.0637401145731 0.017147834183 
0.999394361501 -1.55825613436e-19 -1.03883742291e-19 0.0216496374517 
1.05366049328 5.31700301842e-23 3.54466867894e-23 0.0206048457083 
1.08995109875 1.613711043e-22 1.075807362e-22 0.0192388812689 
1.12745806933 2.29110812622e-22 1.52740541748e-22 0.0139990237764 
1.14425204898 2.16878872344e-22 1.44585914896e-22 0.0122632958039 
1.15601480725 3.71179246384e-22 2.47452830922e-22 0.0120764510442 
1.17493904852 -3.84921324101e-22 -2.56614216067e-22 0.00871926201626 
1.17390000857 -3.19986761307e-22 -2.13324507538e-22 0.0104526479446 
1.16665378355 1.81387465936e-22 1.20924977291e-22 0.0120935117869 
1.15938142689 8.24632273809e-23 5.49754849206e-23 0.0145492206762 
1.15938142689 8.24632273809e-23 5.49754849206e-23 0.0145492206762 
1.1568609967 6.71862490556e-23 4.47908327037e-23 0.0140342396834 
1.1684339672 -3.22723196611e-23 -2.15148797741e-23 0.0100114390643 
1.14236143856 -2.98388425773e-19 -1.98925617182e-19 0.0172614843968 
1.15205899748 -5.16782177064e-23 -3.44521451376e-23 0.0133866737703 
1.15853711838 -1.49596563601e-22 -9.97310424005e-23 0.0105074675845 
1.153578756 -2.55265724027e-22 -1.70177149351e-22 0.0108029220167 
1.15156197385 -2.5501318298e-22 -1.70008788653e-22 0.0109144267671 
1.15660775151 5.86316145988e-22 3.90877430658e-22 0.00809540042599 
1.15720137398 0.0045381627228 0.0030254418152 0.00722763555935 
1.14686993482 1.05209808886e-17 7.0139872591e-18 0.00872250899483 
1.13502785242 -1.13498494889e-19 -7.56656632596e-20 0.0109391845821 
1.13828296165 6.17913751949e-23 4.11942501299e-23 0.00890850375423 
1.12856479223 -4.53981279859e-19 -3.02654186573e-19 0.0109418386992 
1.12156482435 2.24959158965e-19 1.49972772643e-19 0.012275303974 
1.12598329325 3.09118257677e-22 2.06078838451e-22 0.0101175267703 
1.12597332134 1.88168960898e-22 1.25445973932e-22 0.00930551271741 
1.1154569855 2.76961274817e-19 1.84640849878e-19 0.0116427043823 
1.10770640845 2.05167161914e-19 1.36778107943e-19 0.0130601166717 
1.10285736913 -2.17878292292e-22 -1.45252194861e-22 0.0137926862086 
1.09265637838 1.35525271561e-20 9.03501810405e-21 0.0170696813876 
1.09423854472 4.22170959835e-22 2.81447306557e-22 0.0143181857042 
1.08462906174 6.77626357803e-21 4.51750905202e-21 0.0177007897538 
1.07961801641 3.60013529146e-22 2.40009019431e-22 0.0179643888688 
1.07961801641 3.60013529146e-22 2.40009019431e-22 0.0179643888688 
1.0893904867 2.60133689406e-22 1.73422459604e-22 0.013972164674 
1.0850060574 6.20769976168e-23 4.13846650778e-23 0.0145627587947 
1.07976322997 -9.36911159193e-24 -6.24607439462e-24 0.0152678467348 
1.08120824256 3.4468977788e-23 2.29793185253e-23 0.0136049992685 
1.13290581505 0.120002403989 0.0800016026596 0.00659037076733 
1.10980061092 -2.48964826121e-17 -1.65976550747e-17 0.00869079157911 
1.11265811475 3.64404976483e-22 2.42936650989e-22 0.0113028771233 
1.13884038406 1.72007571683e-22 1.14671714456e-22 0.00832870235442 
1.15207171474 2.15435011611e-22 1.43623341074e-22 0.0111482447569 
1.18788015181 4.62469876692e-23 3.08313251128e-23 0.00960196704536 
1.22649202972 -1.24556080856e-22 -8.3037387237e-23 0.0121725869954 
1.28065441213 8.19766618118e-22 5.46511078745e-22 0.0135347802236 
1.33835819872 6.16798046347e-22 4.11198697565e-22 0.0112888159079 
1.38769160439 6.9176916348e-22 4.6117944232e-22 0.00946998928127 
1.4267495369 4.48094886794e-22 2.9872992453e-22 0.00749891847793 
1.45220074182 5.60513460877e-22 3.73675640585e-22 0.0074245727178 
1.47899599812 8.93050611605e-22 5.95367074403e-22 0.00507095747993 
1.48726923309 1.75717763439e-21 1.17145175626e-21 0.0062102966755 
1.48270875186 3.99903565158e-22 2.66602376772e-22 0.00894547377487 
1.48980780864 8.14449201625e-22 5.42966134417e-22 0.00816594961391 
1.49743104621 -3.31611604511e-22 -2.21074403007e-22 0.00659084677246 
1.49679262057 8.77028356779e-22 5.84685571186e-22 0.00753320766532 
1.50011127015 -1.11901081076e-21 -7.46007207172e-22 0.00591340658048 
1.50452295255 2.030805861e-22 1.353870574e-22 0.00478990858728 
1.50452295255 2.030805861e-22 1.353870574e-22 0.00478990858728 
1.49624630664 4.99367743723e-22 3.32911829149e-22 0.00564978262974 
1.49411403776 3.65858224249e-22 2.43905482833e-22 0.00559992519107 
1.4941114435 1.30019749987e-21 8.66798333245e-22 0.00445005058564 
1.50098514399 1.9192388582e-21 1.27949257213e-21 0.00160328843308 
1.50963557603 1.40116751687e-21 9.3411167791e-22 -0.000808071258052 
1.51063453824 5.87515259926e-22 3.9167683995e-22 -0.00214058167275 
1.50919394582 4.18978182303e-22 2.79318788202e-22 -0.00250158928186 
1.49669324416 3.66122387565e-23 2.4408159171e-23 -0.000279258582374 
1.49902455796 1.17183942856e-21 7.81226285708e-22 -0.00121767584059 
1.49173180421 -1.88866366737e-23 -1.25910911158e-23 8.67760393849e-05 
1.4933713784 1.03038880497e-21 6.86925869982e-22 0.000203836870011 
1.47894803656 7.98675442947e-22 5.32450295298e-22 0.00289686203467 
1.48485715186 6.31640145256e-22 4.21093430171e-22 0.000631584271542 
1.47871144172 6.89010031891e-23 4.5934002126e-23 0.00121106876402 
1.48033981966 3.0643146323e-22 2.04287642153e-22 0.000670683047902 
1.48041624851 1.0026574294e-21 6.68438286266e-22 -9.84635051264e-05 
1.4722967269 4.89132648805e-22 3.26088432537e-22 0.000841442044522 
1.46368607316 -5.63920466884e-22 -3.75946977923e-22 0.00229254140635 
1.45097854548 2.55996301082e-22 1.70664200721e-22 0.00431028864955 
1.44980066754 -2.7874892406e-22 -1.8583261604e-22 0.00492575659221 
1.44324383092 -1.36282056204e-22 -9.08547041363e-23 0.0041305694426 
1.42513187951 -2.15460878328e-22 -1.43640585552e-22 0.0053733860764 
1.41346833296 1.59670316085e-21 1.0644687739e-21 0.00377330583016 
1.3633055408 -1.05821262825e-22 -7.05475085502e-23 0.00949750101433 
1.30895212051 1.86406921285e-22 1.24271280857e-22 0.0164982497778 
1.24390274942 -6.83347906452e-22 -4.55565270968e-22 0.0273762004518 
1.17864886721 -1.44658959812e-22 -9.64393065411e-23 0.0425503780259 
1.09369184898 1.12367986577e-22 7.49119910515e-23 0.0631632790333 
1.01135946129 0.00319387864072 0.00212925242714 0.085727809224 
0.931135505831 0.0171122497849 0.0114081665232 0.107977518016 
0.863825478561 0.222718906702 0.148479271134 0.152163515082 
0.778067366203 0.324813870051 0.216542580034 0.234481828578 
0.62382585931 0.522709749556 0.348473166371 0.393040375911 
0.446241965642 0.647524099243 0.431682732828 0.523598775598 
0.236748327982 0.866575017139 0.577716678092 0.523598775598 
-7.63541145283e-17 1.05093604766 0.700624031773 0.523598775598 
0.317187828331 1.28585092346 0.857233948972 0.159245187005 
0.234536011443 1.36196790716 0.907978604772 0.0955056726861 
0.165366008384 1.41191136759 0.941274245059 0.0468954735641 
0.327314062177 1.43685112222 0.957900748147 0.0484906395787 
0.514324546406 1.44981361727 0.966542411513 0.0851186982737 
0.608105487306 1.45648162365 0.970987749097 0.115208122891 
0.660315113737 1.45857308473 0.972382056487 0.1370355405 
0.696251083805 1.45924181771 0.972827878474 0.155156162097 
0.721602332873 1.45764442989 0.971762953262 0.164450041077 
0.73894178344 1.45718713634 0.971458090895 0.174830638464 
0.753152015745 1.4565380723 0.971025381537 0.184311969941 
0.763104483732 1.45691565835 0.971277105565 0.195090224604 
0.76437532824 1.45584821927 0.970565479513 0.188590852821 
0.771731430091 1.45588608384 0.970590722563 0.19856232833 
0.772358583405 1.45507955525 0.970053036835 0.191961923524 
0.775317147135 1.45453459894 0.969689732625 0.192087464048 
0.780527512364 1.45438760918 0.969591739455 0.202326628596 
0.782590348847 1.45434891797 0.969565945315 0.205659697889 
0.779201743514 1.45344759884 0.968965065892 0.193688026696 
0.778105638271 1.45152798726 0.967685324841 0.184108843699 
0.777938171388 1.45135248973 0.967568326486 0.183273080405 
0.778253541313 1.45075198155 0.967167987701 0.182298107379 
0.776415039839 1.45058654085 0.9670576939 0.18108345338 
0.771226131886 1.44899134259 0.965994228391 0.169393796808 
0.767131066591 1.44854149768 0.965694331787 0.167572147053 
0.761461486936 1.4486041866 0.965736124397 0.164996840443 
0.755910857147 1.44604738898 0.964031592651 0.155680066745 
0.748543308935 1.44408207209 0.962721381396 0.147007066798 
0.74078281876 1.4440180355 0.962678690334 0.145584600581 
0.732153635058 1.444303878 0.962869251997 0.142636684776 
0.726221110309 1.4436227588 0.962415172534 0.139190966078 
0.719564077762 1.44108072796 0.960720485307 0.129504458802 
0.716103028235 1.44231984195 0.961546561301 0.130477045756 
0.713738461465 1.44135644013 0.96090429342 0.128404252089 
0.711780473903 1.44262140209 0.961747601396 0.130757889546 
0.708418630369 1.44009872484 0.960065816562 0.123719328442 
0.708632832286 1.4407211079 0.960480738598 0.125632960803 
0.708406716215 1.44076588912 0.96051059275 0.126398689034 
0.708178639502 1.43936834773 0.959578898486 0.123888308521 
0.706901858117 1.43984752707 0.959898351379 0.124908730526 
0.700950355508 1.44094802049 0.960632013658 0.125772945687 
0.69207433193 1.44197035623 0.961313570822 0.126055769092 
0.655565000925 1.44272253758 0.961815025056 0.117762376886 
0.603871012703 1.44581138487 0.963874256582 0.111614965011 
0.526377397349 1.44877857482 0.965852383216 0.0978341812942 
0.358860023101 1.44978060777 0.966520405181 0.0697158456878 
0.104496035917 1.45708798859 0.971391992396 0.0467475710868 
0.103526340063 1.4423652446 0.961576829734 0.0691605332493 
0.158003297195 1.42344166251 0.94896110834 0.107688298779 
0.201451611734 1.39023967041 0.926826446942 0.161596217939 
0.262476169874 1.32934713335 0.886231422234 0.227375253353 
0.270590897418 1.26861633369 0.845744222463 0.300234183336 
0.290718958499 1.19493173329 0.796621155528 0.362079693592 
0.302220007793 1.11408772481 0.74272514987 0.400495130709 
0.0769094611372 1.00578815376 0.670525435837 0.523598775598 
0.120929207572 0.937386159959 0.62492410664 0.523598775598 
0.146655391652 0.880710091608 0.587140061072 0.523598775598 
0.162964480715 0.820105100366 0.546736733577 0.523598775598 
0.154523747718 0.790495066242 0.526996710828 0.523598775598 
0.165771854115 0.739327404481 0.492884936321 0.523598775598 
0.149563726123 0.712649249049 0.475099499366 0.523598775598 
0.132594105048 0.69285085208 0.461900568053 0.523598775598 
0.111412443263 0.679828753732 0.453219169155 0.523598775598 
0.0888627445216 0.662134695032 0.441423130021 0.523598775598 
0.0608249907482 0.663266264998 0.442177509998 0.523598775598 
0.0349942306472 0.669790988544 0.446527325696 0.523598775598 
0.0124506397178 0.673389578872 0.448926385914 0.523598775598 
0.000595857903968 0.667388073288 0.444925382192 0.523598775598 
7.90718853145e-19 0.646522831127 0.431015220751 0.523598775598 
-2.27537527244e-21 0.643658594165 0.429105729443 0.523598775598 
-9.28331987093e-21 0.630882962357 0.420588641571 0.520609881456 
1.74539223483e-22 0.698280757595 0.465520505063 0.302752106855 
0.108960917623 0.882811585162 0.588541056775 0.0747211864274 
0.10068454859 0.885468890785 0.590312593856 0.0730118533933 
0.0993401638345 0.895554991367 0.597036660911 0.0722360816431 
0.0996690504141 0.903059747978 0.602039831985 0.0687332277516 
0.10349372506 0.91047696454 0.606984643027 0.0664670827295 
0.109318764474 0.929323914345 0.61954927623 0.06339215815 
0.106786920071 0.914382229492 0.609588152995 0.0631524985001 
0.107844397907 0.912469057906 0.608312705271 0.0617911106339 
0.106260887854 0.906807867547 0.604538578364 0.0607351288658 
0.108697061206 0.900800644621 0.600533763081 0.0596821749561 
0.109327271676 0.898587332973 0.599058221982 0.0596079548321 
0.107766393159 0.874478230014 0.582985486676 0.0597940682582 
0.106403054685 0.856381290818 0.570920860545 0.059930610575 
0.11829971649 0.871111795701 0.580741197134 0.0566591743081 
0.132550757934 0.875146903098 0.583431268732 0.0532449737331 
0.150569567534 0.892999000302 0.595332666868 0.0500074698184 
0.172950248774 0.912306468987 0.608204312658 0.0469014485048 
0.188191639673 0.906268737655 0.604179158437 0.0448806487326 
0.205937888671 0.906044728963 0.604029819309 0.0427929220858 
0.236744924263 0.898708540553 0.599139027036 0.040668662035 
0.290102445021 0.91196749136 0.607978327573 0.0386804292128 
0.333251820326 0.897946718682 0.598631145788 0.036539947323 
0.407007710216 0.905612074994 0.60374138333 0.0340540940839 
0.489637989176 0.912151207928 0.608100805285 0.0326509220484 
0.663266122576 0.952111455527 0.634740970351 0.0320002566667 
0.669472719145 0.932252754127 0.621501836084 0.0325186697986 
0.677880410031 0.908315549652 0.605543699768 0.0326823696468 
0.683333881106 0.895446621435 0.59696441429 0.0352760406736 
0.688704618423 0.884314250652 0.589542833768 0.0371615745217 
0.692334196694 0.877119548941 0.584746365961 0.0382674675312 
0.69488035004 0.873235840053 0.582157226702 0.0429865932866 
0.699017448101 0.865820469251 0.577213646167 0.0449833262518 
0.701739097409 0.862282509588 0.574855006392 0.0493152580829 
0.69784389696 0.872779946099 0.581853297399 0.0572599352734 
0.695836366 0.879165064457 0.586110042971 0.0630992086377 
0.695836366 0.879165064457 0.586110042971 0.0630992086377 
0.689337549572 0.897097106171 0.598064737448 0.0826818005303 
0.677261236561 0.930066494299 0.620044329533 0.1084453604 
0.643525133209 0.941390973427 0.627593982285 0.169242516718 
0.274980150648 0.78680835951 0.52453890634 0.523598775598 
0.234572963074 0.885231832876 0.590154555251 0.523598775598 
0.239642927808 0.937550098724 0.625033399149 0.523598775598 
0.162210389343 1.00611340173 0.670742267819 0.523598775598 
0.0886618441855 1.08518973744 0.723459824959 0.523598775598 
1.36269073758e-18 1.15099622666 0.767330817773 0.523598775598 
-7.18210615837e-19 1.22075031027 0.813833540183 0.498128403682 
0.665742231037 1.20389024446 0.802593496306 0.523598775598 
0.685323676892 1.24626937844 0.830846252294 0.523598775598 
0.701258001491 1.2876796087 0.858453072468 0.523598775598 
0.716651143734 1.33398140069 0.889320933796 0.523598775598 
0.731038170592 1.374356456 0.916237637331 0.523598775598 
0.682075580143 1.44943922191 0.966292814607 0.433596780914 
0.631024699609 1.5265349065 1.01768993767 0.295058663414 
0.6550004887 1.55530634603 1.03687089735 0.255791906666 
0.680209026019 1.57571215202 1.05047476802 0.208593954679 
0.704716187764 1.5952157146 1.06347714306 0.13000561968 
0.726117650129 1.60685946841 1.07123964561 0.0179117763857 
0.742767974273 1.60271791966 1.0684786131 -0.161596993733 
0.775248053189 1.50934835029 1.00623223353 -0.523598775598 
0.783575053748 1.51669569688 1.01113046459 -0.523598775598 
0.790088536162 1.52319851049 1.01546567366 -0.523598775598 
0.797203990018 1.52817673119 1.01878448746 -0.523598775598 
0.8035168254 1.53150245448 1.02100163632 -0.523598775598 
0.809052188159 1.5339826538 1.02265510254 -0.523598775598 
0.814884592316 1.53356001357 1.02237334238 -0.523598775598 
0.819710889812 1.53467820381 1.02311880254 -0.523598775598 
0.82451191699 1.53271311258 1.02180874172 -0.523598775598 
0.827196913969 1.53371199591 1.02247466394 -0.523598775598 
0.829163647975 1.53503974163 1.02335982775 -0.523598775598 
0.829462659772 1.53798777602 1.02532518401 -0.523598775598 
0.829950509002 1.53842935417 1.02561956944 -0.523598775598 
0.831041193886 1.53846598826 1.02564399218 -0.523598775598 
0.831844176114 1.53826977302 1.02551318202 -0.523598775598 
0.832506274218 1.53747080524 1.02498053683 -0.523598775598 
0.831924088998 1.53848294475 1.0256552965 -0.523598775598 
0.831988546503 1.53902360807 1.02601573871 -0.523598775598 
0.83128886314 1.53913859563 1.02609239709 -0.523598775598 
0.830363969059 1.53906717834 1.02604478556 -0.523598775598 
0.827978329667 1.53767502442 1.02511668295 -0.523598775598 
0.82403779036 1.53436773423 1.02291182282 -0.523598775598 
0.815660415981 1.52822948906 1.01881965937 -0.523598775598 
0.800056874231 1.5143735259 1.0095823506 -0.523598775598 
0.781467888016 1.496340795 0.99756053 -0.523598775598 
0.756232095194 1.47288204017 0.981921360116 -0.523598775598 
0.731477985024 1.44896972033 0.965979813553 -0.523598775598 
0.702929267718 1.42160296642 0.947735310944 -0.523598775598 
0.669807681109 1.39516490995 0.930109939965 -0.523598775598 
0.625311805247 1.35649832686 0.904332217907 -0.523598775598 
0.567735201982 1.32170913766 0.881139425105 -0.523598775598 
0.106769759524 1.46195303147 0.974635354314 0.0933171428489 
0.195892541008 1.39608969927 0.930726466178 0.174074220654 
0.234297155034 1.29208425701 0.861389504676 0.288520983122 
0.306597642918 1.13938942391 0.759592949275 0.402372028849 
0.127533118814 0.989151468659 0.65943431244 0.523598775598 
0.220294403015 0.869962623851 0.579975082568 0.523598775598 
0.279727578605 0.762084086818 0.508056057878 0.523598775598 
0.326751622748 0.640232712539 0.42682180836 0.523598775598 
0.365221262956 0.540278256181 0.360185504121 0.500860434826 
0.707600185781 0.850257028555 0.566838019037 0.0830387967453 
0.715886475743 0.830351573381 0.553567715587 0.0628179868339 
0.71757279539 0.827181201519 0.551454134346 0.0530631234672 
0.713432577737 0.835615806073 0.557077204049 0.0429667092683 
0.704282990965 0.854356107346 0.569570738231 0.0371165260783 
0.6960822735 0.872310814222 0.581540542814 0.0298507228264 
0.688616756019 0.889919497626 0.593279665084 0.0231643135395 
0.68052396984 0.909600294888 0.606400196592 0.0189925246791 
0.674919276628 0.924088104528 0.616058736352 0.0156663590641 
0.67142257131 0.933679559851 0.6224530399 0.0138715231067 
0.668670092245 0.941633113231 0.627755408821 0.0115535414801 
0.664005660046 0.955542951991 0.637028634661 0.0125185339241 
0.664522777139 0.954364602432 0.636243068288 0.00971510842126 
0.663193833814 0.958870494683 0.639246996456 0.00950979141801 
0.664496786723 0.955187359956 0.636791573304 0.00765665783394 
0.665792430974 0.951480198114 0.634320132076 0.00636658511636 
0.66830617863 0.944049928443 0.629366618962 0.00390761582843 
0.66830617863 0.944049928443 0.629366618962 0.00390761582843 
0.666647429767 0.949010889781 0.63267392652 0.00474285394665 
0.66584532936 0.951636905285 0.634424603523 0.00507221559367 
0.66584532936 0.951636905285 0.634424603523 0.00507221559367 
0.66584532936 0.951636905285 0.634424603523 0.00507221559367 
0.66584532936 0.951636905285 0.634424603523 0.00507221559367 
0.665413329514 0.953322942453 0.635548628302 0.00461760313724 
0.662863196378 0.961606400801 0.641070933867 0.00587477733114 
0.662595567851 0.963140244789 0.642093496526 0.00572872883416 
0.662293303923 0.964803621207 0.643202414138 0.00593110675798 
0.664482652681 0.958387549133 0.638925032756 0.00454058025722 
0.664482652681 0.958387549133 0.638925032756 0.00454058025722 
0.665199658558 0.956686316658 0.637790877772 0.00407363038297 
0.662919672531 0.964388852845 0.642925901897 0.0055259615634 
0.664320293429 0.960583081953 0.640388721302 0.0046429242655 
0.666037702786 0.955720951294 0.637147300863 0.00373545609344 
0.666037702786 0.955720951294 0.637147300863 0.00373545609344 
0.66686363306 0.953558011978 0.635705341319 0.00410011837224 
0.664635006692 0.960849077577 0.640566051718 0.00607820155819 
0.663876196034 0.963922912075 0.642615274717 0.00653616031874 
0.667326773538 0.953321634745 0.635547756496 0.00469239093451 
0.664623198285 0.962059386861 0.641372924574 0.00702723295392 
0.663626070141 0.965784277384 0.643856184923 0.00845685386649 
0.662525485028 0.969962286402 0.646641524268 0.00977624077232 
0.661292462939 0.97461497726 0.649743318173 0.0115006719172 
0.659669578393 0.980661881509 0.653774587673 0.0134807637776 
0.656185703077 0.993436318212 0.662290878808 0.0165365563302 
0.657376348749 0.989183211962 0.659455474642 0.0159521142466 
0.655214963714 0.997410804083 0.664940536055 0.0182145567997 
0.658321896123 0.985834135756 0.657222757171 0.0161548920564 
0.657264306381 0.989885810863 0.659923873908 0.016988382021 
0.658501757471 0.985592994953 0.657061996636 0.0172855049389 
0.65763469489 0.989062156031 0.659374770687 0.0197722574235 
0.656267984766 0.995156663654 0.663437775769 0.0228534631106 
0.650306652468 1.02010657435 0.680071049567 0.0380032260437 
0.971731736306 1.07130357961 0.714202386406 0.0692595409762 
0.988577500165 1.08505945221 0.723372968142 0.086039585115 
1.02458511385 1.08802743762 0.725351625077 0.100200227478 
1.05014447699 1.088156906 0.725437937332 0.111575919041 
1.05634881141 1.09022708886 0.726818059238 0.121856223657 
1.05012408891 1.09285345199 0.728568967992 0.130509844817 
1.04964249349 1.09401085684 0.729340571227 0.136650545124 
1.05075596746 1.09336800952 0.728912006344 0.140795485258 
1.04955669579 1.0926467993 0.728431199534 0.143637275984 
1.04554126383 1.09127873273 0.727519155153 0.145290143423 
1.04943050731 1.08861660526 0.725744403505 0.145634381832 
1.05997988356 1.08413399109 0.722755994062 0.145733058459 
1.04359981116 1.08607235734 0.724048238227 0.147262648047 
1.03355003061 1.08658838152 0.724392254348 0.147698767885 
1.02318044623 1.08817743002 0.725451620012 0.147838184582 
1.03212705635 1.08493298419 0.723288656126 0.146761216897 
1.01860698613 1.08630041497 0.724200276647 0.146762302951 
1.00989089878 1.08818293137 0.72545528758 0.14655358639 
0.987828836109 1.09297155924 0.728647706163 0.147450226627 
1.00114555623 1.08957094365 0.726380629102 0.145916342332 
0.999197173332 1.09016310689 0.726775404591 0.145191964438 
1.00961571365 1.08753228218 0.725021521452 0.143873320562 
1.00113952432 1.08955130602 0.726367537347 0.144981043108 
0.99551322064 1.08956443572 0.726376290483 0.144458430171 
1.01257310162 1.08505533217 0.723370221448 0.143137158434 
1.02507303179 1.08121789819 0.720811932128 0.141570135054 
1.02675289139 1.08102902442 0.720686016278 0.141233713987 
1.04716154092 1.07606985071 0.71737990047 0.139451685005 
1.04417327092 1.07584656081 0.717231040542 0.140046760289 
1.03259057213 1.07722879054 0.718152527027 0.140603897435 
1.02354808758 1.07753637036 0.718357580242 0.140179359774 
1.02883519878 1.07588197965 0.717254653098 0.139312395082 
1.035507074 1.07363501015 0.715756673432 0.13807134842 
1.02610782559 1.07602843228 0.717352288184 0.13803961533 
1.00360396706 1.08272634923 0.721817566151 0.138692260488 
1.0140217138 1.08148508809 0.720990058728 0.136921965509 
1.00365783454 1.08461412098 0.723076080655 0.135998436173 
1.01940361845 1.08396658055 0.722644387031 0.130413114777 
1.03639018199 1.08237894696 0.721585964641 0.1219731062 
1.0419417589 1.0853977857 0.723598523802 0.113508893085 
1.04013774945 1.08949042562 0.726326950414 0.102172330311 
1.05292180713 1.08722472399 0.724816482662 0.0898034286385 
1.06061034462 1.08440670591 0.722937803943 0.0781198580761 
1.05566249922 1.08219437344 0.721462915627 0.0670940033362 
1.05601922688 1.07751474272 0.718343161816 0.0579696747214 
1.06215229125 1.07303387707 0.715355918046 0.0506253732979 
1.07856832876 1.06840264221 0.712268428141 0.0451830839763 
1.07366386016 1.06800988911 0.712006592743 0.0411216965597 
1.07014773084 1.06796360118 0.71197573412 0.0384561435848 
1.06366787079 1.06878648518 0.712524323452 0.0366977950303 
1.0686994831 1.06835489395 0.712236595965 0.0349569103477 
1.07814396218 1.06667826337 0.711118842247 0.0338443228053 
1.06691617891 1.0692487007 0.712832467134 0.0332898717762 
1.07952342608 1.06656260767 0.711041738447 0.0322509116986 
1.0778639117 1.06715979685 0.711439864569 0.0319722772358 
1.07945454386 1.06699970265 0.711333135101 0.0321083359144 
1.08626238463 1.06643516376 0.710956775837 0.0323630612238 
1.10325871217 1.06333989849 0.708893265663 0.0316984785264 
1.08560404185 1.06427555904 0.709517039361 0.0321213233385 
1.07390301033 1.06280958264 0.708539721757 0.0315537195654 
1.05458431879 1.0611915693 0.707461046202 0.0311316673278 
1.0443808391 1.0571351305 0.704756753668 0.0296425911199 
1.01353068297 1.05650059832 0.704333732214 0.0290448534785 
0.985044724153 1.05511786077 0.703411907183 0.0283640515103 
0.958854465025 1.05269683057 0.701797887046 0.0275502592023 
0.922783784923 1.04820075638 0.69880050425 0.0266279521209 
0.905689097527 1.03967590429 0.693117269527 0.0251111796253 
0.83082694503 1.02880189113 0.685867927422 0.0225561222005 
0.636040690974 0.990555741018 0.660370494012 0.0172878485941 
0.630887240557 1.00867165411 0.672447769406 0.0251071765119 
0.627539133171 1.01927118124 0.679514120827 0.032073817865 
0.624173665417 1.02726130316 0.684840868772 0.0398819549329 
0.620609076709 1.03174727343 0.687831515621 0.0503961395588 
0.611804532189 1.04770222469 0.698468149793 0.0685848338131 
0.604309271458 1.04878358936 0.699189059573 0.083678075347 
0.593498649332 1.05339976075 0.702266507164 0.106497207505 
0.580174967767 1.05410994243 0.70273996162 0.132046198505 
0.564293491157 1.0509361559 0.700624103934 0.157424150154 
0.513496228849 1.05909168691 0.706061124605 0.227898003317 
0.122275667949 0.951536314894 0.634357543262 0.523598775598 
0.127609411377 0.991362652475 0.660908434983 0.523598775598 
0.0841395296535 1.04009139978 0.693394266519 0.523598775598 
0.0869260961821 1.06426291717 0.709508611448 0.523598775598 
0.023842597763 1.11110359849 0.740735732326 0.523598775598 
2.60208521397e-18 1.14479309585 0.763195397232 0.523598775598 
4.42259234137e-19 1.17028242937 0.780188286244 0.523598775598 
-8.71853865458e-23 1.21194153335 0.807961022233 0.475710968291 
0.27707018157 1.30968295005 0.873121966698 0.268940433536 
0.283364381675 1.3420357338 0.894690489202 0.208156496038 
0.214046743244 1.37874057496 0.91916038331 0.145787698159 
0.182506750249 1.40380719875 0.935871465835 0.107771294902 
0.183460413945 1.41634021704 0.944226811361 0.0833436910767 
0.136958338093 1.43493718722 0.956624791482 0.0615119705695 
0.136792004834 1.4476950629 0.965130041935 0.0521153382757 
0.104887184638 1.45557052509 0.970380350062 0.0386809159693 
0.105254841167 1.46222786253 0.97481857502 0.0332827759094 
0.105346125858 1.46646400258 0.977642668385 0.0296764109372 
0.078414321285 1.47255907857 0.981706052378 0.0251580545345 
0.0786279387203 1.47298438545 0.981989590301 0.0233242638418 
0.0787943854812 1.47451186575 0.983007910503 0.0220488560304 
0.0787852798136 1.47607970708 0.984053138051 0.0224976717345 
0.0789411726695 1.47575902305 0.983839348697 0.0214699466377 
0.0790553842128 1.47595365552 0.983969103683 0.0210060351615 
0.0790796556543 1.47902995333 0.986019968884 0.021097046522 
0.0790921008356 1.47928778387 0.98619185591 0.021094062372 
0.0791066855607 1.47982648189 0.986550987927 0.0211046064605 
0.0793268871992 1.47821504131 0.985476694206 0.0204657893802 
0.0795240194153 1.47739328323 0.984928855487 0.0199711782285 
0.0797792423713 1.47641952888 0.984279685918 0.0188325426642 
0.0799120894636 1.47987148994 0.986580993294 0.0201719215276 
0.0799233173645 1.47938278495 0.986255189967 0.0201500432932 
0.0799473600519 1.48080447869 0.987202985793 0.0202009306408 
0.0801027456553 1.47954042313 0.986360282084 0.02095661346 
0.0800664335021 1.47401024882 0.982673499213 0.0208158073693 
0.0799021887667 1.4654664457 0.976977630466 0.0219125717521 
0.0798439420851 1.45841369166 0.972275794443 0.0256276162888 
0.119103804031 1.44462501159 0.963083341062 0.0355076568066 
0.162278246328 1.41523898605 0.943492657366 0.0555383248018 
0.23458070535 1.36194240868 0.907961605784 0.0899585198211 
0.32430601933 1.28282762994 0.855218419961 0.142217137073 
0.402861965653 1.15852661265 0.772351075099 0.225758282846 
0.493501354951 1.00991746465 0.673278309769 0.270426761947 
0.588332488949 0.833579408325 0.55571960555 0.245678010493 
0.693592146296 0.658015774058 0.438677182705 0.170369447919 
0.809930411304 0.498173497723 0.332115665149 0.0893666343548 
0.85529333969 0.132772801442 0.088515200961 0.054162373041 
0.958704937564 0.105779912667 0.0705199417781 0.0270820724068 
0.999096198315 0.0871815638147 0.0581210425431 0.0119906955419 
1.04296544526 -1.00041189424e-17 -6.66941262828e-18 -0.000910582013778 
1.08144465126 -1.40400655381e-23 -9.36004369203e-24 -0.0106238060343 
1.08144465126 -1.40400655381e-23 -9.36004369203e-24 -0.0106238060343 
1.11401209049 1.97162608847e-22 1.31441739231e-22 -0.0160244216389 
1.11401209049 1.97162608847e-22 1.31441739231e-22 -0.0160244216389 
1.11401209049 1.97162608847e-22 1.31441739231e-22 -0.0160244216389 
1.11401209049 1.97162608847e-22 1.31441739231e-22 -0.0160244216389 
1.12881012961 2.32222157574e-22 1.54814771716e-22 -0.0141961434406 
1.13713110188 8.32525146937e-23 5.55016764625e-23 -0.0181646717689 
1.13713110188 8.32525146937e-23 5.55016764625e-23 -0.0181646717689 
1.14435091859 2.41120658291e-22 1.60747105527e-22 -0.0189814607595 
1.13774891749 4.86055679059e-22 3.24037119373e-22 -0.0164403307279 
1.13774891749 4.86055679059e-22 3.24037119373e-22 -0.0164403307279 
1.13774891749 4.86055679059e-22 3.24037119373e-22 -0.0164403307279 
1.12628217204 -5.96377561195e-23 -3.97585040797e-23 -0.0115545944722 
1.11381860614 3.14350688771e-22 2.09567125847e-22 -0.00950001102268 
1.11381860614 3.14350688771e-22 2.09567125847e-22 -0.00950001102268 
1.11381860614 3.14350688771e-22 2.09567125847e-22 -0.00950001102268 
1.11381860614 3.14350688771e-22 2.09567125847e-22 -0.00950001102268 
1.11381860614 3.14350688771e-22 2.09567125847e-22 -0.00950001102268 
1.08236484341 -4.03287973277e-23 -2.68858648851e-23 -7.83487023917e-05 
1.06870065346 -1.32545463821e-22 -8.83636425476e-23 0.0011609374804 
1.05237744962 1.185587254e-22 7.90391502669e-23 0.00584423296109 
1.02479263991 -5.83609932217e-23 -3.89073288144e-23 0.0144342923362 
0.99037809708 8.81170031702e-06 5.87446687801e-06 0.0231402816408 
0.935883248907 0.00659796424542 0.00439864283028 0.0369668392642 
0.865281138105 0.0222776281512 0.0148517521008 0.0563256042636 
0.824295678027 0.216288524981 0.144192349987 0.0883666198582 
0.751087883456 0.239085971818 0.159390647879 0.107180185079 
0.74368281859 0.547324229333 0.364882819555 0.129034539504 
0.657714392861 0.619543551356 0.413029034237 0.184609971033 
0.58847025789 0.725525260174 0.483683506783 0.261565962029 
0.529070215066 0.806761991787 0.537841327858 0.304465514699 
0.465499986887 0.863056037627 0.575370691751 0.335486691853 
0.248228706608 0.828848777864 0.552565851909 0.523598775598 
0.213210502816 0.863997044094 0.575998029396 0.523598775598 
0.211486022855 0.884486477145 0.58965765143 0.523598775598 
0.162821239941 0.911212096757 0.607474731171 0.523598775598 
0.162955593618 0.932688446452 0.621792297635 0.523598775598 
0.127755109543 0.947146251564 0.631430834376 0.523598775598 
0.127755109543 0.947146251564 0.631430834376 0.523598775598 
0.127274750149 0.959571200294 0.639714133529 0.523598775598 
0.10199709522 0.974019347892 0.649346231928 0.523598775598 
0.10199709522 0.974019347892 0.649346231928 0.523598775598 
0.10199709522 0.974019347892 0.649346231928 0.523598775598 
0.100739143758 0.969101825492 0.646067883661 0.523598775598 
0.101545694176 0.980496876226 0.653664584151 0.523598775598 
0.0995686289644 0.974014021111 0.649342680741 0.523598775598 
0.0978506093659 0.964689033646 0.643126022431 0.523598775598 
0.0986602268762 0.970804777712 0.647203185141 0.523598775598 
0.0988095232626 0.978288144845 0.652192096563 0.523598775598 
0.0975597193085 0.982789328849 0.655192885899 0.523598775598 
0.0975597193085 0.982789328849 0.655192885899 0.523598775598 
0.0975597193085 0.982789328849 0.655192885899 0.523598775598 
0.0962231081454 0.988240631982 0.658827087988 0.523598775598 
0.0938532687974 0.983239883309 0.655493255539 0.523598775598 
0.093961045995 0.991697795503 0.661131863669 0.523598775598 
0.0919380140549 0.982038957495 0.65469263833 0.523598775598 
0.0927403188178 0.976294085028 0.650862723352 0.523598775598 
0.128285659259 0.956874425804 0.637916283869 0.523598775598 
0.188416474808 0.900251312017 0.600167541345 0.523598775598 
0.282318966725 0.81587407246 0.543916048307 0.523598775598 
0.388367872557 0.705552305802 0.470368203868 0.523598775598 
0.507083672128 0.536726778376 0.35781785225 0.523598775598 
0.72989609564 0.526288031014 0.350858687343 0.191826697686 
0.826500400287 0.432385540357 0.288257026905 0.108881119219 
0.866247002169 0.14069046909 0.0937936460597 0.0859072810043 
0.944581227157 0.117362585038 0.0782417233585 0.0568222764109 
0.995623402076 0.0944607426567 0.0629738284378 0.0246238396696 
1.02776365803 0.0752391683405 0.0501594455604 0.0139204468683 
1.03294744786 8.56103061717e-18 5.70735374478e-18 0.0148264457533 
1.05361889343 -1.40993136169e-22 -9.39954241129e-23 0.0037339964387 
1.06831436683 7.25616055744e-23 4.83744037162e-23 -0.000857170971419 
1.06831436683 7.25616055744e-23 4.83744037162e-23 -0.000857170971419 
1.06831436683 7.25616055744e-23 4.83744037162e-23 -0.000857170971419 
1.06831436683 7.25616055744e-23 4.83744037162e-23 -0.000857170971419 
1.06831436683 7.25616055744e-23 4.83744037162e-23 -0.000857170971419 
1.06831436683 7.25616055744e-23 4.83744037162e-23 -0.000857170971419 
1.05670621151 -1.73498580514e-22 -1.15665720342e-22 0.00485090125818 
1.05670621151 -1.73498580514e-22 -1.15665720342e-22 0.00485090125818 
1.05670621151 -1.73498580514e-22 -1.15665720342e-22 0.00485090125818 
1.04513748055 -9.37482705164e-23 -6.2498847011e-23 0.0070367384038 
1.04513748055 -9.37482705164e-23 -6.2498847011e-23 0.0070367384038 
1.05924668591 -3.26145025367e-23 -2.17430016911e-23 -0.00171242851748 
1.04920702179 -1.67114971956e-22 -1.11409981304e-22 0.00302341495624 
1.04920702179 -1.67114971956e-22 -1.11409981304e-22 0.00302341495624 
1.04920702179 -1.67114971956e-22 -1.11409981304e-22 0.00302341495624 
1.03675625875 -1.45733933796e-22 -9.71559558642e-23 0.00631273801103 
1.03675625875 -1.45733933796e-22 -9.71559558642e-23 0.00631273801103 
1.03675625875 -1.45733933796e-22 -9.71559558642e-23 0.00631273801103 
1.03675625875 -1.45733933796e-22 -9.71559558642e-23 0.00631273801103 
1.03675625875 -1.45733933796e-22 -9.71559558642e-23 0.00631273801103 
1.03675625875 -1.45733933796e-22 -9.71559558642e-23 0.00631273801103 
1.03675625875 -1.45733933796e-22 -9.71559558642e-23 0.00631273801103 
1.03675625875 -1.45733933796e-22 -9.71559558642e-23 0.00631273801103 
0.995155694651 0.00233086627999 0.00155391085333 0.017214220791 
0.958418488617 0.00629766937304 0.00419844624869 0.0230489407281 
0.908044080733 0.0154951513756 0.0103301009171 0.0289002516092 
0.825352328679 0.0342603267588 0.0228402178392 0.0358221590267 
0.783904588194 0.280501899818 0.187001266545 0.0285713198852 
0.690125485762 0.308716840419 0.205811226946 0.0270640186638 
0.756724169242 0.707141919247 0.471427946164 0.0171581028552 
0.68920885397 0.785497744631 0.523665163088 0.0138267543389 
0.265949049307 0.237251136553 0.158167424368 0.235012056809 
0.199566301269 0.285240445861 0.190160297241 0.486259617137 
0.142506383585 0.345813246911 0.230542164607 0.523598775598 
0.0970125785561 0.401161648652 0.267441099101 0.523598775598 
0.0630653506278 0.444911977818 0.296607985212 0.523598775598 
0.046739906874 0.462717080971 0.30847805398 0.523598775598 
0.0369398259455 0.472153154776 0.31476876985 0.523536209055 
0.0347244962386 0.471294571814 0.314196381209 0.523468462004 
0.029231095147 0.477232784847 0.318155189898 0.522826316744 
0.0310955330722 0.472445347311 0.314963564874 0.522130810524 
0.0304360069213 0.472059341503 0.314706227668 0.52204886217 
0.0304360069213 0.472059341503 0.314706227668 0.52204886217 
0.0248322886519 0.481924856947 0.321283237965 0.521211283509 
0.0207044664553 0.488210610708 0.325473740472 0.520032358968 
0.0079016231549 0.511026707064 0.340684471376 0.518386731942 
0.00873965514735 0.511648426002 0.341098950668 0.518170962026 
0.0263620997511 0.482258769942 0.321505846628 0.51713269926 
0.0306981768335 0.475763080864 0.317175387243 0.516457309189 
0.045584107273 0.451206121176 0.300804080784 0.516337739644 
0.0469859123208 0.45240285854 0.301601905694 0.516389263076 
0.0581787315635 0.436576600095 0.29105106673 0.517073423028 
0.0675157210527 0.424866734392 0.283244489595 0.518423528559 
0.0877906650676 0.391628635861 0.261085757241 0.523598775598 
0.10492566404 0.368016761749 0.245344507833 0.523598775598 
0.101970525649 0.379674402881 0.253116268587 0.523598775598 
0.103733045512 0.383943445541 0.255962297027 0.523598775598 
0.104536464478 0.392026148593 0.261350765729 0.523598775598 
0.119457708407 0.374625740263 0.249750493508 0.523598775598 
0.134145649407 0.361115356393 0.240743570929 0.459875931424 
0.163932253421 0.327984893489 0.218656595659 0.372174289595 
0.189208010114 0.329869002003 0.219912668002 0.174523383926 
0.251342737466 0.292114051811 0.194742701207 0.113728376895 
0.327913990606 0.198900623368 0.132600415579 0.115617523135 
0.430904883626 0.358491114506 0.238994076338 0.0344327854097 
0.535476185433 0.315206340904 0.210137560603 0.0290650437479 
0.761383222553 0.601178628859 0.400785752572 0.0180302207487 
0.827809558565 0.547715643498 0.365143762332 0.0185273657529 
0.795812259407 0.246652027347 0.164434684898 0.0280402623222 
0.887844334989 0.220660251587 0.147106834391 0.0238200218467 
0.919695360975 0.0177350443382 0.0118233628922 0.0307426757969 
0.983663960466 0.00408857413318 0.00272571608879 0.0315310698762 
1.03981744234 1.24468848513e-19 8.29792323423e-20 0.0271788544707 
1.08400213702 7.5572802319e-23 5.03818682127e-23 0.0246757447282 
1.13414463031 -1.22070011742e-22 -8.13800078279e-23 0.0173125231633 
1.15598618239 2.89366521295e-22 1.92911014197e-22 0.0157304589913 
1.15581330139 4.4813991966e-22 2.9875994644e-22 0.0201725682007 
1.16818069681 -2.77917708887e-22 -1.85278472591e-22 0.0176496372807 
1.19278915847 2.83746629146e-22 1.8916441943e-22 0.0135032510109 
1.19278915847 2.83746629146e-22 1.8916441943e-22 0.0135032510109 
1.20404975416 -2.96778608384e-22 -1.97852405589e-22 0.0120433838505 
1.20404975416 -2.96778608384e-22 -1.97852405589e-22 0.0120433838505 
1.21228724888 -1.94752767145e-22 -1.29835178096e-22 0.0106028560532 
1.21228724888 -1.94752767145e-22 -1.29835178096e-22 0.0106028560532 
1.21847044921 1.30651174695e-22 8.71007831299e-23 0.00982376191298 
1.21499463719 8.94080694106e-23 5.9605379607e-23 0.0103023984252 
1.21499463719 8.94080694106e-23 5.9605379607e-23 0.0103023984252 
1.21334933994 7.82765459976e-22 5.21843639984e-22 0.00825264082432 
1.19705640383 -3.77459919531e-22 -2.51639946354e-22 0.0118944455038 
1.20302167593 3.51288428606e-22 2.34192285737e-22 0.00883441068686 
1.20302167593 3.51288428606e-22 2.34192285737e-22 0.00883441068686 
1.20876664024 -2.07988854165e-22 -1.3865923611e-22 0.00493137687131 
1.19804388959 4.80639710657e-22 3.20426473772e-22 0.00707176948699 
1.19453746533 2.9125649131e-22 1.94170994207e-22 0.00728571982841 
1.19068248527 -2.22112296157e-22 -1.48074864104e-22 0.00574510506765 
1.19069133999 -8.33133867218e-24 -5.55422578145e-24 0.00496474646197 
1.18226842842 4.77228599293e-22 3.18152399528e-22 0.0058316753227 
1.16331963866 1.41831363843e-20 9.45542425617e-21 0.0096785912323 
1.15557748634 5.25916837271e-22 3.50611224847e-22 0.0121358364532 
1.16247231375 1.23491765663e-22 8.23278437753e-23 0.007558623299 
1.1422323996 4.33829659614e-20 2.89219773076e-20 0.0125309862693 
1.13363796284 4.02917179586e-22 2.68611453058e-22 0.0146844504338 
1.13621563787 8.93127063807e-23 5.95418042538e-23 0.0114086733651 
1.13621563787 8.93127063807e-23 5.95418042538e-23 0.0114086733651 
1.1452755341 4.0695114133e-22 2.71300760886e-22 0.00789971025295 
1.12933809081 -6.12062331659e-19 -4.0804155444e-19 0.0105331400618 
1.08771088628 6.35378676342e-18 4.23585784228e-18 0.0175510545857 
1.03928220026 0.00725767621672 0.00483845081115 0.0314098807442 
0.989105192485 0.0173960925042 0.0115973950028 0.0552090208986 
0.925022980319 0.0335527612135 0.0223685074757 0.0917109983449 
0.890222261457 0.0481269007073 0.0320846004715 0.11602398349 
0.870754949806 0.0619652139925 0.0413101426616 0.132203140078 
0.872517121657 0.169972292338 0.113314861558 0.119687182472 
0.855371827242 0.17684683756 0.117897891707 0.131466858511 
0.85065187596 0.179136737255 0.119424491504 0.133777158647 
0.835071542944 0.186140514014 0.124093676009 0.143051234832 
0.835071542944 0.186140514014 0.124093676009 0.143051234832 
0.830077099193 0.189302738707 0.126201825805 0.145719510858 
0.809484157488 0.200604517597 0.133736345065 0.161137190854 
0.816748932002 0.199292433029 0.132861622019 0.154927412771 
0.811449584711 0.203490287265 0.13566019151 0.156644047734 
0.818665105663 0.202025373045 0.13468358203 0.151421146046 
0.828784559691 0.198724192526 0.132482795017 0.144623044697 
0.818952113659 0.204512632102 0.136341754734 0.15190202583 
0.818952113659 0.204512632102 0.136341754734 0.15190202583 
0.829148244699 0.200442941495 0.133628627664 0.142976548581 
0.827186132738 0.202933553289 0.135289035526 0.147006485396 
0.814978287794 0.209313149561 0.139542099707 0.153829228765 
0.814978287794 0.209313149561 0.139542099707 0.153829228765 
0.809181236018 0.211777292751 0.141184861834 0.151725943217 
0.812858909463 0.210536205494 0.140357470329 0.145061351661 
0.8309498993 0.202067984154 0.134711989436 0.127398190245 
0.843222017135 0.195624214269 0.130416142846 0.111144819036 
0.859342320807 0.186961509153 0.124641006102 0.0906491839156 
0.888671026712 0.174271829999 0.116181219999 0.0673421464184 
0.893516899935 0.170655624753 0.113770416502 0.0552317298855 
0.893804663794 0.168555988254 0.112370658836 0.0474098002219 
0.89795709571 0.165328452941 0.110218968627 0.0403133703387 
0.89548399236 0.163676921025 0.10911794735 0.0355608416748 
0.895026618182 0.161632617659 0.107755078439 0.0298102349815 
0.895026618182 0.161632617659 0.107755078439 0.0298102349815 
0.899353286455 0.158517378423 0.105678252282 0.0210586859734 
0.901521685608 0.156044983194 0.104029988796 0.0175268074537 
0.901521685608 0.156044983194 0.104029988796 0.0175268074537 
0.901521685608 0.156044983194 0.104029988796 0.0175268074537 
0.885640123237 0.15788340765 0.1052556051 0.0177254839575 
0.89612319077 0.15392781204 0.10261854136 0.0118940171892 
0.891632829847 0.153399720147 0.102266480098 0.0125862550152 
0.880953103956 0.15453330022 0.103022200147 0.0149110458195 
0.886918800457 0.151951167557 0.101300778371 0.0122330502121 
0.886918800457 0.151951167557 0.101300778371 0.0122330502121 
0.882583480552 0.151802658579 0.101201772386 0.0143085070281 
0.871686756106 0.153239356897 0.102159571264 0.018349607276 
0.891256725571 0.147617755924 0.0984118372826 0.0118452960917 
0.878047787597 0.149709862153 0.0998065747689 0.0206948586463 
0.871326709759 0.150602786533 0.100401857689 0.0273261431955 
0.83248302622 0.160230954447 0.106820636298 0.0559956287333 
0.802563406648 0.171238776272 0.114159184182 0.0878057452229 
0.782438681208 0.184189399032 0.122792932688 0.119314825855 
0.78492131374 0.19131053493 0.12754035662 0.133842628331 
0.788510535662 0.197349759805 0.131566506536 0.143832056743 
0.772627528117 0.211202526758 0.140801684505 0.160105258565 
0.771244679572 0.22301947674 0.14867965116 0.169852135558 
0.771244679572 0.22301947674 0.14867965116 0.169852135558 
0.783681320264 0.225103331425 0.150068887616 0.167758931146 
0.783681320264 0.225103331425 0.150068887616 0.167758931146 
0.783681320264 0.225103331425 0.150068887616 0.167758931146 
0.775022442336 0.237853793366 0.158569195577 0.181934234811 
0.788721773384 0.234812991601 0.156541994401 0.168476408557 
0.783147347079 0.243870175107 0.162580116738 0.174771977825 
0.790544377519 0.241824562936 0.161216375291 0.161822036416 
0.809675034869 0.230349184813 0.153566123209 0.13315335256 
0.831681492567 0.218475924161 0.145650616107 0.105267737186 
0.853870543012 0.206830592853 0.137887061902 0.0803066249577 
0.858713727638 0.202302650207 0.134868433471 0.0623475679797 
0.87999390946 0.192591514394 0.128394342929 0.0465337012059 
0.884917298704 0.189311271988 0.126207514659 0.0350929337829 
0.882645479403 0.188345611141 0.125563740761 0.0307392874075 
0.880627746464 0.187416775523 0.124944517016 0.0260521670667 
0.879187151067 0.186480450578 0.124320300385 0.0221065338935 
0.859269886989 0.190075382904 0.126716921936 0.0268464535826 
0.856606724585 0.189569560384 0.126379706923 0.023784573044 
0.843069991843 0.192001471799 0.128000981199 0.0280602211391 
0.843069991843 0.192001471799 0.128000981199 0.0280602211391 
0.848223759274 0.189717870835 0.126478580557 0.0218566563209 
0.851946342551 0.187953533614 0.125302355743 0.0205297136693 
0.85745842164 0.185757295131 0.123838196754 0.0183784970614 
0.864032395371 0.183309326371 0.12220621758 0.0155677955329 
0.867888609768 0.181554913283 0.121036608855 0.0148134221464 
0.86497954121 0.181483522962 0.120989015308 0.013855938237 
0.867597900934 0.180156374742 0.120104249828 0.0124715251199 
0.867597900934 0.180156374742 0.120104249828 0.0124715251199 
0.851887771801 0.183344517127 0.122229678085 0.017355576238 
0.851887771801 0.183344517127 0.122229678085 0.017355576238 
0.839597814334 0.185819852167 0.123879901444 0.0195945450885 
0.839597814334 0.185819852167 0.123879901444 0.0195945450885 
0.847558291056 0.183303268789 0.122202179193 0.011822910909 
0.837749423779 0.185493942185 0.123662628123 0.0114336274596 
0.790284658377 0.197278926625 0.131519284417 0.0148482363158 
0.740766530032 0.209787187485 0.13985812499 0.0127693150666 
0.695752620497 0.219861722729 0.146574481819 0.00213691771661 
0.504586356202 1.48181750462e-15 9.87878336412e-16 -0.0041392084249 
0.376496841757 0.0031777829833 0.00211852198887 -0.208818713511 
0.306404416444 0.0986163982253 0.0657442654835 -0.409860020539 
0.223872763015 0.206568580639 0.137712387093 -0.523598775598 
0.158742783008 0.284243123506 0.189495415671 -0.523598775598 
0.113627462085 0.338682737647 0.225788491765 -0.523598775598 
0.0951406306123 0.356760608407 0.237840405605 -0.523598775598 
0.0651882259799 0.396098781861 0.264065854574 -0.523598775598 
0.0434621510486 0.42569538594 0.28379692396 -0.523598775598 
0.027928842452 0.446312141229 0.297541427486 -0.523598775598 
0.0222992768231 0.454055719858 0.302703813239 -0.523598775598 
0.0403014019734 0.42639897454 0.284265983027 -0.523598775598 
0.0363419701546 0.433152325378 0.288768216918 -0.523598775598 
0.025657644816 0.449980616811 0.299987077874 -0.523598775598 
0.0278206448374 0.44918099158 0.299453994386 -0.523598775598 
0.0415989992787 0.426226602272 0.284151068181 -0.523598775598 
0.0372900747824 0.433931508727 0.289287672484 -0.523598775598 
0.0335373399829 0.439244930658 0.292829953772 -0.523598775598 
0.0404971464851 0.431806150582 0.287870767054 -0.523598775598 
0.0457149351101 0.425169480403 0.283446320269 -0.523598775598 
0.0539868588915 0.414531234971 0.276354156647 -0.523598775598 
0.0549157218561 0.415244827809 0.276829885206 -0.523598775598 
0.0499367200692 0.428044902562 0.285363268375 -0.523598775598 
0.0579331374363 0.419792207122 0.279861471415 -0.523598775598 
0.0705337296468 0.406646013548 0.271097342365 -0.523598775598 
0.0903452971721 0.385831810465 0.257221206977 -0.523598775598 
0.118318432571 0.356531940809 0.237687960539 -0.523598775598 
0.148803247083 0.31066717208 0.207111448053 -0.327555097152 
0.209383689588 0.269348416621 0.17956561108 0.193590865295 
0.376115599797 0.541680717036 0.361120478024 0.016150832012 
0.741465900294 0.786006658407 0.524004438938 0.0144790400971 
0.808201747637 0.677648287571 0.451765525047 0.022803034231 
0.777553880285 0.304570793153 0.203047195435 0.0455790214901 
0.889236859074 0.0807926715145 0.0538617810097 0.0603939108324 
1.04846984983 -2.03605937914e-18 -1.35737291942e-18 0.0472832498984 
1.17371845334 -1.31022793519e-22 -8.73485290127e-23 0.0425135684958 
1.26849560484 2.27062458951e-22 1.51374972634e-22 0.0345136913196 
1.3495739469 -6.43810249272e-22 -4.29206832848e-22 0.0279456845167 
1.39580249943 -1.5537491171e-22 -1.03583274473e-22 0.0275720420629 
1.45220846379 1.32451560718e-21 8.83010404789e-22 0.0204643710139 
1.48840663467 1.80157156505e-22 1.20104771003e-22 0.0164603309526 
1.50600953171 2.05758848279e-22 1.37172565519e-22 0.0159687280394 
1.51274795526 9.71179937166e-23 6.47453291444e-23 0.0171885457636 
1.52051107562 -5.70571344767e-22 -3.80380896512e-22 0.0149242428281 
1.53143172835 9.92438634428e-22 6.61625756285e-22 0.0126847884754 
1.53693082159 3.93523194503e-23 2.62348796335e-23 0.0115803030372 
1.52850129609 6.78394756737e-22 4.52263171158e-22 0.0130992623565 
1.5224866992 2.47084226059e-22 1.64722817372e-22 0.014080921926 
1.5224866992 2.47084226059e-22 1.64722817372e-22 0.014080921926 
1.52485675989 8.03169093576e-22 5.35446062384e-22 0.0122420794174 
1.526275702 9.91383590622e-22 6.60922393748e-22 0.0114897726267 
1.53130887924 3.2464707446e-23 2.16431382974e-23 0.0099718812254 
1.53103911777 1.2618473437e-21 8.41231562467e-22 0.00890944176908 
1.52064411157 1.236465582e-23 8.24310388002e-24 0.0116765890357 
1.51024164245 2.99571566387e-22 1.99714377591e-22 0.0146493136602 
1.49814019151 1.46176543939e-21 9.74510292925e-22 0.01750933236 
1.48859513525 1.07995624384e-21 7.19970829224e-22 0.0154672614927 
1.45469413213 -4.05573253124e-22 -2.7038216875e-22 0.0187757578936 
1.41319807445 -7.20658399349e-22 -4.80438932899e-22 0.0202812980008 
1.36171277862 3.82510073867e-22 2.55006715911e-22 0.01963052059 
1.28313157418 -1.28589681953e-19 -8.57264546353e-20 0.0174652064392 
1.15169881502 -1.43633646123e-18 -9.57557640818e-19 0.0261212397759 
1.03289713717 0.0185837859599 0.0123891906399 0.0259097845327 
0.882537934007 0.0488686732751 0.0325791155167 0.0268088646371 
0.764475815083 0.366450201221 0.244300134147 0.0223903239194 
0.587921614701 0.510518789626 0.340345859751 0.0222570355375 
0.346543665704 0.215030088597 0.143353392398 0.0954217942885 
0.238210081122 0.252621037774 0.168414025183 0.255936825949 
0.171719100083 0.315561757699 0.210374505133 0.419037877214 
0.129055167267 0.358332025724 0.238888017149 0.523598775598 
0.106799882859 0.373537542027 0.249025028018 0.523598775598 
0.0897332951085 0.388672629464 0.259115086309 0.523598775598 
0.0738617552221 0.407193321474 0.271462214316 0.523598775598 
0.0704468171779 0.404965306593 0.269976871062 0.523598775598 
0.0845760874612 0.376737652746 0.251158435164 0.523598775598 
0.0969789226529 0.354120002419 0.236080001612 0.523598775598 
0.0911049768306 0.362693608615 0.241795739077 0.523598775598 
0.095435363643 0.354885502714 0.236590335143 0.523598775598 
0.0857045979005 0.371242155553 0.247494770368 0.523598775598 
0.0793338653715 0.382390711616 0.254927141077 0.523598775598 
0.0758138239843 0.393011133711 0.262007422474 0.523598775598 
0.0774041724917 0.39368612289 0.26245741526 0.523598775598 
0.0915799063169 0.373889998617 0.249259999078 0.523598775598 
0.0869586165857 0.386028038315 0.257352025543 0.523598775598 
0.082036470816 0.397696596216 0.265131064144 0.523598775598 
0.123998962558 0.326505229161 0.217670152774 0.523598775598 
0.115516433011 0.34271050327 0.228473668847 0.523598775598 
0.114071694026 0.348331307555 0.232220871703 0.523598775598 
0.0976221794259 0.356572275872 0.237714850582 0.223920395972 
