0.0 0.0 0.0 0.0 
-2.58807099166e-21 0.784565908057 0.523043938705 -0.166392535907 
-2.58807099166e-21 0.784565908057 0.523043938705 -0.166392535907 
2.63257572253e-22 0.770045686082 0.513363790721 -0.168509000891 
2.63257572253e-22 0.770045686082 0.513363790721 -0.168509000891 
2.6250864533e-22 0.618190327861 0.41212688524 -0.451372518082 
2.6250864533e-22 0.618190327861 0.41212688524 -0.451372518082 
2.6250864533e-22 0.618190327861 0.41212688524 -0.451372518082 
1.03422986223e-20 0.628348973067 0.418899315378 -0.457497284705 
1.03422986223e-20 0.628348973067 0.418899315378 -0.457497284705 
1.03422986223e-20 0.628348973067 0.418899315378 -0.457497284705 
1.03422986223e-20 0.628348973067 0.418899315378 -0.457497284705 
7.43110352664e-21 0.622949557352 0.415299704901 -0.456632779939 
7.43110352664e-21 0.622949557352 0.415299704901 -0.456632779939 
7.43110352664e-21 0.622949557352 0.415299704901 -0.456632779939 
7.43110352664e-21 0.622949557352 0.415299704901 -0.456632779939 
-5.08257565588e-21 0.628683122512 0.419122081675 -0.46467196998 
-5.08257565588e-21 0.628683122512 0.419122081675 -0.46467196998 
3.49786704081e-21 0.616486467447 0.410990978298 -0.493407629631 
2.91930733368e-21 0.608618502051 0.405745668034 -0.489131347708 
-2.08349776765e-21 0.602514437385 0.40167629159 -0.488129378433 
-5.13914379831e-22 0.591959406031 0.394639604021 -0.486392422864 
-8.26452993353e-21 0.580017028998 0.386678019332 -0.496941460669 
5.95304460422e-21 0.573650768992 0.382433845995 -0.482746976118 
-4.3454465048e-21 0.570215047544 0.380143365029 -0.446725654218 
-1.62337640575e-19 0.56926985452 0.379513236347 -0.411053057875 
1.60696823598e-21 0.567017285534 0.378011523689 -0.42198081206 
-1.22861006256e-21 0.56873910063 0.37915940042 -0.423315629647 
-1.8511128854e-21 0.570426314987 0.380284209991 -0.412338492033 
-1.8511128854e-21 0.570426314987 0.380284209991 -0.412338492033 
2.78264172382e-22 0.568451534132 0.378967689421 -0.412286807644 
4.29301626538e-21 0.567241116577 0.378160744384 -0.412458513634 
3.3056471332e-21 0.565757155192 0.377171436795 -0.411995143975 
-1.18124662062e-22 0.56715863217 0.37810575478 -0.41228600799 
6.00790864218e-22 0.565413307637 0.376942205091 -0.426413230278 
-2.48386398516e-21 0.564353878712 0.376235919142 -0.410109095343 
5.53502447631e-21 0.563049934151 0.375366622767 -0.409110219223 
1.08266086375e-21 0.567410001254 0.378273334169 -0.388385479994 
4.0120892276e-21 0.571739713447 0.381159808964 -0.390979396106 
1.31601098806e-21 0.574242757238 0.382828504826 -0.390675491956 
4.78846097523e-21 0.577864121235 0.38524274749 -0.363537736608 
1.76668085215e-21 0.578429918688 0.385619945792 -0.389566762997 
-1.35904279148e-20 0.580872242154 0.387248161436 -0.392397535333 
1.7072365919e-21 0.583518945949 0.389012630632 -0.395901387996 
-2.52687979045e-22 0.579072500967 0.386048333978 -0.428308607133 
-5.65274376312e-21 0.580364168389 0.386909445593 -0.401062856542 
-5.65274376312e-21 0.580364168389 0.386909445593 -0.401062856542 
-4.78210085858e-22 0.579509556377 0.386339704252 -0.374093531448 
3.59358977844e-22 0.574434224859 0.382956149906 -0.373539939407 
-3.54163406838e-23 0.567813177018 0.378542118012 -0.329498451911 
5.0935057468e-21 0.556413611286 0.370942407524 -0.325730859645 
4.68485318193e-21 0.544183285654 0.362788857102 -0.321977305704 
0.0413708777732 0.472121789129 0.314747859419 -0.291821792088 
0.130126945911 0.362855371933 0.241903581289 -0.425817265479 
0.233010641304 0.23489197776 0.15659465184 -0.523598775598 
0.327506023367 0.101535625921 0.0676904172806 -0.523598775598 
0.396491424999 -7.11435926724e-19 -4.74290617816e-19 -0.461327459499 
0.481343461382 8.47032947254e-21 5.64688631503e-21 0.29660168744 
0.796226295381 0.574880551716 0.383253701144 0.0239246248337 
0.878015244994 0.508648971429 0.339099314286 0.0315809861426 
0.858657045008 0.221907738833 0.147938492555 0.0474898344616 
0.913177219973 0.00399577985185 0.00266385323457 0.0556054299552 
1.00557605477 -9.35460644493e-20 -6.23640429662e-20 0.0483789010039 
1.09785498932 -7.89153305844e-23 -5.26102203896e-23 0.0361358421984 
1.18248479327 -8.24265497492e-23 -5.49510331661e-23 0.0292017756312 
1.24516683925 3.15070453545e-22 2.1004696903e-22 0.0265119401254 
1.30045628393 4.20432238314e-22 2.80288158876e-22 0.023035154118 
1.34734524214 1.84415287058e-21 1.22943524705e-21 0.0153502488785 
1.38231581711 -4.65088966318e-22 -3.10059310879e-22 0.0137256387475 
1.40987736065 -1.03018030496e-21 -6.86786869973e-22 0.0120294509983 
1.42874318889 2.62704429307e-22 1.75136286204e-22 0.00882596990962 
1.44240800032 1.21025671983e-22 8.0683781322e-23 0.00507512948668 
1.4511740643 -8.72400293309e-23 -5.8160019554e-23 0.00627284635168 
1.4621549394 1.01053595679e-22 6.73690637858e-23 0.00586530295181 
1.46598554444 5.26904821647e-22 3.51269881098e-22 0.00413366805539 
1.47119138401 5.95460900046e-23 3.96973933364e-23 0.00140999518747 
1.47274849409 -7.85628659068e-22 -5.23752439379e-22 -2.04850711108e-05 
1.46828314611 1.69994616431e-21 1.13329744287e-21 0.00200110994958 
1.46150786491 6.88739363905e-22 4.59159575937e-22 0.00311715096 
1.45778707447 1.25611066408e-21 8.37407109388e-22 0.00312853415997 
1.449877908 1.64793276461e-22 1.09862184307e-22 0.00395199079236 
1.44215186638 1.92286015697e-21 1.28190677132e-21 0.00377051554382 
1.43820432854 -3.95819726809e-22 -2.63879817872e-22 0.00266921785872 
1.43820432854 -3.95819726809e-22 -2.63879817872e-22 0.00266921785872 
1.43033511632 -4.0031699323e-22 -2.66877995486e-22 0.00477603872324 
1.42361917765 -3.49112020295e-22 -2.32741346864e-22 0.00399839647382 
1.4214561174 7.12857802617e-22 4.75238535078e-22 0.00341741796542 
1.41799848683 1.35524765587e-21 9.0349843725e-22 0.00689313887261 
1.40796496335 -4.4798903598e-23 -2.9865935732e-23 0.00938717562951 
1.40774818882 1.13507085026e-21 7.56713900175e-22 0.00612395187729 
1.40289273443 -7.3366138889e-22 -4.89107592593e-22 0.00702471753475 
1.40304960492 8.54189341695e-22 5.6945956113e-22 0.00374919199568 
1.39680327383 -3.00657334859e-21 -2.00438223239e-21 0.000628295601931 
1.37300365987 -1.00200300491e-21 -6.68002003274e-22 0.000461222111878 
1.34549459155 2.64616356144e-22 1.76410904096e-22 0.00240321047843 
1.32203139089 -7.33965485188e-22 -4.89310323459e-22 -0.00109350181671 
1.27022548948 9.86861483655e-20 6.5790765577e-20 0.00396352143526 
1.21281002181 1.17108403808e-18 7.80722692054e-19 0.00809819335486 
1.15356653562 1.59880286658e-18 1.06586857772e-18 0.0109253021492 
1.09246060615 -8.5236983219e-18 -5.68246554794e-18 0.0127918948403 
1.01088891187 0.0149718990872 0.00998126605812 0.0210794274488 
0.930191710354 0.0335894142616 0.0223929428411 0.0246680356941 
0.827202575566 0.0599700728503 0.0399800485669 0.0311891578564 
0.824567234226 0.414438914791 0.27629260986 0.0239213297707 
0.69138523202 0.481081177774 0.320720785182 0.0222741990705 
0.487762655247 0.408965328723 0.272643552482 0.0276999825485 
0.318137040481 0.239623325138 0.159748883425 0.0881686335996 
0.220690881468 0.293995978483 0.195997318989 0.099530666845 
0.145360685061 0.262001794463 0.174667862975 -0.131685463776 
0.0835838226369 0.257580404338 0.171720269559 -0.0587689396316 
0.0403577383778 0.267152072546 0.178101381697 -0.0386747955824 
0.0106272883637 0.211025004866 0.140683336577 -0.0211750299036 
2.3188767143e-19 0.149920660722 0.0999471071482 -0.0134171785297 
5.86740507153e-21 0.133682001664 0.0891213344427 -0.00907733341886 
2.72126031167e-21 0.105397677022 0.0702651180146 -0.00670053232327 
9.14210308476e-21 0.0904371761042 0.0602914507361 -0.00857688354469 
-9.16595196583e-21 0.0378178726854 0.0252119151236 -0.00405933345417 
1.74829805774e-21 0.0380596406403 0.0253730937602 -0.00284267946271 
-1.08096086681e-20 0.0384301740105 0.025620116007 -0.000742125896775 
0.00158780757235 4.85661123331e-18 3.23774082221e-18 0.00205388216754 
5.9804035663e-21 1.45160332773e-20 9.67735551819e-21 -2.87897524585e-09 
0.0018408517564 0.0099628102131 0.0066418734754 -0.000576367506321 
0.00237060912297 0.0262363641262 0.0174909094175 -0.000951525252504 
0.0052587373188 0.0423417352458 0.0282278234972 -0.000452801212524 
0.00982860512453 0.0419269355065 0.0279512903377 -0.000604163953901 
0.0202912465247 -4.93646234934e-18 -3.29097489956e-18 0.00467852091266 
0.0274774197296 1.39559489081e-22 9.30396593876e-23 0.00593211249157 
0.0352929598961 2.59263707645e-23 1.72842471763e-23 0.00499486459559 
0.049217187906 7.13217732313e-22 4.75478488208e-22 0.00859369518553 
0.0601054928504 7.01027605596e-22 4.67351737064e-22 0.0101473709893 
0.0850022591602 -1.86429793384e-21 -1.24286528923e-21 0.0146294593867 
0.112873647212 1.22269946005e-21 8.15132973368e-22 0.0144925483945 
0.158830619233 -2.58983965682e-22 -1.72655977121e-22 0.0118308815513 
0.214532270881 0.072618851489 0.0484125676594 0.00223437617468 
0.286274309081 0.0640661158492 0.0427107438995 0.00206332991035 
0.410084155076 0.184642784669 0.123095189779 0.0175584274122 
0.5647027282 0.33759387757 0.225062585047 0.0153645451254 
0.767074307737 0.481178652927 0.320785768618 0.0159733910801 
0.876846770644 0.417657149378 0.278438099586 0.0248149928635 
0.89450616071 0.0615244216383 0.0410162810922 0.0397220553531 
0.987044104193 -2.79018854166e-17 -1.86012569444e-17 0.0421333831096 
1.09583495282 7.52590282385e-23 5.01726854924e-23 0.0354066370012 
1.18314283049 5.86387017873e-22 3.90924678582e-22 0.0301834807276 
1.25496591208 5.13927202586e-23 3.42618135058e-23 0.0198841394635 
1.31811075088 4.98582892288e-22 3.32388594859e-22 0.0136301856759 
1.35787594109 8.05687042726e-22 5.37124695151e-22 0.0108798930882 
1.39023920892 6.16870520139e-22 4.11247013426e-22 0.00834564440047 
1.41985457481 6.51601443636e-22 4.34400962424e-22 0.00561178197972 
1.44537957264 -5.11075831379e-22 -3.40717220919e-22 -0.000448680358985 
1.4581952596 8.58219126345e-22 5.7214608423e-22 -0.000692309321663 
1.46576744507 2.80098089212e-22 1.86732059475e-22 -0.00533740908825 
1.47294551462 -6.23163278767e-22 -4.15442185844e-22 -0.00729053222753 
1.47561734524 1.10553266647e-22 7.37021777648e-23 -0.0073453806593 
1.47817909964 -7.57148715382e-22 -5.04765810255e-22 -0.00509871587198 
1.47985523557 -8.11430572888e-22 -5.40953715259e-22 -0.00579184255961 
1.47481931221 5.8335530141e-22 3.88903534273e-22 -0.00568445866316 
1.48532940824 -1.41821435418e-21 -9.45476236118e-22 -0.00811468878972 
1.47411500086 -8.17883142393e-22 -5.45255428262e-22 -0.00381332546338 
1.475553311 8.37305611704e-22 5.58203741136e-22 -0.00440968208609 
1.47604938798 1.50610742845e-21 1.00407161897e-21 -0.00221148403056 
1.4814406646 -1.21488159081e-21 -8.09921060541e-22 -0.0035014841548 
1.4750156758 1.97536055491e-22 1.31690703661e-22 -0.00214773220418 
1.47247925049 2.16968910992e-21 1.44645940661e-21 -0.00229748039056 
1.46885973086 3.24206630737e-22 2.16137753825e-22 -0.00251232094365 
1.46355217704 -3.70065959854e-22 -2.46710639903e-22 -0.000429149943319 
1.46744202886 -1.19597734602e-22 -7.97318230682e-23 -0.00221845975589 
1.47296517063 1.1883501518e-22 7.92233434535e-23 -0.0034090333843 
1.46932218625 6.04434639489e-22 4.02956426326e-22 -0.0013303408108 
1.46566293575 4.40186434466e-22 2.93457622977e-22 -0.000849721427429 
1.4554871409 -3.22731513532e-22 -2.15154342354e-22 0.00270301389469 
1.45552189368 6.76007998395e-23 4.5067199893e-23 0.00194822383932 
1.45670280868 1.34021152709e-21 8.93474351394e-22 0.00040426198368 
1.45315562353 5.57803123618e-22 3.71868749079e-22 0.000933625831562 
1.45282346123 1.03818812031e-21 6.92125413537e-22 0.00200616525629 
1.45071414039 1.41775691656e-21 9.45171277705e-22 0.00165102404199 
1.44183275506 4.38306589381e-22 2.92204392921e-22 0.00454840190771 
1.44981933676 -6.56463969931e-22 -4.37642646621e-22 0.00325568072801 
1.44824881924 3.12746783018e-22 2.08497855346e-22 0.00228568392462 
1.44600426948 3.7187723904e-22 2.4791815936e-22 0.0017024930841 
1.44142456463 -1.41679501801e-21 -9.44530012005e-22 0.00248372129872 
1.43989737354 -3.5789808064e-23 -2.38598720427e-23 0.0025940093076 
1.43222975366 -1.76404273166e-22 -1.17602848778e-22 0.00345515250393 
1.42816358506 -2.88647748659e-22 -1.9243183244e-22 0.00257123215411 
1.42587858688 6.44822483899e-22 4.29881655933e-22 0.00257241170426 
1.4237518071 1.94210384013e-22 1.29473589342e-22 0.00214737947799 
1.42166320931 1.74817364233e-21 1.16544909489e-21 0.00122358911086 
1.41869129672 9.61394579813e-22 6.40929719875e-22 -0.000137968476008 
1.40770434628 7.15411270851e-22 4.76940847234e-22 -7.39062921307e-05 
1.39129147601 2.73908104353e-22 1.82605402902e-22 0.00298187388129 
1.35682333889 9.02148213027e-22 6.01432142018e-22 0.00826648413562 
1.29880197724 7.04055853487e-20 4.69370568991e-20 0.0145062639652 
1.24222284956 3.69945288936e-18 2.46630192624e-18 0.0182979669456 
1.157309682 1.74429632035e-19 1.16286421357e-19 0.0265494094909 
1.048918651 1.08487550225e-17 7.23250334833e-18 0.0325631381332 
0.932724129829 0.0256298187041 0.0170865458027 0.0394317986077 
0.807675744664 0.0569490116227 0.0379660077485 0.0446464860688 
0.622045203351 0.108754758315 0.0725031722101 0.0634778316858 
0.465406723563 0.145378764351 0.0969191762343 0.0762349247555 
0.338624277682 0.168231522908 0.112154348605 0.0792300944768 
0.234329090289 0.10015750686 0.0667716712398 -0.127291398202 
0.163619220341 0.104373963508 0.069582642339 -0.0713446913823 
0.116800783588 0.113892956709 0.0759286378061 -0.0538044586869 
0.0834626772989 0.117509254358 0.0783395029052 -0.0422175073595 
0.0631745374028 0.0806317504146 0.0537545002764 -0.0336253380767 
0.0504235041956 0.0819841100226 0.0546560733484 -0.0291908987563 
0.0469804658697 0.0348210132031 0.0232140088021 -0.0243322841631 
0.0423718637926 0.0300621904225 0.0200414602817 -0.0226196164896 
0.0362546746456 0.0605457547308 0.0403638364872 -0.0220322779076 
0.0343804284644 0.0507590184144 0.0338393456096 -0.0213977892024 
0.0328484331327 0.0756725689161 0.0504483792774 -0.0233898820988 
0.0294995667379 0.0763319631922 0.0508879754615 -0.0233245434733 
0.0323970430534 0.0759920379269 0.0506613586179 -0.0232017949854 
0.0309985820485 0.0775103468172 0.0516735645448 -0.0254760671897 
0.0322916592981 0.0668514127902 0.0445676085268 -0.0224217034108 
0.0336908100657 0.0659387027319 0.0439591351546 -0.0206227731338 
0.0368385342087 0.050094052756 0.0333960351707 -0.020931023095 
0.0382383257188 0.0750938652166 0.0500625768111 -0.0241385538299 
0.0443123877002 0.0487527235865 0.0325018157243 -0.0213576323089 
0.0488049222154 0.012995868742 0.00866391249464 -0.0176243410567 
0.0548871402416 0.0127011788363 0.00846745255753 -0.0188272688826 
0.0647957467312 5.16800516198e-19 3.44533677466e-19 -0.0166790686125 
0.0747116606951 -8.64250880704e-22 -5.76167253803e-22 -0.0175543375057 
0.0944077300277 -3.2031202573e-22 -2.13541350487e-22 -0.0157767775392 
0.109165598685 8.01334487755e-22 5.34222991837e-22 -0.0195315906534 
0.127071566473 0.000688257089492 0.000458838059661 -0.0295892015015 
0.171422593406 0.0324830794986 0.0216553863324 -0.0487587153087 
0.218768141784 0.0467530204458 0.0311686802972 -0.0778667472694 
0.276229298539 0.0789191492179 0.0526127661452 -0.189034085354 
0.352482006424 0.0198207621604 0.0132138414403 -0.309469593952 
0.418084495506 0.132959344284 0.0886395628562 0.116443913636 
0.509561996319 0.105276269781 0.0701841798541 0.0911818371189 
0.62968842319 0.0767275875172 0.0511517250115 0.0684286807884 
0.741380032879 0.0540957382957 0.0360638255304 0.0626902489616 
0.847843752732 0.0280054060364 0.0186702706909 0.0494553422977 
0.939023740784 0.00492441464915 0.00328294309944 0.0446036940423 
1.0123900237 2.26428247785e-20 1.5095216519e-20 0.0358664231088 
1.06323494668 -1.28014667971e-22 -8.53431119805e-23 0.0377151688052 
1.10080907079 4.85381450212e-23 3.23587633474e-23 0.0331829704157 
1.13483413758 7.12781380502e-22 4.75187587002e-22 0.0265883013319 
1.14947310674 -5.62491057708e-22 -3.74994038472e-22 0.0252848104464 
1.16041270895 6.29416733535e-22 4.1961115569e-22 0.0262087928536 
1.17320486145 1.60529457104e-22 1.07019638069e-22 0.0255351550508 
1.17310942663 3.32686057501e-22 2.21790705001e-22 0.0266564420237 
1.16840650899 5.7569659407e-22 3.8379772938e-22 0.0295002431108 
1.16669870621 1.14545368476e-22 7.63635789842e-23 0.0306484822468 
1.1646832868 6.76404757796e-22 4.50936505197e-22 0.0345591412498 
1.16539535119 4.33626948145e-22 2.89084632097e-22 0.0291906526589 
1.1671683189 2.7573786167e-22 1.83825241113e-22 0.0264624279241 
1.15023945025 4.49033979068e-22 2.99355986045e-22 0.0325088220179 
1.15654080265 4.52237637269e-22 3.01491758179e-22 0.0313042368813 
1.16057661295 -1.87175975445e-22 -1.2478398363e-22 0.0259204497743 
1.15311650188 -4.46908260051e-22 -2.97938840034e-22 0.0268701538221 
1.15442979485 -5.2279925453e-22 -3.48532836354e-22 0.0245351843746 
1.15505277347 7.4816295817e-22 4.98775305447e-22 0.0215761667676 
1.15640347496 -2.34413521708e-23 -1.56275681138e-23 0.0234478692068 
1.14470224424 -2.05157741348e-20 -1.36771827565e-20 0.026535404952 
1.13918393265 3.72080383672e-22 2.48053589115e-22 0.0250574250738 
1.13741324596 -2.32166756408e-22 -1.54777837605e-22 0.0257172805691 
1.13439405731 7.59023707115e-23 5.06015804743e-23 0.0247983279999 
1.1326509174 1.68132289928e-22 1.12088193285e-22 0.0227602172884 
1.13153682567 1.37320017841e-22 9.15466785609e-23 0.0223891148978 
1.12716014435 3.95911181779e-22 2.63940787853e-22 0.0214407939223 
1.11183377712 -1.23031442785e-18 -8.20209618564e-19 0.0277533845729 
1.10869017975 -1.77810838957e-22 -1.18540559305e-22 0.0274051304792 
1.10259333521 1.26178110773e-22 8.41187405154e-23 0.030235101685 
1.09689859021 -2.56679153222e-23 -1.71119435481e-23 0.0308689778414 
1.09705486017 7.29863098492e-23 4.86575398995e-23 0.0327014276083 
1.096881705 4.77373797487e-22 3.18249198325e-22 0.0277883269593 
1.09141690946 -3.68709412387e-23 -2.45806274925e-23 0.0282792934037 
1.09139818431 1.62239366438e-23 1.08159577625e-23 0.0258849708004 
1.098329589 3.85354804137e-22 2.56903202758e-22 0.0200025743916 
1.09764745734 -2.48110438503e-22 -1.65406959002e-22 0.0163811196801 
1.09123815985 3.26765233559e-22 2.17843489039e-22 0.0170819877329 
1.0866070553 4.19411023044e-22 2.79607348696e-22 0.0210436517533 
1.10306545169 -7.23164397563e-23 -4.82109598375e-23 0.0191197277913 
1.10869555012 4.43207556248e-23 2.95471704165e-23 0.0204653940559 
1.11273933935 -3.50036001582e-22 -2.33357334388e-22 0.0232523908574 
1.13709154833 -4.44856902198e-22 -2.96571268132e-22 0.0210602624369 
1.15429079015 5.81294746174e-23 3.87529830783e-23 0.0201032789536 
1.19170231767 5.01461421175e-22 3.34307614116e-22 0.014984984602 
1.24651325829 -4.18490457022e-22 -2.78993638015e-22 0.01759230708 
1.29746104553 5.84579896882e-22 3.89719931255e-22 0.0204969325911 
1.34852475814 -2.20099122963e-22 -1.46732748642e-22 0.0204886090654 
1.39496820842 4.99692579205e-22 3.33128386137e-22 0.0181279161343 
1.43211711088 -1.4351049077e-21 -9.56736605136e-22 0.0124441144337 
1.45651796384 2.0049936547e-21 1.33666243647e-21 0.0107415064694 
1.48160435172 1.21399998337e-21 8.09333322247e-22 0.00675349372447 
1.49581276542 -1.35695440388e-21 -9.04636269253e-22 0.00388902863139 
1.49915011108 2.9351836298e-22 1.95678908653e-22 0.0026472071932 
1.50293086739 -4.47170324862e-22 -2.98113549908e-22 0.00205460884561 
1.5091059557 6.10276744632e-22 4.06851163088e-22 -0.000834304362246 
1.51051547077 -2.34653042294e-22 -1.56435361529e-22 -0.00170477270657 
1.50924039095 8.25694451641e-22 5.5046296776e-22 0.00120539657344 
1.51288374834 -8.06540550074e-22 -5.37693700049e-22 0.000124038242522 
1.50968272496 1.11337764118e-21 7.42251760787e-22 0.00205363157689 
1.50441453159 1.59151395884e-21 1.06100930589e-21 0.00366573216099 
1.50116832937 1.18267975865e-21 7.88453172436e-22 0.00418458029115 
1.49877468962 -1.88476370935e-22 -1.25650913957e-22 0.00359063254873 
1.50044007299 1.09360153935e-21 7.29067692902e-22 0.00254255026779 
1.50752929323 -3.62595681469e-22 -2.41730454313e-22 0.000802773963592 
1.50764230586 4.92747821887e-22 3.28498547925e-22 7.22768292734e-05 
1.50654944842 2.00117069197e-21 1.33411379465e-21 -0.000692523122532 
1.49506708756 1.20832954095e-22 8.05553027299e-23 0.00213068792003 
1.49553765322 -9.8084140313e-23 -6.53894268754e-23 0.00162107563999 
1.49105076658 5.45592925994e-22 3.63728617329e-22 0.00254015048693 
1.49122247211 -5.21263145129e-22 -3.4750876342e-22 0.00187167248258 
1.47879770867 1.08764919765e-22 7.25099465103e-23 0.00607210742498 
1.48316755595 -5.92271109093e-22 -3.94847406062e-22 0.00508807588506 
1.47622707867 1.84945039352e-21 1.23296692901e-21 0.007711485252 
1.47622707867 1.84945039352e-21 1.23296692901e-21 0.007711485252 
1.47631313964 -1.37575255427e-21 -9.17168369516e-22 0.00727100377615 
1.47198532397 -6.92113952668e-22 -4.61409301779e-22 0.00378381890899 
1.46462615377 3.32763350677e-22 2.21842233785e-22 0.00563293797275 
1.45393796495 -5.97377956099e-22 -3.98251970733e-22 0.00825365111423 
1.45053243884 1.53351794974e-21 1.02234529982e-21 0.00919995910909 
1.4408140683 -1.01508459228e-22 -6.76723061518e-23 0.0118539274802 
1.42342808361 1.03016059648e-22 6.8677373099e-23 0.0127504487841 
1.40747269223 2.81799570036e-22 1.87866380024e-22 0.0121160207335 
1.36277375686 -3.86772683784e-22 -2.57848455856e-22 0.0194835737657 
1.30422002206 2.69435180388e-22 1.79623453592e-22 0.0333409969035 
1.23719617607 3.45338025423e-22 2.30225350282e-22 0.0527954881387 
1.16605831204 1.39367153922e-22 9.29114359478e-23 0.0708480725484 
1.08503135114 2.95050877691e-20 1.96700585127e-20 0.0984678495461 
1.00277647722 0.0024503130622 0.00163354204146 0.130719695245 
0.915869184343 0.0275037547762 0.0183358365175 0.180046327812 
0.878192633429 0.376599596198 0.251066397465 0.159155790571 
0.866752669073 0.622155034124 0.414770022749 0.157584954241 
0.820474720149 0.800107956501 0.533405304334 0.179024416953 
0.775662258119 0.919234848184 0.612823232123 0.19810735325 
0.643787870962 1.06723052494 0.711487016625 0.210082747356 
0.503587163635 1.19492889097 0.79661926065 0.190213226073 
0.369183262266 1.28557464876 0.857049765838 0.144394593456 
0.234903659773 1.35245978849 0.901639858991 0.0913924387705 
0.0557444493333 1.39980382464 0.933202549757 0.029246443325 
-4.07371019398e-17 1.42853732265 0.952358215099 -0.00835005417395 
-7.04223819893e-22 1.45308789362 0.968725262415 -0.0296518323054 
-9.87079502864e-22 1.47035976226 0.980239841508 -0.043935042011 
2.07404707093e-21 1.4797703588 0.986513572537 -0.0538691829139 
6.08488927432e-23 1.48519354777 0.990129031845 -0.0622836249243 
3.36451747921e-22 1.48669863795 0.991132425299 -0.0688268646115 
2.16939790404e-21 1.48932529769 0.992883531791 -0.0721445607066 
9.40018403316e-23 1.49135664584 0.994237763897 -0.0723479313782 
-2.03214414213e-22 1.49333105906 0.995554039375 -0.0727249902209 
2.4128791688e-22 1.49102729645 0.994018197635 -0.0782551956381 
-1.88845752202e-22 1.49242110323 0.994947402153 -0.0782888791764 
-3.87782591001e-22 1.49122634752 0.994150898348 -0.0783139917645 
-3.87782591001e-22 1.49122634752 0.994150898348 -0.0783139917645 
7.94206774095e-22 1.49189871134 0.99459914089 -0.078461534684 
1.01010075716e-21 1.49262006702 0.995080044681 -0.0786879934433 
1.57731747079e-21 1.48946284496 0.992975229974 -0.0820587575846 
1.6656182622e-21 1.48677813494 0.991185423293 -0.0819819886077 
1.08535150084e-21 1.4857779133 0.990518608868 -0.0819310084609 
2.05335908992e-21 1.48507266291 0.99004844194 -0.0818882610004 
2.43623980387e-21 1.48467623033 0.989784153553 -0.0818012830617 
2.06659623165e-23 1.48066505193 0.98711003462 -0.081664429316 
7.56442528011e-22 1.47865493547 0.985769956978 -0.0817009031279 
-7.27725944332e-22 1.47680901205 0.984539341365 -0.0817330748238 
-1.96167086077e-21 1.47329833272 0.982198888481 -0.0816497993119 
2.91155313826e-22 1.46898880318 0.97932586879 -0.0815123434167 
-1.26053168385e-21 1.46800825401 0.978672169338 -0.0812525771281 
-5.0990139422e-23 1.46729602706 0.978197351371 -0.0765660063324 
1.67678240604e-21 1.4651320052 0.976754670135 -0.0763151589239 
-4.91671180739e-22 1.46046175601 0.973641170675 -0.0760853909972 
-7.28347342167e-22 1.4610592788 0.974039519203 -0.0760203793771 
-1.16302862422e-21 1.45942125512 0.972947503414 -0.075832098586 
2.49620872824e-21 1.46041426585 0.973609510567 -0.0756750606369 
-1.73026924895e-21 1.45781743704 0.971878291359 -0.0753712953149 
-1.73026924895e-21 1.45781743704 0.971878291359 -0.0753712953149 
-1.73026924895e-21 1.45781743704 0.971878291359 -0.0753712953149 
-4.43175369987e-22 1.45565230896 0.970434872642 -0.0750683970989 
-8.92539334872e-22 1.45679425283 0.971196168552 -0.0749086007132 
4.72998819902e-21 1.45778219196 0.971854794638 -0.0709984923581 
1.79992209659e-21 1.45877135909 0.972514239394 -0.067365097389 
-4.83298175273e-22 1.45853262758 0.972355085056 -0.0581777384656 
-1.93662048918e-21 1.45969181843 0.973127878953 -0.0433590037969 
1.95123474518e-21 1.45841637987 0.972277586578 -0.023887888503 
1.65261059543e-21 1.450117407 0.966744937997 0.00572712198562 
-1.6064514932e-21 1.44843892312 0.965625948745 0.0318878255885 
3.66367665664e-22 1.4369885835 0.957992388998 0.0605440709404 
0.0782270218313 1.4184354052 0.945623603464 0.103376321333 
0.186296167671 1.38693520806 0.92462347204 0.156685610898 
0.295064794596 1.33895413487 0.892636089913 0.206591302433 
0.381686128285 1.29131499359 0.860876662391 0.246962925129 
0.453192108498 1.23903946875 0.826026312498 0.270827393873 
0.511863066981 1.18325098996 0.788833993304 0.272733855153 
0.55775474347 1.13056237799 0.753708251993 0.261802662229 
0.558602755953 1.08480076617 0.72320051078 0.243810003515 
0.615504243628 1.05060779079 0.700405193863 0.231781466057 
0.617816180376 1.01842529745 0.678950198303 0.213887236377 
0.622367095024 1.00014918302 0.666766122016 0.194833718128 
0.625319956404 0.979862910789 0.653241940526 0.181702361643 
0.626428573147 0.972782748168 0.648521832112 0.166110791556 
0.624646943455 0.971246596867 0.647497731245 0.151912008936 
0.571771228272 0.965746306356 0.643830870904 0.140390413189 
0.513513169507 0.95365410489 0.63576940326 0.129548633777 
0.433683840334 0.94175519094 0.62783679396 0.126748264654 
0.357000430637 0.926251949129 0.617501299419 0.126717687236 
0.291518899377 0.903825680636 0.602550453757 0.127731268396 
0.240836705351 0.881495860189 0.587663906792 0.13370457065 
0.202683449069 0.856214403031 0.570809602021 0.13935701646 
0.165376488095 0.834204307374 0.556136204916 0.146596140165 
0.136521798518 0.804598658739 0.536399105826 0.154705718211 
0.110081640833 0.792215045569 0.528143363713 0.160548567364 
0.0936944086871 0.803528006849 0.535685337899 0.159698593247 
0.0864414579352 0.801319911604 0.534213274402 0.15440761616 
0.0765360638262 0.811491054156 0.540994036104 0.156770405981 
0.07167929972 0.816817875006 0.544545250004 0.157127412953 
0.0726400131305 0.814267580432 0.542845053621 0.153750550834 
0.067287488746 0.820113227299 0.546742151533 0.153615234511 
0.0704348484916 0.816931583887 0.544621055924 0.150857481706 
0.071758428034 0.814923989769 0.543282659846 0.147634881556 
0.0727424900078 0.813475849142 0.542317232761 0.14443497287 
0.0770280326723 0.810690918535 0.540460612357 0.143214006566 
0.0882952251094 0.827060713924 0.551373809283 0.12797016391 
0.0969205688738 0.815647801333 0.543765200888 0.124326101667 
0.10031238733 0.805801601357 0.537201067571 0.119263278737 
0.102696913746 0.801363914467 0.534242609645 0.117058556036 
0.109318359591 0.793388539395 0.52892569293 0.114070272129 
0.111972839513 0.791659636759 0.527773091173 0.113296116463 
0.131850076954 0.817646955894 0.545097970596 0.100849424187 
0.142019083316 0.807411389177 0.538274259451 0.0983890086042 
0.162001545406 0.813315828337 0.542210552224 0.0910115072228 
0.197434731876 0.817773839849 0.545182559899 0.0857007991175 
0.238798977149 0.830080376747 0.553386917831 0.0808288387578 
0.277180145201 0.818696241942 0.545797494628 0.0766450870369 
0.331231228115 0.822637025857 0.548424683905 0.0713357041991 
0.387282992467 0.825081301143 0.550054200762 0.0684654858924 
0.44097488185 0.822837391518 0.548558261012 0.0643517274929 
0.504964775416 0.82406155714 0.549374371427 0.0610188521127 
0.568636706332 0.820821306952 0.547214204635 0.0585639779685 
0.632017242735 0.835778924726 0.557185949818 0.0612998022527 
0.641022860654 0.823812720815 0.549208480543 0.0646597446681 
0.699688361901 0.847835903354 0.56522393557 0.0680136485058 
0.702004729046 0.8445175938 0.5630117292 0.072183163311 
0.704128326441 0.843463996076 0.562309330717 0.0782248955586 
0.738968467582 0.856692384887 0.571128256592 0.0826001660595 
0.735978047 0.865140925236 0.576760616824 0.0915250282101 
0.734420062535 0.870811945821 0.580541297214 0.0975650230692 
0.734041034986 0.874777962375 0.58318530825 0.106941057415 
0.731465781004 0.88528307709 0.59018871806 0.118503188963 
0.722876891601 0.916466835957 0.610977890638 0.144865898848 
0.713763931577 0.955579170627 0.637052780418 0.172725320282 
0.705363658238 0.998304340942 0.665536227295 0.199831880858 
0.639950665769 1.04741795103 0.698278634023 0.235545404085 
0.630730442964 1.08673067328 0.724487115522 0.268451430721 
0.617795237251 1.12565177771 0.750434518474 0.300950237592 
0.543497694295 1.18436348147 0.789575654315 0.313423895996 
0.54487893552 1.22938460414 0.819589736094 0.328416723377 
0.423904050685 1.29573787894 0.863825252624 0.302634552299 
0.302574092582 1.36340068007 0.908933786714 0.255558636523 
0.169812226781 1.41762508369 0.94508338913 0.194267839994 
0.0244074081387 1.4632383677 0.975492245136 0.133906257316 
3.88535414031e-18 1.50366960722 1.00244640481 0.0903886459781 
-3.37904865031e-21 1.53695597369 1.02463731579 0.0571979949198 
1.19440232318e-21 1.56268856329 1.04179237552 0.0297760653773 
2.54109884176e-21 1.5870735095 1.05804900634 0.00274666853277 
0.0053888458233 1.60656722869 1.07104481913 -0.0177608204456 
0.610719287184 1.57980439069 1.05320292713 0.128715169574 
0.643110009943 1.59083351821 1.06055567881 0.102216561479 
0.671992408639 1.59803367004 1.06535578003 0.0849042550905 
0.696124840082 1.60330096764 1.06886731176 0.0722348248563 
0.715192543263 1.60626879179 1.07084586119 0.0620428455142 
0.730508410268 1.61053823767 1.07369215845 0.0524307602863 
0.743312185163 1.61401271223 1.07600847482 0.0430012655103 
0.756156169561 1.61595572963 1.07730381975 0.033808411245 
0.767381982805 1.61740501287 1.07827000858 0.0242167397019 
0.775380181058 1.61830728306 1.07887152204 0.0170523826777 
0.782368368717 1.61774787707 1.07849858471 0.0106330358202 
0.789095301718 1.61790278417 1.07860185612 0.0048194314274 
0.794168467183 1.61663349109 1.07775566073 -0.0005837763632 
0.794358170549 1.61730303115 1.07820202077 -0.000693179408766 
0.801700627695 1.61693652981 1.07795768654 -0.00541270057828 
0.801986994022 1.61869114302 1.07912742868 -0.00553040976055 
0.802112336374 1.61925736911 1.07950491274 -0.00563284463787 
0.806008432646 1.61870752271 1.07913834848 -0.0104381585475 
0.806008432646 1.61870752271 1.07913834848 -0.0104381585475 
0.805970111181 1.61812081754 1.0787472117 -0.0104770149294 
0.80611221655 1.61886605233 1.07924403489 -0.0105747054163 
0.80611221655 1.61886605233 1.07924403489 -0.0105747054163 
0.806150096707 1.61909384375 1.07939589583 -0.0106429246624 
0.806055192622 1.61873358123 1.07915572082 -0.0106461209439 
0.80039164761 1.61838460192 1.07892306794 -0.0091512011834 
0.792307627458 1.61716207439 1.07810804959 -0.0051966340741 
0.776079280685 1.61401644837 1.07601096558 0.00713235821748 
0.755609705525 1.60537490678 1.07024993785 0.0460453562723 
0.720458367075 1.59449872716 1.06299915144 0.0721271690959 
0.681697088517 1.57839383216 1.05226255477 0.106007212554 
0.649070357469 1.56081590647 1.04054393765 0.134964346959 
0.589681280813 1.54355083655 1.02903389103 0.142994585726 
0.503953936258 1.52886913669 1.01924609112 0.138242155013 
1.0851636937e-16 1.5257533117 1.01716887447 0.0281393026077 
-1.30861461288e-22 1.49262127068 0.995080847123 0.0621555256355 
3.74265946938e-08 1.45458423385 0.969722822564 0.0957243474238 
0.199556028925 1.39380610473 0.929204069822 0.169875047701 
0.364283366176 1.31451209667 0.876341397782 0.235720736854 
0.498955973458 1.21388960179 0.809259734523 0.267234954473 
0.579937790476 1.12510977438 0.750073182921 0.25035353207 
0.643351847683 1.04726226471 0.698174843139 0.221208772324 
0.681226776788 0.975849431292 0.650566287528 0.196120894431 
0.728618463443 0.921565486171 0.61437699078 0.160814531932 
0.741312415868 0.874981885583 0.583321257055 0.135738900331 
0.751867302514 0.847545963019 0.565030642013 0.118643742047 
0.760816182608 0.825546196914 0.550364131276 0.0995809439334 
0.761493254344 0.82305960388 0.548706402586 0.0871531919429 
0.757058732493 0.829247689938 0.552831793292 0.0737271748537 
0.746691141035 0.846363487425 0.56424232495 0.0632309710096 
0.666840164537 0.824548165827 0.549698777218 0.0512473823832 
0.581698270559 0.800310884166 0.533540589444 0.0433404773964 
0.453658424561 0.731899574457 0.487933049638 0.0389905562396 
0.365483715116 0.672511474203 0.448340982802 0.0397776086007 
0.301942048426 0.610615506745 0.407077004497 0.043246781204 
0.253810170059 0.540314669707 0.360209779805 0.0522948385881 
0.235354306485 0.547053660563 0.364702440376 0.0517514475218 
0.21313943195 0.507907320909 0.338604880606 0.0666005052199 
0.202211682556 0.510470041232 0.340313360821 0.0651836060352 
0.176431450672 0.351615664209 0.234410442806 0.225854692199 
0.174184235048 0.347421427412 0.231614284941 0.219926582857 
0.177440486458 0.387098412175 0.258065608117 0.115723325314 
0.175774422007 0.369709359793 0.246472906529 0.103514104582 
0.171768515951 0.379039063675 0.252692709116 0.109140279112 
0.170542869042 0.388439419647 0.258959613098 0.115969901534 
0.167408224324 0.389169667601 0.259446445067 0.116212322803 
0.164909501675 0.389779252409 0.259852834939 0.116309875587 
0.163753536565 0.390220560536 0.260147040358 0.116443009368 
0.162362634949 0.390860016444 0.260573344296 0.116687732189 
0.160719438834 0.397625896259 0.265083930839 0.122675011209 
0.161425008764 0.384208726587 0.256139151058 0.116809733451 
0.160613982989 0.391044298442 0.260696198961 0.123651372206 
0.163643467164 0.3682610341 0.245507356067 0.111139650573 
0.163145414836 0.358898174228 0.239265449485 0.107320387214 
0.167056536327 0.339021970754 0.22601464717 0.0986462797978 
0.161825934935 0.354716740311 0.236477826874 0.108200890257 
0.163474922321 0.37273294747 0.248488631647 0.120311536 
0.167615967828 0.380844451835 0.253896301224 0.127192940715 
0.166204120993 0.387836272572 0.258557515048 0.132946289927 
0.169155883959 0.392068358475 0.26137890565 0.136521456566 
0.16497401788 0.413828535326 0.275885690217 0.152157413171 
0.163494899322 0.4227390494 0.281826032933 0.160590301346 
0.169970459821 0.415331456739 0.276887637826 0.156471380967 
0.16595571178 0.425355684172 0.283570456114 0.165451926355 
0.163760433489 0.440421890216 0.293614593477 0.178171753636 
0.160372636015 0.459416894363 0.306277929575 0.194386914379 
0.157188550002 0.477182831208 0.318121887472 0.210585620235 
0.190117190914 0.314067420854 0.209378280569 0.523598775598 
0.178969231045 0.332902590826 0.221935060551 0.523598775598 
0.180813132767 0.333185921554 0.222123947702 0.523598775598 
0.174623335419 0.3440372237 0.229358149134 0.523598775598 
0.185657352321 0.329615978406 0.219743985604 0.523598775598 
0.182358486812 0.337993923109 0.225329282073 0.523598775598 
0.186100554268 0.334275761167 0.222850507445 0.523598775598 
0.187539818101 0.335742479091 0.223828319394 0.523598775598 
0.174401238208 0.36759440798 0.245062938654 0.523598775598 
0.145263455392 0.448691604335 0.299127736223 0.523598775598 
0.133636918683 0.501383816789 0.334255877859 0.523598775598 
0.115248777139 0.558671231352 0.372447487568 0.523598775598 
0.111821058988 0.592317574219 0.394878382813 0.523598775598 
0.115640130548 0.615012946285 0.410008630857 0.523598775598 
0.116282539976 0.639600299177 0.426400199451 0.523598775598 
0.118243180417 0.654038060074 0.436025373383 0.523598775598 
0.119068980267 0.661747037641 0.441164691761 0.523598775598 
0.124950239665 0.664807823747 0.443205215832 0.523598775598 
0.126536883332 0.673281226459 0.448854150973 0.523598775598 
0.132374462379 0.674902627165 0.449935084777 0.523598775598 
0.140649431477 0.668243894941 0.445495929961 0.523598775598 
0.155415276438 0.655687952579 0.437125301719 0.523598775598 
0.151070045828 0.66977439994 0.446516266627 0.523598775598 
0.149854528375 0.673954697657 0.449303131772 0.523598775598 
0.149854528375 0.673954697657 0.449303131772 0.523598775598 
0.149854528375 0.673954697657 0.449303131772 0.523598775598 
0.148172764023 0.681644298638 0.454429532426 0.523598775598 
0.144970823593 0.682973455982 0.455315637321 0.523598775598 
0.136979958451 0.701483396906 0.467655597937 0.523598775598 
0.139049579274 0.695827771105 0.463885180737 0.523598775598 
0.134953578678 0.697965787315 0.465310524876 0.523598775598 
0.144075198043 0.684722780602 0.456481853734 0.523598775598 
0.140580332037 0.68773014724 0.458486764827 0.523598775598 
0.140580332037 0.68773014724 0.458486764827 0.523598775598 
0.14824890118 0.675180620206 0.450120413471 0.523598775598 
0.155053095526 0.662124859962 0.441416573308 0.523598775598 
0.155053095526 0.662124859962 0.441416573308 0.523598775598 
0.164200782382 0.646715819238 0.431143879492 0.523598775598 
0.164200782382 0.646715819238 0.431143879492 0.523598775598 
0.16249543912 0.657116777675 0.438077851783 0.523598775598 
0.16088672546 0.664025377488 0.442683584992 0.523598775598 
0.163690091248 0.657697171929 0.438464781286 0.523598775598 
0.169415497182 0.654803746796 0.436535831197 0.523598775598 
0.165799565057 0.653006426941 0.435337617961 0.523598775598 
0.149803801347 0.671871380107 0.447914253405 0.523598775598 
0.152037608749 0.659438872362 0.439625914908 0.523598775598 
0.144572195093 0.664295756938 0.442863837959 0.523598775598 
0.144705688879 0.645796454731 0.430530969821 0.523598775598 
0.142467852259 0.622987870774 0.415325247183 0.523598775598 
0.128104399779 0.610862715722 0.407241810482 0.523598775598 
0.115805394789 0.584739800725 0.389826533817 0.523598775598 
0.110963586374 0.554526980017 0.369684653345 0.506462827926 
0.110275585614 0.524416121585 0.349610747723 0.487431769758 
0.111369191074 0.491107982521 0.327405321681 0.466716854007 
0.112809198258 0.465274627917 0.310183085278 0.450982860747 
0.109656392548 0.453794653485 0.30252976899 0.393185985622 
0.110239748405 0.439624798226 0.293083198817 0.348930420185 
0.107199782383 0.425529512741 0.283686341827 0.342347236991 
0.107197983677 0.411021164102 0.274014109401 0.334470936607 
0.103944421844 0.4064351194 0.270956746267 0.330751983481 
0.0992246139839 0.409517418725 0.273011612484 0.309082571459 
0.0991423949397 0.403584080434 0.269056053623 0.305980438823 
0.0943021267349 0.409934374764 0.273289583176 0.309148946224 
0.097119790046 0.398818286824 0.265878857883 0.281756886324 
0.0964435855816 0.396749127826 0.264499418551 0.281228532696 
0.0945281830068 0.396427161322 0.264284774214 0.281033973251 
0.0924889316556 0.393755093891 0.262503395927 0.277256554968 
0.0967619898898 0.38977882625 0.259852550834 0.2356465016 
0.0979509299259 0.393641834562 0.262427889708 0.241038167039 
0.106131477185 0.377567159746 0.251711439831 0.282703719398 
0.116225256661 0.364793885398 0.243195923599 0.308611902112 
0.126576177928 0.35692811505 0.2379520767 0.340414300132 
0.132104355791 0.35778218827 0.238521458846 0.402360518578 
0.138543806231 0.350177918635 0.233451945757 0.432898838744 
0.148452265757 0.345163412418 0.230108941612 0.484903857429 
0.160949165163 0.332494924391 0.221663282927 0.513121824506 
0.168416758855 0.328656666464 0.219104444309 0.523598775598 
0.172390884825 0.331474766188 0.220983177459 0.523598775598 
0.168960682647 0.353120525804 0.235413683869 0.523598775598 
0.155856218778 0.387529034975 0.258352689983 0.523598775598 
0.147614615955 0.421650745862 0.281100497242 0.523598775598 
0.139267570681 0.467679417372 0.311786278248 0.523598775598 
0.134816699681 0.517707861506 0.345138574337 0.523598775598 
0.12798826091 0.581654054729 0.38776936982 0.523598775598 
0.137091105804 0.621340790353 0.414227193568 0.523598775598 
0.145969031753 0.673447190606 0.448964793738 0.523598775598 
0.156725959495 0.727574529609 0.485049686406 0.523598775598 
0.173615772378 0.771911201448 0.514607467632 0.523598389644 
0.594219387391 1.08353660819 0.722357738793 0.193678893001 
0.5890365225 1.10668301004 0.737788673362 0.216961588849 
0.581137617494 1.13011942383 0.753412949218 0.238614045317 
0.570293908061 1.15680518621 0.771203457473 0.261240065282 
0.526845288341 1.18090132031 0.787267546872 0.266284556613 
0.526980712382 1.20938564199 0.806257094661 0.275830548532 
0.51720642722 1.23476219406 0.823174796037 0.292992313163 
0.438156283811 1.26954248576 0.846361657175 0.264629067706 
0.437595139238 1.29367689416 0.862451262774 0.253911258101 
0.325739084351 1.33274856404 0.888499042695 0.206173166708 
0.276670065008 1.35422141283 0.902814275219 0.171509306117 
0.216579579548 1.37914771863 0.919431812422 0.136756414618 
0.151774679911 1.40097918376 0.933986122504 0.103402065541 
0.101111487195 1.4145097247 0.943006483131 0.0768176955312 
0.0421034529433 1.42883743638 0.952558290919 0.0549348424341 
9.11079023026e-18 1.44001216247 0.960008108312 0.0371297218359 
5.78441987851e-22 1.44651311594 0.964342077294 0.0254249489946 
-6.32574194508e-22 1.45318039575 0.968786930502 0.0189710832781 
-2.46988498569e-21 1.45690995021 0.971273300138 0.0142234519376 
2.18690341322e-22 1.46215486073 0.974769907152 0.0125709234626 
-3.98555789153e-22 1.46369898082 0.975799320546 0.0107426540689 
1.58005970711e-21 1.46548352013 0.976989013421 0.0106638289466 
-1.8670081026e-21 1.46740011267 0.978266741782 0.0106026613464 
2.35943843472e-21 1.46757541016 0.978383606774 0.00823665053486 
1.47745672736e-21 1.46847645314 0.978984302092 0.00822497510925 
7.30512656815e-22 1.47084232705 0.980561551366 0.00815113009268 
2.65960080364e-21 1.47129302203 0.980862014687 0.00810794695184 
-1.32389408347e-21 1.4726311834 0.981754122265 0.00805877606991 
1.14067621951e-21 1.4703708283 0.980247218867 0.00461292546826 
-3.66964086109e-22 1.4699056734 0.979937115598 0.00464318896339 
1.97809278997e-21 1.46857586181 0.979050574542 0.00453672338621 
-3.00287816578e-21 1.47052707046 0.980351380305 0.00447069361709 
3.07824252698e-21 1.4703190804 0.980212720264 0.00443929610713 
-8.6285903652e-22 1.47009020139 0.980060134262 0.00439133674006 
-4.77805767004e-22 1.46896148663 0.979307657755 0.00434903291554 
3.00842889866e-23 1.46386675713 0.97591117142 0.00427255479694 
2.44545093526e-21 1.45562012258 0.970413415053 0.00426513546156 
1.10324332157e-22 1.44676688005 0.964511253365 0.0101493078371 
-1.34099174525e-22 1.43134313088 0.954228753918 0.0177169332498 
0.121481051628 1.39901983168 0.932679887785 0.0529429243928 
0.265682046382 1.34292546559 0.895283643726 0.0954961531993 
0.39820560147 1.26318126372 0.842120842478 0.132447535149 
0.526464494963 1.15943281635 0.7729552109 0.157284938616 
0.639212351257 1.04398662806 0.695991085373 0.154177897142 
0.745401044788 0.900830160741 0.600553440494 0.127695135071 
0.800749087888 0.741131616071 0.494087744047 0.106377221983 
0.834921030624 0.514422490927 0.342948327285 0.090631430642 
0.860055145145 0.157066714598 0.104711143065 0.0885151363887 
0.952729165409 0.11833957008 0.0788930467202 0.0532931252997 
0.981710700784 -3.33287242655e-17 -2.22191495104e-17 0.0376751746191 
1.03152725933 1.35615794848e-22 9.04105298985e-23 0.0167642530796 
1.06673605854 8.05054676708e-23 5.36703117806e-23 0.00505573795948 
1.07776480674 4.9797395029e-22 3.31982633527e-22 0.00464156219963 
1.0957838926 2.29133158496e-23 1.52755438997e-23 -0.00362362226074 
1.10434009945 2.54486060087e-22 1.69657373392e-22 -0.00333446940039 
1.11088636826 -2.24296203766e-22 -1.49530802511e-22 -0.00988352750192 
1.10971656313 3.38393399841e-22 2.25595599894e-22 -0.00306947330033 
1.11909732547 1.54087023183e-22 1.02724682122e-22 -0.0107206940669 
1.12994359929 -2.74115303805e-22 -1.8274353587e-22 -0.0144185429603 
1.12994359929 -2.74115303805e-22 -1.8274353587e-22 -0.0144185429603 
1.12994359929 -2.74115303805e-22 -1.8274353587e-22 -0.0144185429603 
1.13314931376 1.81816105343e-22 1.21210736895e-22 -0.0164994519666 
1.13314931376 1.81816105343e-22 1.21210736895e-22 -0.0164994519666 
1.1307215633 1.69201763737e-22 1.12801175825e-22 -0.0129101668686 
1.12166221903 -2.59587210448e-22 -1.73058140299e-22 -0.00766176311213 
1.11125288458 2.67533377236e-22 1.78355584824e-22 -0.00275882765723 
1.11125288458 2.67533377236e-22 1.78355584824e-22 -0.00275882765723 
1.10802339906 -3.3837571941e-22 -2.2558381294e-22 -0.00666784978543 
1.10247087741 3.49683236819e-22 2.33122157879e-22 0.0011133725056 
1.09756555242 -5.60862561512e-23 -3.73908374341e-23 0.00295801317539 
1.07610139052 1.79001270893e-22 1.19334180595e-22 0.0100350080497 
1.06457507233 3.65840378319e-22 2.43893585546e-22 0.0148376961385 
1.0349929508 2.96197908247e-19 1.97465272165e-19 0.0283605526574 
1.01072581122 0.000239732697186 0.000159821798124 0.0438744739845 
0.976480609027 0.00353373572254 0.00235582381503 0.0567171400724 
0.920099993987 0.0160809865758 0.0107206577172 0.0877572662349 
0.852448819025 0.0375238764697 0.0250159176465 0.120405733007 
0.844361367551 0.339011716785 0.22600781119 0.104166887427 
0.851590274991 0.59042670206 0.393617801374 0.107454628429 
0.838740270142 0.719863080189 0.479908720126 0.119371574594 
0.795609804902 0.798801138221 0.532534092148 0.133318936623 
0.763556706862 0.886629024212 0.591086016141 0.147695685421 
0.743120990112 0.952719372392 0.635146248262 0.157888268269 
0.691211912268 1.00143380415 0.667622536098 0.168122068874 
0.679014108382 1.0395819622 0.693054641467 0.171483625238 
0.67516813715 1.06140578994 0.707603859961 0.179713374561 
0.623826590561 1.07885678436 0.719237856241 0.175885138744 
0.622643871905 1.08965695981 0.726437973205 0.178902006848 
0.620752322425 1.10472767362 0.736485115749 0.183814413851 
0.619113006875 1.1125426031 0.741695068735 0.18587004222 
0.581961980964 1.11889182337 0.745927882248 0.180602751012 
0.581530498991 1.1250352242 0.750023482801 0.182320140545 
0.580915612496 1.12982967959 0.753219786393 0.184127212067 
0.580255409188 1.13314452771 0.75542968514 0.18538224381 
0.580255409188 1.13314452771 0.75542968514 0.18538224381 
0.579844437349 1.13110407893 0.754069385953 0.18502173909 
0.579091609264 1.13574256234 0.75716170823 0.18648877986 
0.578587333559 1.13380229263 0.755868195086 0.186221819802 
0.578374951407 1.13065004755 0.75376669837 0.185216769927 
0.577875948682 1.13388027087 0.755920180581 0.186463579699 
0.577294143682 1.13662567756 0.757750451707 0.187393990564 
0.576653806438 1.1392385215 0.759492347664 0.188194657918 
0.576653806438 1.1392385215 0.759492347664 0.188194657918 
0.575946367979 1.14176744828 0.761178298851 0.188988780052 
0.575946367979 1.14176744828 0.761178298851 0.188988780052 
0.575946367979 1.14176744828 0.761178298851 0.188988780052 
0.575062454419 1.14541718239 0.763611454924 0.190873226938 
0.574582267787 1.14082890666 0.76055260444 0.189986588703 
0.574334128832 1.13473523038 0.75649015359 0.189065676776 
0.574656624046 1.1215089725 0.747672648333 0.18692509848 
0.620491250831 1.08180595664 0.721203971095 0.187781827643 
0.674148345861 1.01908946264 0.679392975091 0.183250250183 
0.731532616294 0.941679710641 0.627786473761 0.175241001072 
0.767601083819 0.820818291785 0.547212194523 0.155310961455 
0.83420337867 0.687084921884 0.458056614589 0.132900843928 
0.842567177812 0.43794124859 0.291960832393 0.118323478635 
0.871500084447 0.151384631389 0.100923087593 0.12078315065 
0.943623233544 0.11663815659 0.07775877106 0.0872740209224 
0.967335786036 6.31799630573e-18 4.21199753716e-18 0.0773954588539 
0.99794352347 1.02249834997e-22 6.81665566644e-23 0.06010272645 
1.01979417582 1.93730360298e-22 1.29153573532e-22 0.0462092205528 
1.04030521685 5.74852814871e-22 3.83235209914e-22 0.0339255318074 
1.05658556878 4.04941261858e-23 2.69960841239e-23 0.0287128472478 
1.06125967911 2.47598846705e-22 1.65065897803e-22 0.023829459727 
1.06825829178 -1.21646703753e-22 -8.10978025023e-23 0.0166616081533 
1.06553033197 5.34927487127e-22 3.56618324751e-22 0.0238426235736 
1.06802402678 -1.88235131786e-22 -1.25490087857e-22 0.0158807847861 
1.06802402678 -1.88235131786e-22 -1.25490087857e-22 0.0158807847861 
1.05527233653 -6.63806046976e-23 -4.42537364651e-23 0.0273957617491 
1.05321450422 -8.83007993527e-23 -5.88671995685e-23 0.0201755702434 
1.04789955777 -2.40268686583e-22 -1.60179124388e-22 0.0247748735003 
1.04992430027 1.27412894446e-22 8.49419296304e-23 0.0195450395198 
1.04992430027 1.27412894446e-22 8.49419296304e-23 0.0195450395198 
1.04944764049 9.70140179461e-23 6.46760119641e-23 0.0256220506141 
1.03890897468 -2.02528414121e-22 -1.35018942748e-22 0.0293075585084 
1.04266776031 3.28107539866e-22 2.18738359911e-22 0.0218476014939 
1.04266776031 3.28107539866e-22 2.18738359911e-22 0.0218476014939 
1.03077979131 9.4015213575e-23 6.267680905e-23 0.0290857128471 
1.03077979131 9.4015213575e-23 6.267680905e-23 0.0290857128471 
1.03077979131 9.4015213575e-23 6.267680905e-23 0.0290857128471 
1.03077979131 9.4015213575e-23 6.267680905e-23 0.0290857128471 
1.03077979131 9.4015213575e-23 6.267680905e-23 0.0290857128471 
1.03077979131 9.4015213575e-23 6.267680905e-23 0.0290857128471 
1.02270824761 -2.93121200347e-23 -1.95414133564e-23 0.0347186531256 
1.01614649819 -2.06845042883e-22 -1.37896695255e-22 0.0404600140125 
0.98438696171 0.00336314115372 0.00224209410248 0.0536186767082 
0.948551826116 0.00959550292746 0.00639700195164 0.0655777820149 
0.895051023404 0.023053094141 0.0153687294273 0.080916228148 
0.815502208012 0.0446729407402 0.0297819604935 0.0902800309778 
0.837827309312 0.435777792656 0.290518528438 0.0478658052943 
0.83065556795 0.597311997352 0.398207998234 0.0385026915353 
0.666583724745 0.600772852371 0.400515234914 0.0330508970969 
0.401972647633 0.359920173201 0.239946782134 0.0648354004541 
0.279081338764 0.277982029097 0.185321352731 0.104206630002 
0.191887074137 0.181913522892 0.121275681928 -0.197305038077 
0.126311557751 0.224600826258 0.149733884172 -0.138178009771 
0.0853748855506 0.254026156759 0.169350771173 -0.124189988063 
0.0654601064736 0.306669029751 0.204446019834 -0.151054940753 
0.0516756998062 0.326121826771 0.217414551181 -0.137609453459 
0.0393398533031 0.289724309269 0.193149539513 -0.0971182598829 
0.0332851072643 0.290844885215 0.193896590143 -0.0973068299299 
0.0302055542379 0.298604300676 0.199069533784 -0.084467165104 
0.0309723163855 0.298234027656 0.198822685104 -0.0842469543151 
0.0264654221695 0.268349146585 0.178899431057 -0.0643001544814 
0.0264654221695 0.268349146585 0.178899431057 -0.0643001544814 
0.025417526447 0.269147896853 0.179431931235 -0.0643850885257 
0.0272545846763 0.308839705228 0.205893136819 -0.0726890570609 
0.0218466713106 0.319842919484 0.21322861299 -0.0641230803858 
0.0249129579751 0.319536586921 0.213024391281 -0.0639776317619 
0.0356157994665 0.317403492813 0.211602328542 -0.0633257751029 
0.034620205578 0.285585597866 0.190390398577 -0.0593543653295 
0.0397319356491 0.265723483037 0.177148988691 -0.0443692329689 
0.0436123377575 0.266383811231 0.177589207487 -0.0535237745734 
0.0510594325866 0.264774179378 0.176516119585 -0.0625025352257 
0.0592368831989 0.259622695812 0.173081797208 -0.0695017793775 
0.0651539861106 0.224587079746 0.149724719831 -0.0609717907305 
0.0737027853427 0.194521997138 0.129681331425 -0.056662796489 
0.0810069771635 0.193787770744 0.129191847163 -0.0565089309159 
0.0900295608355 0.192305190862 0.128203460575 -0.0637255589077 
0.103449947247 0.238309344804 0.158872896536 -0.103946772356 
0.121644922692 0.235610820636 0.157073880424 -0.101834978529 
0.139912143438 0.233073878919 0.155382585946 -0.100709978031 
0.185184517935 0.228475054386 0.152316702924 -0.236096428028 
0.237429784063 0.18234077728 0.121560518187 -0.354664517184 
0.281164425496 0.114902781828 0.0766018545518 -0.330187595795 
0.33332578635 0.0365614020011 0.0243742680008 -0.303240908053 
0.386224394409 1.31597958031e-17 8.77319720205e-18 -0.288504138125 
0.505217659849 1.79231130136e-05 1.1948742009e-05 0.296118160764 
0.577147379702 2.37911224203e-06 1.58607482802e-06 0.194378026084 
0.772824231141 0.417951694727 0.278634463151 0.0416460427007 
0.855269181623 0.377452266887 0.251634844591 0.0447227582123 
0.86745490485 0.119212719075 0.0794751460498 0.0614191125054 
0.944786691354 0.0956697023314 0.0637798015543 0.0520234100414 
0.985082320121 4.48960639735e-18 2.99307093157e-18 0.0600447904634 
1.04442907812 1.05679552502e-22 7.04530350014e-23 0.0516266765557 
1.09314651671 -3.04784667635e-22 -2.03189778423e-22 0.0455978941711 
1.13939362752 2.23771407505e-22 1.49180938337e-22 0.0367933566527 
1.16243047253 3.8659840272e-22 2.5773226848e-22 0.036475893441 
1.1707204649 2.1175161127e-22 1.41167740847e-22 0.0345766685717 
1.18791272453 5.26215327576e-23 3.50810218384e-23 0.0290648210603 
1.20773136138 9.51971456802e-22 6.34647637868e-22 0.0239530267375 
1.20945805301 4.44365828749e-22 2.96243885833e-22 0.0254367668863 
1.21788640178 -1.58672948191e-22 -1.05781965461e-22 0.0238786422236 
1.22055405383 -1.02317617595e-21 -6.82117450635e-22 0.0213847768056 
1.22380711245 4.79737689496e-22 3.1982512633e-22 0.0218772358653 
1.22161489503 1.46591356841e-22 9.77275712274e-23 0.0243353679642 
1.22137554388 3.55234339691e-22 2.36822893128e-22 0.0255442892701 
1.22108177417 1.05234078583e-21 7.01560523885e-22 0.0238954262286 
1.21889471004 -3.34942700885e-22 -2.23295133923e-22 0.027055041184 
1.21684786901 1.38957326266e-21 9.26382175106e-22 0.0237397571496 
1.20409422023 4.88486820278e-22 3.25657880185e-22 0.024276218091 
1.20824543829 -1.52694728772e-22 -1.01796485848e-22 0.0230385105665 
1.20824543829 -1.52694728772e-22 -1.01796485848e-22 0.0230385105665 
1.21162821163 1.97411198566e-22 1.31607465711e-22 0.0175208279986 
1.20521355866 -3.19876778453e-22 -2.13251185635e-22 0.0174983465515 
1.19944256889 -2.97237043053e-22 -1.98158028702e-22 0.0185809866804 
1.19413326547 2.89156577261e-22 1.92771051507e-22 0.0206958758738 
1.19098657206 2.66611582966e-22 1.7774105531e-22 0.0188151886884 
1.182464711 9.98759819965e-23 6.65839879976e-23 0.0199128505851 
1.1683028375 -3.33763297276e-22 -2.2250886485e-22 0.0212118551066 
1.15999710473 6.95937880734e-22 4.63958587156e-22 0.0216669780344 
1.16606641877 6.10359597126e-22 4.06906398084e-22 0.0156637806678 
1.15486366389 -2.63457324145e-22 -1.75638216097e-22 0.0166606796086 
1.14431406775 7.29166714895e-22 4.86111143263e-22 0.0201358250488 
1.14366978024 5.87563755695e-22 3.91709170463e-22 0.0221511865252 
1.14157201326 2.74344755764e-22 1.82896503842e-22 0.0237055624559 
1.14629481734 5.03583939022e-23 3.35722626015e-23 0.0213372396839 
1.13606698218 1.11568886755e-22 7.43792578368e-23 0.0197593606735 
1.08729233676 3.57216545217e-18 2.38144363478e-18 0.0367180997644 
1.0385062498 0.00788147860053 0.00525431906702 0.0644676069576 
0.987439542358 0.0200427790484 0.0133618526989 0.104155910091 
0.936768724251 0.0365536216265 0.0243690810844 0.147122197583 
0.90932116662 0.0525309614518 0.0350206409679 0.184964223989 
0.888325079741 0.0636210366962 0.0424140244642 0.202553486527 
0.87462996418 0.0726500872227 0.0484333914818 0.215042467152 
0.860512633335 0.083799356073 0.055866237382 0.229924605964 
0.855819823497 0.0920999275273 0.0613999516849 0.239259444507 
0.842755876846 0.101544204248 0.0676961361656 0.246464699226 
0.842755876846 0.101544204248 0.0676961361656 0.246464699226 
0.841991931447 0.108925185017 0.0726167900113 0.252092724969 
0.829973692302 0.117251043288 0.0781673621919 0.25542998737 
0.839077060141 0.116800172579 0.0778667817191 0.246995835165 
0.834457922456 0.124767059845 0.0831780398965 0.252606137554 
0.834457922456 0.124767059845 0.0831780398965 0.252606137554 
0.84266450756 0.124619343265 0.0830795621769 0.244787705273 
0.835124873151 0.133658789659 0.0891058597725 0.252297990073 
0.835124873151 0.133658789659 0.0891058597725 0.252297990073 
0.842442425232 0.132499984314 0.0883333228761 0.242966718014 
0.841061671923 0.139217802208 0.092811868139 0.247887904046 
0.834086076395 0.144420569189 0.0962803794592 0.245308160789 
0.833893074699 0.151260732199 0.100840488133 0.250423651102 
0.828329194412 0.154465101161 0.102976734107 0.244930970539 
0.833836969775 0.148732691589 0.0991551277262 0.228124234692 
0.848892137699 0.141969554115 0.0946463694101 0.20881764011 
0.848826772405 0.13437122444 0.0895808162937 0.186350446502 
0.859458460785 0.124373956703 0.0829159711355 0.159735704239 
0.879630022618 0.109972648952 0.0733150993012 0.127060813646 
0.88558605007 0.104034473241 0.0693563154938 0.109616815093 
0.88463705913 0.10103589775 0.0673572651668 0.0960233089726 
0.88679560688 0.0978552527309 0.0652368351539 0.0837034148428 
0.886577958997 0.0962800907538 0.0641867271692 0.0765179930151 
0.885401519265 0.0949196999348 0.0632797999565 0.0681378350666 
0.882339962245 0.0946019846011 0.0630679897341 0.0627239851197 
0.883982858655 0.093175721582 0.0621171477213 0.0551585653174 
0.887788644218 0.0910840080104 0.0607226720069 0.046533491364 
0.885096786419 0.0914378456162 0.0609585637441 0.0445506836958 
0.887220520173 0.0903343640256 0.0602229093504 0.0392602593527 
0.872145071284 0.0948433091846 0.0632288727897 0.0464969548651 
0.875626198584 0.093711394088 0.0624742627254 0.0393404298765 
0.870810291987 0.0956302462036 0.0637534974691 0.0404368859315 
0.867392407123 0.0966820695633 0.0644547130422 0.0379550620131 
0.867392407123 0.0966820695633 0.0644547130422 0.0379550620131 
0.87030824046 0.096066404756 0.0640442698373 0.0334797743943 
0.867886295973 0.097348928032 0.0648992853547 0.0358852231446 
0.860433955042 0.100221841511 0.0668145610071 0.0419306915336 
0.872816453527 0.0973238649314 0.0648825766209 0.0374973355346 
0.863936409342 0.1006193354 0.0670795569336 0.0444868834481 
0.86260984179 0.102092643084 0.0680617620561 0.0527532968762 
0.830408411393 0.115898407414 0.0772656049429 0.0971494696221 
0.807682729369 0.133535635804 0.0890237572027 0.146440037656 
0.795205427328 0.151302071595 0.10086804773 0.184187577827 
0.797224184886 0.163572220913 0.109048147275 0.206582653884 
0.799833824087 0.176479831994 0.117653221329 0.227018021367 
0.796405407887 0.188075634402 0.125383756268 0.238023809191 
0.860888222947 0.423960453976 0.282640302651 0.171073150263 
0.859512691154 0.427496971185 0.28499798079 0.180764043175 
0.864330466018 0.423767174838 0.282511449892 0.175005262497 
0.874348954297 0.41900573527 0.279337156846 0.177834389077 
0.874348954297 0.41900573527 0.279337156846 0.177834389077 
0.870717451578 0.422771715253 0.281847810168 0.186142724551 
0.87107412884 0.421867790086 0.281245193391 0.182813707983 
0.87107412884 0.421867790086 0.281245193391 0.182813707983 
0.872280436055 0.419938573929 0.279959049286 0.17818196255 
0.887634040502 0.404945074119 0.269963382746 0.157647639084 
0.906121805599 0.383866116083 0.255910744056 0.127222663025 
0.918470488485 0.367020601305 0.24468040087 0.100411920916 
0.858621862201 0.144227724472 0.0961518163144 0.109212934661 
0.870215960096 0.135815160975 0.0905434406502 0.0842753976684 
0.87205723727 0.133198736158 0.0887991574388 0.0714765784727 
0.871353828218 0.131994739527 0.0879964930181 0.0623964224267 
0.867831336593 0.132028659177 0.0880191061178 0.0549145748525 
0.867831336593 0.132028659177 0.0880191061178 0.0549145748525 
0.85648290741 0.134635364371 0.0897569095809 0.0532828878503 
0.857606134491 0.133197350827 0.0887982338846 0.0446727197401 
0.851966389332 0.134055968029 0.089370645353 0.0423699991392 
0.845985730176 0.135503459524 0.090335639683 0.0425034598317 
0.850860508921 0.133381322772 0.0889208818483 0.0339409493479 
0.850860508921 0.133381322772 0.0889208818483 0.0339409493479 
0.850860508921 0.133381322772 0.0889208818483 0.0339409493479 
0.855874848183 0.132389290226 0.0882595268176 0.0341774579772 
0.858912010727 0.131533543658 0.0876890291054 0.0306984583681 
0.854578254912 0.133338767312 0.0888925115413 0.0354499476782 
0.855854988686 0.132825722443 0.0885504816287 0.0290295354195 
0.855854988686 0.132825722443 0.0885504816287 0.0290295354195 
0.844758289687 0.136714653297 0.0911431021982 0.0379355931891 
0.845356000047 0.136298519656 0.0908656797706 0.0318369299468 
0.837880926491 0.138816047621 0.0925440317473 0.0347397663971 
0.838574828816 0.138318908573 0.0922126057153 0.0279026281407 
0.844517915463 0.136494087362 0.0909960582413 0.0215225595663 
0.836035118125 0.138603218274 0.0924021455159 0.0171375004553 
0.791352542172 0.150998977127 0.100665984751 0.0218448518512 
0.741927948728 0.164240245152 0.109493496768 0.0182647445562 
0.640588719608 5.76927198075e-17 3.8461813205e-17 0.0189865693361 
0.499366004555 -1.90087771113e-17 -1.26725180742e-17 -0.00221407535625 
0.37481744592 -5.40745359786e-19 -3.60496906524e-19 -0.157196003358 
0.251297229864 -5.17143079784e-17 -3.44762053189e-17 -0.0208344112449 
0.159290171401 -4.3709723087e-18 -2.91398153913e-18 -0.00368995371294 
0.0958923463448 3.5361899984e-19 2.35745999894e-19 0.00424552945626 
0.053854090882 -1.97251396158e-21 -1.31500930772e-21 0.00594137992418 
0.0255805670678 1.65222408593e-21 1.10148272395e-21 0.00365936555844 
0.00023034728314 -5.79838440027e-22 -3.86558960018e-22 0.00332568019073 
-7.08279802287e-20 -6.83649679685e-22 -4.55766453123e-22 0.00864079673327 
-2.00739980951e-21 3.50868908567e-22 2.33912605711e-22 0.0107446539988 
-2.00739980951e-21 3.50868908567e-22 2.33912605711e-22 0.0107446539988 
-9.17968544857e-21 2.32555573815e-21 1.5503704921e-21 0.0131150218549 
-9.17968544857e-21 2.32555573815e-21 1.5503704921e-21 0.0131150218549 
6.40204795361e-21 2.95473535101e-22 1.96982356734e-22 0.0108265501396 
6.40204795361e-21 2.95473535101e-22 1.96982356734e-22 0.0108265501396 
6.40204795361e-21 2.95473535101e-22 1.96982356734e-22 0.0108265501396 
6.40204795361e-21 2.95473535101e-22 1.96982356734e-22 0.0108265501396 
1.16812824734e-20 9.26715567151e-22 6.17810378101e-22 0.00918519476102 
-1.45933559947e-20 1.0785028473e-21 7.19001898199e-22 0.00678357019613 
8.2373185283e-21 1.25365814279e-21 8.35772095193e-22 0.00552688197836 
1.19058891494e-21 -1.5258494923e-21 -1.01723299487e-21 0.0034389352587 
0.000871177233258 -1.75218150881e-21 -1.16812100588e-21 0.00304618530365 
0.00348728281665 3.26728862125e-22 2.17819241417e-22 0.00215427554758 
0.0109392835993 0.000182845142314 0.000121896761543 -0.000489241636792 
0.0244022133751 0.0202713929214 0.0135142619476 -0.00161789690986 
0.0465132398536 0.0446868986045 0.0297912657363 -0.00400106458325 
0.0811175536184 0.0978301275663 0.0652200850442 -0.0117279839258 
0.134276665968 0.165656591002 0.110437727334 -0.0391405355521 
0.220894860649 0.202067066532 0.134711377688 -0.0684401722538 
0.330628137463 0.225815442955 0.150543628636 0.184233370346 
0.452473826937 0.201159277073 0.134106184716 0.158096524793 
0.773228576283 0.572959433757 0.381972955838 0.0506946521148 
0.808054126019 0.274494642228 0.182996428152 0.0897542976705 
0.910236031729 1.91449659875e-18 1.27633106584e-18 0.12523151349 
1.07465156688 -2.28840337669e-22 -1.52560225113e-22 0.0947447572512 
1.19807419932 5.76779548558e-22 3.84519699039e-22 0.0775560846148 
1.29023645258 -6.57100163418e-22 -4.38066775612e-22 0.0665880085322 
1.36934770615 1.20547089335e-21 8.03647262235e-22 0.0534879673034 
1.41658176109 1.02845609128e-21 6.8563739419e-22 0.0462836965638 
1.46434490145 -1.02920673104e-21 -6.86137820691e-22 0.0398483736123 
1.49879716714 1.18008776992e-21 7.86725179946e-22 0.0325636094287 
1.51672050181 -1.40463069505e-21 -9.36420463364e-22 0.0305648203082 
1.52488563274 9.72302286266e-22 6.48201524177e-22 0.0294260657574 
1.53456072506 1.09929987156e-21 7.32866581039e-22 0.0259047224196 
1.53915280228 9.31181053135e-22 6.20787368756e-22 0.0269591334704 
1.54405585848 7.11047643949e-22 4.74031762633e-22 0.0250401592255 
1.53896576662 2.23640735657e-21 1.49093823771e-21 0.0249131129175 
1.53851800956 2.10147348774e-21 1.40098232516e-21 0.0226178114826 
1.53326633971 4.99764595901e-22 3.33176397267e-22 0.0244729852893 
1.53655619713 6.11187389755e-22 4.07458259836e-22 0.0223739049111 
1.53606604997 -1.23058151212e-21 -8.20387674744e-22 0.0236122188395 
1.53982958014 -1.0283910407e-21 -6.85594027131e-22 0.0211987625368 
1.53794909487 -1.48672414724e-21 -9.91149431494e-22 0.0210317798937 
1.53121106069 7.23423028288e-22 4.82282018859e-22 0.0228909978533 
1.52014738511 7.81121297366e-22 5.20747531577e-22 0.0279677024061 
1.51408524846 1.77038226968e-21 1.18025484645e-21 0.0257606940827 
1.50235661455 1.71809541416e-21 1.14539694277e-21 0.0255708737573 
1.47305153117 8.87077826552e-22 5.91385217701e-22 0.0277739242505 
1.43336023526 1.78149245146e-21 1.18766163431e-21 0.0306685889601 
1.37699166967 -7.70638314496e-22 -5.13758876331e-22 0.0323390140839 
1.295272668 1.04901316061e-18 6.99342107073e-19 0.0314224792388 
1.17737160802 -5.61649648181e-18 -3.74433098788e-18 0.0394887926281 
1.03385548296 -2.30982499211e-17 -1.53988332808e-17 0.050855186855 
0.875512285583 0.0390995160845 0.0260663440563 0.0588368678597 
0.759013393655 0.317319305312 0.211546203541 0.0376064649637 
0.511126186791 0.236891884834 0.157927923223 0.0611025399315 
0.356176029731 0.184714110338 0.123142740226 0.0847694702174 
0.271831735112 0.12317044105 0.0821136273665 -0.303557838382 
0.169413018025 0.157948596646 0.10529906443 -0.110424804147 
0.12122123348 0.183268474337 0.122178982891 -0.0773518742018 
0.0856726479839 0.126257101891 0.0841714012608 -0.043763449116 
0.068654737946 0.125084230273 0.0833894868486 -0.0352937120518 
0.0557955602828 0.122167747421 0.0814451649476 -0.0294520370261 
0.0494558512326 0.0723626659771 0.0482417773181 -0.0236969969563 
0.051819009776 0.0344804853395 0.0229869902263 -0.0167634638452 
0.054143648848 0.0139162249994 0.00927748333293 -0.0119622062653 
0.0531740524232 0.0417469964464 0.0278313309643 -0.00876214155975 
0.0555360558225 0.04128938621 0.0275262574733 -0.00165058245831 
0.0559582425734 0.0814461554119 0.0542974369413 -0.00123395653688 
0.0552753375844 0.0840311012694 0.0560207341796 0.00318268812361 
0.060912810941 0.136499923776 0.0909999491842 0.00247248053674 
0.0661029799293 0.170057250957 0.113371500638 0.00205186416174 
0.0739832841244 0.169475299034 0.112983532689 0.00176269561052 
0.0777178254346 0.169382506314 0.112921670876 0.00194023441659 
0.0821358594566 0.24163096567 0.161087310446 0.00118717189227 
0.0950177915329 0.149619638919 0.0997464259462 0.00234635917015 
0.0987362278515 0.195456212272 0.130304141515 0.00783464555919 
0.106648297628 0.251992942749 0.167995295166 0.0333335247294 
0.113497984542 0.308453964922 0.205635976615 0.102737931953 
