0.0 0.0 0.0 0.0 
2.34499117207e-20 0.322053740506 0.214702493671 0.159904765072 
2.34499117207e-20 0.322053740506 0.214702493671 0.159904765072 
2.34499117207e-20 0.322053740506 0.214702493671 0.159904765072 
2.34499117207e-20 0.322053740506 0.214702493671 0.159904765072 
2.34499117207e-20 0.322053740506 0.214702493671 0.159904765072 
9.93641205773e-21 0.261744061407 0.174496040938 0.168243784425 
9.93641205773e-21 0.261744061407 0.174496040938 0.168243784425 
9.93641205773e-21 0.261744061407 0.174496040938 0.168243784425 
9.93641205773e-21 0.261744061407 0.174496040938 0.168243784425 
9.93641205773e-21 0.261744061407 0.174496040938 0.168243784425 
9.93641205773e-21 0.261744061407 0.174496040938 0.168243784425 
9.93641205773e-21 0.261744061407 0.174496040938 0.168243784425 
9.93641205773e-21 0.261744061407 0.174496040938 0.168243784425 
9.93641205773e-21 0.261744061407 0.174496040938 0.168243784425 
9.93641205773e-21 0.261744061407 0.174496040938 0.168243784425 
9.93641205773e-21 0.261744061407 0.174496040938 0.168243784425 
9.93641205773e-21 0.261744061407 0.174496040938 0.168243784425 
2.0542276783e-21 0.331296385068 0.220864256712 0.179247735219 
2.0542276783e-21 0.331296385068 0.220864256712 0.179247735219 
-1.27126451397e-20 0.409569752457 0.273046501638 0.190729897304 
-1.07726416061e-20 0.461137470274 0.307424980183 0.198422122974 
-4.23772551604e-21 0.50007704886 0.33338469924 0.20274217843 
-4.23772551604e-21 0.50007704886 0.33338469924 0.20274217843 
-4.23772551604e-21 0.50007704886 0.33338469924 0.20274217843 
6.71772651965e-21 0.488485955283 0.325657303522 0.194020670612 
6.71772651965e-21 0.488485955283 0.325657303522 0.194020670612 
6.71772651965e-21 0.488485955283 0.325657303522 0.194020670612 
6.71772651965e-21 0.488485955283 0.325657303522 0.194020670612 
-7.52788933445e-21 0.503335763938 0.335557175959 0.19809631497 
-7.52788933445e-21 0.503335763938 0.335557175959 0.19809631497 
6.08758789901e-21 0.515912168281 0.343941445521 0.197565236133 
6.08758789901e-21 0.515912168281 0.343941445521 0.197565236133 
6.08758789901e-21 0.515912168281 0.343941445521 0.197565236133 
6.08758789901e-21 0.515912168281 0.343941445521 0.197565236133 
-1.03169441004e-21 0.620807252926 0.41387150195 -0.217878312752 
-1.03169441004e-21 0.620807252926 0.41387150195 -0.217878312752 
-1.03169441004e-21 0.620807252926 0.41387150195 -0.217878312752 
-8.58769707081e-22 0.625905201992 0.417270134662 -0.22267327447 
-8.58769707081e-22 0.625905201992 0.417270134662 -0.22267327447 
0.0045901472439 0.616551218721 0.411034145814 -0.24978634415 
0.00051505720011 0.619181539057 0.412787692705 -0.251355328238 
-9.97750195352e-19 0.623301583007 0.415534388672 -0.253395676482 
-9.97750195352e-19 0.623301583007 0.415534388672 -0.253395676482 
-3.68010983092e-22 0.628150108744 0.418766739163 -0.256721570134 
0.00136037461857 0.620633198259 0.413755465506 -0.255775886255 
0.00136037461857 0.620633198259 0.413755465506 -0.255775886255 
0.00667194017854 0.611490151871 0.407660101247 -0.255526270622 
0.00779185634565 0.60441218467 0.402941456447 -0.253933580251 
0.0129082687691 0.585889459716 0.390592973144 -0.248878347623 
0.0153385494773 0.571653158408 0.381102105605 -0.244020377156 
0.0161088643931 0.554079049809 0.369386033206 -0.235712803103 
0.058783091859 0.49415906335 0.329439375567 -0.207726974706 
0.102498820421 0.440369116362 0.293579410908 -0.178308564456 
0.158020148547 0.412882746713 0.275255164476 -0.0650034780097 
0.268508878174 0.409036828884 0.272691219256 0.00144999531865 
0.396790735399 0.418099759262 0.278733172841 0.0244108364019 
0.540119568002 0.419529150157 0.279686100104 0.0338593228717 
0.688891974613 0.410371015554 0.273580677036 0.0448941021859 
0.796116730894 0.353788299045 0.23585886603 0.0561209656079 
0.865116805595 0.238614462767 0.159076308511 0.0691302876783 
0.939559551965 0.105891871082 0.0705945807211 0.0750667525498 
1.00921825521 -1.03965306233e-18 -6.93102041553e-19 0.0788997500321 
1.10607048934 -5.60384481779e-23 -3.73589654519e-23 0.0641647243664 
1.1936782416 -2.86625776714e-22 -1.91083851143e-22 0.0538938509646 
1.25924350465 -5.31417017291e-22 -3.54278011528e-22 0.048275940345 
1.31426388181 1.20876114995e-21 8.05840766634e-22 0.041501662357 
1.35980326189 1.39332688355e-21 9.28884589032e-22 0.032786336196 
1.39387396278 -2.69287923797e-22 -1.79525282531e-22 0.0273443652896 
1.42053754067 -2.31431504152e-21 -1.54287669435e-21 0.0226268422823 
1.43949498386 -6.77557379526e-22 -4.51704919684e-22 0.0150903008336 
1.45143705448 8.60998645895e-22 5.73999097263e-22 0.0101071367546 
1.4581215307 -2.57035898624e-22 -1.71357265749e-22 0.0100024811499 
1.4659108634 -9.04277623534e-23 -6.02851749022e-23 0.0103420856448 
1.46825867587 3.57486032741e-22 2.38324021827e-22 0.0100598854502 
1.47037081093 4.41765590687e-22 2.94510393792e-22 0.0101637046118 
1.47040167076 -8.6362857957e-22 -5.7575238638e-22 0.00999500627613 
1.46512350918 8.63796736073e-22 5.75864490715e-22 0.0114727568068 
1.45695863916 -5.79530701434e-22 -3.86353800956e-22 0.015180517839 
1.45352981635 -3.05967424071e-22 -2.03978282714e-22 0.0142538013491 
1.44451177059 -5.65443075122e-22 -3.76962050081e-22 0.0157970980175 
1.43644487412 5.67494071266e-22 3.78329380844e-22 0.0178297509121 
1.43150847626 9.98385629428e-22 6.65590419618e-22 0.0170942582268 
1.42952503546 3.70435723426e-23 2.46957148951e-23 0.0173215805466 
1.42133366785 -4.21264901747e-22 -2.80843267831e-22 0.0197250817888 
1.4145692719 9.28855227511e-23 6.19236818341e-23 0.0195925050657 
1.41063646064 2.65172677232e-22 1.76781784821e-22 0.0207362984704 
1.40612457037 1.24194279771e-21 8.27961865142e-22 0.0229187192355 
1.39689183286 -1.73571092031e-22 -1.15714061354e-22 0.0249075996097 
1.39407000073 9.92530612292e-22 6.61687074861e-22 0.0228958311404 
1.38872389241 -1.41533124376e-22 -9.43554162503e-23 0.0239832373959 
1.38647859486 3.60502574321e-22 2.40335049547e-22 0.0230176342858 
1.37959906294 8.76830238452e-22 5.84553492301e-22 0.021350340598 
1.35523735825 -2.51565641984e-22 -1.6771042799e-22 0.0208841679957 
1.32604657791 2.93450297295e-20 1.9563353153e-20 0.0226094320468 
1.30087146797 0.00331044102068 0.00220696068045 0.0226086586407 
1.25156559067 0.0143188106592 0.0095458737728 0.0282508368556 
1.19895733054 0.027608699914 0.0184057999427 0.0335172678102 
1.14429639881 0.043690189948 0.0291267932987 0.0402970008365 
1.08472549149 0.0658942583141 0.0439295055427 0.0453479605897 
1.0475738555 0.207741868137 0.138494578758 0.0447205761983 
0.971859450269 0.239595272619 0.159730181746 0.0462046917843 
0.908447518748 0.345745646514 0.230497097676 0.0414396719364 
0.816269695581 0.39190288144 0.261268587626 0.0435548076466 
0.643449206772 0.375383084779 0.250255389853 0.0464685632935 
0.453586646101 0.30567214392 0.20378142928 0.0626518678686 
0.323227369095 0.267917795618 0.178611863745 0.0755828702676 
0.214059058779 0.16877545103 0.112516967353 -0.154190715012 
0.139525079253 0.170985548793 0.113990365862 -0.0809674321191 
0.0814651518971 0.144644254724 0.0964295031494 -0.0512837007637 
0.03875193371 0.131335864382 0.0875572429211 -0.040207907696 
0.0118452064495 0.107598051397 0.071732034265 -0.0296087245333 
2.31528275196e-19 0.0774997906263 0.0516665270842 -0.0211765139327 
7.57251816009e-22 0.0712108654453 0.0474739102969 -0.0152725629146 
-6.78947211887e-21 0.0556846058063 0.0371230705375 -0.00999073121295 
-3.0857905062e-21 0.0451562521317 0.0301041680878 -0.00823854700289 
-5.96593952734e-21 0.037577223009 0.025051482006 -0.0052265096215 
3.77306050524e-21 0.0265569789479 0.0177046526319 -0.00321152439959 
-8.93600628991e-21 0.0162250516917 0.0108167011278 -0.00116052718449 
0.00123549024505 -2.02918294971e-18 -1.35278863314e-18 0.000777003226388 
5.99399197193e-08 3.86676311962e-07 2.57784207975e-07 4.68664059141e-08 
0.00218812576615 0.00427943977683 0.00285295985122 -0.00106494835719 
0.00300557756646 0.00989317696473 0.00659545130982 -0.00051107301377 
0.006005309724 0.0201333304039 0.0134222202692 0.000780212744551 
0.00973927318584 0.0141728800822 0.00944858672147 0.00451461354514 
0.0207841181073 1.20117997662e-18 8.00786651078e-19 0.012203340003 
0.0269437984211 3.72843772851e-22 2.48562515234e-22 0.0168202993153 
0.0335574191449 -9.40902062833e-23 -6.27268041889e-23 0.0175695309068 
0.0467239906017 5.38976124639e-22 3.59317416426e-22 0.0221218835918 
0.056246552004 7.88587751955e-23 5.2572516797e-23 0.0268645909736 
0.0781544187332 -3.37890110771e-22 -2.25260073847e-22 0.0368108966086 
0.108248932489 7.26122997829e-22 4.84081998553e-22 0.0412572067771 
0.153816019194 0.0123315435429 0.00822102902858 0.0414461352587 
0.206909234715 0.0631209424697 0.0420806283132 0.0359486116939 
0.311541480396 0.170703098178 0.113802065452 -0.113512025283 
0.404987448526 0.188910020994 0.125940013996 0.00305024548443 
0.531893731887 0.241916804248 0.161277869499 0.0377071602697 
0.672881770369 0.264674093142 0.176449395428 0.0468466469928 
0.805010547456 0.215460176169 0.143640117446 0.0570223972278 
0.928009390152 0.168133943934 0.112089295956 0.0590767278338 
0.989811485041 -1.49432927553e-18 -9.9621951702e-19 0.0710057280299 
1.10503687745 -3.43943406655e-22 -2.29295604437e-22 0.0564509168853 
1.19560371058 -5.84854576095e-22 -3.8990305073e-22 0.0451651067258 
1.26759169942 8.03544026839e-22 5.35696017892e-22 0.0320357522811 
1.32719147421 8.79035600167e-22 5.86023733444e-22 0.0246174460862 
1.36823967393 -2.1066708388e-22 -1.40444722587e-22 0.0170529513918 
1.39908623992 -7.49362922997e-22 -4.99575281998e-22 0.0114245963158 
1.42488633418 -1.74020563338e-21 -1.16013708892e-21 0.00726152933245 
1.44789314161 -7.31929423314e-22 -4.87952948876e-22 0.000210545122751 
1.45879807981 -1.05554184739e-21 -7.03694564927e-22 -0.000638770403659 
1.46394743534 -3.02420489451e-22 -2.01613659634e-22 -0.00472273233852 
1.46808944051 6.45227779059e-22 4.30151852706e-22 -0.00602485275968 
1.46959960441 4.80812407501e-23 3.20541605001e-23 -0.00636713087066 
1.47192734229 3.56411023322e-22 2.37607348881e-22 -0.00550411098239 
1.47294542135 -1.04057946121e-22 -6.93719640809e-23 -0.00356742399753 
1.46947526051 -1.0695501602e-22 -7.13033440131e-23 -0.00485991831486 
1.47741160618 -3.08527293838e-23 -2.05684862559e-23 -0.0068126626833 
1.46823942031 -2.10752397848e-22 -1.40501598565e-22 -0.00400460025572 
1.46924038362 -6.47842530889e-22 -4.31895020593e-22 -0.00513892409495 
1.46836526531 -6.57034387349e-23 -4.38022924899e-23 -0.0034221704093 
1.47273062485 -2.35271775736e-22 -1.56847850491e-22 -0.00449591466033 
1.46648092562 7.66443794021e-22 5.10962529347e-22 -0.00267846100493 
1.46418088723 1.22385488688e-22 8.15903257923e-23 -0.00229709841865 
1.45975958138 -1.43141641322e-22 -9.54277608816e-23 -0.00137433859489 
1.45560686061 -4.92629061905e-23 -3.28419374603e-23 -0.000675965848436 
1.45761998732 7.48128910589e-23 4.98752607059e-23 -0.000618823667096 
1.46088216587 2.0839508399e-22 1.38930055994e-22 -0.000561306544637 
1.45716677318 -2.25432282685e-23 -1.50288188456e-23 0.00216303904162 
1.45311069309 -1.01643953671e-20 -6.77626357803e-21 0.00165484631766 
1.44475922575 4.46064314871e-22 2.97376209914e-22 0.00356378861805 
1.44344396873 7.683800217e-23 5.122533478e-23 0.00283485582501 
1.44362618535 1.2563519376e-22 8.37567958399e-23 0.000790959374661 
1.44014537571 2.70779347742e-22 1.80519565161e-22 0.00205035324192 
1.43838449723 5.64490968962e-23 3.76327312641e-23 0.0028853747281 
1.43724025839 5.39418601108e-23 3.59612400739e-23 0.00249237197643 
1.429914912 2.43185574527e-23 1.62123716352e-23 0.00442184200743 
1.43489900998 -3.8701037443e-23 -2.58006916287e-23 0.00441701521879 
1.43336626954 6.85739491976e-23 4.57159661317e-23 0.00524639898289 
1.43140684655 -1.97106203248e-22 -1.31404135498e-22 0.00547899358752 
1.42821825247 -5.80881689072e-23 -3.87254459381e-23 0.00340933362396 
1.4255314584 -2.81317809517e-23 -1.87545206345e-23 0.0041224048346 
1.41933953006 -8.80914265144e-20 -5.87276176763e-20 0.00219798293076 
1.41373558925 2.63661536064e-23 1.75774357376e-23 0.00273329707967 
1.40974504124 -4.18752593723e-24 -2.79168395815e-24 0.0033509544541 
1.40553435856 0.000853617274781 0.000569078183188 0.0047811464237 
1.40215114654 0.00156986580893 0.00104657720596 0.00457808778416 
1.40574349242 0.0317429787384 0.0211619858256 0.00301152895671 
1.39426810239 0.0343685064283 0.0229123376189 0.0047646621752 
1.36979108335 -7.59213108497e-19 -5.06142072331e-19 0.00964962729901 
1.34031552349 -2.2752941054e-18 -1.51686273693e-18 0.0185362833086 
1.28704235613 7.31376008048e-18 4.87584005365e-18 0.0265603050406 
1.23378284784 0.0125962828541 0.00839752190272 0.0378765886595 
1.14852827794 -4.28654809435e-18 -2.85769872957e-18 0.0500449774165 
1.04690413112 0.0319215043473 0.0212810028982 0.0581358591074 
0.9339996041 0.0716256561603 0.0477504374402 0.0641550497175 
0.842737229361 0.208072680678 0.138715120452 0.0534566595828 
0.636906182501 0.192618418954 0.128412279303 0.0610301646341 
0.465523818617 0.165428046448 0.110285364299 0.0705822678542 
0.320904942649 0.0336694322663 0.0224462881775 -0.18983427185 
0.23218274673 0.0769807148727 0.0513204765818 -0.128778246959 
0.162050077554 0.0750295500663 0.0500197000442 -0.0870698002859 
0.113845566321 0.0620785559888 0.0413857039925 -0.065132633288 
0.0803339778906 0.0472657026154 0.0315104684103 -0.0523024455389 
0.0613073808801 0.0319595527107 0.0213063684738 -0.0451242182013 
0.0484727330386 0.0232170800668 0.0154780533779 -0.0405983549209 
0.0461241388596 -7.6413212205e-19 -5.094214147e-19 -0.0341773879833 
0.04114484159 1.89735380185e-19 1.26490253457e-19 -0.0329388008182 
0.0338685281264 0.00680156372197 0.00453437581465 -0.0316560314771 
0.0321972158331 0.00692302672206 0.00461535114804 -0.0311258118033 
0.0307714899895 0.0238160840768 0.0158773893845 -0.0331347670023 
0.0294083054854 0.0236491952213 0.0157661301475 -0.0328368878795 
0.0305365546722 0.00792830287161 0.00528553524774 -0.0298342283549 
0.0293123540239 0.00831767299249 0.00554511532833 -0.0302444951361 
0.031303205508 0.0183167920962 0.0122111947308 -0.0291887789089 
0.0324199974316 0.00746617372761 0.00497744915174 -0.0278768785598 
0.0356742089927 0.00683026629504 0.00455351086336 -0.0278950617411 
0.0368057550674 0.0122651071615 0.0081767381077 -0.0284246233345 
0.0428122584485 0.00108049503103 0.000720330020686 -0.0261784042914 
0.0479010855474 7.10574462214e-21 4.73716308143e-21 -0.0240197155237 
0.0536034827284 -1.1997096207e-22 -7.99806413799e-23 -0.0245593484643 
0.0642904548185 -1.94868578692e-21 -1.29912385795e-21 -0.0211177036031 
0.0741485394816 -3.98811794388e-22 -2.65874529592e-22 -0.019382256875 
0.0928582174721 -8.48887793923e-22 -5.65925195949e-22 -0.0170825915912 
0.107117442942 1.77068322359e-21 1.18045548239e-21 -0.0187697678086 
0.12572157012 2.98754008932e-22 1.99169339288e-22 -0.0297122591319 
0.168322281914 0.0189903022752 0.0126602015168 -0.0489871570776 
0.217848660651 0.044453004981 0.029635336654 -0.0848441799704 
0.269279865226 0.0571115067104 0.038074337807 -0.152980471153 
0.32453602137 0.0159354870878 0.0106236580585 -0.200213895936 
0.384300638317 4.37519442767e-19 2.91679628511e-19 -0.191824289751 
0.516015032649 0.148860291364 0.0992401942428 0.0814628598483 
0.635519338984 0.12311799258 0.0820786617202 0.0836034849028 
0.75170712714 0.0945172076298 0.0630114717532 0.0875211212413 
0.861918868378 0.0607186639612 0.0404791093075 0.0796376765746 
0.957676259636 0.0281121017383 0.0187414011588 0.0742551451844 
1.02823481543 -9.51032542114e-20 -6.34021694743e-20 0.0682503955705 
1.08225258058 -5.56497703401e-23 -3.70998468934e-23 0.0649990362184 
1.12183379917 -1.30507629809e-21 -8.70050865396e-22 0.0581446624721 
1.15445508645 -6.81038788221e-22 -4.54025858814e-22 0.0522563312111 
1.16979522308 -4.67321605336e-22 -3.11547736891e-22 0.0505402669169 
1.18218609838 8.89310425822e-23 5.92873617215e-23 0.0487717366712 
1.19408925145 -4.61876644196e-22 -3.07917762797e-22 0.0497775999586 
1.19408925145 -4.61876644196e-22 -3.07917762797e-22 0.0497775999586 
1.19364121723 -1.11529133715e-21 -7.43527558102e-22 0.0509053795651 
1.19364121723 -1.11529133715e-21 -7.43527558102e-22 0.0509053795651 
1.18822055311 -1.60259672953e-21 -1.06839781969e-21 0.0571911391379 
1.18836383726 1.56459683898e-21 1.04306455932e-21 0.056092222506 
1.18855988308 3.91241016582e-22 2.60827344388e-22 0.0547120962077 
1.17314073196 6.68158653708e-22 4.45439102472e-22 0.0584208647329 
1.17400558102 -3.98593826442e-22 -2.65729217628e-22 0.061071624127 
1.17482307203 -4.03347763217e-22 -2.68898508811e-22 0.0563768047955 
1.16971750703 -6.30237971017e-22 -4.20158647345e-22 0.0574689473342 
1.17020816611 -2.00309684761e-22 -1.33539789841e-22 0.0526128901223 
1.17013056479 9.86127248799e-23 6.57418165866e-23 0.0505868449276 
1.17002436619 2.96514663737e-22 1.97676442491e-22 0.0532362547428 
1.15813950191 1.06049027117e-22 7.06993514112e-23 0.0545403876676 
1.15338612761 6.32881296517e-22 4.21920864345e-22 0.0511328713507 
1.14961357358 -6.55097986566e-22 -4.36731991044e-22 0.0511966643605 
1.14577903623 -7.35394372182e-23 -4.90262914788e-23 0.0500851090317 
1.14440707708 4.3929315691e-22 2.92862104607e-22 0.0476433012001 
1.14388506343 -5.13618190465e-22 -3.42412126977e-22 0.0429549461873 
1.138463088 1.96047453028e-23 1.30698302019e-23 0.0409260247875 
1.1260560792 1.82142131516e-20 1.21428087677e-20 0.0449437646763 
1.1216137469 -2.53820079612e-22 -1.69213386408e-22 0.0462815943574 
1.11431185016 8.25830606652e-23 5.50553737768e-23 0.0513398283913 
1.10882502875 4.57642947139e-22 3.05095298093e-22 0.0509143717479 
1.1083630721 -1.02875569653e-22 -6.85837131017e-23 0.0522612729378 
1.10760978088 5.72310488117e-22 3.81540325412e-22 0.0481994257212 
1.10233694264 5.92256913299e-22 3.94837942199e-22 0.0497955719374 
1.10131706593 -9.97570960272e-23 -6.65047306848e-23 0.0467413652683 
1.1058406589 7.2301978047e-23 4.8201318698e-23 0.0411290859768 
1.10509039969 -1.08643799236e-22 -7.2429199491e-23 0.0371382031788 
1.09861378043 -5.90930443252e-22 -3.93953628835e-22 0.036634183754 
1.09762075054 3.37734727673e-22 2.25156485115e-22 0.0351480389005 
1.10860214872 1.16885406114e-22 7.79236040759e-23 0.0364210411344 
1.11409441319 3.96187600205e-22 2.64125066803e-22 0.0406787859668 
1.12202593766 2.72947571958e-22 1.81965047972e-22 0.0424511546541 
1.14607449349 2.84703849756e-22 1.89802566504e-22 0.0405988256739 
1.16488860064 -2.21793133026e-23 -1.47862088684e-23 0.0384684666297 
1.20234776638 -9.88721826177e-23 -6.59147884118e-23 0.0345068569309 
1.26309027949 2.7769121101e-22 1.85127474007e-22 0.0328792751937 
1.31662739476 -1.42847554547e-21 -9.52317030312e-22 0.0377828055627 
1.36929022321 4.35945756342e-22 2.90630504228e-22 0.0362902758631 
1.41436327932 1.12333411855e-21 7.48889412363e-22 0.0315902235995 
1.44945014617 -1.79609507454e-21 -1.19739671636e-21 0.0250961110703 
1.47308159923 1.57365709283e-21 1.04910472856e-21 0.0218540751326 
1.49509970518 -8.47335057751e-22 -5.64890038501e-22 0.0169775770836 
1.50982023098 3.07252587779e-22 2.04835058519e-22 0.0117121067122 
1.51333247341 1.02555242343e-21 6.83701615621e-22 0.0104219566761 
1.5159991783 4.33186768625e-22 2.88791179083e-22 0.00999772970882 
1.52078818202 1.33700394053e-21 8.9133596035e-22 0.00745781679958 
1.52093025138 6.22500844685e-22 4.15000563123e-22 0.00686249321122 
1.51995444759 1.67731085016e-21 1.11820723344e-21 0.00784975941145 
1.52171076894 9.24899872257e-22 6.16599914838e-22 0.00849624414592 
1.51881182482 -6.16796465677e-22 -4.11197643785e-22 0.0091937760184 
1.51454775199 1.18439371902e-21 7.89595812677e-22 0.00990462965295 
1.51095716478 -1.54764814512e-22 -1.03176543008e-22 0.0118571464815 
1.50836955833 -7.4909488397e-22 -4.99396589313e-22 0.0107692449826 
1.50838974727 -1.58641834797e-21 -1.05761223198e-21 0.0109902254848 
1.51189899357 3.2994295889e-21 2.19961972593e-21 0.0115320979427 
1.51029227187 -1.60202329775e-21 -1.06801553183e-21 0.0141141847956 
1.50825892119 -2.48137998167e-21 -1.65425332111e-21 0.0131638578962 
1.49943936629 1.54688723645e-21 1.03125815763e-21 0.0156631410481 
1.49949954548 1.19005720231e-22 7.93371468206e-23 0.014768295396 
1.49452391395 6.99944785937e-22 4.66629857291e-22 0.0176857635486 
1.4942636346 1.3399440845e-21 8.93296056334e-22 0.017906283522 
1.48390003883 5.04288118771e-22 3.36192079181e-22 0.0190423454198 
1.48677447337 1.25072834552e-21 8.33818897012e-22 0.0173531313761 
1.48115354684 2.40310108157e-21 1.60206738771e-21 0.0179256884051 
1.48002545389 2.04062299386e-21 1.36041532924e-21 0.0185164385299 
1.47903018635 -9.00246784736e-22 -6.00164523158e-22 0.0180739944299 
1.47388438763 7.31306902337e-22 4.87537934891e-22 0.0174137004627 
1.46637051188 7.37980129254e-22 4.91986752836e-22 0.0180664530314 
1.45634450158 9.66956687154e-22 6.44637791436e-22 0.0200290991607 
1.45030547034 6.7995222163e-22 4.53301481087e-22 0.0219557564434 
1.43766505083 2.95417731572e-22 1.96945154381e-22 0.0247989019535 
1.41767606893 -1.42181111333e-21 -9.47874075554e-22 0.0262340297579 
1.39614413099 -6.07855456557e-23 -4.05236971038e-23 0.0272262379644 
1.34728538025 1.34479462628e-19 8.9652975085e-20 0.0350909015811 
1.28361475033 1.25299176874e-17 8.35327845829e-18 0.0511472055027 
1.21034354737 -6.68030452677e-18 -4.45353635118e-18 0.0754565041811 
1.1319853001 0.0204975433438 0.0136650288959 0.10303565366 
1.04684746994 0.0539226676291 0.0359484450861 0.136191192623 
1.03127566141 0.312562980391 0.208375320261 0.125553100498 
1.00168996026 0.491494792448 0.327663194965 0.130968283285 
0.971653256135 0.621883518968 0.414589012646 0.142136543375 
0.91720681871 0.721010444004 0.480673629336 0.152765941302 
0.871885684781 0.851814140274 0.567876093516 0.169598368029 
0.782259209056 0.949051026364 0.632700684243 0.17844881527 
0.632852886096 1.08439010742 0.722926738279 0.166068666427 
0.464857587759 1.20244047909 0.801626986057 0.122383294701 
0.323920403966 1.28541225489 0.856941503263 0.0683247409617 
0.20529718557 1.34601268106 0.897341787375 0.0165672784359 
0.108089516617 1.39036363411 0.926909089405 -0.0356250848819 
0.029773052494 1.41762290677 0.945081937849 -0.0796269565285 
1.45587609383e-17 1.43911122511 0.959407483406 -0.108793131506 
-2.6480437118e-22 1.45468730581 0.969791537206 -0.124826145307 
-1.05167034684e-21 1.46403760899 0.976025072659 -0.134239874092 
1.44611128375e-21 1.46940800485 0.979605336564 -0.142824771839 
1.85104414378e-21 1.47117912895 0.980786085967 -0.149612032552 
7.36287351945e-23 1.47364681803 0.982431212018 -0.153404527467 
-1.37466092217e-21 1.47570985691 0.983806571271 -0.153802383783 
-1.35178622105e-21 1.47664239773 0.984428265151 -0.158988947382 
-6.29154029298e-22 1.47446893563 0.982979290421 -0.162269246519 
5.19902960563e-22 1.47570352856 0.98380235237 -0.162506950987 
1.29899077485e-21 1.47444160207 0.982961068045 -0.162703494386 
-1.63360966615e-21 1.47431168892 0.982874459278 -0.166218163925 
6.00553404191e-22 1.47474649719 0.983164331459 -0.166341300915 
-6.43963326428e-23 1.47525458343 0.983503055619 -0.166666153708 
-3.46725234475e-22 1.4725235504 0.981682366931 -0.169194024147 
-4.62427002741e-22 1.47022933029 0.980152886858 -0.168991694506 
1.71967530424e-21 1.46926995562 0.979513303746 -0.168899763223 
2.78623279137e-22 1.4683876146 0.978925076399 -0.1689491333 
1.22966126853e-21 1.4678906654 0.978593776932 -0.168973425673 
1.20618857821e-22 1.46424051589 0.976160343925 -0.168807706729 
4.70832910762e-22 1.46181249221 0.974541661476 -0.168896917908 
1.47898512919e-21 1.45985939817 0.973239598777 -0.168940940721 
6.46872277818e-23 1.45677798638 0.971185324256 -0.168800659129 
1.23693141353e-21 1.4528155235 0.968543682335 -0.168455935533 
-1.87680159832e-22 1.45177435152 0.967849567677 -0.168042974278 
7.31685405597e-22 1.45094497096 0.967296647307 -0.164494159296 
9.72239866044e-22 1.44816432649 0.965442884324 -0.164226846961 
-8.39810731575e-22 1.4435695042 0.962379669469 -0.164005663519 
3.21576716623e-22 1.44414232822 0.962761552148 -0.16414626277 
9.06212453499e-22 1.44273492475 0.961823283168 -0.164106587058 
1.17505903466e-21 1.44355130713 0.962367538089 -0.16410508259 
1.34181347471e-21 1.44164014744 0.961093431624 -0.163822525743 
1.34181347471e-21 1.44164014744 0.961093431624 -0.163822525743 
1.34181347471e-21 1.44164014744 0.961093431624 -0.163822525743 
2.34350333809e-21 1.4397388322 0.959825888133 -0.16347714924 
-2.00283718928e-22 1.44097734199 0.960651561324 -0.16329172104 
4.59061875437e-22 1.44211690274 0.961411268493 -0.159232278314 
1.71065036681e-21 1.44366414219 0.962442761461 -0.154956161562 
2.90420766675e-21 1.44454234595 0.963028230636 -0.143657108201 
-5.92685737973e-22 1.44702973901 0.964686492676 -0.125434011749 
-1.25337197449e-22 1.44684712334 0.964564748894 -0.103545491886 
3.15895033391e-21 1.44100626383 0.960670842552 -0.0681923453394 
-4.04165198389e-21 1.43999905639 0.959999370924 -0.0374494025772 
-4.09311707226e-21 1.42988611763 0.953257411752 -0.00536569357484 
6.94597426217e-22 1.41221373683 0.941475824555 0.030248443253 
0.03887854477 1.38472367247 0.923149114977 0.0775933297014 
0.123188064513 1.34239690625 0.894931270832 0.127656698242 
0.197830286112 1.297403491 0.864935660664 0.173379361342 
0.275363718184 1.2438047664 0.829203177602 0.210389688549 
0.354419035162 1.18213451349 0.788089675659 0.233666366266 
0.41406468244 1.12009261631 0.746728410872 0.245503136606 
0.458776759961 1.0631106612 0.708740440798 0.244639851917 
0.465517965468 1.01505285332 0.676701902213 0.24638309655 
0.474344054469 0.969399032659 0.646266021773 0.241703926362 
0.479871726533 0.93306453651 0.62204302434 0.23524763079 
0.482175162357 0.899689363159 0.599792908773 0.22926048302 
0.427359721617 0.862155173127 0.574770115418 0.234564994036 
0.380914642284 0.827540863793 0.551693909195 0.240446340407 
0.317544402045 0.785673624404 0.52378241627 0.261022477521 
0.211593603713 0.57064108571 0.380427390474 0.523598775598 
0.188577321934 0.572860969106 0.381907312737 0.523598775598 
0.167974615706 0.573753084416 0.382502056277 0.523598775598 
0.151526788231 0.57235569857 0.381570465714 0.523598775598 
0.141261197207 0.569197267498 0.379464844999 0.523598775598 
0.127075965285 0.595130212396 0.396753474931 0.473507073111 
0.117838711315 0.589454487882 0.392969658588 0.470407377455 
0.104564523609 0.623478910268 0.415652606845 0.404498830227 
0.0934309332006 0.620565088379 0.413710058919 0.402871374429 
0.0766060498889 0.629577989402 0.419718659601 0.407805018408 
0.0709886391215 0.626524617982 0.417683078655 0.406203405395 
0.0614532047564 0.632068475177 0.421378983452 0.408889372645 
0.055271011921 0.636431163791 0.424287442527 0.410969326159 
0.0534425966936 0.633750915643 0.422500610429 0.409742135397 
0.0490322296024 0.634680490882 0.423120327255 0.410590972632 
0.0505604729631 0.628230977254 0.418820651503 0.407423705706 
0.0505604729631 0.628230977254 0.418820651503 0.407423705706 
0.0505604729631 0.628230977254 0.418820651503 0.407423705706 
0.0539889925313 0.621239704623 0.414159803082 0.403085494271 
0.0539889925313 0.621239704623 0.414159803082 0.403085494271 
0.0614133393501 0.610213112431 0.406808741621 0.39569208619 
0.0636627825913 0.603467699469 0.402311799646 0.389622596465 
0.0637923244107 0.599933130673 0.399955420449 0.385332226103 
0.0714018380907 0.592963461013 0.395308974009 0.379550754186 
0.0721808071577 0.589444711639 0.392963141092 0.37648285783 
0.0721808071577 0.589444711639 0.392963141092 0.37648285783 
0.0818127394883 0.578461270751 0.385640847168 0.37137732698 
0.0900107768946 0.571203976796 0.380802651197 0.368771974176 
0.107626394073 0.56173867783 0.374492451887 0.365492735343 
0.125532399054 0.552007606818 0.368005071212 0.36401654994 
0.151602135456 0.532039884923 0.354693256615 0.355293074557 
0.180165576644 0.510354856382 0.340236570921 0.345543483297 
0.210039592046 0.489543744155 0.326362496103 0.33535408658 
0.239685283993 0.469482145087 0.312988096724 0.323752978801 
0.274294739513 0.447241450878 0.298160967252 0.309478594044 
0.310876445189 0.430167565318 0.286778376879 0.293992115018 
0.337414143984 0.424513788621 0.283009192414 0.284576326024 
0.454375167564 0.62880962664 0.41920641776 0.126178812843 
0.491315887361 0.662000584439 0.441333722959 0.119042492845 
0.52547552294 0.687395926407 0.458263950938 0.113940957654 
0.561303938504 0.717291225429 0.478194150286 0.113204414764 
0.5920165595 0.746022866589 0.497348577726 0.112034540641 
0.588352648219 0.76480841082 0.50987227388 0.118003234833 
0.630846701122 0.797939757192 0.531959838128 0.120042507744 
0.630780249025 0.805132130308 0.536754753539 0.131507905397 
0.660219295697 0.836473108257 0.557648738838 0.136721964414 
0.651132024569 0.879219386225 0.586146257483 0.159004925389 
0.642633968213 0.926453975186 0.617635983457 0.184027289658 
0.633070206248 0.97133500384 0.647556669226 0.204200272104 
0.568787124624 1.02601366014 0.68400910676 0.228340560769 
0.526119948841 1.07480563087 0.716537087245 0.246087555165 
0.474176406706 1.12422252336 0.749481682238 0.257990723942 
0.39278921509 1.18829822086 0.792198813909 0.259399227089 
0.310774038225 1.24681652122 0.831211014145 0.243962517706 
0.217873676317 1.30497149665 0.869980997768 0.219275678117 
0.104458937005 1.3662943138 0.910862875868 0.175498935826 
0.00407303073899 1.41301482178 0.942009881185 0.128096617539 
2.64327002067e-19 1.45144490968 0.967629939786 0.0930348874907 
-4.50957179358e-22 1.4906777996 0.993785199733 0.0564574647491 
8.94073841928e-21 1.52327758479 1.01551838986 0.0245527723729 
-7.15272788056e-21 1.54859105524 1.03239403683 -0.00325629695487 
1.16377455686e-21 1.57235678589 1.04823785726 -0.0316249189495 
1.2621417389e-21 1.59104312819 1.06069541879 -0.0555594501726 
3.44648278026e-21 1.60420682845 1.06947121897 -0.0751657402899 
1.61426373424e-21 1.61582056986 1.07721371324 -0.092291604139 
3.30056743599e-23 1.62428151532 1.08285434355 -0.104728025606 
8.77348310366e-21 1.63114397932 1.08742931955 -0.113279413564 
0.00214883448054 1.63555589148 1.09037059432 -0.119023051753 
0.665825818518 1.60153062336 1.06768708224 0.0405938647835 
0.676070816099 1.60524657654 1.07016438436 0.0331607030188 
0.699573301485 1.60606035631 1.07070690421 0.0357835126437 
0.710183560109 1.60741895602 1.07161263735 0.027804544277 
0.720706014648 1.60814856683 1.07209904455 0.0237054532569 
0.730048035915 1.60757272914 1.07171515276 0.0213595902221 
0.738860010586 1.60768688286 1.07179125524 0.0196761738711 
0.745071385263 1.6065832724 1.07105551493 0.0179917079537 
0.751841957329 1.6062554467 1.07083696446 0.0174692018421 
0.752078179244 1.60702806284 1.0713520419 0.0174555252627 
0.759389420434 1.60775167359 1.07183444906 0.0167654939382 
0.759501984579 1.60816901278 1.07211267518 0.0167893412424 
0.759640168435 1.60845947302 1.07230631535 0.0167842291197 
0.759767983067 1.60815270885 1.0721018059 0.0167730588628 
0.765829651534 1.6068700696 1.07124671307 0.0149871790852 
0.765928629832 1.60751893741 1.07167929161 0.015033261427 
0.765928629832 1.60751893741 1.07167929161 0.015033261427 
0.765933988658 1.60774162161 1.07182774774 0.0151305462321 
0.765782850978 1.60730134943 1.07153423295 0.0152990521697 
0.759426502262 1.60735110065 1.07156740043 0.0213319372332 
0.751932418669 1.60591567309 1.07061044873 0.0257976011515 
0.737619053423 1.60217681578 1.06811787719 0.0347977489364 
0.697979612939 1.59531889157 1.06354592772 0.0359243619037 
0.648093630222 1.58613261792 1.05742174528 0.0407144243108 
0.568042570292 1.57500596835 1.0500039789 0.0371192637404 
0.431231188383 1.5675908834 1.04506058893 0.012774780767 
-3.53761016059e-16 1.56491941561 1.04327961041 -0.0733801268617 
7.74544360889e-21 1.54342737328 1.02895158218 -0.0485864908678 
1.65899929949e-21 1.51208716651 1.00805811101 -0.0159013403977 
3.1640405612e-21 1.48009317398 0.986728782651 0.0177888800045 
-1.35141796391e-21 1.44399476014 0.962663173426 0.0508686096473 
0.0676921349651 1.38890553239 0.925937021594 0.104844608715 
0.220657652863 1.31578822525 0.877192150164 0.168143585035 
0.38788516317 1.21268505654 0.808456704358 0.217042275719 
0.509990904741 1.11203274607 0.741355164047 0.228295073164 
0.592244293093 1.0241750667 0.682783377802 0.220978609624 
0.644742480279 0.947247092388 0.631498061592 0.205794232389 
0.659753858015 0.872612201004 0.581741467336 0.187369059613 
0.677779463723 0.81370030935 0.5424668729 0.168245651271 
0.690451955374 0.772766457384 0.515177638256 0.150198399318 
0.696515122709 0.742109292172 0.494739528115 0.133232772274 
0.640385238687 0.701799359634 0.467866239756 0.126386157488 
0.595530628366 0.670694883238 0.447129922159 0.117796370258 
0.529535215642 0.645682862922 0.430455241948 0.113098017052 
0.460074550271 0.598552669485 0.39903511299 0.112719067583 
0.388847700081 0.537228731303 0.358152487535 0.123574321494 
0.316101523239 0.451758968345 0.301172645564 0.159438953682 
0.270810447708 0.384751480203 0.256500986802 0.207989033433 
0.246210062502 0.384518227937 0.256345485292 0.204273115279 
0.228546780982 0.376412070696 0.250941380464 0.190796533138 
0.212188906092 0.377970912969 0.251980608646 0.189636297423 
0.203693219236 0.369466169359 0.246310779573 0.17546250871 
0.19632644628 0.381054923297 0.254036615532 0.136254207804 
0.193293892963 0.367123164343 0.244748776229 0.125162459597 
0.189222447468 0.366780850455 0.24452056697 0.123603271874 
0.189652964735 0.361472896909 0.240981931273 0.0879701693061 
0.186029299583 0.331928895959 0.22128593064 0.0707492738883 
0.181609378046 0.333576379936 0.222384253291 0.0703101250041 
0.181609378046 0.333576379936 0.222384253291 0.0703101250041 
0.179267468242 0.334058854094 0.222705902729 0.0699293081778 
0.175956742958 0.33532380314 0.223549202094 0.0695960813482 
0.175956742958 0.33532380314 0.223549202094 0.0695960813482 
0.173215704931 0.337028460121 0.224685640081 0.0690757731886 
0.173215704931 0.337028460121 0.224685640081 0.0690757731886 
0.175570731267 0.336107191985 0.224071461323 0.0684389252949 
0.175570731267 0.336107191985 0.224071461323 0.0684389252949 
0.175570731267 0.336107191985 0.224071461323 0.0684389252949 
0.171452406831 0.213543209897 0.142362139931 -0.2057416887 
0.17570476245 0.212890699051 0.1419271327 -0.20467712345 
0.169730009676 0.22121319352 0.147475462347 -0.205085951597 
0.165933626758 0.222338560399 0.148225706932 -0.206335673023 
0.167809883409 0.223087095181 0.148724730121 -0.206668517609 
0.165661350459 0.232483678487 0.154989118991 -0.212216287833 
0.176700176427 0.233176605799 0.155451070532 -0.266681573604 
0.16787768849 0.243130817916 0.162087211944 -0.273337678734 
0.180524199953 0.241711420991 0.161140947327 -0.34087434707 
0.182757213971 0.240920077439 0.160613384959 -0.340268172922 
0.177925186953 0.2461494011 0.164099600734 -0.34422283227 
0.190650106814 0.240310844957 0.160207229971 -0.413635752427 
0.184795451394 0.247714098405 0.16514273227 -0.419157199383 
0.19902695014 0.241861211436 0.161240807624 -0.489613468952 
0.193642207669 0.249050984212 0.166033989475 -0.496892357354 
0.19770274303 0.248165765171 0.165443843447 -0.523598775598 
0.19770274303 0.248165765171 0.165443843447 -0.523598775598 
0.192287048509 0.255554382284 0.170369588189 -0.523598775598 
0.19841310902 0.249732400479 0.166488266986 -0.523598775598 
0.196370192627 0.249961721957 0.166641147971 -0.523598775598 
0.196370192627 0.249961721957 0.166641147971 -0.523598775598 
0.193435686168 0.246591321521 0.164394214348 -0.523598775598 
0.176900372277 0.252304716178 0.168203144119 -0.523598775598 
0.128491506143 0.264797531575 0.176531687717 -0.523598775598 
0.0912697325424 0.269354817206 0.179569878137 -0.523598775598 
0.0537133589677 0.278659786472 0.185773190981 -0.523598775598 
0.027632287638 0.275396626047 0.183597750698 -0.523598775598 
0.0121270543871 0.264523188138 0.176348792092 -0.523598775598 
-4.33680868994e-18 0.258519502138 0.172346334758 -0.523598775598 
-2.95213920337e-21 0.242906622773 0.161937748515 -0.523598775598 
-3.09544786771e-21 0.234345660008 0.156230440005 -0.523598775598 
2.00716008093e-21 0.224946562972 0.149964375315 -0.523598775598 
3.00759891611e-21 0.217288874276 0.144859249517 -0.523598775598 
8.95382920538e-22 0.208968939104 0.13931262607 -0.523598775598 
-2.8953528529e-21 0.202322836728 0.134881891152 -0.523598775598 
-3.99037047028e-22 0.192719940696 0.128479960464 -0.523598775598 
-3.99037047028e-22 0.192719940696 0.128479960464 -0.523598775598 
1.77611031926e-21 0.187878178808 0.125252119206 -0.523598775598 
1.77611031926e-21 0.187878178808 0.125252119206 -0.523598775598 
1.77611031926e-21 0.187878178808 0.125252119206 -0.523598775598 
1.77611031926e-21 0.187878178808 0.125252119206 -0.523598775598 
1.77611031926e-21 0.187878178808 0.125252119206 -0.523598775598 
-2.49409677952e-21 0.193938264687 0.129292176458 -0.523598775598 
-2.49409677952e-21 0.193938264687 0.129292176458 -0.523598775598 
-5.22341946746e-21 0.199393851803 0.132929234535 -0.523598775598 
-5.22341946746e-21 0.199393851803 0.132929234535 -0.523598775598 
-5.22341946746e-21 0.199393851803 0.132929234535 -0.523598775598 
-5.22341946746e-21 0.199393851803 0.132929234535 -0.523598775598 
-5.22341946746e-21 0.199393851803 0.132929234535 -0.523598775598 
-5.22341946746e-21 0.199393851803 0.132929234535 -0.523598775598 
-5.22341946746e-21 0.199393851803 0.132929234535 -0.523598775598 
5.16288190628e-22 0.193207076028 0.128804717352 -0.523598775598 
5.16288190628e-22 0.193207076028 0.128804717352 -0.523598775598 
5.16288190628e-22 0.193207076028 0.128804717352 -0.523598775598 
5.16288190628e-22 0.193207076028 0.128804717352 -0.523598775598 
5.16288190628e-22 0.193207076028 0.128804717352 -0.523598775598 
5.16288190628e-22 0.193207076028 0.128804717352 -0.523598775598 
5.16288190628e-22 0.193207076028 0.128804717352 -0.523598775598 
1.58850756932e-21 0.202170700351 0.1347804669 -0.523598775598 
1.58850756932e-21 0.202170700351 0.1347804669 -0.523598775598 
-2.70329747197e-22 0.212694018231 0.141796012154 -0.523598775598 
3.74690408163e-21 0.220660065871 0.147106710581 -0.523598775598 
-4.08463289203e-19 0.237236194676 0.158157463117 -0.523598775598 
0.00685004453519 0.256319250118 0.170879500079 -0.523598775598 
0.0280974534246 0.271370016863 0.180913344576 -0.523598775598 
0.0578674946702 0.277836307871 0.185224205247 -0.523598775598 
0.085797022309 0.280306353918 0.186870902612 -0.523598775598 
0.10996849703 0.284285310639 0.189523540426 -0.513718846122 
0.13118121631 0.285773105482 0.190515403655 -0.501428817559 
0.121920956861 0.302182419789 0.201454946526 -0.418071225648 
0.136261935945 0.303054651924 0.202036434616 -0.408947634864 
0.118835436239 0.329364809234 0.219576539489 -0.335056978199 
0.126994859443 0.331981872286 0.221321248191 -0.332547739035 
0.128547013664 0.341968784435 0.227979189623 -0.329869758653 
0.0966641170191 0.437853516256 0.291902344171 0.0915120413907 
0.0942641485885 0.425040124722 0.283360083148 0.0858640346431 
0.0907577422545 0.424526052902 0.283017368601 0.0853822211786 
0.0915158785781 0.39793622178 0.26529081452 0.0741948006164 
0.0915158785781 0.39793622178 0.26529081452 0.0741948006164 
0.0867323515371 0.382028048391 0.254685365594 0.0686044033493 
0.0841916746942 0.382084838865 0.25472322591 0.0685067265827 
0.0878739412831 0.363337993534 0.242225329022 0.0640751019899 
0.0904226295797 0.363065263211 0.242043508808 0.0644388165296 
0.096274958668 0.378932829896 0.252621886597 0.0731447086035 
0.10358885739 0.399332537119 0.266221691413 0.0802599955867 
0.111936345655 0.415122927937 0.276748618625 0.086555202675 
0.113138318536 0.43916192698 0.292774617987 0.0984062532184 
0.117256921895 0.45661336456 0.304408909707 0.106921223997 
0.118837337525 0.484606821728 0.323071214485 0.11969750359 
0.171155932142 0.597296838349 0.398197892233 0.0206906983589 
0.190273178774 0.640132989443 0.426755326295 0.0257511454387 
0.211408201048 0.68277471559 0.455183143727 0.0338169951073 
0.232567978764 0.726469512717 0.484313008478 0.0417609848556 
0.251968645799 0.776864818717 0.517909879145 0.048887461693 
0.278047458424 0.82157805153 0.54771870102 0.0584349933861 
0.309483084761 0.872391142497 0.581594094998 0.0724527699251 
0.35048091026 0.9162523519 0.610834901267 0.0906146849723 
0.3808420945 0.952681363313 0.635120908876 0.10700785364 
0.418047154043 0.972721015496 0.648480676997 0.121353339422 
0.449684581322 0.993816489944 0.662544326629 0.137004994381 
0.476109006993 1.01212159682 0.674747731214 0.151203556247 
0.475811533944 1.02797372219 0.685315814796 0.162799203553 
0.473693575184 1.06224121568 0.708160810452 0.181873011022 
0.472187412354 1.09209043017 0.728060286781 0.195900781135 
0.470616476405 1.12056351739 0.747042344928 0.207428302842 
0.42093094652 1.15688794859 0.77125863239 0.213590805817 
0.420439780468 1.18207342195 0.788048947969 0.221364929494 
0.362099187789 1.21747517471 0.811650116472 0.214780568537 
0.324987621079 1.25048085654 0.833653904358 0.204711837876 
0.281866302852 1.2801826249 0.853455083265 0.18408379021 
0.23747696573 1.30739696632 0.871597977545 0.158944182263 
0.186100640308 1.33690146127 0.891267640845 0.123572448603 
0.152490997476 1.35592116258 0.903947441717 0.0920947182947 
0.107867331514 1.37744074307 0.918293828716 0.0599669432956 
0.0652026800503 1.39619208326 0.930794722173 0.0304460373079 
0.0412278884025 1.40754577201 0.938363848004 0.00636720813365 
0.0100863596982 1.4202034973 0.946802331532 -0.0138988051968 
-7.87986431023e-18 1.43064326001 0.95376217334 -0.0280451642109 
7.99454839836e-22 1.43729485176 0.958196567839 -0.0387240839843 
1.26612262855e-21 1.44351388062 0.962342587082 -0.0453146193672 
2.14885691518e-21 1.44707078533 0.964713856888 -0.0508923947007 
1.75282593521e-21 1.45209874142 0.96806582761 -0.0526164331576 
3.05259771689e-22 1.45429985134 0.969533234228 -0.0527505804497 
3.38314847829e-21 1.45614942923 0.970766286155 -0.0545469244586 
4.08252952264e-21 1.45808192498 0.972054616651 -0.0545751911168 
-1.4231815658e-21 1.45857365018 0.972382433451 -0.0547926785392 
-1.86179414132e-21 1.45960628005 0.973070853365 -0.0549565507273 
-3.14640501783e-21 1.46185530771 0.974570205139 -0.0550997629326 
1.23165444711e-21 1.46226924244 0.974846161625 -0.0552127233895 
1.25299900928e-22 1.46323718942 0.975491459614 -0.0553671181541 
-1.10871379194e-21 1.46115861998 0.974105746656 -0.0586925409359 
1.56654342043e-21 1.46076370051 0.973842467008 -0.0586916240676 
4.62626445874e-21 1.45970528156 0.973136854375 -0.0610380773531 
2.01278733921e-21 1.46065327738 0.973768851584 -0.0611834173764 
6.55281445945e-22 1.46035380195 0.973569201302 -0.0614027877171 
1.04355198092e-21 1.4598189485 0.973212632333 -0.0637511986761 
2.67547589479e-21 1.45864493044 0.972429953628 -0.0637861590454 
2.75270094959e-21 1.45345833135 0.968972220898 -0.0638138507214 
6.88801310968e-22 1.44545339621 0.963635597472 -0.0636950538261 
8.82308719197e-22 1.4370888368 0.958059224533 -0.060685656147 
5.04375809289e-07 1.42235895049 0.948239300327 -0.0556968869663 
0.103487949856 1.38974443153 0.926496287684 -0.0240989727329 
0.229747129594 1.33594219102 0.890628127349 0.0184161308416 
0.379115124266 1.25883744988 0.839224966589 0.0615339882306 
0.53826249853 1.15695488932 0.771303259548 0.0963512501805 
0.673000647136 1.04368985075 0.695793233831 0.107835578589 
0.794984741446 0.910637161375 0.607091440917 0.0951126269603 
0.872236644132 0.785558971038 0.523705980692 0.0803623741398 
0.929227207906 0.659413137228 0.439608758152 0.0636074240761 
0.996252898987 0.560450790605 0.373633860403 0.0457621057428 
0.998955523362 0.396038458182 0.264025638788 0.0314659483685 
1.04626329854 0.364063455479 0.242708970319 0.0185220514998 
1.08906199608 0.335679193489 0.223786128993 0.00761861071418 
1.08953840722 0.244401516858 0.162934344572 -0.00178963567724 
1.10270266376 0.23701205161 0.158008034406 -0.0062496293462 
1.11941004004 0.229120037342 0.152746691562 -0.00919404982799 
1.12619631575 0.223722510349 0.149148340233 -0.00994852009636 
1.1339104682 0.218208853584 0.145472569056 -0.0130818061475 
1.1339104682 0.218208853584 0.145472569056 -0.0130818061475 
1.14533722433 0.210266411174 0.140177607449 -0.0172162170337 
1.1516244805 0.20551106339 0.137007375594 -0.0203140991295 
1.15157333475 0.205023336539 0.13668222436 -0.0223156531167 
1.15226192097 0.204368928483 0.136245952322 -0.0205601598101 
1.15178353702 0.204371399096 0.136247599398 -0.0190406386939 
1.15000707647 0.205012308351 0.136674872234 -0.0176723788401 
1.15000707647 0.205012308351 0.136674872234 -0.0176723788401 
1.13778908504 0.208474271832 0.138982847888 -0.0159581904063 
1.12955160884 0.209298325773 0.139532217182 -0.0139945257224 
1.12955160884 0.209298325773 0.139532217182 -0.0139945257224 
1.12813492625 0.209395981475 0.139597320983 -0.0111716641129 
1.11847097748 0.211793277797 0.141195518531 -0.00695220203753 
1.11624697758 0.212680817636 0.141787211757 -0.00195959500373 
1.09362013814 0.219656075626 0.146437383751 0.00345764050847 
1.07881962483 0.225345136826 0.150230091217 0.00928598585185 
1.05039961053 0.238384442428 0.158922961619 0.0213407575398 
1.02346735166 0.252842517579 0.168561678386 0.0316201923049 
0.989216344892 0.274206144019 0.182804096013 0.0436450100361 
1.00486924144 0.455495274108 0.303663516072 0.0552627943556 
0.94349991458 0.507245572398 0.338163714932 0.0736200603419 
0.957969074877 0.635119858721 0.423413239147 0.0857074263462 
0.912039526341 0.711946478723 0.474630985816 0.102549297019 
0.881826169438 0.788259047446 0.525506031631 0.114102575839 
0.860376957034 0.855489343648 0.570326229099 0.124054603506 
0.801362621558 0.918310349657 0.612206899771 0.130689899879 
0.750089873447 0.972009619859 0.64800641324 0.133358703889 
0.701983708856 1.01676745014 0.67784496676 0.134417704852 
0.662802079976 1.05014007066 0.700093380442 0.131177119326 
0.658140453758 1.07264777133 0.715098514218 0.130441243611 
0.61715974002 1.08787488663 0.725249924418 0.126773735101 
0.616087139531 1.0994407963 0.732960530868 0.129267672343 
0.582378218004 1.1132597127 0.742173141801 0.124088179621 
0.581899357711 1.11982991204 0.746553274693 0.125220729181 
0.581175514434 1.12573950161 0.750493001075 0.126283754567 
0.58016295086 1.13160373823 0.754402492155 0.127429155051 
0.551822070232 1.13585654171 0.757237694472 0.12341320486 
0.551535616786 1.13920752163 0.759471681087 0.124561682405 
0.551535616786 1.13920752163 0.759471681087 0.124561682405 
0.551535616786 1.13920752163 0.759471681087 0.124561682405 
0.55118887467 1.14156781152 0.761045207679 0.12522252018 
0.55118887467 1.14156781152 0.761045207679 0.12522252018 
0.551281626427 1.1381971634 0.758798108936 0.124277033174 
0.551012919165 1.14117888769 0.760785925125 0.125480852995 
0.550586127332 1.14379050192 0.762527001282 0.126599728602 
0.549883059042 1.14667858313 0.764452388753 0.128180270646 
0.549883059042 1.14667858313 0.764452388753 0.128180270646 
0.549196737005 1.14848066564 0.765653777094 0.128875805836 
0.549196737005 1.14848066564 0.765653777094 0.128875805836 
0.549196737005 1.14848066564 0.765653777094 0.128875805836 
0.548354250226 1.15051981968 0.76701321312 0.130057603123 
0.547895159643 1.14708661514 0.764724410095 0.129676923599 
0.547753423706 1.14113461289 0.760756408594 0.129171965911 
0.549656717145 1.12673008695 0.751153391297 0.133363108845 
0.613402668429 1.08981215361 0.726541435741 0.138311974183 
0.682769823875 1.02814146015 0.685427640098 0.143535807322 
0.752612480259 0.954003007838 0.636002005225 0.145149633209 
0.829880006427 0.857625491357 0.571750327571 0.134832632847 
0.868838498105 0.735017988099 0.490011992066 0.120231129689 
0.929096666428 0.624009838239 0.416006558826 0.10301089475 
0.989504577407 0.536735667063 0.357823778042 0.0855115289522 
0.975036542391 0.361524333072 0.241016222048 0.0768213818661 
1.02328295256 0.327865328797 0.218576885865 0.0575331593176 
1.00812051821 0.185571903688 0.123714602459 0.0553294609665 
1.03190121071 0.173975589188 0.115983726125 0.0445532490429 
1.05126388006 0.164182901364 0.109455267576 0.0360525577316 
1.06469633208 0.156898207567 0.104598805045 0.0327159128744 
1.06676487284 0.15505571109 0.10337047406 0.028897469644 
1.07590953023 0.148980171335 0.0993201142231 0.0255711998969 
1.07327109747 0.148886685052 0.0992577900347 0.029440784329 
1.07300723045 0.148247136938 0.0988314246251 0.0260396300835 
1.06815496099 0.149251109533 0.0995007396888 0.0294953271273 
1.05720010615 0.150952295893 0.100634863928 0.0315779674278 
1.05703688743 0.150598324072 0.100398882715 0.0288459874252 
1.05390423726 0.151131699951 0.100754466634 0.0314840383315 
1.05390423726 0.151131699951 0.100754466634 0.0314840383315 
1.05268309717 0.151328023091 0.100885348728 0.0280295256653 
1.05268309717 0.151328023091 0.100885348728 0.0280295256653 
1.04513061295 0.154272172614 0.102848115076 0.031503141383 
1.04540755061 0.1545408631 0.103027242067 0.0269357340561 
1.03908379344 0.158298423658 0.105532282439 0.0274657465271 
1.03908379344 0.158298423658 0.105532282439 0.0274657465271 
1.03041066939 0.163288160836 0.108858773891 0.0327360016564 
1.03041066939 0.163288160836 0.108858773891 0.0327360016564 
1.03041066939 0.163288160836 0.108858773891 0.0327360016564 
1.03041066939 0.163288160836 0.108858773891 0.0327360016564 
1.02983997889 0.16451890212 0.10967926808 0.0366430031544 
1.02983997889 0.16451890212 0.10967926808 0.0366430031544 
1.02694869346 0.166494377707 0.110996251805 0.0429506045557 
0.997744754654 0.17827408492 0.118849389947 0.0526036902566 
0.965917993886 0.19427108312 0.129514055413 0.0674228563478 
0.921595899629 0.21639029077 0.144260193847 0.0755014455785 
0.903236159644 0.369821903353 0.246547935569 0.0618694015993 
0.827308845594 0.413614432066 0.275742954711 0.0583152317695 
0.744723045119 0.463039097919 0.308692731946 0.0498255579195 
0.560864788893 0.416559156692 0.277706104461 0.0437202075709 
0.382448489584 0.313311837951 0.208874558634 0.0526531965454 
0.267817645457 0.25868063889 0.17245375926 0.0281954423708 
0.180130997794 0.185347804353 0.123565202902 -0.0882081256049 
0.11939537297 0.180061398449 0.120040932299 -0.0706844390813 
0.0796430560984 0.171185876286 0.114123917524 -0.0660788078987 
0.0535814674285 0.174938358686 0.116625572458 -0.0723935924075 
0.0385436634383 0.157886569557 0.105257713038 -0.0643782729519 
0.0327809390683 0.15846884454 0.10564589636 -0.0640619315862 
0.0268151371883 0.156127059757 0.104084706504 -0.0598531335732 
0.0237452448557 0.152238008146 0.101492005431 -0.0546331150729 
0.0220668984927 0.140793328085 0.0938622187235 -0.0545626275984 
0.0214531881741 0.140017884098 0.0933452560652 -0.0513597202655 
0.0214531881741 0.140017884098 0.0933452560652 -0.0513597202655 
0.023259326763 0.136829065962 0.0912193773078 -0.0453413306824 
0.0200167583628 0.137467436201 0.0916449574672 -0.045830855837 
0.0164761778694 0.137804075078 0.0918693833856 -0.0441878100252 
0.0203574957574 0.136763751368 0.0911758342455 -0.0429221562444 
0.0270808028215 0.132431384797 0.0882875898649 -0.0386907712707 
0.0270808028215 0.132431384797 0.0882875898649 -0.0386907712707 
0.0328544573363 0.131520056456 0.0876800376373 -0.0384601343403 
0.0364247802764 0.131132927982 0.0874219519878 -0.0388976288357 
0.044750359954 0.12669184214 0.0844612280935 -0.0428436846038 
0.0516286197483 0.125339304168 0.0835595361118 -0.0431514908628 
0.0580438746624 0.114434435903 0.0762896239356 -0.0438960974706 
0.0683176153181 0.112434947029 0.0749566313524 -0.0440606966211 
0.0751379673556 0.110653713698 0.0737691424656 -0.0469582196329 
0.0832032577996 0.10998434364 0.0733228957603 -0.050290638036 
0.0930938859974 0.129306269443 0.0862041796287 -0.0567125369853 
0.107960261431 0.127296299811 0.0848641998737 -0.05593274484 
0.13453835395 0.175910212505 0.117273475003 -0.0814160122451 
0.167389516471 0.187201102893 0.124800735262 -0.117696520427 
0.203728134446 0.178430987237 0.118953991492 -0.173989961298 
0.256829461638 0.122784492721 0.0818563284807 -0.238870436986 
0.310411899425 0.0433855337144 0.0289236891429 -0.267649010042 
0.358435366238 2.10909801488e-18 1.40606534326e-18 -0.256927472909 
0.526463498648 0.247687043208 0.165124695472 0.110041536681 
0.618855459799 0.2178101852 0.145206790134 0.102749708043 
0.701436408655 0.192903405503 0.128602270335 0.102175561323 
0.796385577426 0.159444854116 0.106296569411 0.0975347970459 
0.866372050033 0.062972707827 0.041981805218 0.104348922 
0.946510196123 0.0344355839944 0.0229570559963 0.0926379481985 
1.00612489556 4.19681230063e-18 2.79787486709e-18 0.0889180034236 
1.0674363746 -3.21033504154e-22 -2.14022336103e-22 0.0784943653693 
1.11874364148 -2.82140838681e-22 -1.88093892454e-22 0.0696971814492 
1.16376871928 -2.53373112736e-22 -1.68915408491e-22 0.0616792859604 
1.19042221652 6.72674138233e-22 4.48449425489e-22 0.0581510266008 
1.20188833784 -3.43155594495e-22 -2.2877039633e-22 0.0551805434153 
1.21817727525 1.99528067372e-21 1.33018711581e-21 0.0505183569875 
1.23530117969 1.1387504694e-21 7.591669796e-22 0.0464655354269 
1.23530117969 1.1387504694e-21 7.591669796e-22 0.0464655354269 
1.24381747354 1.04728607869e-23 6.98190719129e-24 0.0482423483529 
1.24542766163 1.29704668739e-21 8.64697791595e-22 0.046099604735 
1.25004002829 1.63391881135e-21 1.08927920757e-21 0.0448073475511 
1.24878574 -1.42607127552e-21 -9.50714183677e-22 0.0463378635297 
1.24878574 -1.42607127552e-21 -9.50714183677e-22 0.0463378635297 
1.24695404227 6.66387446772e-22 4.44258297848e-22 0.048265458633 
1.24282983706 1.16482553508e-22 7.76550356719e-23 0.0449059115202 
1.23838489258 3.32772450525e-22 2.2184830035e-22 0.0456496721598 
1.22589115299 -9.50184323789e-22 -6.33456215859e-22 0.0478922298782 
1.22589115299 -9.50184323789e-22 -6.33456215859e-22 0.0478922298782 
1.22549256521 -6.62772566536e-23 -4.41848377691e-23 0.0466515355091 
1.22531859096 -1.77533210948e-22 -1.18355473965e-22 0.0430219068676 
1.21838071106 1.54159223056e-22 1.02772815371e-22 0.0429750659211 
1.21126795358 5.31974414306e-22 3.54649609537e-22 0.0437286279229 
1.20534149596 4.17549057433e-23 2.78366038288e-23 0.0445430425048 
1.19993795328 5.71581686799e-22 3.81054457866e-22 0.0455622202427 
1.19232822102 -8.6028892123e-23 -5.73525947487e-23 0.0442823818002 
1.1804864506 -2.40392783934e-22 -1.60261855956e-22 0.0444051292117 
1.17239230824 4.66627823961e-22 3.11085215974e-22 0.0439529290024 
1.1733203434 -6.63914562913e-22 -4.42609708609e-22 0.0413464561591 
1.16559617031 6.71360686908e-22 4.47573791272e-22 0.039200133236 
1.15650398262 -4.38916975601e-22 -2.92611317067e-22 0.0413458618588 
1.15509984948 1.49416608409e-22 9.96110722725e-23 0.0437875322871 
1.14977144987 -5.92364116141e-23 -3.94909410761e-23 0.0446662196185 
1.1507947911 -2.58587889405e-22 -1.7239192627e-22 0.0427469880551 
1.14116279749 1.76506365691e-22 1.17670910461e-22 0.0417440777184 
1.0955798752 5.09154368125e-18 3.39436245417e-18 0.0589749078127 
1.0470416814 0.0148194369631 0.00987962464208 0.0988521037203 
0.999439084704 0.0364825585398 0.0243217056932 0.149660381455 
0.956681980656 0.0611169498798 0.0407446332532 0.19393297635 
0.929513896817 0.0838887032507 0.0559258021671 0.226209400526 
0.91312937365 0.103680936865 0.0691206245769 0.244496571406 
0.926868261891 0.214040504161 0.142693669441 0.218711280314 
0.914768088855 0.222019299852 0.148012866568 0.229693590182 
0.913590097242 0.22668667068 0.15112444712 0.239360115193 
0.897595311491 0.236826743069 0.157884495379 0.246513306928 
0.897514665012 0.239784094101 0.159856062734 0.250727057855 
0.896916445264 0.243071526964 0.162047684643 0.255010235717 
0.885864962347 0.250685010631 0.167123340421 0.25728337483 
0.892326774429 0.24997107054 0.16664738036 0.254461279947 
0.89124748365 0.253234594884 0.168823063256 0.258651917792 
0.89124748365 0.253234594884 0.168823063256 0.258651917792 
0.89124748365 0.253234594884 0.168823063256 0.258651917792 
0.89124748365 0.253234594884 0.168823063256 0.258651917792 
0.889890319023 0.257442318668 0.171628212445 0.261814142135 
0.891516734107 0.255078724302 0.170052482868 0.254233178285 
0.893088468007 0.257208283548 0.171472189032 0.256787986882 
0.890860622351 0.261144604902 0.174096403268 0.259133683938 
0.890860622351 0.261144604902 0.174096403268 0.259133683938 
0.88148263396 0.266002769868 0.177335179912 0.256265395633 
0.888407962762 0.259526148392 0.173017432261 0.242504040551 
0.896497213001 0.25057049639 0.167046997593 0.22551023236 
0.89372815112 0.242960720177 0.161973813451 0.203284514607 
0.901040111472 0.229825966987 0.153217311325 0.176310442621 
0.914930531657 0.215164826123 0.143443217416 0.146208356988 
0.915383042139 0.210388629013 0.140259086009 0.128150123268 
0.914431612651 0.206864126502 0.137909417668 0.111295799622 
0.914176991462 0.204271247315 0.136180831544 0.097308812706 
0.912706482277 0.203996129185 0.135997419457 0.0898415930043 
0.910578768061 0.204109014791 0.136072676527 0.0810330397102 
0.904290277498 0.208304601577 0.138869734385 0.073587370349 
0.904661712443 0.208175519455 0.138783679636 0.0648039278192 
0.935917049055 0.277173033456 0.184782022304 0.0493744983228 
0.934917099992 0.277143582133 0.184762388089 0.0448301003626 
0.934687732447 0.276974701195 0.184649800797 0.0401925700023 
0.921370985402 0.282090820085 0.188060546723 0.0418657984226 
0.922146616319 0.282068648501 0.188045765667 0.039028438786 
0.91620011647 0.287492445669 0.191661630446 0.0400883534709 
0.915070761638 0.288453493157 0.192302328771 0.0381732578405 
0.915070761638 0.288453493157 0.192302328771 0.0381732578405 
0.91545637818 0.288724961124 0.192483307416 0.0357192955671 
0.914587160189 0.289950385028 0.193300256685 0.034488750886 
0.90882408663 0.293275139905 0.195516759937 0.0374990267628 
0.91969890984 0.29024632351 0.193497549007 0.0365594972474 
0.914133428724 0.293592759951 0.195728506634 0.0397955581711 
0.912904564443 0.295458545768 0.196972363845 0.0522881451565 
0.883726468698 0.312142589236 0.208095059491 0.0891967213065 
0.867160935132 0.326303492492 0.217535661661 0.133552841335 
0.856265998704 0.340200743305 0.226800495536 0.168741649673 
0.859004294716 0.346516559582 0.231011039721 0.192770028541 
0.86172364917 0.353014947624 0.235343298416 0.213188629659 
0.862629171863 0.357953114214 0.238635409476 0.225913110375 
0.8634205249 0.363072952048 0.242048634698 0.237765097196 
0.86335664203 0.367939736701 0.245293157801 0.247188101437 
0.86335664203 0.367939736701 0.245293157801 0.247188101437 
0.878005564956 0.364211988129 0.242807992086 0.247552315919 
0.878005564956 0.364211988129 0.242807992086 0.247552315919 
0.8772653893 0.36714232036 0.244761546907 0.253012475089 
0.87755864254 0.366260120806 0.244173413871 0.250243317165 
0.878014011831 0.36481333231 0.243208888207 0.2479524954 
0.87809715181 0.36043238779 0.240288258527 0.238914388502 
0.889100776546 0.340820582339 0.227213721559 0.212605964106 
0.899179068004 0.317848502933 0.211899001956 0.175184881031 
0.906027217208 0.297933941615 0.198622627743 0.135974704169 
0.905026962067 0.291471866455 0.194314577637 0.108964035051 
0.915083931812 0.281077168279 0.187384778853 0.0852986187117 
0.91475813889 0.279117469351 0.186078312901 0.071785066865 
0.913384006683 0.27849057416 0.185660382773 0.0609595794955 
0.906442804556 0.281626470861 0.187750980574 0.0536939330179 
0.905713174873 0.282042267995 0.188028178663 0.0494336165335 
0.895710712196 0.286439116463 0.190959410975 0.0468909387668 
0.895919076887 0.286019680018 0.190679786679 0.0408444076454 
0.890435181819 0.28833479297 0.192223195313 0.03829985604 
0.886216127732 0.290215102576 0.193476735051 0.0363649687494 
0.891722944546 0.288409932989 0.192273288659 0.0305511512287 
0.891985743012 0.288548225574 0.192365483716 0.0292160591591 
0.891985743012 0.288548225574 0.192365483716 0.0292160591591 
0.915871541122 0.338043031972 0.225362021315 0.0275813570704 
0.915871541122 0.338043031972 0.225362021315 0.0275813570704 
0.912227420292 0.340742595347 0.227161730231 0.0278713000481 
0.915424041541 0.339862786333 0.226575190889 0.0238612312211 
0.915424041541 0.339862786333 0.226575190889 0.0238612312211 
0.904722048498 0.345065966197 0.230043977465 0.02665677256 
0.904735775632 0.344970250219 0.229980166812 0.0243323484131 
0.899239547221 0.34707164028 0.23138109352 0.0240445754776 
0.899004056405 0.347027749502 0.231351833001 0.0214955149811 
0.901972690885 0.346958124687 0.231305416458 0.0184107424824 
0.894651735183 0.351372752513 0.234248501675 0.0145149723995 
0.838797272234 0.324085820292 0.216057213528 0.0122615396576 
0.771996035421 0.290431326246 0.193620884164 0.00754788277415 
0.684214555826 0.228479751384 0.152319834256 -0.00237532901537 
0.504671527176 0.0854890690646 0.0569927127097 -0.0347826216061 
0.385619748796 0.0822187163443 0.0548124775629 -0.141381155362 
0.300769495204 0.145075990608 0.0967173270723 -0.147458369506 
0.154971552556 3.90319174347e-17 2.60212782898e-17 0.0234044720598 
0.0937733119794 8.34572543723e-19 5.56381695816e-19 0.0206114162134 
0.0544093953163 2.23977716921e-21 1.49318477947e-21 0.018118088696 
0.0272201661331 -1.69440830028e-21 -1.12960553352e-21 0.0168393918753 
0.00491894424787 2.17176712435e-21 1.44784474957e-21 0.0154343578583 
1.26268261141e-18 1.15119246093e-21 7.67461640619e-22 0.0179007020464 
1.4391156497e-21 -1.56162379186e-21 -1.0410825279e-21 0.0206127464889 
1.4391156497e-21 -1.56162379186e-21 -1.0410825279e-21 0.0206127464889 
3.78848211936e-21 2.047520207e-21 1.36501347134e-21 0.0227629701766 
3.78848211936e-21 2.047520207e-21 1.36501347134e-21 0.0227629701766 
3.78848211936e-21 2.047520207e-21 1.36501347134e-21 0.0227629701766 
3.78848211936e-21 2.047520207e-21 1.36501347134e-21 0.0227629701766 
3.78848211936e-21 2.047520207e-21 1.36501347134e-21 0.0227629701766 
1.63354519992e-21 -2.45889917205e-22 -1.6392661147e-22 0.0202458940352 
1.63354519992e-21 -2.45889917205e-22 -1.6392661147e-22 0.0202458940352 
2.51798640797e-21 1.61971343386e-23 1.07980895591e-23 0.0178818356149 
4.57988384597e-21 1.30864417898e-22 8.72429452652e-23 0.0161089612077 
0.00165853540933 2.00814509271e-21 1.33876339514e-21 0.0143777257149 
0.00420213815292 -3.24508911547e-22 -2.16339274365e-22 0.0127065471089 
0.0078090858656 -8.88638378448e-22 -5.92425585632e-22 0.0108947761687 
0.014964537928 1.94568378512e-21 1.29712252341e-21 0.00870843821841 
0.026489212037 -1.14822944662e-22 -7.65486297747e-23 0.0060001173524 
0.0462092953587 2.79739315433e-22 1.86492876956e-22 0.00126861572232 
0.0792094222021 0.025900691109 0.017267127406 -0.0126656856988 
0.131049112109 0.0654996602121 0.0436664401414 -0.040507548884 
0.223506496803 0.0998991514475 0.0665994342983 -0.132190830271 
0.316453452168 0.0150802779047 0.0100535186031 -0.270828983738 
0.47888568583 0.211852482429 0.141234988286 0.172043186852 
0.650087215642 0.186364773969 0.124243182646 0.172851079313 
0.818157444424 0.144908829638 0.0966058864252 0.17171198625 
0.958169072664 -8.93007493824e-18 -5.95338329216e-18 0.189428847278 
1.12586733756 -1.51559106038e-22 -1.01039404026e-22 0.152292307236 
1.25205164357 -9.9691365603e-22 -6.6460910402e-22 0.125633615124 
1.34448868506 -1.21393340697e-21 -8.09288937982e-22 0.108116189848 
1.42125423224 2.3035061733e-22 1.5356707822e-22 0.089161910048 
1.46710510559 8.50530563155e-22 5.67020375436e-22 0.0791774609293 
1.51245086793 -7.58579845009e-22 -5.05719896673e-22 0.0666287033907 
1.54264231473 1.5866826234e-21 1.0577884156e-21 0.0575778443482 
1.55821721591 3.0543287891e-21 2.03621919274e-21 0.0540258036485 
1.56661803294 -1.64117637486e-21 -1.09411758324e-21 0.0501638901756 
1.57079632679 1.70487185544e-21 1.13658123696e-21 0.044821732681 
1.57079632679 1.70487185544e-21 1.13658123696e-21 0.044821732681 
1.57079632679 1.70487185544e-21 1.13658123696e-21 0.044821732681 
1.57079632679 1.70487185544e-21 1.13658123696e-21 0.044821732681 
1.57079632679 6.08935696477e-22 4.05957130985e-22 0.0441046850156 
1.57030209491 -1.67320641657e-22 -1.11547094438e-22 0.0452873920667 
1.5705902794 4.73743503033e-22 3.15829002022e-22 0.0425015527932 
1.56808639668 4.75499572166e-22 3.16999714777e-22 0.0441798216192 
1.57079632679 -2.62549885774e-21 -1.75033257183e-21 0.0423647380584 
1.56876629323 4.36810083928e-21 2.91206722619e-21 0.0429143159977 
1.56249130444 1.19979734138e-21 7.99864894254e-22 0.0445464644035 
1.55300226263 1.89875607768e-22 1.26583738512e-22 0.04832310465 
1.54796448046 -1.23460818254e-22 -8.23072121692e-23 0.0453813727043 
1.53365049287 -3.1872460957e-22 -2.12483073046e-22 0.0456781776231 
1.50377609405 -2.79877892807e-23 -1.86585261872e-23 0.0467455590175 
1.46295211888 1.21867390784e-21 8.12449271897e-22 0.0488443343082 
1.40273279123 1.01948012249e-21 6.79653414995e-22 0.0495471568909 
1.31745539035 1.21032264814e-19 8.06881765427e-20 0.0516848793489 
1.19835403328 -9.67523786254e-18 -6.45015857503e-18 0.0612071498273 
1.04540500253 -1.16878694287e-18 -7.7919129525e-19 0.0690575989794 
0.882716151858 0.0535526842328 0.0357017894885 0.0732525944036 
0.704423386017 0.110524919037 0.073683279358 0.0671795431934 
0.494640135694 0.117247763864 0.0781651759095 0.0665225830314 
0.34620915782 0.00205708065341 0.00137138710227 -0.224348811868 
0.236227638885 0.0477087731349 0.0318058487566 -0.129496666976 
0.155074091965 0.0140378986547 0.00935859910313 -0.066868067943 
0.107997739581 0.00735828227151 0.00490552151434 -0.0493559829145 
0.0809728998572 0.0122063214958 0.00813754766388 -0.0433714302367 
0.063074847464 6.90696105853e-20 4.60464070569e-20 -0.0356031299389 
0.0533981479034 6.67015478742e-20 4.44676985828e-20 -0.0289369982262 
0.0503138421447 -3.08762741329e-22 -2.05841827553e-22 -0.0236769003871 
0.0539249576058 1.41303094687e-21 9.42020631249e-22 -0.0155124652693 
0.0559916538972 -2.13145836897e-22 -1.42097224598e-22 -0.00895635789437 
0.0529227542242 -1.20492860498e-22 -8.03285736654e-23 -0.00515978374819 
0.0543403191463 2.86402599375e-05 1.9093506625e-05 -1.41433601464e-05 
0.0556849897016 0.0148805889665 0.00992039264435 0.00338078765924 
0.0573584177778 0.0446810657596 0.0297873771731 0.00686963246288 
0.0634523022258 0.0677077825111 0.045138521674 0.00637317216866 
0.0681966945626 0.0880343540439 0.0586895693626 0.00490691104887 
0.0758731728216 0.0987978735508 0.0658652490339 0.00227572259237 
0.0801322789838 0.0986094756488 0.0657396504326 0.00213229970078 
0.084175777288 0.127409788072 0.0849398587147 0.000537680276523 
0.0982648965617 0.109566056959 0.0730440379724 0.00216383237836 
0.101251635244 0.133353817114 0.0889025447424 0.00671313758665 
0.109158584489 0.186286068673 0.124190712449 0.0148851575824 
0.119677854961 0.268751522529 0.179167681686 0.0598109826405 
