0.0 0.0 0.0 0.0 
2.39585981169e-22 0.932601011048 0.621734007365 -0.0331703893623 
2.39585981169e-22 0.932601011048 0.621734007365 -0.0331703893623 
8.48837447952e-22 0.923482239629 0.615654826419 -0.0333498581025 
8.48837447952e-22 0.923482239629 0.615654826419 -0.0333498581025 
8.48837447952e-22 0.923482239629 0.615654826419 -0.0333498581025 
2.00325369627e-22 0.913461090002 0.608974060002 -0.0334089167324 
-1.41081855373e-21 0.922466026998 0.614977351332 -0.0338674405228 
-2.52852625966e-21 0.913917102042 0.609278068028 -0.0328763340825 
-2.52852625966e-21 0.913917102042 0.609278068028 -0.0328763340825 
-2.52852625966e-21 0.913917102042 0.609278068028 -0.0328763340825 
-3.78340928515e-21 0.931499901873 0.620999934582 -0.0351282836964 
-8.30901128212e-22 0.946643133847 0.631095422565 -0.0354182813686 
1.77874769576e-22 0.938603938244 0.625735958829 -0.0347637980902 
1.77874769576e-22 0.938603938244 0.625735958829 -0.0347637980902 
1.77874769576e-22 0.938603938244 0.625735958829 -0.0347637980902 
1.77874769576e-22 0.938603938244 0.625735958829 -0.0347637980902 
2.46744757162e-22 0.9248348471 0.616556564733 -0.0334137201376 
6.51138687723e-21 0.908304235566 0.605536157044 -0.0336345814833 
-5.6558133858e-22 0.883515334209 0.589010222806 -0.0347561482651 
1.50530166212e-21 0.871640681814 0.581093787876 -0.0371686939553 
3.66787937066e-21 0.890696221329 0.593797480886 -0.0382984488457 
-2.47197027316e-21 0.87937602597 0.58625068398 -0.0371273773177 
1.21684302716e-21 0.89526194604 0.59684129736 -0.0364918777884 
2.35356406502e-21 0.900457938219 0.600305292146 -0.034181513305 
2.26030298175e-21 0.898189301963 0.598792867975 -0.033142018407 
-2.8141813512e-21 0.900961644529 0.600641096353 -0.03272052612 
1.42706198473e-21 0.911873073305 0.607915382204 -0.0321463578976 
2.1509253792e-21 0.919452405071 0.612968270047 -0.0315167693452 
-1.00847390366e-21 0.902816856117 0.601877904078 -0.0315029154246 
-3.19172132117e-21 0.891734984266 0.594489989511 -0.032698531004 
-1.48247391999e-21 0.885765230954 0.590510153969 -0.0334528119242 
-1.48247391999e-21 0.885765230954 0.590510153969 -0.0334528119242 
1.36905298418e-21 0.880599790719 0.587066527146 -0.0347983895487 
1.36905298418e-21 0.880599790719 0.587066527146 -0.0347983895487 
-3.93543856453e-21 0.870259617913 0.580173078609 -0.035750048596 
-3.93543856453e-21 0.870259617913 0.580173078609 -0.035750048596 
-3.93543856453e-21 0.870259617913 0.580173078609 -0.035750048596 
5.3284300028e-21 0.879984992722 0.586656661815 -0.037181404917 
6.24383333367e-22 0.845681375958 0.563787583972 -0.0375968020654 
-2.66237025164e-21 0.880208351199 0.586805567466 -0.0400278331939 
-7.37875076525e-22 0.865502275415 0.577001516944 -0.038423845019 
1.25422397686e-21 0.872454976929 0.581636651286 -0.0388290377282 
1.25422397686e-21 0.872454976929 0.581636651286 -0.0388290377282 
5.49777987953e-22 0.896251482288 0.597500988192 -0.0372879222237 
-3.42842953473e-22 0.861486333479 0.574324222319 -0.0345789113803 
-7.81284138053e-22 0.813796699201 0.542531132801 -0.0348068740673 
3.64992137296e-22 0.748815380628 0.499210253752 -0.0361186050938 
-6.96972616662e-17 0.591757028991 0.394504685994 -0.137979005336 
0.00337403626433 0.440595573925 0.293730382617 -0.125091066275 
0.0708419636682 0.366859521741 0.244573014494 -0.141388969723 
0.150756301171 0.321547114359 0.214364742906 -0.371876815731 
0.210793125459 0.237764079592 0.158509386395 -0.196488200374 
0.300354058975 0.264780445906 0.17652029727 0.0218558063334 
0.423108670145 0.323714276643 0.215809517762 0.0127165719694 
0.551059277244 0.357503767078 0.238335844719 0.0111786577386 
0.66454032889 0.326330053452 0.217553368968 0.0169384212268 
0.777342332001 0.292801027143 0.195200684762 0.0193000570717 
0.88458903347 0.258656083583 0.172437389055 0.0185722518223 
0.938074960085 9.41985461428e-19 6.27990307619e-19 0.0244029215756 
1.03762290916 8.73006456927e-23 5.82004304618e-23 0.02027316481 
1.12468537043 -3.12616220691e-22 -2.08410813794e-22 0.0161523019244 
1.20074781713 4.28700102388e-22 2.85800068258e-22 0.0163121564307 
1.26769505071 -4.81003645164e-23 -3.20669096776e-23 0.0136761281416 
1.32955573562 0.0118817117007 0.00792114113382 0.0110911605615 
1.35969000616 1.93183971871e-18 1.28789314581e-18 0.0126241490143 
1.3950855337 4.75116689993e-22 3.16744459996e-22 0.0116112458172 
1.42091644787 2.89549847614e-22 1.93033231743e-22 0.0106546660734 
1.43764678125 4.68551437442e-22 3.12367624961e-22 0.0103256148778 
1.44342954077 2.28254306765e-22 1.52169537843e-22 0.0120607396479 
1.45341303689 -1.49244965885e-22 -9.94966439233e-23 0.0113194786818 
1.45080962675 1.28629519715e-21 8.57530131431e-22 0.0127189136129 
1.45888068694 -9.75991139631e-22 -6.50660759754e-22 0.0112907883542 
1.46474142753 5.10896175237e-22 3.40597450158e-22 0.00952569282457 
1.4715131753 2.5327742068e-22 1.68851613786e-22 0.00754888291013 
1.50263634087 0.0661188296363 0.0440792197575 0.00306701952748 
1.50594096541 0.0914671378398 0.0609780918932 0.00189261961406 
1.48806376066 0.0374633316873 0.0249755544582 0.00257136002236 
1.48210658685 0.0197795371325 0.0131863580883 0.00237450295979 
1.48098684051 0.0150263768686 0.0100175845791 0.00254009146635 
1.4741364336 -1.20630546213e-19 -8.04203641421e-20 0.00353284939811 
1.46385290862 -5.21496677681e-24 -3.47664451788e-24 0.00469708886206 
1.47080452359 6.06281566867e-22 4.04187711245e-22 0.00280404485318 
1.46947340758 9.25391604571e-22 6.16927736381e-22 0.00237240527538 
1.45796797645 -1.38463498216e-22 -9.23089988108e-23 0.0034810053087 
1.45273929384 3.04137633985e-23 2.02758422657e-23 0.00342622544758 
1.45035085744 -2.23945387221e-22 -1.49296924814e-22 0.00267713065423 
1.45287959437 7.59312400267e-22 5.06208266845e-22 0.00207302616507 
1.44933010064 1.12990016554e-21 7.53266777024e-22 0.00161942521312 
1.45315360153 0.0354459568718 0.0236306379145 -0.000650971313494 
1.41736665249 6.13944954229e-18 4.09296636152e-18 0.000883324049138 
1.37336033821 -6.72175880543e-18 -4.48117253695e-18 0.00363063756886 
1.31752127435 1.52300405066e-18 1.01533603377e-18 0.00468090731011 
1.25936984103 -3.76537602818e-18 -2.51025068545e-18 0.00431404336485 
1.24541486071 0.16432129113 0.10954752742 0.00272774688163 
1.14486253606 0.107690147918 0.0717934319455 0.00461523638668 
1.10582859512 0.252558668939 0.16837244596 0.00396302374303 
1.01394231736 0.283614260293 0.189076173528 0.00549971041884 
1.0497038352 0.561166023043 0.374110682029 0.00495840462002 
1.06323330245 0.705216801247 0.470144534165 0.00758710269267 
1.12495830479 0.85497426867 0.56998284578 0.0139805243284 
1.20521999584 0.951923710354 0.634615806902 0.0231328050369 
1.23134567059 1.00294710509 0.668631403396 0.0301956607737 
1.24493727171 1.03695678594 0.691304523958 0.0369227121051 
1.24503470895 1.06106087011 0.707373913408 0.042473583492 
1.26528314132 1.07315483068 0.715436553785 0.0464963344829 
1.28644320242 1.07930059012 0.719533726748 0.0488436885863 
1.28922544893 1.08505817663 0.723372117755 0.0507703273899 
1.29147116897 1.0884311983 0.725620798865 0.0520875399166 
1.3044260262 1.08804630363 0.72536420242 0.0522891233585 
1.29955225551 1.09003313773 0.726688758485 0.0531756854027 
1.29535397749 1.09088732704 0.727258218028 0.0536138706157 
1.28790815436 1.09233624801 0.728224165342 0.0536676130937 
1.29251293703 1.09075638058 0.727170920383 0.0531970646891 
1.28890921634 1.09107612328 0.727384082189 0.0531766687317 
1.29665248243 1.08849488555 0.725663257031 0.05236978818 
1.30308203811 1.08604721048 0.724031473651 0.0519877678163 
1.29683769611 1.08650836711 0.724338911407 0.0518538740431 
1.28571471037 1.08771770493 0.725145136618 0.0518956147023 
1.27552724327 1.08925873485 0.726172489901 0.0521918816335 
1.28119446276 1.08657403278 0.724382688518 0.0517968562351 
1.28025514321 1.08555742553 0.723704950356 0.0516735395014 
1.28038446397 1.08383864088 0.722559093923 0.0513926206632 
1.28349793362 1.08194010333 0.721293402222 0.0508457233535 
1.26829928258 1.08418425135 0.722789500898 0.0513579236698 
1.26886202069 1.08317451533 0.722116343556 0.0511171846856 
1.27402601901 1.08049281321 0.720328542137 0.0506369806931 
1.27011953287 1.07917025614 0.719446837428 0.0500400663887 
1.29147885206 1.07120635596 0.714137570639 0.0482030966152 
1.28152511971 1.06733407027 0.711556046844 0.0468292695258 
1.27050708449 1.05974042067 0.706493613778 0.0449583738975 
1.25602923181 1.04743428805 0.698289525366 0.0420196544745 
1.2541289875 1.02048564341 0.680323762273 0.035953705758 
1.22249773747 0.988930886201 0.659287257467 0.0297787605868 
1.17927784042 0.946454494658 0.630969663105 0.0236849114984 
1.12219433903 0.889125028635 0.59275001909 0.0182656293712 
1.04607008944 0.808572016172 0.539048010781 0.0143416969437 
0.989559189325 0.703694889749 0.469129926499 0.0113892290838 
0.85768789129 0.395941855651 0.263961237101 0.0124516813259 
0.864089052982 0.107208341797 0.0714722278646 0.0210455307906 
0.964527612839 0.0842066990276 0.0561377993517 0.0165799274548 
1.05321895477 -3.23860290913e-17 -2.15906860608e-17 0.0161883096126 
1.13671265386 5.30362025067e-22 3.53574683378e-22 0.0167095110244 
1.21385917689 -3.1746327108e-23 -2.1164218072e-23 0.0142874340953 
1.28467378643 -2.49813753943e-22 -1.66542502629e-22 0.0113833855678 
1.34725845927 -5.41261753689e-22 -3.60841169126e-22 0.00658622857724 
1.37656236387 -1.01866729649e-22 -6.79111530996e-23 0.00665185461316 
1.40152324469 1.11182371353e-21 7.4121580902e-22 0.00650368231764 
1.42972613163 -1.57662361709e-22 -1.0510824114e-22 0.00385233123739 
1.4439818655 -1.15986460562e-21 -7.7324307041e-22 0.00339927104483 
1.45218666179 8.05326214772e-22 5.36884143181e-22 0.00305030011789 
1.46996191027 3.0628144623e-22 2.0418763082e-22 0.000990465461005 
1.47706654038 -3.79875975438e-22 -2.53250650292e-22 -0.000114126580739 
1.4781023836 5.93373413842e-22 3.95582275894e-22 1.4563315374e-05 
1.4800799073 -9.57991539918e-22 -6.38661026612e-22 -0.000516414865225 
1.47816969581 1.03179652138e-21 6.87864347588e-22 0.000717753991104 
1.48831702932 1.13148885394e-21 7.54325902628e-22 -0.00146196382885 
1.48462708756 -1.39103874688e-22 -9.27359164585e-23 -0.00124098028369 
1.49733156307 0.0053321610616 0.00355477404106 -0.00331029878819 
1.49814268634 0.0172027935028 0.0114685290019 -0.00358528648268 
1.48551302541 2.16682873445e-18 1.44455248963e-18 -0.00204158674886 
1.48434668308 1.20287171557e-22 8.01914477045e-23 -0.00224281992041 
1.48372507176 -5.90735978224e-22 -3.93823985482e-22 -0.00251696428172 
1.50423004652 0.0495838253919 0.0330558835946 -0.00485324395186 
1.48991300848 1.23347481187e-17 8.22316541248e-18 -0.00433996427961 
1.48337311947 3.61267778767e-22 2.40845185844e-22 -0.0033382439922 
1.48655779186 -4.02052888054e-22 -2.68035258703e-22 -0.00474849630948 
1.48341199723 2.94423993438e-22 1.96282662292e-22 -0.00406037034246 
1.48624433547 -1.96712521698e-22 -1.31141681132e-22 -0.00520416101039 
1.47605152871 5.34945898807e-22 3.56630599205e-22 -0.00425933783914 
1.47509656816 -5.4712046513e-22 -3.64746976754e-22 -0.00417933062702 
1.47949856924 1.50972769208e-06 1.00648512805e-06 -0.00510186741707 
1.47041110579 -9.61178156991e-23 -6.40785437994e-23 -0.0032295235295 
1.47899719359 0.00590352375329 0.00393568250219 -0.00520031210405 
1.4701268137 5.52540668069e-18 3.6836044538e-18 -0.00343966673518 
1.45592397193 8.02513118071e-22 5.35008745381e-22 -0.000547765285823 
1.45340333116 4.51034609437e-22 3.00689739625e-22 0.000217939334195 
1.45935977079 1.01961733235e-21 6.79744888232e-22 -0.00102207694241 
1.4693047432 -3.01527589449e-22 -2.01018392966e-22 -0.00300360806281 
1.4687811675 1.38107901014e-21 9.20719340093e-22 -0.00267765108442 
1.46559853607 -4.44408094447e-22 -2.96272062965e-22 -0.00250293314323 
1.46295180804 -5.55970336143e-22 -3.70646890762e-22 -0.00220394871868 
1.45945410167 5.18849773541e-22 3.45899849028e-22 -0.00157755723527 
1.45307349505 1.89900122412e-21 1.26600081608e-21 -0.00073443232691 
1.45271332515 1.22292739096e-23 8.15284927304e-24 -0.00063470170265 
1.45544214355 -7.69000825196e-23 -5.12667216797e-23 -0.000896160428704 
1.43292883513 7.38217295362e-23 4.92144863575e-23 0.00267372655354 
1.41487124464 4.98817750171e-22 3.32545166781e-22 0.00407816399122 
1.38511407493 8.23465946681e-21 5.48977297788e-21 0.00484184913635 
1.34604377845 4.43028234959e-18 2.95352156639e-18 0.0057294260105 
1.3133477767 0.0600553718143 0.0400369145429 0.00399114473289 
1.28860056912 0.175211247531 0.116807498354 0.00428882326447 
1.21636834915 0.247110217638 0.164740145092 0.00526784936658 
1.11812289129 0.27167815154 0.181118767694 0.00646845235788 
1.07152513693 0.408784396518 0.272522931012 0.00692969051888 
0.997198540869 0.535638457622 0.357092305081 0.00912677477891 
1.0244721717 0.730985501962 0.487323667975 0.0122022025856 
1.05683901624 0.862973607941 0.575315738627 0.0181664242614 
1.16614485927 0.956816118676 0.63787741245 0.0263625707862 
1.2158669346 1.00965434252 0.673102895014 0.0346130964834 
1.24949619726 1.0431570083 0.695438005536 0.0418964669161 
1.26018219457 1.06773569219 0.711823794795 0.0482035963137 
1.27092820821 1.08244196312 0.721627975416 0.0526768607486 
1.27871150995 1.09148016424 0.727653442824 0.0562923846311 
1.28690125308 1.09688603755 0.731257358368 0.0581318568549 
1.29118620469 1.10012379865 0.733415865769 0.0592346462525 
1.29335319079 1.10183681765 0.734557878432 0.0599477484777 
1.29550626424 1.10178198112 0.734521320746 0.0599876433765 
1.30144671551 1.09986926469 0.73324617646 0.059528608219 
1.30530064041 1.09844586634 0.732297244226 0.058935517428 
1.30158102284 1.09806409297 0.732042728648 0.0585336689297 
1.29547204845 1.09877612536 0.732517416908 0.058385748084 
1.27478562194 1.10254520612 0.735030137413 0.0589364922553 
1.27738346107 1.1006587571 0.733772504732 0.0582033611789 
1.27881881998 1.09925389562 0.732835930412 0.0573451104093 
1.28553981922 1.0967543653 0.731169576864 0.0564380251113 
1.2753378498 1.09822623275 0.732150821833 0.05646120511 
1.26650735048 1.09978728921 0.733191526141 0.0565444739534 
1.26728523062 1.09781871258 0.731879141722 0.0555949478822 
1.27714718778 1.09380992605 0.72920661737 0.0541174890343 
1.27217721582 1.09209049221 0.728060328141 0.0531524136568 
1.27911726189 1.08782642619 0.725217617463 0.0519813860912 
1.26546555428 1.08683455446 0.724556369641 0.0505230749243 
1.25300920305 1.08404134062 0.722694227077 0.0487118642373 
1.22387068483 1.08473649939 0.723157666263 0.0476878343772 
1.20798117386 1.07671690816 0.717811272105 0.0446713642945 
1.19329815076 1.06737139222 0.711580928147 0.0421223206608 
1.17238292442 1.05762614417 0.705084096113 0.0393705056913 
1.14075860255 1.04268434092 0.695122893944 0.0358844550109 
1.12670148154 1.02047776581 0.68031851054 0.0316538519411 
1.10741041647 0.994274591058 0.662849727372 0.0271900337267 
1.06463606544 0.954618635033 0.636412423355 0.0218529906011 
1.05327323772 0.904692397253 0.603128264835 0.0172868582369 
0.953926305228 0.818986058182 0.545990705454 0.0133905330411 
0.760130971378 0.548380520911 0.365587013941 0.0151352309126 
0.781304939405 0.288996703097 0.192664468731 0.0226280643243 
0.899964673159 0.048316940394 0.032211293596 0.0267085900374 
1.02771696377 0.0184875444055 0.0123250296037 0.0255959420846 
1.14542191624 4.6846576488e-20 3.1231050992e-20 0.0228761155206 
1.26126766256 1.1795042675e-21 7.86336178334e-22 0.0144397980109 
1.32248686715 6.09494749454e-22 4.06329832969e-22 0.015020488565 
1.3878406343 -1.87972344121e-22 -1.25314896081e-22 0.0110928694195 
1.43616538565 4.76052984775e-22 3.17368656516e-22 0.00660423786404 
1.46866249017 1.15759647319e-21 7.71730982128e-22 0.00432603769667 
1.49001838848 -3.08100144842e-22 -2.05400096561e-22 0.00276229277261 
1.50924244997 -3.53963684242e-22 -2.35975789495e-22 0.000186586687557 
1.51494557424 1.42256469888e-21 9.48376465919e-22 -4.80024631681e-05 
1.52115807584 1.26105176065e-21 8.40701173765e-22 -0.000792776778531 
1.56141684058 0.120979950933 0.080653300622 -0.00386192176932 
1.53934111299 0.0392883621837 0.0261922414558 -0.00284109701949 
1.53196186184 -1.53370697403e-17 -1.02247131602e-17 -0.00259350223881 
1.53054750727 2.46065742609e-22 1.64043828406e-22 -0.00299101413668 
1.52580279842 -5.15773057589e-22 -3.4384870506e-22 -0.00239257108323 
1.52261843076 7.73373672379e-22 5.15582448253e-22 -0.00205127938207 
1.51917988148 2.0980242975e-22 1.398682865e-22 -0.00156769988939 
1.51119406456 -7.59754851354e-22 -5.06503234236e-22 7.02297878116e-06 
1.49968380147 1.18453298268e-21 7.89688655119e-22 0.00131280405783 
1.50565230913 4.54312538145e-22 3.0287502543e-22 0.000459906536737 
1.49646561517 6.92881249471e-22 4.61920832981e-22 0.00251072863351 
1.49460308976 5.40780575039e-23 3.6052038336e-23 0.0025734928523 
1.50486061313 -3.72117632517e-24 -2.48078421678e-24 0.000162038694714 
1.50741710851 -1.11435669181e-22 -7.42904461206e-23 -8.5112187435e-05 
1.50123676221 5.64807280183e-23 3.76538186788e-23 0.00088904001975 
1.49551930761 -1.01363188056e-21 -6.75754587038e-22 0.00141212626369 
1.49551930761 -1.01363188056e-21 -6.75754587038e-22 0.00141212626369 
1.49782237865 9.90683443018e-23 6.60455628679e-23 0.000273766686945 
1.50803351929 3.67390166851e-22 2.44926777901e-22 -0.00155092837855 
1.49105769085 -4.68681910377e-22 -3.12454606918e-22 0.00156336623614 
1.47916994416 -7.48556154981e-22 -4.99037436654e-22 0.00427409907304 
1.47829637346 -8.61833040745e-22 -5.74555360497e-22 0.00454389730281 
1.47744267247 6.62892967314e-22 4.41928644876e-22 0.00372310825313 
1.49221199141 5.43624659657e-22 3.62416439771e-22 3.88990387409e-05 
1.49068813644 -1.20398255804e-22 -8.0265503869e-23 0.000298274749593 
1.49265705604 -1.0512603622e-21 -7.00840241467e-22 -0.000298365273777 
1.47769358609 4.60974509029e-22 3.07316339353e-22 0.00281263679985 
1.47202502257 -1.19346886463e-22 -7.95645909754e-23 0.00334490246919 
1.46461058215 -1.81903738592e-22 -1.21269159061e-22 0.00435651235139 
1.46180849775 -5.1964635484e-22 -3.46430903227e-22 0.00377314585533 
1.46172346369 4.46319693308e-22 2.97546462205e-22 0.00187409385949 
1.43872128873 -3.15438779162e-22 -2.10292519441e-22 0.00417852936287 
1.42409549953 3.61093009807e-22 2.40728673204e-22 0.00275240239733 
1.3716589448 5.2112787824e-20 3.47418585494e-20 0.00543329047061 
1.32453957114 1.62801992292e-19 1.08534661528e-19 0.0054121035248 
1.28162395082 -2.18957104321e-18 -1.45971402881e-18 0.0033048770882 
1.24076328572 6.71132206361e-18 4.47421470907e-18 0.00295945178051 
1.25158111301 0.0974911077839 0.0649940718559 -0.00197611258079 
1.22574887092 0.101815893487 0.0678772623247 -0.00209519581664 
1.22064670798 0.148526255153 0.0990175034355 -0.00288876198374 
1.22840607348 0.217460773272 0.144973848848 -0.00368687226216 
1.15284189623 0.00657414406687 0.00438276271125 -0.0026751833295 
1.13526968819 1.21152641866e-17 8.07684279105e-18 -0.000379013330612 
1.13552266442 2.54925937051e-22 1.699506247e-22 -0.00158315174875 
1.14004576082 1.17982878242e-22 7.86552521612e-23 -0.00208505648034 
1.13641522859 0.0 0.0 -0.00120715889668 
1.13377971647 -2.58264459793e-29 -1.72176306529e-29 0.00023855161393 
1.13178464026 2.64697078388e-22 1.76464718925e-22 0.00229516905126 
1.1312586558 2.46394909813e-22 1.64263273209e-22 0.00312735391522 
1.14037918692 -2.34459002644e-22 -1.56306001763e-22 0.000979272568097 
1.15149881887 5.28646274579e-23 3.52430849719e-23 -0.00027046126937 
1.14483825675 -5.60126657655e-21 -3.7341777177e-21 0.00205455826868 
1.14605426799 9.01606980127e-23 6.01071320084e-23 0.00168787655529 
1.17981699903 0.0940549380837 0.0627032920558 -0.000617856389797 
1.19964427997 0.154830828764 0.103220552509 -0.000600085545988 
1.15931383247 0.0223626547444 0.0149084364963 0.00165152927605 
1.19264524699 0.138954643041 0.0926364286938 0.000796681884167 
1.14496526776 2.29613379476e-17 1.53075586317e-17 0.00492642136035 
1.14769059826 4.69029917951e-22 3.12686611967e-22 0.00378562737437 
1.14440417195 0.0 0.0 0.00455251632856 
1.14416937514 4.59907249884e-22 3.06604833256e-22 0.00510117540178 
1.15593544954 0.0446078956146 0.0297385970764 0.00368355196543 
1.1356718988 -3.88266922482e-17 -2.58844614988e-17 0.00749773461303 
1.1413262237 -3.23351437809e-24 -2.15567625206e-24 0.00680135701042 
1.14780720367 2.37115135803e-22 1.58076757202e-22 0.0059615902258 
1.14883146467 5.3655421524e-22 3.5770281016e-22 0.00677834695429 
1.14729689034 -3.91691197351e-23 -2.61127464901e-23 0.00815668974803 
1.14358252831 1.08841465682e-22 7.25609771215e-23 0.0089998345951 
1.1196299583 -2.23360091934e-19 -1.48906727956e-19 0.0151004229682 
1.08647648251 4.42932051664e-19 2.95288034443e-19 0.026598523702 
1.06757075966 1.82387614682e-22 1.21591743122e-22 0.0347834169559 
0.999861825525 0.00795422544775 0.00530281696516 0.0596161746202 
0.937511534086 0.0185503272077 0.0123668848051 0.0803581736011 
0.862033023767 0.0823295135689 0.0548863423793 0.139443910864 
0.795422560602 0.348264521622 0.232176347748 0.162104713306 
0.693064785486 0.453899805014 0.302599870009 0.277135056575 
0.59830820208 0.573419018849 0.382279345899 0.3654827478 
0.415186571399 0.691099520691 0.460733013794 0.523598775598 
0.321030992109 0.825395392785 0.55026359519 0.523598775598 
0.231722838613 0.920606411135 0.613737607424 0.523598775598 
0.12004160638 1.02564241579 0.683761610527 0.523598775598 
1.61201057244e-05 1.11326818123 0.742178787485 0.523598775598 
1.0995500247e-18 1.16371552167 0.775810347778 0.523250860868 
0.29111382323 1.2878426449 0.858561763268 0.301320781861 
0.301075756839 1.34051612468 0.893677416454 0.263130218595 
0.204657031449 1.39116367676 0.927442451171 0.205651275258 
0.207672475988 1.41891248738 0.945941658251 0.180622406332 
0.141865374001 1.44064223278 0.960428155184 0.145453339941 
0.143434992641 1.45617687878 0.970784585856 0.12898815477 
0.0974363908301 1.47158814576 0.981058763838 0.108709301204 
0.0981617997445 1.48305241953 0.98870161302 0.100675555394 
0.0685641530974 1.49098504653 0.993990031022 0.0904406225954 
0.0689963392613 1.49530329333 0.996868862221 0.0867683589763 
0.0690461745454 1.49472916137 0.996486107582 0.0845106857166 
0.0690362840932 1.49829089123 0.998860594152 0.0826040689617 
0.0688176367923 1.49705106529 0.998034043528 0.081162987888 
0.0687629574996 1.49449822942 0.996332152945 0.0809249453955 
0.0687427757757 1.49404286497 0.996028576645 0.0808981311142 
0.0687113265019 1.49307223262 0.995381488414 0.0808564456293 
0.103468747757 1.46579156501 0.977194376673 0.101317317378 
0.166814837225 1.41940425331 0.946269502207 0.145558482725 
0.2302822462 1.36446225251 0.909641501675 0.202446261954 
0.245277720419 1.29281592792 0.861877285282 0.276444076815 
0.0579521600422 1.06438394299 0.709589295325 0.523598775598 
0.274501850983 0.862422208748 0.574948139165 0.523598775598 
0.430789379359 0.649634320008 0.433089546672 0.523598775598 
0.702622295537 0.612377231963 0.408251487975 0.200727316285 
0.813999952581 0.468196960515 0.31213130701 0.104649206859 
0.858379841579 0.139341149105 0.0928940994034 0.071067315259 
0.904201856652 0.125631882683 0.0837545884554 0.0497800730117 
0.924590784875 0.116830563037 0.0778870420244 0.0317538342201 
0.926637105096 0.11350560964 0.0756704064264 0.0213779026282 
0.922051601567 0.112708483061 0.075138988707 0.0144109836904 
0.907999569479 0.114657518111 0.0764383454076 0.00919994800055 
0.890557938787 0.117932271073 0.0786215140489 0.00554928179525 
0.885804054196 0.118720437632 0.0791469584215 0.00128189399188 
0.892125426321 0.117081743762 0.0780544958412 -0.00282074768078 
0.891716464551 0.117111478553 0.0780743190353 -0.00437583317878 
0.893832020439 0.11657476471 0.0777165098066 -0.00470766741727 
0.89606226317 0.115923254096 0.0772821693973 -0.00308496826648 
0.886272416597 0.117772926877 0.0785152845845 0.00191913490433 
0.889704558609 0.11670524808 0.0778034987203 0.00250768828364 
0.899457312283 0.11421745484 0.0761449698935 0.000591658199293 
0.900836311055 0.113536197419 0.0756907982796 0.00268786196562 
0.904542694149 0.112314981187 0.0748766541243 0.00220030337185 
0.907536493124 0.111273975456 0.0741826503042 0.00136191226162 
0.904759957287 0.111467879321 0.0743119195472 0.00304606521673 
0.906153731645 0.110749143854 0.0738327625696 0.00161901736217 
0.909389719647 0.109632717699 0.0730884784661 0.00175927988517 
0.906358151463 0.109878482567 0.0732523217115 0.0029420907509 
0.909672675563 0.108719881409 0.0724799209391 0.00282072911921 
0.913066793944 0.107566238713 0.0717108258087 0.00221749989282 
0.911168111147 0.107554820293 0.0717032135288 0.0034497640994 
0.930915302012 0.102880451538 0.0685869676923 -0.00247389852807 
0.922993949654 0.104352683238 0.0695684554922 0.00109344224652 
0.921600100026 0.104369836224 0.0695798908159 0.00224807699447 
0.915421219576 0.105342609953 0.0702284066351 0.00543660293506 
0.914301268779 0.105143286453 0.0700955243018 0.00737389055214 
0.907708120065 0.106034983539 0.0706899890263 0.010929275306 
0.907708120065 0.106034983539 0.0706899890263 0.010929275306 
0.905504173418 0.1058695471 0.0705796980664 0.0157766640501 
0.928610509277 0.0999581150816 0.0666387433878 0.0102922345663 
0.92058536301 0.100818185051 0.0672121233671 0.0168837247875 
0.893758282491 0.105651955724 0.0704346371496 0.029948236799 
0.85358273141 0.114290265309 0.0761935102062 0.0456881420898 
0.804526446523 0.127893551646 0.0852623677639 0.0654314165306 
0.777556807993 0.329365355394 0.219576903596 0.0862731085562 
0.706207720246 0.360064693265 0.240043128844 0.124374079114 
0.741001922335 0.59708421434 0.398056142893 0.12566119759 
0.681378218043 0.6597234565 0.439815637667 0.188974520694 
0.638273860797 0.731846813796 0.487897875864 0.249928665016 
0.388351875564 0.69015685081 0.460104567207 0.523598775598 
0.306326138174 0.803312435938 0.535541623958 0.523598775598 
0.209834901415 0.916241331472 0.610827554315 0.523598775598 
0.107712493861 1.00811550149 0.672077000994 0.523598775598 
-7.44694473684e-18 1.08951011894 0.726340079292 0.523598775598 
-5.28370469338e-22 1.16615259962 0.777435066417 0.48122511153 
0.281327429577 1.3062919685 0.870861312333 0.234113134076 
0.242935549876 1.35176116299 0.90117410866 0.184165542703 
0.242716908688 1.3821946651 0.921463110065 0.157855981325 
0.180585814326 1.40637817616 0.937585450774 0.126210518868 
0.180655829778 1.4275780872 0.9517187248 0.110223484781 
0.134714959315 1.43992282458 0.959948549721 0.0900257336014 
0.13536118407 1.44994610159 0.966630734396 0.0804664276583 
0.0990758946286 1.46432598853 0.976217325686 0.0684494820367 
0.0998243803508 1.47406192047 0.982707946978 0.0625807817114 
0.10041532084 1.47859992121 0.985733280808 0.0583167584119 
0.215853858446 1.4803294696 0.986886313065 0.0738624850779 
0.265533323078 1.48164274916 0.987761832775 0.0826029861792 
0.297147795244 1.4815910218 0.987727347869 0.0873884569077 
0.328457247001 1.48295875124 0.98863916749 0.0944378659694 
0.333723259987 1.47918514018 0.986123426785 0.0906695133754 
0.353047913422 1.48144457867 0.98762971911 0.096380109162 
0.364909582656 1.48232759475 0.988218396501 0.0992305484243 
0.379065495549 1.48515101925 0.990100679499 0.10541130986 
0.38247109212 1.48484585525 0.989897236831 0.105152429386 
0.387520158951 1.48505754557 0.990038363716 0.106303030696 
0.382735978148 1.48294756342 0.988631708947 0.10239042956 
0.375323641107 1.48124573451 0.987497156338 0.098055759605 
0.368852185598 1.47948075799 0.986320505329 0.0936485948044 
0.375577828496 1.48126251705 0.9875083447 0.0967846950834 
0.375083152233 1.47977543191 0.986516954607 0.0947376142686 
0.371292290314 1.47698153048 0.984654353654 0.0907510434096 
0.375292387052 1.47711128367 0.984740855783 0.0917560041343 
0.386781991413 1.48028696705 0.986857978032 0.0979045403154 
0.392455047657 1.48136814991 0.987578766607 0.100866417043 
0.392210517388 1.48080575655 0.987203837697 0.0996863965913 
0.397039121261 1.48219183969 0.988127893129 0.102842680031 
0.393637770201 1.48009613789 0.98673075859 0.0993488612756 
0.389449020622 1.47898742006 0.985991613372 0.0971540035884 
0.38557658365 1.4777464589 0.985164305934 0.0946846010691 
0.390900482557 1.47747341395 0.984982275966 0.0965209980926 
0.376938187008 1.47626724847 0.984178165645 0.0930797383467 
0.341917039106 1.47288002384 0.981920015894 0.0837510084956 
0.0958581979434 1.46342482802 0.975616552013 0.0461154143208 
0.14412340806 1.43061725095 0.953744833964 0.0707167703723 
0.215162282094 1.37770017632 0.918466784216 0.111470013131 
0.304260552638 1.29765804892 0.865105365945 0.16046304652 
0.347872989935 1.20227804526 0.801518696841 0.228333058854 
0.41694115173 1.08420283884 0.72280189256 0.291485171671 
0.488093480509 0.936838855585 0.624559237057 0.311918354795 
0.572553489816 0.770626062153 0.513750708102 0.268007955999 
0.668302023812 0.632037711355 0.421358474237 0.196256642948 
0.778294162762 0.497384503608 0.331589669072 0.0947418396241 
0.816625876684 0.211872470453 0.141248313635 0.0654318722154 
0.885600742359 0.19042066667 0.126947111113 0.0392316281121 
0.962836232413 0.160615613281 0.107077075521 0.0132105480983 
0.955911003129 1.03910417822e-17 6.92736118814e-18 0.00655855409273 
0.989939187445 -3.3749942125e-23 -2.24999614167e-23 -0.00419354555259 
1.00127973538 8.3606868836e-23 5.57379125573e-23 -0.00686943869771 
1.0189121242 -7.60847889838e-23 -5.07231926559e-23 -0.0104034601245 
1.02640052052 7.6969303866e-23 5.1312869244e-23 -0.0109286002243 
1.03768368925 8.65184956288e-06 5.76789970858e-06 -0.0132578299628 
1.09380060861 0.201176507409 0.134117671606 -0.010422129411 
1.09364788661 0.196363630626 0.130909087084 -0.0104181981353 
1.09727120829 0.205007293889 0.136671529259 -0.0104051756527 
1.12780990036 0.285464036422 0.190309357614 -0.00983713365427 
1.17292954512 0.362440648949 0.241627099299 -0.00926907989629 
1.16502635324 0.344766969093 0.229844646062 -0.00920733337524 
1.10058404763 0.203479175686 0.135652783791 -0.00944004261209 
1.14074287483 0.302916545038 0.201944363359 -0.00870602355382 
1.14788995133 0.317937118554 0.211958079036 -0.00845326744563 
1.1154528348 0.233933531167 0.155955687444 -0.00851066748741 
1.06365179937 0.0759986756532 0.0506657837688 -0.00906096651578 
1.02178720688 -1.48483633596e-17 -9.89890890643e-18 -0.00338355538718 
1.02235912278 3.31127794232e-23 2.20751862822e-23 -0.00424194448568 
1.01511648535 0.000745150464334 0.000496766976223 -0.00154917714527 
1.02816403854 2.05095353035e-21 1.36730235356e-21 -0.00749204388694 
1.00174895916 0.00424400919142 0.00282933946095 -0.00280043177381 
0.961646972707 0.0122749480528 0.00818329870186 -0.0029125736499 
0.917875045443 0.0213921253319 0.0142614168879 -0.00265131308479 
0.865585910382 0.0325595762137 0.0217063841425 -0.000556102295019 
0.819955203853 0.194607000149 0.1297380001 0.00316430999038 
0.74424576636 0.213714151834 0.142476101222 0.00493441755 
0.7593677404 0.514323200349 0.342882133566 0.00509908458027 
0.682915850015 0.559367153358 0.372911435572 0.000859897157743 
0.420561111152 0.0873808965608 0.0582539310406 0.0250629412537 
0.325782528719 0.139753317217 0.0931688781445 0.0735479208683 
0.246872592959 0.0703772256928 0.0469181504619 -0.0192372169613 
0.187375386154 0.0160458308435 0.0106972205624 -0.00373017472587 
0.137699316476 0.0728625109343 0.0485750072896 -0.000627160024464 
0.0970900257886 0.112667215434 0.075111476956 0.00368599983549 
0.0719622753105 0.0744887138289 0.0496591425526 0.00672379117206 
0.0507926908694 0.0958039996541 0.0638693331027 0.00812927662407 
0.0412312486119 0.0354075972439 0.0236050648293 0.0098281866073 
0.0295938235648 0.0526953289684 0.0351302193123 0.0108961152353 
0.0143128965709 0.151475526653 0.100983684435 0.0121192987248 
0.00977884099136 0.127641212821 0.0850941418805 0.0133653410869 
0.0153671200242 0.0579863199225 0.038657546615 0.0126323079483 
0.0100989788232 0.0884543000735 0.0589695333823 0.0115005006387 
0.00647835189358 0.112623427664 0.0750822851093 0.0117480931886 
0.0166440664489 0.0261581749482 0.0174387832988 0.010894771321 
0.0164449112254 0.0344079836777 0.0229386557851 0.00971947411774 
0.030044914152 -2.00826893266e-17 -1.3388459551e-17 0.0119995501082 
0.0222963648267 5.59445440158e-20 3.72963626772e-20 0.00914546658576 
0.0297087481091 -1.64980221656e-21 -1.09986814437e-21 0.0105351231901 
0.0297087481091 -1.64980221656e-21 -1.09986814437e-21 0.0105351231901 
0.0419969622229 1.36482345356e-21 9.09882302372e-22 0.0106701990637 
0.0394784790753 -9.29057003286e-22 -6.19371335524e-22 0.011170707707 
0.0416079237935 -1.7629576763e-21 -1.17530511754e-21 0.0113188282488 
0.0343878178848 -1.65201557017e-21 -1.10134371345e-21 0.00933646510313 
0.0433681138545 -4.96701140247e-22 -3.31134093498e-22 0.00938033236977 
0.0380399461769 -1.76381367081e-21 -1.17587578054e-21 0.00876558153453 
0.0469000803899 -3.03149669279e-22 -2.02099779519e-22 0.0108012597743 
0.0368748564014 2.11095042226e-19 1.40730028151e-19 0.00817479765551 
0.0370343004998 0.0316325682697 0.0210883788464 0.00739294647595 
0.0391421382947 0.0361371086058 0.0240914057372 0.00785960252339 
0.044809173131 0.017631268269 0.011754178846 0.00726408649136 
0.063984818636 1.3707812782e-17 9.13854185469e-18 0.0102654776522 
0.0850838722531 1.58227342211e-21 1.05484894807e-21 0.0103269736943 
0.0955492738579 -2.03455287022e-22 -1.35636858014e-22 0.0108058092805 
0.0855735310261 2.75842586929e-22 1.83895057953e-22 0.0106936774881 
0.0848056528227 1.45767754047e-21 9.71785026982e-22 0.00756792847183 
0.0945526685177 9.80696152679e-23 6.53797435119e-23 0.00713684735909 
0.102874391246 9.36815972292e-22 6.24543981528e-22 0.00684146098641 
0.113881249057 1.42467693395e-22 9.49784622635e-23 0.00657558033667 
0.132323356669 5.7292154642e-22 3.81947697613e-22 0.00576164376451 
0.161861954736 0.0217093405225 0.0144728936817 -5.30041877893e-05 
0.219658858553 0.0829189509959 0.0552793006639 -0.00576059896115 
0.320003264809 0.0886680814333 0.0591120542889 -0.00556713404857 
0.458646540425 0.375986729141 0.250657819427 0.00898377424881 
0.757132342375 0.704892121853 0.469928081235 0.0101609482963 
0.79948338914 0.654336668327 0.436224445551 0.0192137271584 
0.757050247638 0.466879735776 0.311253157184 0.0365894763155 
0.797036353051 0.447588469897 0.298392313265 0.05665183908 
0.78167639353 0.453304639012 0.302203092675 0.0907806760068 
0.729593111561 0.483901981966 0.322601321311 0.152589590565 
0.660116693015 0.552331066064 0.368220710709 0.240863240363 
0.593884305938 0.665489092967 0.443659395311 0.351107488613 
0.374166938779 0.748892414134 0.499261609423 0.523598775598 
0.255927451727 0.888213471112 0.592142314075 0.523598775598 
0.0479703353397 1.05794728487 0.705298189914 0.523598775598 
0.304227603252 1.27007427892 0.846716185947 0.260228983851 
0.198993609445 1.39168453757 0.927789691715 0.146133204215 
0.311409021734 1.47425908203 0.982839388017 0.101773949603 
0.73804083655 1.44243674627 0.961624497511 0.365892388453 
0.76063709553 1.50128905428 1.00085936952 0.30872230818 
0.790849552517 1.55071267807 1.03380845205 0.200853426235 
0.829469225418 1.57792571622 1.05195047748 -0.0741330101678 
0.876110592923 1.50229743621 1.00153162414 -0.523598775598 
0.901065931092 1.51968967566 1.01312645044 -0.523598775598 
0.91735732267 1.53110562588 1.02073708392 -0.523598775598 
0.927331876498 1.54029964903 1.02686643268 -0.523598775598 
0.935644982117 1.54389171362 1.02926114241 -0.523598775598 
0.940711668352 1.54689448056 1.03126298704 -0.523598775598 
0.944177536601 1.54917320153 1.03278213435 -0.523598775598 
0.94715389388 1.54955752392 1.03303834928 -0.523598775598 
0.949645051556 1.54956726879 1.03304484586 -0.523598775598 
0.949546334004 1.55193011902 1.03462007934 -0.523598775598 
0.949899670734 1.55256079196 1.03504052797 -0.523598775598 
0.948794322092 1.55446064935 1.03630709957 -0.523598775598 
0.949983979979 1.55283537897 1.03522358598 -0.523598775598 
0.950772508381 1.55101971383 1.03401314255 -0.523598775598 
0.950750079136 1.55100290843 1.03400193896 -0.523598775598 
0.949694120813 1.55221319098 1.03480879399 -0.523598775598 
0.949118688136 1.55190395661 1.03460263774 -0.523598775598 
0.947934797353 1.55354511423 1.03569674282 -0.523598775598 
0.94856147641 1.55183190536 1.03455460357 -0.523598775598 
0.94853969017 1.55169222142 1.03446148094 -0.523598775598 
0.948707434992 1.55061558822 1.03374372548 -0.523598775598 
0.948058597672 1.550896135 1.03393075667 -0.523598775598 
0.948272591536 1.54950478268 1.03300318845 -0.523598775598 
0.946829548897 1.5510161665 1.03401077766 -0.523598775598 
0.945069891047 1.55157641587 1.03438427725 -0.523598775598 
0.942749298745 1.55129123547 1.03419415698 -0.523598775598 
0.937369231493 1.54812635951 1.03208423967 -0.523598775598 
0.926075791628 1.54529803507 1.03019869004 -0.523598775598 
0.909301115462 1.53747489308 1.02498326205 -0.523598775598 
0.873634482402 1.50667197614 1.00444798409 -0.523598775598 
0.832646267773 1.46018100053 0.973454000352 -0.523598775598 
0.779197770659 1.39575136123 0.930500907485 -0.523598775598 
0.525402311965 1.4577143661 0.9718095774 0.130511257911 
0.208276319969 1.3827281341 0.921818756069 0.0953580858601 
0.36120245442 1.23873062076 0.825820413842 0.177386599095 
0.486889356562 1.10285943482 0.73523962321 0.180715889292 
0.606886585702 0.992589758768 0.661726505845 0.126937306013 
0.689049396148 0.895161801156 0.596774534104 0.0759941133127 
0.71406360936 0.832313628176 0.554875752117 0.045655838522 
0.718313077768 0.824569208797 0.549712805865 0.0310972365171 
0.719893846529 0.821967308585 0.547978205723 0.0183081305248 
0.700488711778 0.857447561108 0.571631707405 0.0106697883528 
0.688660569747 0.881615097319 0.587743398213 0.00614867829719 
0.678032797104 0.905028285322 0.603352190215 0.00418407958894 
0.671887457649 0.919482923447 0.612988615632 0.00223445076254 
0.670166958403 0.923080541459 0.615387027639 -0.000648077393507 
0.668791397827 0.925600247451 0.617066831634 -0.00235845511466 
0.668791397827 0.925600247451 0.617066831634 -0.00235845511466 
0.664717666606 0.935383936435 0.623589290957 -0.0019482744499 
0.664717666606 0.935383936435 0.623589290957 -0.0019482744499 
0.667855713957 0.925455475886 0.616970317257 -0.00561390461757 
0.664125141343 0.933873819111 0.622582546074 -0.0034029717743 
0.661702622402 0.939339813885 0.62622654259 -0.00328527642969 
0.661702622402 0.939339813885 0.62622654259 -0.00328527642969 
0.663629444185 0.932450406218 0.621633604145 -0.004177341579 
0.663629444185 0.932450406218 0.621633604145 -0.004177341579 
0.663629444185 0.932450406218 0.621633604145 -0.004177341579 
0.670841584375 0.910382583113 0.606921722075 -0.00454392902488 
0.675972122078 0.894866549677 0.596577699785 -0.0039783175051 
0.688542600867 0.862341649798 0.574894433199 -0.00399311663554 
0.705595656966 0.824421494035 0.549614329357 -0.00208133631318 
0.73300540243 0.773174540374 0.515449693583 -0.00023192832848 
0.773799019948 0.712432667657 0.474955111771 0.00309903111795 
0.951721213584 0.737221988588 0.491481325726 0.0074880600179 
0.773296393143 0.325180499159 0.21678699944 0.0087092941509 
0.872528726382 0.290938457568 0.193958971712 0.0143011231733 
0.917869531016 0.0195523878512 0.0130349252342 0.0226690665978 
1.01685381344 -1.34123974354e-21 -8.94159829024e-22 0.0231847242855 
1.10301682978 2.38160647312e-22 1.58773764874e-22 0.0260646082026 
1.21374253934 6.73806042824e-22 4.49204028549e-22 0.0178471100077 
1.29963302989 7.33480408083e-23 4.88986938722e-23 0.014057531608 
1.3592164506 4.36453901583e-22 2.90969267722e-22 0.0137044720804 
1.40380379366 1.15561187149e-21 7.70407914324e-22 0.013306124237 
1.43341838766 8.39684385276e-22 5.59789590184e-22 0.013878380564 
1.4513092712 -5.88896652822e-22 -3.92597768548e-22 0.015241905749 
1.48129168304 1.9819224489e-22 1.3212816326e-22 0.0120636380353 
1.50573946617 -3.61292274348e-22 -2.40861516232e-22 0.00916374880148 
1.51971493779 1.2079943927e-22 8.0532959513e-23 0.00762181437439 
1.53404804538 6.46678100953e-22 4.31118733969e-22 0.00573857753129 
1.52548778729 3.17810427372e-22 2.11873618248e-22 0.00870816282556 
1.52613461399 1.1859230966e-21 7.90615397734e-22 0.0096129455433 
1.53150195124 1.24857549112e-22 8.32383660746e-23 0.00848849888558 
1.5178700821 -7.0377546264e-22 -4.6918364176e-22 0.0122521996854 
1.50581559656 5.55090087883e-22 3.70060058588e-22 0.0155789912399 
1.50331941561 2.07291397773e-23 1.38194265182e-23 0.016186952474 
1.5095861735 2.18148068351e-23 1.45432045567e-23 0.01395400202 
1.49258777023 -3.46306820453e-22 -2.30871213636e-22 0.0178629036011 
1.48887857586 2.17567290308e-22 1.45044860205e-22 0.0181576149276 
1.48793795417 7.1538138321e-22 4.7692092214e-22 0.0166708304073 
1.46720636073 -5.810980665e-23 -3.87398711e-23 0.0210986334503 
1.44419745508 7.52454404681e-22 5.01636269787e-22 0.0239808099788 
1.42319443755 7.57402370431e-22 5.0493491362e-22 0.0255139969268 
1.33711357026 9.01515024014e-23 6.01010016009e-23 0.0407576146544 
1.2407111096 3.05179254831e-22 2.03452836554e-22 0.0610510978363 
1.13557045635 2.40064514068e-22 1.60043009379e-22 0.0933901711762 
0.964977613148 0.0203557924916 0.0135705283277 0.140771404469 
0.532549729678 0.582023574017 0.388015716012 0.523598775598 
0.234904635786 0.888749195011 0.592499463341 0.523598775598 
0.131831954988 1.10331120696 0.735540804639 0.416015715758 
0.278071654912 1.31913359819 0.879422398795 0.176921536276 
0.177035768935 1.40721581507 0.938143876714 0.0923920170225 
0.560583899578 1.43187502194 0.954583347959 0.16253455367 
0.760386066943 1.4191444491 0.946096299398 0.294590290265 
0.87780280626 1.39482516548 0.929883443652 0.41641544487 
0.894681358289 1.41221775945 0.941478506299 0.412662826274 
0.910424030213 1.42354215579 0.949028103863 0.40721574882 
0.907263567536 1.4432163078 0.962144205199 0.374425784916 
0.915650685897 1.45089067438 0.967260449589 0.372154630881 
0.923933951128 1.45518872394 0.97012581596 0.368625076358 
0.929672995899 1.45820179522 0.972134530147 0.365590887633 
0.922459546139 1.46926712997 0.979511419979 0.336153588813 
0.927559486978 1.46981645045 0.979877633632 0.334420001574 
0.92791643139 1.47260420849 0.98173613899 0.334997006487 
0.931904351308 1.47230326963 0.981535513087 0.333004888346 
0.933375759035 1.47227211294 0.981514741963 0.33207998506 
0.935319005524 1.47222037404 0.981480249359 0.331099014946 
0.935420238139 1.47363538948 0.982423592984 0.331395112599 
0.935404964066 1.4741821933 0.982788128865 0.331499243061 
0.935353686065 1.4731026076 0.982068405065 0.331218539313 
0.935464295698 1.47335789419 0.982238596126 0.331218396887 
0.938039135792 1.47379535578 0.982530237187 0.329856630296 
0.938195734239 1.47538546536 0.983590310243 0.330159166943 
0.940539760694 1.47377251846 0.982515012304 0.328496390264 
0.940572947081 1.47398652306 0.98265768204 0.328515649628 
0.940606678515 1.47429050332 0.982860335547 0.328553435954 
0.940553976481 1.47388392063 0.98258928042 0.328446740415 
0.9403505547 1.47145937414 0.980972916091 0.327916069025 
0.942639223434 1.46928476688 0.979523177923 0.327341159609 
0.942521509742 1.46879250715 0.979195004765 0.327295095638 
0.938880214724 1.46908433845 0.979389558964 0.329251598102 
0.935237699077 1.46902813797 0.979352091981 0.330997494705 
0.932915083862 1.46533259573 0.976888397155 0.332286811916 
0.943544206504 1.44979661624 0.966531077495 0.366170338098 
0.94825627623 1.42511164027 0.950074426846 0.398496830269 
0.95768193607 1.39171876832 0.927812512212 0.432704668932 
0.848515514156 1.41462739524 0.943084930163 0.25769321967 
0.682586013433 1.40379268952 0.935861793012 0.123872851011 
0.385043194878 1.36657370047 0.911049133646 0.0520405680079 
0.33142042377 1.28439137535 0.856260916902 0.0632856000519 
0.445594734108 1.18317688842 0.78878459228 0.0965320431288 
0.56727771523 1.05443191545 0.702954610301 0.107406279638 
0.634675662576 0.86665595534 0.577770636894 0.117967806626 
0.756978819427 0.630815910991 0.420543940661 0.0810112958261 
0.81564771902 0.214695564742 0.143130376494 0.0668407654191 
0.933398363474 0.179521610381 0.119681073587 0.0361029611845 
0.959631440943 -7.93059590057e-19 -5.28706393371e-19 0.0300481369117 
0.991296972711 6.50137759709e-23 4.33425173139e-23 0.0169885043133 
0.994154696532 3.50282995162e-23 2.33521996775e-23 0.00367662716418 
0.968918867014 0.00501634969325 0.00334423312883 -0.000152694741817 
0.896281494304 0.0204690693123 0.0136460462082 -0.00217103210482 
0.764477871222 8.05107832746e-18 5.36738555164e-18 -0.0173266522976 
0.611991830066 5.30545051331e-17 3.53696700887e-17 -0.0207075101965 
0.495021204967 2.85590216602e-17 1.90393477734e-17 -0.146943100748 
0.381177249638 0.0226531568636 0.0151021045757 -0.26576195936 
0.297277635921 0.127747416315 0.0851649442097 -0.348358405016 
0.249924104334 0.190539355313 0.127026236875 -0.515229674652 
0.191306226309 0.261882294829 0.174588196553 -0.523598775598 
0.166788807768 0.286520114372 0.191013409582 -0.523598775598 
0.138133631902 0.322220076586 0.214813384391 -0.523598775598 
0.12364722909 0.338935643704 0.225957095803 -0.523598775598 
0.109261970653 0.357430696687 0.238287131125 -0.523598775598 
0.109261970653 0.357430696687 0.238287131125 -0.523598775598 
0.101455979852 0.366964143941 0.244642762627 -0.523598775598 
0.0890265557109 0.386224756706 0.257483171137 -0.523598775598 
0.0811114457387 0.397732041099 0.265154694066 -0.523598775598 
0.0827696292204 0.397630538628 0.265087025752 -0.523598775598 
0.0698294735838 0.409914638667 0.273276425778 -0.523598775598 
0.0553672667894 0.421279228432 0.280852818955 -0.523598775598 
0.0399194844015 0.433556174363 0.289037449575 -0.523598775598 
0.012034502028 0.462928456226 0.308618970817 -0.523598775598 
-7.29458890856e-19 0.46782342948 0.31188228632 -0.523037296158 
3.34454217536e-21 0.42485291043 0.28323527362 -0.382879870902 
2.93153527372e-21 0.410651235822 0.273767490548 -0.384707349002 
6.77387865154e-22 0.38580556994 0.257203713293 -0.38650461448 
-2.31767008964e-23 0.330807615579 0.220538410386 -0.296751261811 
-2.31767008964e-23 0.330807615579 0.220538410386 -0.296751261811 
6.07004631071e-25 0.31329262071 0.20886174714 -0.304410508192 
6.07004631071e-25 0.31329262071 0.20886174714 -0.304410508192 
0.0178511567552 0.278858760487 0.185905840325 -0.314176717613 
1.50482035841e-18 0.300114172134 0.200076114756 -0.2976437897 
0.00419377760385 0.298878753973 0.199252502649 -0.297818251634 
2.16840434497e-19 0.299226484281 0.199484322854 -0.297837907611 
2.16840434497e-19 0.299226484281 0.199484322854 -0.297837907611 
2.16840434497e-19 0.299226484281 0.199484322854 -0.297837907611 
0.0125456985039 0.279544700821 0.186363133881 -0.303571876422 
0.0324966012328 0.247464535161 0.164976356774 -0.310115193812 
0.0324966012328 0.247464535161 0.164976356774 -0.310115193812 
0.0355258620392 0.246732520368 0.164488346912 -0.308592001202 
0.0241178065488 0.256474373369 0.170982915579 -0.295302832984 
0.0150874194239 0.257759755255 0.171839836836 -0.294717154822 
0.0150874194239 0.257759755255 0.171839836836 -0.294717154822 
0.0198530854263 0.258630789852 0.172420526568 -0.293562625123 
0.0246379572113 0.258159050422 0.172106033614 -0.293076994261 
0.0246379572113 0.258159050422 0.172106033614 -0.293076994261 
0.0200282292426 0.258267163646 0.172178109098 -0.292872496623 
0.0126932797058 0.260069172411 0.173379448274 -0.292057920087 
0.0236146481849 0.260126857298 0.173417904865 -0.291060200198 
0.0236146481849 0.260126857298 0.173417904865 -0.291060200198 
0.0313255585541 0.257621103209 0.17174740214 -0.291386112027 
0.0395755349549 0.231390027216 0.154260018144 -0.298497504733 
0.0395755349549 0.231390027216 0.154260018144 -0.298497504733 
0.0296431150896 0.232985544376 0.155323696251 -0.297245040234 
0.0296431150896 0.232985544376 0.155323696251 -0.297245040234 
0.0231698830207 0.251101493078 0.167400995385 -0.283284636803 
0.0231698830207 0.251101493078 0.167400995385 -0.283284636803 
0.0296778656584 0.250063100058 0.166708733372 -0.283527118293 
0.0212303920188 0.251041532894 0.167361021929 -0.283561474235 
0.0319162645159 0.253250095699 0.168833397132 -0.281159904815 
0.0256915953253 0.284030394376 0.189353596251 -0.261111430807 
0.0422473458893 0.286072190966 0.190714793977 -0.258350911171 
0.0639642638619 0.301381496023 0.200920997348 -0.246737130567 
0.0815984424537 0.307946887129 0.205297924753 -0.244209869311 
0.126915959098 0.320890820509 0.213927213673 -0.523598775598 
0.1285708581 0.329079158289 0.219386105526 -0.523598775598 
0.126993492406 0.338913661993 0.225942441329 -0.523598775598 
0.14225041243 0.32043209474 0.213621396493 -0.523598775598 
0.153737241019 0.304563197344 0.203042131563 -0.523598775598 
0.155658465836 0.304850569577 0.203233713051 -0.523598775598 
0.146078041094 0.319516418632 0.213010945755 -0.523598775598 
0.143658179391 0.324121311897 0.216080874598 -0.523598775598 
0.129260507355 0.346671790749 0.231114527166 -0.523598775598 
0.145333477605 0.321640325918 0.214426883945 -0.523598775598 
0.13411638944 0.338936371877 0.225957581251 -0.523598775598 
0.140554869365 0.328189619298 0.218793079532 -0.523598775598 
0.147477266646 0.31700564966 0.211337099773 -0.523598775598 
0.155711092609 0.304052872758 0.202701915172 -0.523598775598 
0.155711092609 0.304052872758 0.202701915172 -0.523598775598 
0.136851641035 0.331498852663 0.220999235109 -0.523598775598 
0.135068677088 0.332139371402 0.221426247601 -0.523598775598 
0.127893527972 0.345329479763 0.230219653175 -0.523598775598 
0.133512199775 0.336427215768 0.224284810512 -0.523598775598 
0.125811745572 0.348341091568 0.232227394378 -0.523598775598 
0.113800359086 0.36548248332 0.24365498888 -0.523598775598 
0.106314311555 0.369273366632 0.246182244421 -0.523598775598 
0.0669375812072 0.414490830814 0.276327220543 -0.523598775598 
0.0473136189917 0.428627662486 0.285751774991 -0.523598775598 
0.0149631990043 0.391039282325 0.260692854884 -0.226793169105 
0.00608099415196 0.372645128022 0.248430085348 -0.235576458164 
-6.14787668399e-19 0.403607231359 0.269071487573 -0.315673903157 
-1.01428427799e-21 0.382390189812 0.254926793208 -0.322562109354 
4.39892855835e-21 0.374384241756 0.249589494504 -0.327219258707 
4.39892855835e-21 0.374384241756 0.249589494504 -0.327219258707 
4.39892855835e-21 0.374384241756 0.249589494504 -0.327219258707 
7.2408342687e-21 0.357205941003 0.238137294002 -0.339523607749 
7.2408342687e-21 0.357205941003 0.238137294002 -0.339523607749 
7.2408342687e-21 0.357205941003 0.238137294002 -0.339523607749 
-1.49082186532e-21 0.340438710301 0.226959140201 -0.348414029367 
-1.49082186532e-21 0.340438710301 0.226959140201 -0.348414029367 
-1.49082186532e-21 0.340438710301 0.226959140201 -0.348414029367 
-1.49082186532e-21 0.340438710301 0.226959140201 -0.348414029367 
-1.49082186532e-21 0.340438710301 0.226959140201 -0.348414029367 
-1.49082186532e-21 0.340438710301 0.226959140201 -0.348414029367 
-1.49082186532e-21 0.340438710301 0.226959140201 -0.348414029367 
-1.49082186532e-21 0.340438710301 0.226959140201 -0.348414029367 
-1.49082186532e-21 0.340438710301 0.226959140201 -0.348414029367 
-1.49082186532e-21 0.340438710301 0.226959140201 -0.348414029367 
3.42204818752e-21 0.357362172358 0.238241448239 -0.347297192801 
4.74063070865e-21 0.33900305579 0.226002037193 -0.355322705981 
-4.25224677832e-22 0.354350591241 0.236233727494 -0.352049001272 
-4.25224677832e-22 0.354350591241 0.236233727494 -0.352049001272 
-2.03176304309e-22 0.364728263523 0.243152175682 -0.353433798641 
2.00900743494e-21 0.374061505389 0.249374336926 -0.356769346864 
-1.0824118088e-20 0.419058258373 0.279372172249 -0.467407209205 
-5.82067273008e-21 0.43862358183 0.29241572122 -0.46401432653 
9.72914026039e-21 0.449975701543 0.299983801029 -0.463507152498 
6.53722722904e-21 0.458739622036 0.305826414691 -0.463875843421 
2.93667761259e-21 0.467874495295 0.311916330197 -0.464612387644 
0.0156938655023 0.452221383194 0.301480922129 -0.523598775598 
0.0117496356923 0.468114162165 0.31207610811 -0.523598775598 
0.0106985871426 0.477610687843 0.318407125228 -0.523598775598 
0.0149009234427 0.47860874974 0.319072499827 -0.523598775598 
0.0164454658254 0.47921274101 0.319475160674 -0.523598775598 
0.0267422861257 0.465718351821 0.310478901214 -0.523598775598 
0.0411096105686 0.446429904397 0.297619936265 -0.523598775598 
0.0316275202727 0.462580480956 0.308386987304 -0.523598775598 
0.0316275202727 0.462580480956 0.308386987304 -0.523598775598 
0.0143292649898 0.491712632118 0.327808421412 -0.523598775598 
0.0143292649898 0.491712632118 0.327808421412 -0.523598775598 
0.0093312097537 0.503051408064 0.335367605376 -0.523598775598 
0.0140954555018 0.497642609028 0.331761739352 -0.523598775598 
0.0189576804194 0.494759591152 0.329839727435 -0.523598775598 
0.0273995687194 0.490561102621 0.32704073508 -0.523598775598 
0.0603642349146 0.465785889321 0.310523926214 -0.189397561057 
0.160003398693 0.613197393948 0.408798262632 -0.00808918216829 
0.312505059024 0.730192984876 0.48679532325 0.00299673731544 
0.59547305435 0.871870401706 0.581246934471 0.00998088567268 
0.720426146391 0.846746586893 0.564497724595 0.0142729192765 
0.746252523241 0.793984805833 0.529323203888 0.018517642506 
0.770910117301 0.752421829194 0.501614552796 0.0231986659429 
0.78600325616 0.727675088756 0.485116725838 0.0367787327839 
0.804995367894 0.696189897198 0.464126598132 0.0415094429907 
0.80281143943 0.690667528204 0.460445018803 0.0586850334929 
0.75340532142 0.605691587365 0.403794391577 0.0792204120792 
0.754034890018 0.607355694437 0.404903796292 0.0972254510545 
0.729216612382 0.633656125901 0.422437417267 0.139854439039 
0.686913451793 0.689903416663 0.459935611109 0.204191270654 
0.468615564297 0.611738642585 0.407825761723 0.523598775598 
0.418148789914 0.711171550289 0.474114366859 0.523598775598 
0.346200222867 0.829002041474 0.55266802765 0.523598775598 
0.279068513124 0.928323893712 0.618882595808 0.523598775598 
0.213539586512 1.00217969721 0.668119798137 0.523598775598 
0.138479485343 1.07588936461 0.717259576406 0.523598775598 
0.0702588269866 1.11724618197 0.744830787982 0.523598775598 
-1.38777878078e-17 1.15538557951 0.770257053009 0.523598775598 
-1.47636094672e-18 1.18180177413 0.787867849417 0.523598775598 
6.89150906313e-22 1.19724532038 0.798163546923 0.523597660464 
4.97402565197e-23 1.23320813469 0.822138756461 0.46844534432 
1.21550809478e-06 1.25218035688 0.834786904584 0.43953755685 
0.32998381018 1.27676603586 0.851177357242 0.361106423801 
0.330334604472 1.2813443134 0.854229542263 0.362705178391 
0.335875299337 1.29243897474 0.86162598316 0.343824016959 
0.335822657205 1.29383159409 0.862554396058 0.344338278731 
0.335949608234 1.29771283017 0.865141886778 0.345799843481 
0.335949608234 1.29771283017 0.865141886778 0.345799843481 
0.335641495395 1.29360312351 0.862402082342 0.343741691073 
0.335377131082 1.29120680372 0.860804535815 0.342591623875 
0.335071076444 1.28909944202 0.859399628013 0.341830100051 
0.334602214256 1.2850136615 0.856675774333 0.34047689524 
0.321451401562 1.25809364345 0.838729095636 0.369612538308 
0.311935173042 1.20825082676 0.805500551176 0.411547384136 
0.00644453040366 1.13829330107 0.758862200711 0.523598775598 
0.147540818836 1.04249769021 0.69499846014 0.523598775598 
0.26912223327 0.923509922475 0.61567328165 0.523598775598 
0.370228806383 0.788400596155 0.525600397436 0.523598775598 
0.460502743323 0.626731935856 0.417821290571 0.523598775598 
0.68901547172 0.661640316978 0.441093544652 0.202492047312 
0.752919120623 0.562825199467 0.375216799645 0.110244137468 
0.804059708474 0.506585626476 0.337723750984 0.0569779990967 
0.801722648308 0.501333769512 0.334222513008 0.0360406746873 
0.797383082677 0.499878361214 0.333252240809 0.0199376333597 
0.770079562908 0.512227456837 0.341484971224 0.00853381440693 
0.749354433293 0.523706374832 0.349137583222 0.00253215142734 
0.720556628573 0.541690782355 0.361127188237 0.00161368119167 
0.714623305327 0.548606808058 0.365737872038 -0.00526097206739 
0.695307657056 0.562604320033 0.375069546689 -0.00694133358173 
0.694635675239 0.564277578546 0.376185052364 -0.0102881640251 
0.687423550572 0.571489780809 0.380993187206 -0.0113591572973 
0.757830214169 0.691476998083 0.460984665389 -0.00811276690719 
0.755287014013 0.694327789482 0.462885192988 -0.00951745595494 
0.747875245653 0.702603232959 0.468402155306 -0.0108386128055 
0.72869629991 0.724507146394 0.483004764263 -0.00989906580358 
0.715946006289 0.740381493584 0.493587662389 -0.00857566108824 
0.706206826784 0.753263082818 0.502175388545 -0.0086405599121 
0.699322242462 0.76289278474 0.508595189827 -0.00867278899498 
0.737460644687 0.795908432994 0.530605621996 -0.00741132574136 
0.740847786895 0.790499515464 0.526999676976 -0.00916663421846 
0.743367220095 0.786604496886 0.524402997924 -0.0105065358179 
0.739454460756 0.792766856443 0.528511237629 -0.0100167494855 
0.73476982077 0.800275293304 0.533516862203 -0.00937367463696 
0.72638861172 0.814072580897 0.542715053931 -0.00765364321792 
0.730302674044 0.80730828032 0.538205520214 -0.00868621115112 
0.733528342303 0.801851793792 0.534567862528 -0.00929668786757 
0.734330410872 0.800492320928 0.533661547285 -0.00892210264602 
0.737487431704 0.795286348675 0.530190899117 -0.00928402667118 
0.734172326365 0.80059683949 0.533731226327 -0.00774744736267 
0.741118129039 0.789103695946 0.526069130631 -0.00801817829816 
0.748502996884 0.777317714599 0.518211809733 -0.00759480091091 
0.759519597006 0.760302207501 0.506868138334 -0.00594182085936 
0.767750111172 0.747314829976 0.49820988665 -0.00264821128221 
0.783482625221 0.724638176019 0.483092117346 -0.000760612190418 
0.810790359904 0.685579449954 0.457052966636 0.000237477457287 
0.759420363903 0.504137103106 0.336091402071 -0.00127761826345 
0.809586998817 0.475569784059 0.317046522706 0.00486573654581 
0.816130670559 0.201678097269 0.134452064846 0.00724149268469 
0.881858111327 0.185005346905 0.123336897937 0.0168416384503 
0.960602022177 -4.11086524164e-18 -2.74057682776e-18 0.0217867209747 
1.05486128477 -4.96169821982e-23 -3.30779881321e-23 0.018244289707 
1.1081692193 6.02957180119e-24 4.01971453412e-24 0.0165372341392 
1.14183162329 1.34400733857e-22 8.96004892378e-23 0.0159171081312 
1.1711335798 4.06670563136e-22 2.71113708758e-22 0.0126004734187 
1.18389136885 1.28904721745e-22 8.59364811635e-23 0.0156635543733 
1.20522509908 -5.29168534859e-22 -3.5277902324e-22 0.0104139251615 
1.20102900099 -1.60090641464e-22 -1.06727094309e-22 0.0144168863642 
1.20102900099 -1.60090641464e-22 -1.06727094309e-22 0.0144168863642 
1.18825489808 -9.0711462613e-23 -6.04743084087e-23 0.0184500789773 
1.18024978005 3.59489862848e-22 2.39659908566e-22 0.0193377310097 
1.18024978005 3.59489862848e-22 2.39659908566e-22 0.0193377310097 
1.16683207481 3.02000662694e-22 2.0133377513e-22 0.0282510932909 
1.15123531343 2.54812540898e-22 1.69875027265e-22 0.0333964801389 
1.15123531343 2.54812540898e-22 1.69875027265e-22 0.0333964801389 
1.12080842645 1.2034383235e-22 8.02292215668e-23 0.0502259657102 
1.09024640878 1.34483353735e-22 8.96555691564e-23 0.0586635335103 
1.03053013143 0.00136002539947 0.000906683599646 0.0851952145833 
0.968815031109 0.0100568448951 0.0067045632634 0.107620012417 
0.889726198689 0.117012650987 0.0780084339913 0.176361688676 
0.799081300699 0.311510616123 0.207673744082 0.259812259545 
0.712792713838 0.439312029866 0.292874686577 0.33263482122 
0.573486822515 0.57346896505 0.382312643367 0.440507999818 
0.464595554663 0.628177713615 0.41878514241 0.523598775598 
0.413872810566 0.695473606732 0.463649071155 0.523598775598 
0.35332433119 0.76714145602 0.511427637347 0.523598775598 
0.304671368129 0.821888926967 0.547925951311 0.523598775598 
0.270718301632 0.855383734766 0.570255823178 0.523598775598 
0.270178953986 0.874320065123 0.582880043415 0.523598775598 
0.226706323908 0.905526492713 0.603684328475 0.523598775598 
0.22732663859 0.92354502623 0.615696684154 0.523598775598 
0.196604767499 0.934052513811 0.622701675874 0.523598775598 
0.196905798727 0.940310729027 0.626873819351 0.523598775598 
0.195512968745 0.945682478067 0.630454985378 0.523598775598 
0.169790773106 0.960971949056 0.640647966037 0.523598775598 
0.168318739228 0.952704548777 0.635136365851 0.523598775598 
0.169177826206 0.962563419495 0.64170894633 0.523598775598 
0.169177826206 0.962563419495 0.64170894633 0.523598775598 
0.167941496138 0.968977244668 0.645984829779 0.523598775598 
0.167941496138 0.968977244668 0.645984829779 0.523598775598 
0.139283106095 0.977585969641 0.651723979761 0.523598775598 
0.139283106095 0.977585969641 0.651723979761 0.523598775598 
0.138820330014 0.989103112082 0.659402074722 0.523598775598 
0.103670106102 1.00113733717 0.667424891447 0.523598775598 
0.102359526957 0.997053439027 0.664702292685 0.523598775598 
0.102093600982 1.00476234547 0.669841563645 0.523598775598 
0.100316517635 1.01136759418 0.674245062784 0.523598775598 
0.0961633590424 1.00680727126 0.671204847504 0.523598775598 
0.091891583638 1.00256829402 0.668378862682 0.523598775598 
0.091891583638 1.00256829402 0.668378862682 0.523598775598 
0.0636754133204 1.00751315808 0.671675438719 0.523598775598 
0.0635994506559 1.01468902702 0.676459351345 0.523598775598 
0.0608089626688 1.01055166861 0.673701112407 0.523598775598 
0.0608089626688 1.01055166861 0.673701112407 0.523598775598 
0.0608089626688 1.01055166861 0.673701112407 0.523598775598 
0.0593109498882 1.00596348489 0.670642323259 0.523598775598 
0.0593109498882 1.00596348489 0.670642323259 0.523598775598 
0.0588894449654 0.999487779352 0.666325186234 0.523598775598 
0.0601670681542 0.990401023568 0.660267349045 0.523598775598 
0.0975360666774 0.974172172936 0.64944811529 0.523598775598 
0.12978893841 0.950026230471 0.633350820314 0.523598775598 
0.184479180606 0.908463706426 0.605642470951 0.523598775598 
0.270566911595 0.827791975369 0.551861316913 0.523598775598 
0.365003360575 0.720971770688 0.480647847125 0.523598775598 
0.46771833314 0.579272914305 0.38618194287 0.523598775598 
0.709840794776 0.587950115907 0.391966743938 0.199471180615 
0.80628415979 0.468173409084 0.312115606056 0.117547587811 
0.827255047359 0.216826533146 0.144551022097 0.0947440489299 
0.887000581862 0.194535403454 0.129690268969 0.0594899200368 
0.914827207221 0.180192203098 0.120128135398 0.0393922487946 
0.926207444412 0.170445976081 0.11363065072 0.0287007937987 
0.900082296755 0.171279873504 0.114186582336 0.0242906311326 
0.86538168694 0.176363217215 0.117575478143 0.0176260751592 
0.825650862037 0.184664939373 0.123109959582 0.00883975353243 
0.747594912439 0.203972900138 0.135981933425 0.00563559743235 
0.760076219093 0.531678088972 0.354452059315 0.00160901055449 
0.759666447042 0.67742352301 0.451615682007 0.00123171830315 
0.713409316168 0.726084559872 0.484056373248 -0.00129248861603 
0.679106167425 0.767162407964 0.511441605309 -0.00484066890124 
0.405970834128 0.552879351377 0.368586234251 -0.0124906861281 
0.318970881988 0.459090519167 0.306060346112 -0.0228687433476 
0.256758220834 0.343191148104 0.228794098736 -0.0574819674582 
0.217364256673 0.379537951768 0.253025301179 -0.0620696316991 
0.197137581915 0.312991245608 0.208660830405 -0.185760398359 
0.172221405205 0.355375468465 0.236916978976 -0.158109051662 
0.166850322514 0.335866364987 0.223910909991 -0.284546078384 
0.159742124905 0.340590587519 0.227060391679 -0.324144109473 
0.152678862701 0.344348248316 0.229565498877 -0.39288364788 
0.11958829395 0.400327802687 0.266885201791 -0.243192580343 
0.123522298085 0.383382717627 0.255588478418 -0.341417997719 
0.108602194051 0.407261090062 0.271507393375 -0.283980939197 
0.129837218401 0.369379339567 0.246252893044 -0.449648112304 
0.126928884877 0.372189311666 0.248126207777 -0.453060944798 
0.12193549238 0.37926035054 0.252840233693 -0.422282260818 
0.119823316784 0.380659299554 0.25377286637 -0.411016471147 
0.128233737966 0.367764597785 0.245176398523 -0.459054821801 
0.128548184194 0.366968001729 0.244645334486 -0.469144939479 
0.167399214066 0.307636067605 0.205090711736 -0.523598775598 
0.154837968929 0.328373170438 0.218915446959 -0.523598775598 
0.148661794454 0.337869959223 0.225246639482 -0.518646201596 
0.139082165094 0.351133896193 0.234089264128 -0.477085623665 
0.143551343295 0.344624092447 0.229749394964 -0.491148711607 
0.12796663161 0.366917097298 0.244611398199 -0.422587974004 
0.1559319007 0.327321984855 0.21821465657 -0.523598775598 
0.155836811605 0.326701449607 0.217800966404 -0.519074008328 
0.133841032707 0.358144144922 0.238762763281 -0.439192436776 
0.147115232506 0.340172020822 0.226781347214 -0.483961161352 
0.147736771176 0.340134005092 0.226756003395 -0.477451797443 
0.144857303547 0.345075581921 0.230050387948 -0.465594310602 
0.145726788156 0.344856840833 0.229904560556 -0.470452283309 
0.15222821918 0.334199270147 0.222799513431 -0.480739109704 
0.127227212015 0.355694240547 0.237129493698 -0.401656434971 
0.100109928715 0.353356424269 0.235570949513 -0.309784844896 
0.0523109341928 0.350773892305 0.233849261536 -0.188258713686 
0.0290646918842 0.350936058137 0.233957372091 -0.19012266825 
0.0230589135758 0.324944187275 0.216629458183 -0.220906256624 
0.0197244020614 0.310890794613 0.207260529742 -0.242534907118 
0.0111514202461 0.310564340239 0.207042893493 -0.244458157065 
0.0165438164347 0.291444036884 0.19429602459 -0.265157685277 
0.0131250406826 0.290938476653 0.193958984435 -0.266396330503 
0.00207862644523 0.291693255941 0.194462170628 -0.267795638938 
0.0114063888392 0.290369848072 0.193579898715 -0.269284293608 
0.00607696390213 0.289249095813 0.192832730542 -0.271390860714 
0.00175372815447 0.289213606672 0.192809071115 -0.273045389632 
0.00796628124749 0.288213681924 0.192142454616 -0.274617082924 
3.7947076037e-19 0.288608943204 0.192405962136 -0.275871805222 
0.0054511550693 0.288375603916 0.192250402611 -0.276913009384 
0.0054511550693 0.288375603916 0.192250402611 -0.276913009384 
0.0054511550693 0.288375603916 0.192250402611 -0.276913009384 
0.010963466848 0.287623850058 0.191749233372 -0.2778231568 
0.0318705744769 0.25590072037 0.170600480246 -0.289352333437 
0.0391813251215 0.255674171716 0.170449447811 -0.287757858124 
0.0618731427487 0.214019563685 0.142679709123 -0.277932079339 
0.0893854259875 0.211487885646 0.140991923764 -0.275067405833 
0.115471459108 0.146448249611 0.0976321664076 -0.243087706638 
0.149567169501 0.143551244682 0.095700829788 -0.240319705365 
0.178750423826 0.105508892224 0.0703392614829 -0.198729364681 
0.223177568842 0.101983585681 0.0679890571206 -0.194799742805 
0.257546557117 0.081884676932 0.0545897846214 -0.12006971243 
0.706737515224 0.846847933484 0.564565288989 0.0893350230649 
0.71639489445 0.826089452526 0.550726301684 0.0854310351048 
0.722045045355 0.814954612417 0.543303074945 0.08403776393 
0.724200842748 0.810727662262 0.540485108175 0.0829015018676 
0.742879511048 0.775849525281 0.517233016854 0.0753710019013 
0.756189533927 0.753401239937 0.502267493291 0.0710752289587 
0.767425758394 0.73509943816 0.490066292107 0.0674652321175 
0.77074515459 0.728038293525 0.48535886235 0.0661104364571 
0.777851851467 0.715801197771 0.477200798514 0.0635340150252 
0.778392567801 0.713388401523 0.475592267682 0.0622971113649 
0.782378580269 0.704668056976 0.469778704651 0.0596794242026 
0.791751409413 0.6895473698 0.459698246534 0.0550200409005 
0.79324486949 0.686019758399 0.457346505599 0.0511540964306 
0.808155836587 0.664895419504 0.443263613003 0.0456879432005 
0.817940299933 0.64989039438 0.43326026292 0.0410140984028 
0.828995957255 0.633961066337 0.422640710891 0.0357133559129 
0.758718953758 0.552442970511 0.368295313674 0.0405325160577 
0.763476818872 0.548981371223 0.365987580815 0.0367284488059 
0.774652179794 0.5407239619 0.360482641266 0.0347661564156 
0.774652179794 0.5407239619 0.360482641266 0.0347661564156 
0.774652179794 0.5407239619 0.360482641266 0.0347661564156 
0.78765591777 0.53048954269 0.353659695127 0.0299651804977 
0.78765591777 0.53048954269 0.353659695127 0.0299651804977 
0.781011946776 0.533457624311 0.355638416207 0.0311549051588 
0.781011946776 0.533457624311 0.355638416207 0.0311549051588 
0.781011946776 0.533457624311 0.355638416207 0.0311549051588 
0.791438991755 0.524874785498 0.349916523665 0.0260422966291 
0.779586727382 0.53031099383 0.353540662553 0.0299350600765 
0.779586727382 0.53031099383 0.353540662553 0.0299350600765 
0.794045382103 0.51933615127 0.346224100847 0.0254052603743 
0.789073514983 0.521025207416 0.347350138277 0.0263926812638 
0.782937888054 0.523643530097 0.349095686731 0.0282008155921 
0.774788340719 0.527628492753 0.351752328502 0.0291507798238 
0.768601035188 0.530892202468 0.353928134978 0.0316967594661 
0.75625681089 0.53839825234 0.358932168226 0.0363713441404 
0.744391390989 0.546387422587 0.364258281725 0.0399879442354 
0.744391390989 0.546387422587 0.364258281725 0.0399879442354 
0.738624478175 0.55117102984 0.367447353227 0.0443414729697 
0.738624478175 0.55117102984 0.367447353227 0.0443414729697 
0.738624478175 0.55117102984 0.367447353227 0.0443414729697 
0.736930482238 0.553103484361 0.36873565624 0.0461955442356 
0.713434609544 0.571556909874 0.381037939916 0.0542127173551 
0.701082069417 0.584078891664 0.389385927776 0.0582019559837 
0.690421954945 0.595869262818 0.397246175212 0.0608491574903 
0.753362661818 0.698575482533 0.465716988355 0.0569524367998 
0.743585394207 0.710179506285 0.47345300419 0.0590130741754 
0.730985033693 0.725990553049 0.483993702033 0.0631433999375 
0.720153192759 0.740361099252 0.493574066168 0.0663295402675 
0.697250626137 0.771983643817 0.514655762544 0.0726890547318 
0.676327059739 0.804287509381 0.536191672921 0.0786794679285 
0.524645923174 0.719302156839 0.479534771226 0.0990024498988 
0.457426498968 0.70587929944 0.470586199627 0.113532050649 
0.405318026544 0.713139744993 0.475426496662 0.126037367801 
0.317425159503 0.719178237179 0.479452158119 0.147137659765 
0.245408181463 0.737464714842 0.491643143228 0.167255250927 
0.176705620407 0.728923568166 0.485949045444 0.200765800028 
0.0872262660409 0.660511031195 0.440340687463 0.335170592103 
0.0490152900782 0.700905799866 0.467270533244 0.34268775258 
0.0212168968723 0.732756695215 0.488504463477 0.347735205836 
0.0173542335255 0.726154906726 0.484103271151 0.343589834053 
0.00491948001428 0.742913401506 0.495275601004 0.345687844515 
0.015296823232 0.754229109472 0.502819406315 0.303828778991 
0.0115897948914 0.758833283574 0.505888855716 0.304594155048 
0.00430138787798 0.776131088427 0.517420725618 0.309511371135 
0.0152341081878 0.76067919092 0.507119460613 0.306648932438 
0.0212074287963 0.7565635788 0.5043757192 0.30680474088 
0.0288536660354 0.752456528411 0.501637685607 0.307501722234 
0.0363731847074 0.751680947316 0.501120631544 0.309604136603 
0.0420339790426 0.753781996892 0.502521331261 0.312400263958 
0.0552113473428 0.743522651334 0.495681767556 0.312103227199 
0.0623712875904 0.746659251022 0.497772834014 0.315944902179 
0.0654971282249 0.752857804807 0.501905203205 0.319675441484 
0.0679983470842 0.763721490318 0.509147660212 0.325429836825 
0.0666279379026 0.782367254415 0.52157816961 0.333679136913 
0.0723474637571 0.787329627992 0.524886418662 0.338513010756 
0.0822606986562 0.787380332415 0.52492022161 0.343001582872 
0.0952080075278 0.785902482694 0.523934988463 0.348644579241 
0.101494640481 0.794545302275 0.529696868184 0.356239637445 
0.114875066153 0.790504307006 0.527002871337 0.362701720679 
0.131397061785 0.7826039793 0.5217359862 0.368318723476 
0.142536856294 0.781161462256 0.52077430817 0.374683492364 
0.0803006284492 0.756014415923 0.504009610616 0.523598775598 
0.0879058498142 0.765494524544 0.510329683029 0.523598775598 
0.0881474145036 0.786482724103 0.524321816068 0.523598775598 
0.0852782942315 0.815309002078 0.543539334719 0.523598775598 
0.0836477039446 0.840650235133 0.560433490089 0.523598775598 
0.0886619585651 0.860321138168 0.573547425445 0.523598775598 
0.0727418163099 0.896696920539 0.597797947026 0.523598775598 
0.0760885759088 0.914736955823 0.609824637216 0.523598775598 
0.0533991454623 0.948846812401 0.632564541601 0.523598775598 
0.0317984587422 0.982528254339 0.655018836226 0.523598775598 
0.015046712303 1.0054585496 0.670305699732 0.523598775598 
4.33680868994e-18 1.04225127707 0.694834184716 0.523598775598 
-1.17893930271e-19 1.0734314094 0.7156209396 0.523598775598 
-4.10285418426e-22 1.08960226771 0.726401511806 0.523598775598 
2.13417466337e-22 1.11148121887 0.740987479247 0.523598097605 
-1.59608232435e-22 1.14814209544 0.765428063624 0.485820798428 
7.22039320096e-25 1.17962870823 0.786419138823 0.453784186411 
8.3224870998e-07 1.22109881764 0.814065878427 0.41133314448 
0.290784397724 1.286251314 0.857500876003 0.289455562528 
0.291685797202 1.31125251278 0.874168341851 0.282867733471 
0.290584411452 1.33323525506 0.888823503372 0.272362159827 
0.286430724708 1.36037441715 0.906916278098 0.261229876244 
0.217000172526 1.38436234389 0.922908229257 0.233121056609 
0.218163162992 1.40133084607 0.934220564044 0.223048544031 
0.174060666771 1.42221922627 0.948146150844 0.201913967406 
0.174270277436 1.43854444293 0.959029628619 0.194580717477 
0.171553683979 1.44349153453 0.962327689684 0.185000838643 
0.129885209879 1.45559510046 0.97039673364 0.16819399502 
0.1300468162 1.46289295805 0.975261972034 0.163133841616 
0.128714415738 1.47156884405 0.981045896034 0.156285468689 
0.096584083134 1.47897216483 0.985981443223 0.144561822932 
0.0967001605074 1.48338711791 0.98892474527 0.145155057263 
0.0966005929482 1.48810900686 0.992072671239 0.139869962973 
0.0966190887757 1.49079540064 0.993863600424 0.140242225112 
0.0965838485064 1.49151412061 0.994342747072 0.140283295549 
0.0964758269601 1.4894104658 0.992940310536 0.139889629473 
0.0964002330037 1.48826728611 0.992178190737 0.139647242736 
0.0963079748811 1.48719190106 0.991461267372 0.139548193741 
0.094526469529 1.48119544355 0.987463629034 0.144596310775 
0.0941716220168 1.47632043412 0.984213622746 0.149579026577 
0.0956345200347 1.47002365559 0.980015770392 0.155198573539 
0.127654606373 1.45770309927 0.971802066182 0.168454175947 
0.130463617802 1.4359272007 0.957284800464 0.179093683124 
0.184937035088 1.41072229147 0.940481527647 0.201103241454 
0.18952049461 1.38254964691 0.921699764604 0.214376933859 
0.240955819934 1.35475498553 0.903169990353 0.231132180878 
0.240117265016 1.32152116239 0.881014108259 0.221529519947 
0.307102866397 1.27789914299 0.851932761995 0.22713679584 
0.340654401509 1.2405996228 0.827066415203 0.197055646779 
0.394706119238 1.20222296621 0.801481977475 0.16532691935 
0.451716115206 1.16360583171 0.775737221139 0.140978321083 
0.498618524744 1.12668735311 0.751124902073 0.113821772241 
0.507370085631 1.09554569496 0.73036379664 0.0912390409797 
0.557649541159 1.07589557532 0.717263716882 0.0776624807254 
0.564396823875 1.04695045749 0.697966971662 0.0629642056273 
0.570619010612 1.02825293662 0.685501957747 0.0510617197079 
0.614119767027 1.01760279829 0.678401865527 0.0412100673429 
0.617327439185 1.00423501439 0.669490009595 0.0318870203781 
0.619495022015 0.995191558107 0.663461038738 0.0227766652638 
0.622911017869 0.981784787175 0.65452319145 0.0151012661644 
0.619821256933 0.991076077022 0.660717384681 0.012172122055 
0.618265790752 0.995193766848 0.663462511232 0.00734736781395 
0.61807792224 0.994133118459 0.662755412306 0.00342370941739 
0.617111657713 0.995343848611 0.663562565741 0.000556505602674 
0.61827770165 0.988846894176 0.659231262784 -0.0022337307542 
0.614641801928 0.998979193723 0.665986129148 -0.00239760165524 
0.616904464586 0.988248431207 0.658832287471 -0.00563816746979 
0.614986508244 0.991262654902 0.660841769935 -0.00644123024105 
0.614986508244 0.991262654902 0.660841769935 -0.00644123024105 
0.614986508244 0.991262654902 0.660841769935 -0.00644123024105 
0.615978215613 0.984165778948 0.656110519298 -0.00922122976586 
0.613616769459 0.987233075716 0.658155383811 -0.00901570256062 
0.613316939987 0.982993738994 0.655329159329 -0.00967574367528 
0.612315339541 0.978953041129 0.652635360752 -0.00997923705067 
0.611909300287 0.973158227169 0.648772151446 -0.0110855954209 
0.607370780164 0.980686792902 0.653791195268 -0.00989725550462 
0.603607113756 0.986045568512 0.657363712341 -0.00865425093551 
0.600205555807 0.989713929827 0.659809286552 -0.00812809210323 
0.600908862939 0.980005787583 0.653337191722 -0.009419390007 
0.596339396545 0.986710047543 0.657806698362 -0.00815330285126 
0.0108158390765 0.00693309783408 0.00462206522272 0.0177393267816 
0.00203253980969 0.0736919251299 0.0491279500866 0.0193493753659 
0.00018103932158 0.0976562539026 0.0651041692684 0.0198841157252 
-1.80649538596e-18 0.129536962089 0.086357974726 0.0201654912313 
0.00604964490459 0.0629398129656 0.0419598753104 0.0187420471889 
0.000872084260886 0.109089230357 0.0727261535714 0.0203506398517 
8.48428609858e-19 0.185391488113 0.123594325409 0.0256995973707 
-6.67046294355e-21 0.276418875136 0.184279250091 0.033760369828 
-4.24271148962e-21 0.206524600196 0.137683066797 0.0276275501438 
-6.12553791826e-21 0.23217321465 0.1547821431 0.0283152628363 
0.0199809874199 0.20815561392 0.13877040928 0.0271535096585 
0.0479001970482 0.220190467345 0.146793644897 0.0295113166173 
0.0876037075568 0.260310806385 0.17354053759 0.0423580792237 
0.158043781952 0.217764323446 0.145176215631 0.0601763423264 
0.234620508743 0.211624056148 0.141082704099 0.0593963896862 
0.327937335839 0.219981264829 0.146654176553 -0.0280025926137 
0.536579266782 0.485193450905 0.323462300603 -0.000255521329638 
0.761729486737 0.624670376732 0.416446917821 0.00450064902654 
0.769798525709 0.341037402122 0.227358268081 0.00869538801083 
0.842672222101 0.146569557294 0.0977130381963 0.0148382601537 
0.964581201298 0.11767039593 0.0784469306201 0.00761033619947 
1.06347898696 0.124753545529 0.0831690303529 0.00579680165738 
1.16985089214 0.236379943334 0.15758662889 0.00456676237156 
1.23713916049 0.265633546644 0.177089031096 0.00423160613195 
1.24928290115 0.18110292395 0.120735282633 0.00592313984867 
1.2877418836 0.175388580248 0.116925720165 0.00596686740148 
1.31579604561 0.147448975917 0.0982993172777 0.00639753036685 
1.32287442635 0.0324753050919 0.0216502033946 0.00851966462158 
1.34963842041 -1.3253943582e-17 -8.83596238801e-18 0.0101831787496 
1.37667136389 3.53737062007e-22 2.35824708005e-22 0.0143432276931 
1.4170407026 -1.28708750866e-22 -8.58058339109e-23 0.0128919994524 
1.44092313897 2.05256852798e-22 1.36837901865e-22 0.0140124032517 
1.4629872344 -5.5735822104e-22 -3.7157214736e-22 0.0143273288383 
1.47567210444 4.09725976258e-22 2.73150650839e-22 0.0155918119979 
1.49614412117 -7.43040642432e-22 -4.95360428288e-22 0.0140577535823 
1.50997233694 1.19538077704e-21 7.96920518025e-22 0.0134029984734 
1.51050680404 8.18606449573e-22 5.45737633049e-22 0.0149352624427 
1.51895329232 -6.77689757358e-23 -4.51793171572e-23 0.0132808343957 
1.51647973309 5.69682338681e-22 3.79788225787e-22 0.0150011398248 
1.52278670861 3.20236559732e-22 2.13491039822e-22 0.0133680515839 
1.5139426433 8.31445075549e-23 5.54296717032e-23 0.0150479199209 
1.50713309598 1.35126982872e-22 9.00846552483e-23 0.0163629823311 
1.50945036637 -1.98640801094e-22 -1.32427200729e-22 0.0156928364714 
1.50952312544 -2.78531531995e-22 -1.85687687996e-22 0.0149845947075 
1.5028152585 -2.67986303173e-22 -1.78657535448e-22 0.0162433739614 
1.5134967067 1.11071656134e-21 7.40477707561e-22 0.0131450504141 
1.50079961643 7.92265949493e-22 5.28177299662e-22 0.015696538919 
1.49959513605 -4.99529999713e-22 -3.33019999809e-22 0.0163813452052 
1.49729909705 4.58139029601e-22 3.05426019734e-22 0.0165264551844 
1.50872474593 1.21837783371e-22 8.12251889138e-23 0.0132402919215 
1.50752277647 3.2448310804e-22 2.16322072027e-22 0.0141464006569 
1.50945378814 5.93226722624e-22 3.95484481749e-22 0.013316439353 
1.51325242113 -1.13559273908e-21 -7.57061826052e-22 0.0127291863866 
1.50841363625 6.56751972623e-22 4.37834648415e-22 0.0134911001913 
1.50841363625 6.56751972623e-22 4.37834648415e-22 0.0134911001913 
1.50186042617 -1.56894964531e-22 -1.04596643021e-22 0.0139588857925 
1.51148719831 -3.19833304812e-22 -2.13222203208e-22 0.0104112155862 
1.50453101416 9.64047971053e-22 6.42698647369e-22 0.0102842160791 
1.47929176562 3.83831280501e-22 2.55887520334e-22 0.0124969986525 
1.41409687756 -6.21761435285e-22 -4.14507623523e-22 0.020256953151 
1.33199685668 6.534674681e-22 4.35644978734e-22 0.0260979034128 
1.2487021428 5.17343051735e-22 3.44895367823e-22 0.0315851942237 
1.17225745842 8.25800495659e-19 5.50533663773e-19 0.0330997024719 
1.06302887397 0.0125902721059 0.00839351473726 0.0380073471682 
0.941037558427 0.0328704372009 0.0219136248006 0.0424733817862 
0.816580997391 0.0588033781473 0.0392022520982 0.0444662535942 
0.757467284917 0.471722490537 0.314481660358 0.0291729819737 
0.758290040313 0.692256841732 0.461504561155 0.0201971633781 
0.704881667472 0.751762852842 0.501175235228 0.0130866404058 
0.474218864891 0.632009496309 0.421339664206 0.0130114070648 
0.366838284505 0.564933448011 0.376622298674 0.0145630441264 
0.31712029254 0.593955495337 0.395970330224 0.0149688168229 
0.266928414841 0.534629816591 0.356419877727 0.0156997405155 
0.248917638718 0.558820487715 0.37254699181 0.0161613880767 
0.221499967262 0.500981574676 0.333987716451 0.0177041320623 
0.203471090875 0.417309320013 0.278206213342 0.0234414324164 
0.207279299071 0.517296142274 0.34486409485 0.0160989024204 
0.19638583724 0.499828480225 0.333218986817 0.016129362122 
0.186721338864 0.458328475296 0.305552316864 0.0161970317253 
0.180946432793 0.407153611059 0.271435740706 0.0219598813152 
0.182661662761 0.400852832282 0.267235221522 0.0193149209788 
0.191905324812 0.394802104598 0.263201403066 0.0122633078764 
0.227013761248 0.541343948957 0.360895965971 0.00604374477785 
0.230564497145 0.504319226996 0.336212817997 -0.00189943381066 
0.195916110204 0.486391363335 0.32426090889 -0.00512804786866 
