0.0 0.0 0.0 0.0 
1.43454274657e-20 0.308662666625 0.205775111083 0.425534692642 
1.43454274657e-20 0.308662666625 0.205775111083 0.425534692642 
1.43454274657e-20 0.308662666625 0.205775111083 0.425534692642 
1.43454274657e-20 0.308662666625 0.205775111083 0.425534692642 
1.43454274657e-20 0.308662666625 0.205775111083 0.425534692642 
1.43454274657e-20 0.308662666625 0.205775111083 0.425534692642 
1.43454274657e-20 0.308662666625 0.205775111083 0.425534692642 
1.43454274657e-20 0.308662666625 0.205775111083 0.425534692642 
1.43454274657e-20 0.308662666625 0.205775111083 0.425534692642 
-1.6160518452e-20 0.328273417928 0.218848945286 0.417888455839 
2.01915246384e-21 0.362937632594 0.241958421729 0.405130908341 
-3.05965855952e-21 0.835085903605 0.556723935737 -0.194269917938 
1.66590157449e-20 0.830778592367 0.553852394911 -0.186701048468 
2.51946573014e-21 0.840972809993 0.560648539995 -0.162516705574 
-5.9029021116e-21 0.846379837746 0.564253225164 -0.146432998972 
1.57880555068e-21 0.857598715355 0.571732476903 -0.129215681482 
-6.72153754978e-21 0.856849738325 0.571233158883 -0.116876641513 
-9.39426063747e-22 0.852936858792 0.568624572528 -0.111586408842 
3.59100713213e-21 0.852347566548 0.568231711032 -0.0965700492892 
1.15811237519e-20 0.846192424872 0.564128283248 -0.0915589137067 
-1.22435384603e-21 0.856707960178 0.571138640119 -0.07880035747 
1.30055173599e-21 0.849007769016 0.566005179344 -0.0768221271753 
-2.71818459061e-21 0.85169988934 0.567799926227 -0.0740450007066 
-1.1745914329e-20 0.849449452412 0.566299634942 -0.0725257364369 
-6.18521829712e-21 0.842840758955 0.561893839303 -0.0736315122053 
4.04199569178e-21 0.846791842427 0.564527894951 -0.0754845471948 
-2.45232708461e-21 0.848352754356 0.565568502904 -0.0774680937718 
-1.26991921695e-20 0.850747647094 0.567165098063 -0.078201588765 
4.52080836281e-21 0.840418446099 0.560278964066 -0.0860933475152 
-4.81666109157e-21 0.835418851997 0.556945901331 -0.0892356559237 
-8.58900659349e-22 0.827601194848 0.551734129899 -0.0982710082876 
-8.58900659349e-22 0.827601194848 0.551734129899 -0.0982710082876 
-9.0683145013e-21 0.820567849437 0.547045232958 -0.109624998405 
-6.9733203394e-21 0.824970534503 0.549980356335 -0.11033496939 
-8.25143257404e-21 0.814740425385 0.54316028359 -0.111623455791 
3.92466880907e-21 0.80759797787 0.538398651914 -0.121966525168 
3.92466880907e-21 0.80759797787 0.538398651914 -0.121966525168 
3.92466880907e-21 0.80759797787 0.538398651914 -0.121966525168 
-4.03409678644e-21 0.793751560648 0.529167707099 -0.131420557609 
2.58110304404e-21 0.802983713917 0.535322475945 -0.133102066699 
-5.26117712161e-21 0.799381451534 0.532920967689 -0.131528647462 
-5.26117712161e-21 0.799381451534 0.532920967689 -0.131528647462 
7.92432241107e-21 0.788197470288 0.525464980192 -0.140949875272 
4.4830983724e-21 0.793196824444 0.528797882963 -0.142482522705 
2.85438763408e-22 0.771557540991 0.514371693994 -0.15148571035 
3.96589307589e-21 0.736839637929 0.491226425286 -0.166782181683 
5.20501554719e-22 0.688541974764 0.459027983176 -0.186748322571 
-9.96444335946e-19 0.623639211462 0.415759474308 -0.203471053874 
0.0303009249753 0.565105068332 0.376736712222 -0.187908480153 
0.082440666888 0.498694522913 0.332463015276 -0.12575365182 
0.135459690243 0.45382045414 0.302546969427 -0.0457790857395 
0.2121927244 0.433835806294 0.289223870862 0.00627145090348 
0.320900401972 0.43976771938 0.293178479587 0.0388265914648 
0.43616777338 0.438629468853 0.292419645902 0.0517950419 
0.555976649339 0.431950728357 0.287967152238 0.0601868281691 
0.666977119829 0.378825074677 0.252550049785 0.0728348602123 
0.778521808235 0.324594872855 0.216396581903 0.0768700694676 
0.888732709898 0.26924965453 0.179499769686 0.0730346967101 
0.96534549915 0.139346727106 0.0928978180707 0.0712666536866 
1.06011353244 0.101417003901 0.0676113359339 0.0603552352172 
1.14420661727 0.068256020124 0.045504013416 0.0497640560743 
1.2024604478 2.49577205536e-18 1.66384803691e-18 0.0434360532257 
1.26972916929 -1.0321797434e-22 -6.8811982893e-23 0.0351551908881 
1.33111430119 6.28735837659e-22 4.19157225106e-22 0.0267016087214 
1.3726702862 3.00418681399e-22 2.00279120933e-22 0.019893577579 
1.40710839545 -1.91607530113e-24 -1.27738353409e-24 0.0139125031897 
1.43279324687 4.379001405e-22 2.91933427e-22 0.0100236330871 
1.44952670166 -4.38717360167e-22 -2.92478240111e-22 0.00657271870593 
1.45681685563 5.79190231483e-22 3.86126820989e-22 0.00675105492896 
1.46567001737 9.01379258828e-22 6.00919505885e-22 0.00531309654751 
1.46682204565 2.43321873049e-21 1.62214582033e-21 0.00309749945202 
1.47175502946 -5.52484554218e-22 -3.68323036145e-22 0.00277476649454 
1.47571040844 1.93720840121e-21 1.29147226747e-21 0.0032105058313 
1.47991991207 -2.44632185949e-24 -1.63088123966e-24 -0.000225940088574 
1.49581781696 0.0287369177833 0.0191579451888 -0.00265649654954 
1.49295721832 0.038348242093 0.0255654947286 -0.000286966442754 
1.48711722437 0.0359198813308 0.0239465875539 -0.00121623281509 
1.48233441808 0.0294840663822 0.0196560442548 -0.00298130250831 
1.48025603652 0.0301823187362 0.0201215458242 -0.00290010671689 
1.47119144164 0.0208309712613 0.0138873141742 0.000642909083036 
1.45811533313 4.55190910629e-18 3.03460607086e-18 0.000684762582995 
1.46310835857 0.0129857215978 0.00865714773189 0.000780725544603 
1.45763309104 0.0143460010027 0.00956400066845 0.00319163285971 
1.44768141291 0.00884294123862 0.00589529415908 0.00404681072487 
1.44534266058 0.0168704837108 0.0112469891406 0.00740204370902 
1.43732577188 0.0125192652609 0.00834617684062 0.00755420947879 
1.43908032464 0.0260561448372 0.0173707632248 0.00764450631881 
1.43808826578 0.0367268273423 0.0244845515615 0.00837469565635 
1.43115757328 0.0621147285613 0.0414098190409 0.0132934705107 
1.40437725682 0.0585731728172 0.0390487818781 0.0147435904415 
1.37224769458 0.0668772332155 0.0445848221437 0.0157759165718 
1.31941682203 0.0816632223092 0.0544421482061 0.0170391808472 
1.27857931315 0.137577989647 0.0917186597649 0.0196087694706 
1.2239088538 0.157333269581 0.104888846388 0.0230324497783 
1.14666606397 0.184668986966 0.123112657978 0.0270153308831 
1.0726115462 0.214567588372 0.143045058914 0.0286270834428 
0.987380663088 0.249799482893 0.166532988595 0.0304777917667 
0.884078516493 0.295857520074 0.197238346716 0.025326725701 
0.721057114857 0.237392363819 0.158261575879 0.0280273058392 
0.514346981188 0.164033288588 0.109355525726 0.033690235175 
0.325328323114 0.049344909178 0.0328966061187 -0.126439235497 
0.242608907687 0.140939605757 0.0939597371714 -0.181389989438 
0.172667788526 0.198876074147 0.132584049431 -0.164701579136 
0.0674245141644 1.53223932688e-17 1.02149288459e-17 -0.010765794038 
0.0336226235169 4.47672857543e-21 2.98448571695e-21 -0.00207045148282 
0.0135328633575 -1.32300699149e-22 -8.82004660995e-23 0.00352559336476 
-1.73472347598e-18 -1.63925651249e-21 -1.09283767499e-21 0.00614693799804 
7.89118618868e-21 1.10584552516e-21 7.37230350109e-22 0.00976453863306 
3.08563340703e-21 -2.2590346998e-21 -1.5060231332e-21 0.0126635773236 
4.53610251024e-21 6.16257977033e-22 4.10838651355e-22 0.011420549382 
4.53610251024e-21 6.16257977033e-22 4.10838651355e-22 0.011420549382 
4.53610251024e-21 6.16257977033e-22 4.10838651355e-22 0.011420549382 
4.53610251024e-21 6.16257977033e-22 4.10838651355e-22 0.011420549382 
-3.27751595344e-21 -1.61860475957e-22 -1.07906983971e-22 0.00864660537613 
-3.27751595344e-21 -1.61860475957e-22 -1.07906983971e-22 0.00864660537613 
-3.27751595344e-21 -1.61860475957e-22 -1.07906983971e-22 0.00864660537613 
-6.42807665397e-21 -2.59158734517e-22 -1.72772489678e-22 0.00595760119217 
-1.29254805564e-20 -5.73797180863e-22 -3.82531453909e-22 0.00357349852318 
-5.27168837755e-21 1.12699050582e-21 7.51327003882e-22 0.00220074891064 
-1.07073201796e-20 3.52622132405e-21 2.35081421603e-21 -7.50022857967e-05 
0.00165007534304 1.29419119466e-21 8.62794129773e-22 -0.00215165661315 
0.00370601440296 1.41796406194e-21 9.45309374624e-22 -0.00429834836451 
0.0091811440417 1.3116623426e-21 8.74441561733e-22 -0.00552585054314 
0.00720674810331 -1.2574245628e-23 -8.38283041869e-24 -0.00776216883495 
0.00984230369852 5.26705537793e-22 3.51137025195e-22 -0.00833837091488 
0.0112663259408 0.00857936000363 0.00571957333575 -0.0104775332697 
0.0181375800173 0.0079932575294 0.00532883835293 -0.0111654201619 
0.0296294619359 0.0 0.0 -0.011776329789 
0.043971828293 0.0157618545904 0.0105079030602 -0.0155330280084 
0.0664108177906 0.0127518196431 0.00850121309541 -0.0187215950419 
0.102562709996 0.0214849657614 0.0143233105076 -0.0252378181616 
0.181297396219 0.070899659684 0.0472664397893 -0.0698911595276 
0.274284752446 0.0975107822856 0.0650071881904 -0.17786843382 
0.334879553708 0.0155159713678 0.0103439809119 -0.13290684953 
0.473868451064 0.191084115646 0.12738941043 0.0794825541379 
0.569795042698 0.17271749239 0.115144994927 0.0930965551418 
0.662993373867 0.146298651928 0.097532434619 0.0837195735273 
0.764766966117 0.118893902752 0.0792626018344 0.085329612117 
0.86255365394 0.0888161312024 0.0592107541349 0.0832790340212 
0.963518629926 0.0540661138747 0.0360440759164 0.0749512375011 
1.06894111613 0.0165870635006 0.0110580423338 0.0666525042269 
1.15683279954 -1.35448240941e-19 -9.02988272938e-20 0.0628484095221 
1.23685710409 -5.73174278086e-22 -3.82116185391e-22 0.0542080813034 
1.30458473764 8.75425712384e-22 5.8361714159e-22 0.0469475032887 
1.35733090549 7.67656747166e-22 5.11771164777e-22 0.0363057256618 
1.39002488608 8.00318687713e-22 5.33545791809e-22 0.0277109552429 
1.41632670898 1.54901608882e-21 1.03267739255e-21 0.0204633643766 
1.43653405472 1.60195200748e-21 1.06796800499e-21 0.0154786097375 
1.45124807699 3.66464500852e-22 2.44309667235e-22 0.0120493068221 
1.46121951553 -5.93111829138e-23 -3.95407886092e-23 0.00783044153335 
1.47174316677 2.86040015351e-22 1.90693343567e-22 0.00443339972114 
1.47717235052 2.20714556564e-22 1.4714303771e-22 0.00265798257415 
1.47795686725 1.95499398408e-22 1.30332932272e-22 0.00100439461976 
1.4781254808 -5.41466825469e-22 -3.60977883646e-22 -4.72561907023e-07 
1.47401805748 -3.62700733417e-23 -2.41800488945e-23 0.000618907675506 
1.47913283063 1.82940386146e-22 1.21960257431e-22 0.000190447005169 
1.47421581201 1.65982695661e-22 1.10655130441e-22 0.000469324136666 
1.48251353556 0.00994285660897 0.00662857107265 -0.00197061894904 
1.48590146297 0.0246082649983 0.0164055099989 -0.00265571175285 
1.47377245796 -2.21136376197e-19 -1.47424250798e-19 -0.00312524428317 
1.46871754975 4.82860135766e-20 3.21906757177e-20 -0.00157202736684 
1.46596694505 -3.23969695278e-23 -2.15979796852e-23 0.000166258412275 
1.47825112462 0.0206438706458 0.0137625804305 -0.00110327041996 
1.47359282946 0.021321694857 0.014214463238 0.00157884479633 
1.46566608825 0.00213039144052 0.00142026096034 0.000113160846978 
1.46477027006 0.00258770262466 0.00172513508311 0.00201639911285 
1.46812258346 0.0136510089851 0.00910067265675 -0.000511710486422 
1.47149944012 0.0330626975958 0.0220417983972 -0.000816038284404 
1.46202433137 0.019003446081 0.012668964054 -0.000386240883024 
1.45397902832 0.00777244934734 0.00518163289823 0.0016512801647 
1.46219523786 0.0303292661579 0.0202195107719 0.00249100118386 
1.44839753853 5.59534932921e-19 3.73023288614e-19 0.00286116820141 
1.45981298216 0.0266875486474 0.0177916990982 0.00133051355672 
1.4487292818 0.000449304542968 0.000299536361979 0.0007295394804 
1.4445468241 -5.9279848029e-21 -3.9519898686e-21 -0.000117338108274 
1.4371926978 2.08353199715e-23 1.38902133144e-23 0.00434528404645 
1.43784829007 -1.48252615918e-22 -9.88350772783e-23 0.00535944032865 
1.44580897429 0.00966938634719 0.00644625756479 0.00615770148526 
1.44316476548 0.0102158438544 0.00681056256962 0.00766237215864 
1.44481260871 0.0216957572951 0.0144638381968 0.00854897238542 
1.44038870219 0.0111600466124 0.00744003107493 0.00799550876095 
1.44038870219 0.0111600466124 0.00744003107493 0.00799550876095 
1.42915820376 0.0 0.0 0.00855977304015 
1.4254400204 0.000713075488255 0.000475383658837 0.00984176239263 
1.42544373997 0.000725698249287 0.000483798832858 0.0112901084645 
1.4133009342 -6.66773061464e-20 -4.44515374309e-20 0.0143882562436 
1.39734274319 6.53252080658e-19 4.35501387105e-19 0.0161076442378 
1.3685605289 0.00771194082904 0.00514129388603 0.018205636194 
1.34180612516 0.050630610937 0.0337537406247 0.0179304588096 
1.31403873834 0.131428840349 0.0876192268994 0.0187649162231 
1.28794270992 0.195434571619 0.130289714413 0.0183734428527 
1.20463051785 0.22790478989 0.151936526593 0.0205475159403 
1.1152957611 0.265039201837 0.176692801224 0.0243314641068 
1.02409283393 0.307190708954 0.204793805969 0.0253626405906 
0.867358081027 0.286537488278 0.191024992185 0.0280473723847 
0.677986553968 0.21119081214 0.14079387476 0.035935105274 
0.500330859702 0.17192812433 0.114618749553 0.0497994221542 
0.327964168805 0.0468700077651 0.0312466718434 -0.0946270485965 
0.224965459136 0.109787134434 0.073191422956 -0.106492852076 
0.124693394726 0.0563895794831 0.0375930529887 -0.0353434970983 
0.0575598055945 0.0453756745948 0.0302504497298 -0.0211641221514 
0.0141200523155 0.0341641601715 0.022776106781 -0.0145063949257 
-2.49891295639e-18 0.0440004221704 0.0293336147802 -0.0110892913261 
2.04075614181e-20 0.0679325215742 0.0452883477162 -0.00651261834638 
1.28925837439e-20 0.0700585593803 0.0467057062535 -0.00264778924075 
1.28925837439e-20 0.0700585593803 0.0467057062535 -0.00264778924075 
1.28925837439e-20 0.0700585593803 0.0467057062535 -0.00264778924075 
1.28925837439e-20 0.0700585593803 0.0467057062535 -0.00264778924075 
-1.04900565469e-20 0.0504110215496 0.0336073476998 -0.00418523110188 
-1.04900565469e-20 0.0504110215496 0.0336073476998 -0.00418523110188 
-6.71031629876e-21 0.0515608010496 0.0343738673664 -0.00802210026201 
-2.19495420454e-21 0.0781576450169 0.052105096678 -0.0100560125954 
1.44144507123e-20 0.0788533354537 0.0525688903025 -0.0128268477305 
3.88737439065e-21 0.0799533658754 0.053302243917 -0.0151027614503 
3.88737439065e-21 0.0799533658754 0.053302243917 -0.0151027614503 
-3.23610818441e-21 0.0966410042054 0.0644273361369 -0.0149536939964 
-3.23610818441e-21 0.0966410042054 0.0644273361369 -0.0149536939964 
-3.23610818441e-21 0.0966410042054 0.0644273361369 -0.0149536939964 
2.2824428285e-20 0.0638306250047 0.0425537500031 -0.0113196114071 
2.2824428285e-20 0.0638306250047 0.0425537500031 -0.0113196114071 
6.7255174171e-22 0.0716327454062 0.0477551636041 -0.0151564084489 
0.00259626065611 0.0978828213508 0.0652552142339 -0.0167822473147 
0.0122307537817 0.145913879782 0.0972759198545 -0.02115899376 
0.0221377104503 0.201082983507 0.134055322338 -0.0327386686697 
0.0483180170814 0.263741960921 0.175827973947 -0.0606369126648 
0.0776204144648 0.291543834506 0.194362556337 -0.0979926545504 
0.10030575486 0.287864473042 0.191909648695 -0.0972964770045 
0.138704977818 0.280438847356 0.186959231571 -0.095847017125 
0.183268329999 0.252643786722 0.168429191148 -0.0641289037967 
0.267979492838 0.388938716753 0.259292477836 0.0883275561955 
0.34314095414 0.368001583379 0.24533438892 0.0907106526262 
0.431092283992 0.340850504198 0.227233669465 0.0875625613032 
0.522732791164 0.314398593646 0.209599062431 0.0913323538622 
0.640875358432 0.275625021592 0.183750014395 0.0940173354127 
0.767237701643 0.229140779191 0.15276051946 0.0900353052488 
0.937648691955 0.160474005915 0.10698267061 0.0776507835242 
1.03988987153 0.00356334969336 0.00237556646224 0.0801763743531 
1.16801203177 -2.52855504076e-19 -1.68570336051e-19 0.0651385726898 
1.28114071477 2.91181428439e-23 1.94120952293e-23 0.0521847974531 
1.35322948364 2.03444020218e-22 1.35629346812e-22 0.0426807302526 
1.41369938598 -1.05191652563e-21 -7.01277683754e-22 0.0320941579141 
1.45323802625 8.19283474672e-23 5.46188983115e-23 0.0250975222288 
1.47957102625 -2.72682563154e-22 -1.81788375436e-22 0.0186228761657 
1.49726632196 1.56926684054e-21 1.04617789369e-21 0.0129499953826 
1.50767952869 7.47518678182e-22 4.98345785454e-22 0.00871227475651 
1.51315206358 -5.92825728637e-22 -3.95217152425e-22 0.00475516789318 
1.5153623359 2.02669066395e-22 1.3511271093e-22 0.00324483616414 
1.52732129868 0.00839500628043 0.00559667085362 0.000641246392207 
1.51915056277 -6.52810886895e-19 -4.3520725793e-19 0.000555398329013 
1.51707959775 4.1166392802e-22 2.7444261868e-22 0.00108473687441 
1.51461179239 3.16878551517e-22 2.11252367678e-22 0.00367683565007 
1.50914243672 -9.64752217115e-25 -6.43168144744e-25 0.0056234469408 
1.50635751959 8.53974651044e-22 5.69316434029e-22 0.0049420242828 
1.50338734319 -1.99749360661e-22 -1.3316624044e-22 0.00699179540043 
1.50144471491 5.37300295538e-22 3.58200197025e-22 0.00632058276334 
1.49544403917 -5.46514645345e-22 -3.64343096897e-22 0.00834627939873 
1.49548111212 2.75974283891e-22 1.83982855928e-22 0.00807423074814 
1.49038998534 3.88315571007e-22 2.58877047338e-22 0.0106820697122 
1.49068046314 -1.30440604377e-21 -8.69604029178e-22 0.00893520822222 
1.49386124932 5.12284802265e-22 3.4152320151e-22 0.00933731691457 
1.49289343044 4.19948982118e-22 2.79965988079e-22 0.0110715248238 
1.48887599733 2.0248418312e-22 1.34989455413e-22 0.0110306996144 
1.48809754662 -9.06838351755e-23 -6.0455890117e-23 0.00971118430173 
1.48683374092 5.82666119133e-22 3.88444079422e-22 0.0113811618546 
1.48336293517 1.29943038268e-21 8.66286921784e-22 0.0127977726238 
1.48980989805 1.59988269197e-22 1.06658846132e-22 0.011627970778 
1.47994255899 -2.09967829454e-22 -1.39978552969e-22 0.0125104797931 
1.47188966639 9.57752370177e-22 6.38501580118e-22 0.0152780389095 
1.46919320684 5.06254293197e-22 3.37502862131e-22 0.0167673575019 
1.4668873618 -5.91877770892e-22 -3.94585180595e-22 0.017718161405 
1.47309776156 7.8734593952e-22 5.24897293013e-22 0.0159075844479 
1.47131661808 -1.57850690498e-22 -1.05233793665e-22 0.0162492216739 
1.46862987157 5.60198334357e-22 3.73465556238e-22 0.0164164814289 
1.46229724217 7.76401140049e-22 5.17600760032e-22 0.0172197906915 
1.45950333043 -3.63010812146e-23 -2.42007208097e-23 0.0183999831609 
1.45450466409 5.87864604656e-23 3.91909736437e-23 0.0214506063438 
1.45114966073 1.26717473296e-22 8.44783155309e-23 0.022037224729 
1.44647755544 7.22286985788e-22 4.81524657192e-22 0.023518866481 
1.43088451166 1.1975082075e-21 7.98338804998e-22 0.0246579604146 
1.40997525789 3.53058362609e-22 2.35372241739e-22 0.0278242665683 
1.36137345247 5.5455175974e-18 3.6970117316e-18 0.0349438167345 
1.31484607649 -1.8620819721e-17 -1.2413879814e-17 0.037193127166 
1.27071001436 -6.61270497397e-18 -4.40846998265e-18 0.0378659225224 
1.22970870785 0.00936033688597 0.00624022459065 0.0432204092456 
1.20853096612 0.0183090277006 0.012206018467 0.0434282233061 
1.18502152873 0.0285276784477 0.0190184522985 0.043737765725 
1.1894569974 0.114694991539 0.0764633276927 0.0410525499414 
1.1809508832 0.119365474617 0.0795769830781 0.0394288554834 
1.16538447538 0.124331091146 0.0828873940971 0.0390234606523 
1.15366824068 0.127039979858 0.0846933199051 0.0378661863193 
1.15366824068 0.127039979858 0.0846933199051 0.0378661863193 
1.15834783938 0.124892572334 0.0832617148894 0.0359367488954 
1.15795324889 0.124796248896 0.083197499264 0.0375547910493 
1.15782191146 0.124191079813 0.0827940532085 0.0358115987171 
1.13384987632 0.0529275667452 0.0352850444968 0.0411592098388 
1.13478647608 0.0524274093856 0.0349516062571 0.0397859277818 
1.13950199434 0.051842418017 0.0345616120113 0.0427910794113 
1.14509906832 0.0522731613845 0.0348487742563 0.0438468909686 
1.14190410214 0.0540542892708 0.0360361928472 0.0474622984669 
1.1424587505 0.0544650533629 0.0363100355753 0.0492185683151 
1.17465732879 0.122390989612 0.0815939930746 0.0420368261631 
1.18147444408 0.121156558987 0.080771039325 0.0406616956623 
1.18040144882 0.121410142733 0.0809400951553 0.039422775712 
1.18426166565 0.121141326792 0.0807608845279 0.039469758794 
1.17812666845 0.121636240583 0.0810908270552 0.0395904076706 
1.17274112609 0.121898854612 0.0812659030748 0.0411088567031 
1.16910724395 0.122179687222 0.0814531248148 0.0417381964349 
1.16506491893 0.121351162871 0.0809007752471 0.0423085872102 
1.16526164923 0.1212043233 0.0808028822 0.0441165804447 
1.14399157788 0.0650796384594 0.0433864256396 0.0479926721616 
1.14848493853 0.0640697159972 0.0427131439981 0.0488284103691 
1.15278059551 0.0633341965295 0.0422227976863 0.0460720294784 
1.15263416882 0.0637065866397 0.0424710577598 0.0481741362443 
1.15068589026 0.0648654853047 0.0432436568698 0.0491772418872 
1.14421039606 0.0687705332298 0.0458470221532 0.0497256421417 
1.12307102329 0.0763014659898 0.0508676439932 0.0580016106011 
1.09375245982 0.0850896269491 0.0567264179661 0.070584169328 
1.06639551485 0.0954930245925 0.063662016395 0.0900220152148 
0.98557737741 0.133601920537 0.0890679470248 0.145355101496 
0.962079162882 0.321739121931 0.214492747954 0.162303737722 
0.904050189125 0.448654148374 0.299102765582 0.194183586941 
0.81372649006 0.551720913098 0.367813942065 0.232982522343 
0.744607537429 0.671401326746 0.447600884497 0.25631732054 
0.703660311593 0.776282190632 0.517521460422 0.266627633389 
0.595955955872 0.881643498634 0.587762332423 0.288261943441 
0.495938112742 0.977280977428 0.651520651619 0.298157394574 
0.410423583978 1.05788353029 0.705255686857 0.292219890716 
0.304756463571 1.14767954189 0.765119694592 0.263875399298 
0.204173588263 1.21865204986 0.812434699907 0.242646065303 
0.120668317532 1.27518779661 0.850125197741 0.215845615433 
0.0392473757178 1.32449806748 0.88299871165 0.184618618581 
2.1746677923e-18 1.36304543596 0.908696957303 0.155726023772 
5.28195967177e-22 1.3935318433 0.929021228868 0.133661625116 
-2.98482400472e-21 1.4163337673 0.944222511531 0.115796126241 
3.99779106518e-21 1.43123975691 0.95415983794 0.102717976439 
6.53835600011e-21 1.44425059922 0.962833732814 0.0907536578438 
-1.7034273311e-21 1.45484797154 0.96989864769 0.0812419583598 
9.59814587161e-22 1.463750252 0.975833501331 0.074280328302 
-2.60882923502e-21 1.46931568534 0.979543790223 0.0713975849096 
9.56449048399e-21 1.47274349654 0.981828997692 0.0681402998723 
-1.28865604077e-21 1.47249286455 0.981661909701 0.0657752323878 
1.66851195726e-21 1.47383158623 0.982554390822 0.0656702742597 
-2.06296838975e-21 1.47392346403 0.982615642689 0.0627338700624 
5.59010463913e-21 1.47255707821 0.981704718807 0.0626002956553 
6.92124265601e-21 1.471028585 0.980685723332 0.0624296489271 
-2.41659058781e-21 1.46957673766 0.979717825105 0.062272922396 
6.88522276506e-21 1.44719742766 0.964798285104 0.0739205650972 
1.88490710414e-21 1.40790315455 0.938602103032 0.0995934865016 
-1.65742941878e-23 1.36248661235 0.908324408231 0.13292602017 
0.109753095317 1.30423636316 0.869490908771 0.175943215307 
0.350810207147 1.14791987792 0.765279918616 0.243183305589 
0.531766729693 0.984367305323 0.656244870215 0.258266704274 
0.662433626954 0.830857826848 0.553905217899 0.237697479542 
0.733569101215 0.663972292086 0.442648194724 0.207515270912 
0.825999887703 0.530983363591 0.353988909061 0.163517072886 
0.912372255646 0.442682960139 0.295121973426 0.124674881152 
0.960163353855 0.39799723778 0.265331491854 0.0973557972728 
0.981362489371 0.375678967075 0.250452644717 0.0816377610675 
0.958957466499 0.315825539335 0.210550359556 0.0715928868045 
0.95103083215 0.321572983163 0.214381988775 0.0628179860904 
0.966034386262 0.377671629692 0.251781086461 0.051125419814 
0.954651304773 0.384391278684 0.256260852456 0.0449407056371 
0.946392574511 0.391413453071 0.260942302047 0.0445812741347 
0.952968832142 0.390529155732 0.260352770488 0.0413216177596 
0.974734043005 0.427549330027 0.285032886685 0.0393174630364 
0.975455541034 0.426948483635 0.284632322424 0.0377102172321 
0.981534200488 0.420978816264 0.280652544176 0.0369099646101 
0.960724233208 0.387226640994 0.258151093996 0.0394211363724 
0.964457671611 0.384060803701 0.256040535801 0.0380070660566 
0.969714426096 0.380277636844 0.253518424563 0.0382261106637 
0.972311647809 0.377703067734 0.251802045156 0.0397845463288 
0.974881159794 0.374768635665 0.24984575711 0.0395213768237 
0.982311895257 0.368781014868 0.245854009912 0.0366527348036 
0.961970799913 0.333426395623 0.222284263749 0.0373388015597 
0.962589637942 0.333093297072 0.222062198048 0.0393258546047 
0.965411291384 0.331754565264 0.221169710176 0.0389546050058 
0.967878624465 0.330349862956 0.22023324197 0.0352307991693 
0.967878624465 0.330349862956 0.22023324197 0.0352307991693 
0.968058965197 0.330439084711 0.220292723141 0.0373813895767 
0.968058965197 0.330439084711 0.220292723141 0.0373813895767 
0.977520682253 0.327639479945 0.218426319963 0.035010687249 
0.976544966285 0.328313900493 0.218875933662 0.0356238734124 
0.979205861322 0.32787909338 0.218586062254 0.0344884760361 
0.975587634847 0.329914634392 0.219943089595 0.0355510101586 
0.97237984944 0.331834313146 0.22122287543 0.038656255461 
0.971682463063 0.332119584813 0.221413056542 0.0402882961755 
0.971682463063 0.332119584813 0.221413056542 0.0402882961755 
0.966631548646 0.3331753264 0.222116884267 0.0442702618508 
0.9778572428 0.329335315136 0.219556876757 0.0451698233004 
0.961534370881 0.340311534616 0.226874356411 0.0551078184151 
0.939582576584 0.354392196692 0.236261464462 0.0682324217991 
0.903018754558 0.377390028684 0.251593352456 0.0845559478289 
0.853847672923 0.41684431581 0.27789621054 0.114544888971 
0.844086002563 0.550727794976 0.367151863317 0.135985914337 
0.792839964729 0.617249004215 0.411499336143 0.164934449319 
0.762748465458 0.6764956364 0.450997090933 0.183450684792 
0.729921135188 0.750174213906 0.500116142604 0.201009416834 
0.703261382695 0.821086633608 0.547391089072 0.21160752879 
0.635157639275 0.886097116483 0.590731410988 0.227529972028 
0.567788838876 0.968392171433 0.645594780956 0.232729058257 
0.486807975994 1.05151853243 0.701012354952 0.23057632138 
0.406908305932 1.12502905728 0.750019371523 0.216888256691 
0.317362256859 1.1973696559 0.798246437266 0.192183204667 
0.221460514228 1.26062904119 0.840419360795 0.161257996266 
0.129926488132 1.31346884641 0.875645897605 0.129549805752 
0.0535045878383 1.35147563836 0.900983758906 0.0973282611131 
-2.48259817749e-18 1.37929257774 0.919528385162 0.0715444528969 
-3.98939744374e-22 1.39868979013 0.932459860084 0.0536393872641 
-7.07791494298e-22 1.41637529161 0.944250194405 0.0389612809369 
4.36561471569e-21 1.42650895964 0.951005973091 0.0293245186269 
1.09105986141e-21 1.43580791174 0.957205274496 0.0216126396628 
2.53726917028e-21 1.44568003694 0.963786691291 0.0149707872718 
7.16042596662e-21 1.45433813565 0.969558757101 0.00911327195821 
5.29953419787e-21 1.45828212483 0.97218808322 0.00503372065367 
7.60932257646e-21 1.46279107402 0.975194049344 0.0018909037068 
3.5660355385e-21 1.46508505664 0.976723371092 -0.00146136819463 
2.21810411782e-21 1.46627402479 0.977516016529 -0.00555543651604 
3.44336575975e-21 1.46898585287 0.979323901911 -0.00572585624686 
-1.34213523064e-21 1.46802590871 0.97868393914 -0.00924852966107 
2.50985096356e-21 1.47052452103 0.980349680686 -0.0112649672754 
3.99594155761e-22 1.47127304462 0.980848696414 -0.0134921124093 
-4.23147867597e-21 1.47427606146 0.982850707641 -0.0134388052564 
-4.23147867597e-21 1.47427606146 0.982850707641 -0.0134388052564 
7.5375932944e-21 1.4738608835 0.982573922333 -0.0155680097954 
-9.67684527082e-22 1.47202135081 0.981347567205 -0.0155571986892 
5.05656837845e-21 1.47019477746 0.980129851638 -0.0156118075102 
3.0110540417e-21 1.46799015354 0.97866010236 -0.0157609058615 
-4.15160465108e-21 1.4688026604 0.979201773599 -0.0159923118015 
-6.44419636084e-21 1.46702368905 0.9780157927 -0.0197133561959 
2.70162956678e-21 1.46550840923 0.977005606152 -0.0197660046776 
1.0835502134e-20 1.46615086753 0.977433911687 -0.019818514161 
1.83360656077e-21 1.46832797785 0.978885318569 -0.0200549712717 
8.34291345214e-23 1.4691623881 0.979441592068 -0.0221768594479 
-1.76678060437e-23 1.4681888548 0.978792569869 -0.0222891412997 
-4.34609633983e-21 1.46865481966 0.979103213106 -0.0225285780722 
2.7970443176e-22 1.46611276798 0.977408511983 -0.0227177061759 
3.25873724532e-21 1.46530842051 0.976872280338 -0.0228759131057 
-8.12284601813e-22 1.46488088538 0.976587256921 -0.0231305755419 
-2.38904205045e-21 1.4651746847 0.976783123132 -0.0233512319048 
3.85676610503e-21 1.46236404621 0.974909364143 -0.0234235388305 
4.29808605007e-22 1.45736879166 0.971579194439 -0.0233183999111 
6.45372959477e-21 1.44037067349 0.960247115658 -0.0151061520234 
3.7479413167e-22 1.41086706856 0.940578045704 0.000747223940281 
0.0373338227582 1.36558338848 0.910388925655 0.0323413769867 
0.194424796652 1.29497368372 0.863315789146 0.0864348113202 
0.339939601797 1.21282813012 0.808552086747 0.132801848058 
0.471292860026 1.11874999099 0.745833327324 0.166226126796 
0.598640350314 1.00767426092 0.671782840616 0.179490474524 
0.715275374108 0.886823782735 0.591215855157 0.170093593341 
0.756627675407 0.763240423337 0.508826948892 0.154660807644 
0.858954261776 0.661985951318 0.441323967546 0.116649242332 
0.919109591811 0.570123591865 0.380082394577 0.0875287751889 
0.940852651544 0.470401236953 0.313600824635 0.0685664002314 
0.998230175374 0.429875279017 0.286583519345 0.0495841821059 
1.03082850304 0.409267771953 0.272845181302 0.0352751891694 
1.05699933294 0.39553217932 0.263688119547 0.0261087146272 
1.07857795593 0.384596956781 0.256397971187 0.0166993892091 
1.11214348471 0.406044187224 0.270696124816 0.0137391862117 
1.12176533848 0.399977817301 0.266651878201 0.0126384517777 
1.12989337842 0.394865289557 0.263243526372 0.0108933015142 
1.13811918413 0.39066341289 0.26044227526 0.00862465798442 
1.14224297404 0.389062291929 0.259374861286 0.0074266340005 
1.1426252694 0.38892095818 0.259280638787 0.00692762909686 
1.14753945454 0.386528885059 0.257685923373 0.00626257511527 
1.18434931892 0.429357396246 0.286238264164 0.00784506546809 
1.18426409405 0.429154374971 0.286102916647 0.00908120351642 
1.14374794834 0.37504138067 0.250027587114 0.00682289027704 
1.1692311657 0.406326401757 0.270884267838 0.00635365432787 
1.16920226478 0.406317942432 0.270878628288 0.00717903028995 
1.15490053961 0.380309645796 0.253539763864 0.00445427977169 
1.13552393178 0.359909053293 0.239939368862 0.00699958872841 
1.09513460826 0.309617413143 0.206411608762 0.00777340697325 
1.0919911198 0.311481822931 0.207654548621 0.00993650491044 
1.08812161068 0.313676650336 0.209117766891 0.0104076061363 
1.10996132682 0.350651338141 0.233767558761 0.00914221307272 
1.07682419915 0.324074815207 0.216049876804 0.0118366741043 
1.03860381911 0.343292876373 0.228861917582 0.0199164641864 
0.997558569339 0.365409523526 0.243606349018 0.0268946667449 
0.956382612598 0.38896079818 0.259307198787 0.0284448198829 
0.893095921454 0.425921780092 0.283947853395 0.0348921881186 
0.832824429298 0.462894486559 0.308596324373 0.0373789847486 
0.721086335514 0.445720274382 0.297146849588 0.0443624772365 
0.591812861494 0.423690758065 0.282460505377 0.0463187708893 
0.456698780387 0.369744302446 0.246496201631 0.0523709239663 
0.345075525607 0.329111826143 0.219407884095 0.0641603283686 
0.267159916908 0.316136359452 0.210757572968 0.0367954242415 
0.198273697798 0.218961269584 0.145974179723 -0.10201772381 
0.159112304889 0.262111488081 0.174740992054 -0.128616013982 
0.129368014624 0.278144928261 0.185429952174 -0.121171607533 
0.0715643669175 0.112641600093 0.075094400062 0.000498254046121 
0.0497537640476 0.105474482732 0.0703163218216 0.00787539121947 
0.0382158401182 0.0752517739711 0.0501678493141 0.0134985867609 
0.026676606997 0.0761107777293 0.0507405184862 0.0163371190616 
0.0137463989821 0.0940683308355 0.062712220557 0.0172519330279 
0.0100838583421 0.0943241234707 0.0628827489805 0.0181858118235 
0.0116505634505 0.0786443720894 0.0524295813929 0.0223199475889 
0.00786560554492 0.0905832216504 0.0603888144336 0.0209707150265 
0.0049904728809 0.0982763103368 0.0655175402245 0.0200915738209 
0.00892647586527 0.0898635049032 0.0599090032688 0.0204760989367 
0.0115553431322 0.064803193882 0.0432021292547 0.0225489846673 
0.016443567709 0.0490106228272 0.0326737485515 0.0247800613913 
0.0143539197793 0.066042784252 0.0440285228346 0.0221747969316 
0.0173076890007 0.0658370576407 0.0438913717605 0.022178757952 
0.0175091297477 0.0653832228808 0.0435888152539 0.0244537485384 
0.0221772313987 0.0486157206173 0.0324104804115 0.0248826674642 
0.0250055141815 0.0480684894208 0.0320456596139 0.0243452018793 
0.0260895390601 0.0476585442231 0.0317723628154 0.0247140257831 
0.0243783928405 0.0582553011765 0.038836867451 0.0248155136466 
0.0273700898485 0.0458547496781 0.0305698331187 0.0258692462341 
0.0272873427695 0.0373165467105 0.024877697807 0.0269315479279 
0.0293723057258 0.0374812469685 0.024987497979 0.0269121864949 
0.0282467912813 0.0552386204415 0.036825746961 0.0277493335445 
0.0294452772137 0.0558449038794 0.0372299359196 0.025961561163 
0.0314332196024 0.0786887254526 0.0524591503018 0.025068389295 
0.0364706814786 0.0783007312307 0.0522004874871 0.0243249241821 
0.0479322130905 0.0403144617036 0.0268763078024 0.0259733270984 
0.05890011831 0.0162969146253 0.0108646097502 0.0268847295754 
0.0662891123846 0.0147648387855 0.009843225857 0.0262110520208 
0.0651975496506 0.0148922184312 0.00992814562079 0.0252460561688 
0.0687385779987 0.0142997837759 0.00953318918395 0.024450065731 
0.0739231070132 0.0165661523298 0.0110441015532 0.0205121289105 
0.0821093546477 0.0288662758466 0.0192441838977 0.0192261247267 
0.0944265342937 0.0453290499897 0.0302193666598 0.0153863395061 
0.11857406725 0.0763990716075 0.050932714405 0.00464593468931 
0.161231755066 0.143319358842 0.0955462392281 -0.0338349085677 
0.223282379348 0.19716249137 0.131441660913 -0.102889161065 
0.322998628764 0.284184518257 0.189456345505 0.0445554150915 
0.416132810729 0.320227797574 0.213485198383 0.0669828656253 
0.521276123524 0.354298144308 0.236198762872 0.0692328750689 
0.637158927472 0.41248891348 0.274992608987 0.0776660458025 
0.729085454805 0.441824103076 0.294549402051 0.0966571854894 
0.766517724624 0.431791022872 0.287860681914 0.129305790056 
0.791801503138 0.516495095561 0.344330063707 0.158805405191 
0.756833135039 0.5657325797 0.377155053133 0.200019706009 
0.708985186835 0.649452826051 0.432968550701 0.237776419546 
0.653411257331 0.772113558645 0.51474237243 0.257678496908 
0.610034023286 0.901463233501 0.600975489001 0.266786131173 
0.473134524599 1.00973127065 0.673154180435 0.271110442077 
0.326556000509 1.15455483153 0.769703221022 0.233408706132 
0.154694971227 1.28024523908 0.853496826054 0.166240467683 
-3.12701452733e-18 1.37747585216 0.918317234776 0.0850623694991 
-2.30748922616e-21 1.45820801559 0.972138677062 0.0146969356021 
4.3810902584e-21 1.51253573871 1.00835715914 -0.0288991147628 
5.24085168253e-21 1.55031800152 1.03354533435 -0.0610880027477 
-5.80430119447e-22 1.57721399502 1.05147599668 -0.0891880233646 
-8.17829128507e-22 1.59561666985 1.06374444657 -0.111549216944 
0.791481996223 1.57060429138 1.04706952759 0.0505885728089 
0.834270996627 1.57954043439 1.05302695626 0.020502217214 
0.864459162708 1.58428047256 1.05618698171 0.00148268057472 
0.884285799743 1.58803202597 1.05868801731 -0.010247514752 
0.897533861771 1.58980152503 1.05986768335 -0.0196913518036 
0.905288710814 1.59118529385 1.0607901959 -0.025948083947 
0.910393623248 1.59229592597 1.06153061731 -0.0307503947461 
0.915371756564 1.5920746 1.06138306667 -0.0352765153686 
0.915504169884 1.59233881156 1.06155920771 -0.0353652648864 
0.91584548611 1.59388481503 1.06258987669 -0.0355603024703 
0.920068654366 1.59356772337 1.06237848225 -0.0396257062555 
0.920205308822 1.59446201187 1.06297467458 -0.0397146672978 
0.920077716638 1.59351458922 1.06234305948 -0.0396872978783 
0.919971139022 1.59273446981 1.06182297987 -0.0396913606234 
0.920045964429 1.59294734989 1.06196489993 -0.0398010596384 
0.92015799533 1.59329410501 1.06219607001 -0.0399158702142 
0.920113061024 1.59275759091 1.06183839394 -0.0399474949693 
0.920214940973 1.59353024856 1.06235349904 -0.0400212869632 
0.920046220727 1.59242479413 1.06161652942 -0.0399699927472 
0.920046220727 1.59242479413 1.06161652942 -0.0399699927472 
0.919943778533 1.59201984853 1.06134656569 -0.0399542991545 
0.919946128798 1.59235587056 1.06157058037 -0.0400018377474 
0.919780153354 1.59163614319 1.06109076213 -0.0399825230984 
0.919759897415 1.59193462669 1.06128975113 -0.0399890775665 
0.919759897415 1.59193462669 1.06128975113 -0.0399890775665 
0.913168473233 1.59284648572 1.06189765715 -0.0369339667081 
0.903356119658 1.59237098885 1.06158065924 -0.0326417037058 
0.886534950409 1.59237991255 1.06158660837 -0.023831913751 
0.860589510017 1.58968734567 1.05979156378 -0.00859096619155 
0.801077425905 1.5728132531 1.04854216873 0.035197679873 
0.692405539177 1.54791504843 1.03194336562 0.0487965346476 
8.13477147159e-15 1.53089326476 1.02059550984 -0.0885232375911 
2.78227197485e-21 1.45158167123 0.967721114156 -0.0405172444047 
0.0578393975481 1.35380777246 0.902538514974 0.0353668012721 
0.33409135835 1.20934693291 0.806231288605 0.126542546566 
0.507107501541 1.06029926037 0.706866173581 0.149695416028 
0.609722014785 0.933261629008 0.622174419338 0.138946300164 
0.641443807139 0.822701933774 0.548467955849 0.117837061895 
0.663843078474 0.766977278786 0.511318185858 0.0867864741784 
0.620814231633 0.721187072953 0.480791381968 0.0636419343901 
0.541382531275 0.65569468358 0.437129789054 0.047195996526 
0.394694052977 0.559874995903 0.373249997269 0.0370700668572 
0.29351728203 0.455731262864 0.30382084191 0.0323887842669 
0.228539303815 0.370314528969 0.246876352646 0.0230562263142 
0.189037856692 0.314858195902 0.209905463935 -0.0247252201677 
0.163922595993 0.279531211785 0.18635414119 -0.0497997965147 
0.134159406645 0.1926864642 0.1284576428 0.0101022570111 
0.123036151218 0.161635416764 0.107756944509 0.0209189325042 
0.110648293799 0.150817463559 0.100544975706 0.0231712745584 
0.107571412977 0.131181458011 0.0874543053408 0.0240646568681 
0.108145371623 0.103832478189 0.0692216521258 0.0256845717156 
0.104123426539 0.099166782606 0.066111188404 0.0287988012307 
0.100480856202 0.0900104623086 0.0600069748724 0.0251777430512 
0.101947599239 0.0898993503643 0.0599329002429 0.025591035318 
0.106477596785 0.0850353780533 0.0566902520356 0.0289893630524 
0.108641320442 0.0848078891462 0.0565385927641 0.0282969722913 
0.114105300461 0.0986849550771 0.0657899700514 0.021623000147 
0.136358390799 0.0643385608937 0.0428923739292 0.0192817812086 
0.16369572802 0.0817586594586 0.0545057729724 0.00640661223123 
0.253054191074 0.187856623826 0.125237749217 -0.162538867262 
0.295855356997 0.126755093798 0.084503395865 -0.102245379544 
0.38815132286 0.19183563536 0.127890423573 0.0313556589756 
0.490929015611 0.183472221134 0.122314814089 0.0689890796984 
0.618807201255 0.224180083344 0.149453388896 0.0648857407124 
0.728197476055 0.190233693314 0.126822462209 0.0717682745245 
0.841646117783 0.151891587673 0.101261058449 0.0806412310336 
0.929635357468 0.0456013676271 0.0304009117514 0.0905082168393 
1.02784371085 0.0104873047922 0.00699153652812 0.0868553541315 
1.13124809241 3.59596237626e-19 2.39730825084e-19 0.0750171832083 
1.23685710513 -1.9998178472e-22 -1.33321189813e-22 0.0627741651799 
1.32156761879 -1.91887042906e-21 -1.27924695271e-21 0.0503397420318 
1.3852855956 -5.80976459154e-22 -3.87317639436e-22 0.0403795047299 
1.42614366643 -1.55209449742e-21 -1.03472966495e-21 0.0343142048655 
1.45864063023 2.36236232727e-21 1.57490821818e-21 0.0321387130773 
1.47968319937 -1.79769075927e-22 -1.19846050618e-22 0.0286590844667 
1.50477626708 2.95223187016e-21 1.96815458011e-21 0.0258563927192 
1.52461771259 3.02330092254e-22 2.01553394836e-22 0.0223080511038 
1.53572624745 -6.45520254603e-22 -4.30346836402e-22 0.0219632758823 
1.54225853793 2.55776479837e-21 1.70517653225e-21 0.024719565406 
1.54370003729 2.80492927284e-21 1.86995284856e-21 0.0247168342889 
1.54214195174 2.19681819168e-23 1.46454546112e-23 0.0291593537825 
1.54612380235 -1.11383270316e-21 -7.4255513544e-22 0.0277905531603 
1.5395934224 4.15417429382e-22 2.76944952921e-22 0.0288376776963 
1.53256063731 -7.61617964139e-22 -5.07745309426e-22 0.0308176130875 
1.53233158748 2.05499745199e-21 1.36999830133e-21 0.0300839981895 
1.52786318399 1.65831111383e-21 1.10554074255e-21 0.0345000942294 
1.51661379187 9.19017239235e-22 6.1267815949e-22 0.0387453044903 
1.50843799013 -6.95837610171e-22 -4.63891740114e-22 0.0396902952589 
1.50037706381 6.19340749842e-22 4.12893833228e-22 0.0453187135018 
1.48293496115 8.32291605761e-22 5.54861070507e-22 0.0505726792653 
1.45327301186 2.1797676247e-21 1.45317841647e-21 0.0621739749924 
1.42057304065 -3.58021004574e-22 -2.38680669716e-22 0.0725058442326 
1.32052720759 2.99806241874e-18 1.99870827916e-18 0.106995428893 
1.20079095504 6.32625924011e-19 4.21750616008e-19 0.15750171427 
1.10120387897 0.164823464311 0.109882309541 0.189660347099 
0.971529551812 0.394668849542 0.263112566361 0.224053175397 
0.720404865847 0.788832820494 0.525888546996 0.258867591422 
0.541472212495 1.03232636583 0.688217577223 0.227986288403 
0.348305738412 1.19084653179 0.793897687861 0.166919654636 
0.11820855248 1.31636304971 0.877575366476 0.0812531602367 
4.14783501946e-18 1.39490774315 0.929938495431 -0.000123022778455 
2.03254736677e-21 1.44524976835 0.963499845569 -0.0379588482337 
7.01828690557e-21 1.47603101636 0.984020677576 -0.0621537201608 
1.9970712365e-21 1.49643706839 0.997624712263 -0.0803008957267 
5.6448856885e-21 1.50925885844 1.00617257229 -0.0946733738913 
3.20929151967e-21 1.51704359729 1.01136239819 -0.10511905353 
-4.28444249475e-21 1.52350272576 1.01566848384 -0.112958363083 
4.90358193676e-21 1.52906523987 1.01937682658 -0.118245145747 
1.22304082477e-21 1.53169586268 1.02113057512 -0.123378758651 
-8.09824352904e-22 1.53275266651 1.02183511101 -0.12739518355 
1.24540938589e-21 1.53461501555 1.02307667703 -0.127937242315 
-1.04423656461e-21 1.53444217775 1.02296145183 -0.132565772321 
5.63491871459e-22 1.53539914705 1.02359943136 -0.133008589067 
1.31772482597e-21 1.53473840581 1.0231589372 -0.13659127056 
1.15298633813e-21 1.53521680432 1.02347786954 -0.136776384176 
-2.1295376615e-21 1.53466626677 1.02311084451 -0.136848434826 
-4.08484862737e-22 1.53562541796 1.02375027864 -0.137181923353 
1.29641179432e-21 1.53618192325 1.02412128217 -0.137490635208 
1.29682532297e-21 1.53479839975 1.02319893317 -0.137624542331 
1.29682532297e-21 1.53479839975 1.02319893317 -0.137624542331 
-3.29021276201e-22 1.53397827839 1.02265218559 -0.142112509582 
-8.15300049444e-22 1.53449095649 1.02299397099 -0.142361391244 
-2.0378987727e-21 1.53350595617 1.02233730411 -0.142498922168 
-2.53566784609e-22 1.53279456862 1.02186304575 -0.142997938415 
-2.53566784609e-22 1.53279456862 1.02186304575 -0.142997938415 
7.7960086378e-22 1.53137506498 1.02091670999 -0.146907225344 
4.31099285578e-22 1.52995929912 1.01997286608 -0.146697114085 
1.00076828421e-21 1.52835227397 1.01890151598 -0.14641859442 
-2.28913174478e-22 1.52772441955 1.01848294637 -0.146261355459 
-2.28913174478e-22 1.52772441955 1.01848294637 -0.146261355459 
7.66340239014e-22 1.52683180761 1.01788787174 -0.14597946248 
-8.83884941951e-22 1.52417299379 1.0161153292 -0.145327185477 
1.01159926221e-21 1.51808551776 1.01205701184 -0.144169976241 
1.35503435705e-21 1.50261630673 1.00174420449 -0.141412248975 
2.43564237479e-21 1.48031221337 0.986874808911 -0.137626031824 
8.7880645391e-21 1.44609653212 0.964064354749 -0.128573825821 
-6.91424461246e-22 1.39243786355 0.928291909034 -0.120273076064 
0.0410451030444 1.32952730242 0.886351534946 -0.0956139895483 
0.24745385353 1.25872566381 0.839150442539 -0.0315143494602 
0.443820102703 1.1645684053 0.776378936864 0.0197884405113 
0.607417136091 1.05456876561 0.703045843743 0.0552275699045 
0.755731467631 0.912700516694 0.608467011129 0.0650729509403 
0.865644395902 0.765026233412 0.510017488941 0.058082266127 
0.939733068325 0.620007674854 0.413338449902 0.042305017936 
1.01737838229 0.527601611954 0.351734407969 0.0235825530988 
1.06696491914 0.479933965807 0.319955977204 0.0108136780054 
1.09465260689 0.457678861754 0.30511924117 -0.0012947471946 
1.1212067367 0.487994398958 0.325329599305 -0.00774102255254 
1.1063131697 0.501179330674 0.334119553782 -0.0107301181432 
1.06237102973 0.539076328618 0.359384219078 -0.0098913310579 
0.988265235254 0.610845055933 0.407230037289 -0.012518113944 
0.652336517331 0.374756799205 0.249837866137 -0.0402935252673 
0.482645170886 0.217728331026 0.145152220684 -0.0993054669922 
0.37025147289 0.210880818051 0.140587212034 -0.184594279295 
0.296398787872 0.259438282376 0.172958854917 -0.2509352553 
0.241004493367 0.306328203837 0.204218802558 -0.323736560396 
0.196549190863 0.358036735731 0.238691157154 -0.341947944513 
0.17452003974 0.377817428862 0.251878285908 -0.410387459814 
0.156685415206 0.400183885953 0.266789257302 -0.419118015588 
0.148709629329 0.408788981789 0.272525987859 -0.464464540446 
0.141343077756 0.418348359988 0.278898906659 -0.468167104371 
0.138491507033 0.423147579453 0.282098386302 -0.472033931039 
0.138491507033 0.423147579453 0.282098386302 -0.472033931039 
0.13452680465 0.42848514605 0.285656764033 -0.476243571689 
0.1298520997 0.433510455548 0.289006970365 -0.477664246079 
0.1298520997 0.433510455548 0.289006970365 -0.477664246079 
0.103828988087 0.45333324326 0.302222162173 -0.390148580712 
-2.97289607961e-19 0.227217004229 0.151478002819 0.0340174326205 
0.00591942742043 0.350470930451 0.233647286967 -0.0326044154354 
0.00128369468085 0.406558531589 0.271039021059 -0.105093200868 
1.51436056356e-18 0.386574156089 0.25771610406 -0.191324452071 
-1.26821547515e-21 0.325272266922 0.216848177948 -0.245135051711 
3.00931386102e-21 0.28592747829 0.19061831886 -0.290962432986 
1.78122065935e-21 0.248577223343 0.165718148896 -0.316728121396 
2.98673523492e-21 0.222688955633 0.148459303755 -0.332977707028 
-4.26166890513e-21 0.205866143124 0.137244095416 -0.34592382837 
-5.28676065648e-22 0.188740220098 0.125826813398 -0.35377297992 
-5.28676065648e-22 0.188740220098 0.125826813398 -0.35377297992 
5.23236419485e-21 0.172162445166 0.114774963444 -0.364634079994 
5.23236419485e-21 0.172162445166 0.114774963444 -0.364634079994 
5.23236419485e-21 0.172162445166 0.114774963444 -0.364634079994 
5.23236419485e-21 0.172162445166 0.114774963444 -0.364634079994 
5.23236419485e-21 0.172162445166 0.114774963444 -0.364634079994 
-4.01926472455e-21 0.153393728751 0.102262485834 -0.373647260515 
-4.01926472455e-21 0.153393728751 0.102262485834 -0.373647260515 
-4.01926472455e-21 0.153393728751 0.102262485834 -0.373647260515 
-4.01926472455e-21 0.153393728751 0.102262485834 -0.373647260515 
-4.01926472455e-21 0.153393728751 0.102262485834 -0.373647260515 
-4.01926472455e-21 0.153393728751 0.102262485834 -0.373647260515 
-4.01926472455e-21 0.153393728751 0.102262485834 -0.373647260515 
-4.01926472455e-21 0.153393728751 0.102262485834 -0.373647260515 
-4.01926472455e-21 0.153393728751 0.102262485834 -0.373647260515 
-4.01926472455e-21 0.153393728751 0.102262485834 -0.373647260515 
2.49042888384e-23 0.130539795843 0.0870265305621 -0.371149891234 
2.49042888384e-23 0.130539795843 0.0870265305621 -0.371149891234 
2.49042888384e-23 0.130539795843 0.0870265305621 -0.371149891234 
2.49042888384e-23 0.130539795843 0.0870265305621 -0.371149891234 
2.49042888384e-23 0.130539795843 0.0870265305621 -0.371149891234 
2.49042888384e-23 0.130539795843 0.0870265305621 -0.371149891234 
2.49042888384e-23 0.130539795843 0.0870265305621 -0.371149891234 
2.49042888384e-23 0.130539795843 0.0870265305621 -0.371149891234 
2.49042888384e-23 0.130539795843 0.0870265305621 -0.371149891234 
2.49042888384e-23 0.130539795843 0.0870265305621 -0.371149891234 
2.49042888384e-23 0.130539795843 0.0870265305621 -0.371149891234 
2.49042888384e-23 0.130539795843 0.0870265305621 -0.371149891234 
2.49042888384e-23 0.130539795843 0.0870265305621 -0.371149891234 
2.17767412866e-22 0.132265735585 0.0881771570566 -0.356575945931 
-1.09604521528e-21 0.144367053986 0.0962447026575 -0.336653932406 
2.93409054904e-22 0.171589837714 0.114393225142 -0.304697368364 
0.0119151150229 0.208512579399 0.139008386266 -0.264211641762 
0.0454656916451 0.255740921742 0.170493947828 -0.207882041585 
0.0745712850932 0.280761636308 0.187174424205 -0.142968689808 
0.0905909734569 0.287466641002 0.191644427335 -0.0869435068148 
0.075313853692 0.214555150524 0.143036767016 -0.00749256354371 
0.0636907444585 0.145705842983 0.097137228655 0.0286738569253 
0.0614715059984 0.0828514050491 0.0552342700327 0.045870336627 
0.0567507619161 0.0432003590726 0.0288002393818 0.0573218136758 
0.0538473526224 0.0191868815478 0.0127912543652 0.0643867894476 
0.0495918435503 0.017895874158 0.011930582772 0.0693902484763 
0.0455427347986 0.00220996342262 0.00147330894841 0.0708560682129 
0.0385279018065 0.00319723567583 0.00213149045056 0.0722596724478 
0.0436637257972 0.00158849466319 0.00105899644212 0.0745043241252 
0.0410153602791 0.00161617488136 0.00107744992091 0.0751877555288 
0.0401488885703 1.08420217249e-19 7.22801448324e-20 0.0775640365492 
0.0417165993864 2.15220592654e-22 1.43480395102e-22 0.0788165999559 
0.0417165993864 2.15220592654e-22 1.43480395102e-22 0.0788165999559 
0.0395345911858 2.59503437335e-22 1.73002291557e-22 0.079007923595 
0.035775237885 0.000239657949608 0.000159771966405 0.0790137541613 
0.0342009773843 0.000492459452982 0.000328306301988 0.0783207656084 
0.0330272499229 0.000920085965074 0.000613390643383 0.0778797673185 
0.0344177237892 0.00146462167097 0.000976414447316 0.0772319210868 
0.0327619720376 0.0322782672356 0.0215188448237 0.0786371487805 
0.0295612712556 0.0595450150571 0.0396966767047 0.0763120509146 
0.0264212822622 0.0986668883482 0.0657779255655 0.0659119664686 
0.0210587943798 0.234039325876 0.156026217251 0.0313023454888 
0.0325545325478 0.346976313424 0.231317542283 -0.0467363766585 
0.0213081034066 0.357894596853 0.238596397902 -0.127408903301 
0.00288931222734 0.338416857194 0.225611238129 -0.192984479179 
-2.95202117059e-18 0.319314229242 0.212876152828 -0.234316317372 
-8.08769733475e-22 0.297249187912 0.198166125275 -0.267121262469 
-3.14325519956e-21 0.282009293031 0.188006195354 -0.292996157269 
5.56555016706e-21 0.268205686017 0.178803790678 -0.310709776876 
7.12696349631e-21 0.25756048556 0.171706990373 -0.324900607341 
2.14727469265e-21 0.245695359273 0.163796906182 -0.335158707079 
2.14727469265e-21 0.245695359273 0.163796906182 -0.335158707079 
3.17205742611e-21 0.229050677576 0.152700451717 -0.346936939411 
3.17205742611e-21 0.229050677576 0.152700451717 -0.346936939411 
3.17205742611e-21 0.229050677576 0.152700451717 -0.346936939411 
3.24593617791e-22 0.213742453518 0.142494969012 -0.355958899671 
3.24593617791e-22 0.213742453518 0.142494969012 -0.355958899671 
3.24593617791e-22 0.213742453518 0.142494969012 -0.355958899671 
3.24593617791e-22 0.213742453518 0.142494969012 -0.355958899671 
3.24593617791e-22 0.213742453518 0.142494969012 -0.355958899671 
3.24593617791e-22 0.213742453518 0.142494969012 -0.355958899671 
3.24593617791e-22 0.213742453518 0.142494969012 -0.355958899671 
3.24593617791e-22 0.213742453518 0.142494969012 -0.355958899671 
3.24593617791e-22 0.213742453518 0.142494969012 -0.355958899671 
3.24593617791e-22 0.213742453518 0.142494969012 -0.355958899671 
-5.09479625125e-21 0.224482554686 0.149655036457 -0.340176194215 
-5.09479625125e-21 0.224482554686 0.149655036457 -0.340176194215 
8.68976534059e-21 0.242973187654 0.161982125102 -0.324384268086 
-2.14603613711e-21 0.260968479236 0.173978986157 -0.309550542968 
4.59976704253e-21 0.285025419748 0.190016946499 -0.289935597069 
-6.11231602535e-22 0.318899411139 0.212599607426 -0.266531063448 
1.94062751568e-22 0.360793392802 0.240528928534 -0.236889530033 
-1.38897097879e-21 0.402026830054 0.268017886703 -0.204726915978 
3.92747750473e-21 0.414489334174 0.276326222783 -0.137304685447 
-5.91700571871e-22 0.411346322298 0.274230881532 -0.0867680841984 
-2.66612272307e-22 0.399846283815 0.26656418921 -0.0294268413721 
1.54476289649e-20 0.347204536618 0.231469691078 0.0211970965903 
-7.15058905205e-21 0.320575570822 0.213717047215 0.0571316119675 
7.91383289114e-21 0.276881762497 0.184587841665 0.0713397239145 
1.51601227224e-20 0.264224917204 0.176149944803 0.0861160973079 
-7.86073673876e-21 0.259040456239 0.172693637493 0.0926505040272 
5.39973235517e-21 0.256410788528 0.170940525686 0.10074478177 
5.39973235517e-21 0.256410788528 0.170940525686 0.10074478177 
5.0660454321e-21 0.276644780206 0.184429853471 0.121688350274 
5.0660454321e-21 0.276644780206 0.184429853471 0.121688350274 
5.0660454321e-21 0.276644780206 0.184429853471 0.121688350274 
-2.53830283994e-21 0.302757879799 0.201838586533 0.131119775031 
1.1276166679e-20 0.316790386438 0.211193590959 0.123206272821 
4.29123330441e-21 0.333844953328 0.222563302218 0.113017312971 
0.0241624933823 0.394067233467 0.262711488978 0.105719321894 
0.130287710606 0.543980339505 0.36265355967 -0.00860679576775 
0.224157853388 0.597111886383 0.398074590922 0.0354904711505 
0.325353163709 0.633593574219 0.422395716146 0.0576103587039 
0.458475874099 0.649232473638 0.432821649092 0.068393163862 
0.572086134464 0.663305385813 0.442203590542 0.078286149462 
0.655468506136 0.667470703589 0.444980469059 0.0921623686434 
0.685839798268 0.642049173099 0.428032782066 0.114155051538 
0.713869136317 0.626547728395 0.417698485597 0.133699898991 
0.734360756323 0.623026949594 0.415351299729 0.150512243163 
0.773552103041 0.663859681095 0.44257312073 0.163801008543 
0.773299790056 0.672802940341 0.44853529356 0.187042041534 
0.758324440529 0.705958724369 0.470639149579 0.211315704523 
0.732758419945 0.762835885214 0.508557256809 0.237971270414 
0.65008578844 0.816837071563 0.544558047708 0.278239269727 
0.627767208208 0.890735117635 0.593823411757 0.293761092992 
0.504790557309 0.965824603661 0.643883069107 0.318318272908 
0.421879622645 1.04101727035 0.694011513565 0.323662217922 
0.35270961244 1.10531828866 0.736878859103 0.315248907751 
0.280476945239 1.16659698332 0.777731322211 0.300002761855 
0.231586688512 1.21114867877 0.807432452516 0.279869083342 
0.180836205314 1.2512459212 0.83416394747 0.257546336897 
0.139370270986 1.28111255075 0.854075033835 0.240364441898 
0.111888352015 1.30178105843 0.867854038955 0.225266858882 
0.10854763449 1.31632880959 0.877552539725 0.210692616662 
0.0812151569031 1.32671745761 0.884478305075 0.200167492546 
0.078572124465 1.33645355295 0.890969035302 0.19092086471 
0.0567829235908 1.34246291934 0.894975279559 0.184680308262 
0.0560436647594 1.34626208451 0.89750805634 0.179358080134 
0.0559488610156 1.34770263011 0.89846842007 0.179567919282 
0.0533533337943 1.35082399602 0.900549330681 0.174696848147 
0.0533533337943 1.35082399602 0.900549330681 0.174696848147 
0.0533149215672 1.34732731992 0.898218213282 0.174050565002 
0.0556409927994 1.34301058473 0.895340389817 0.178559608866 
0.0617707860959 1.3381172288 0.892078152532 0.183443768336 
0.068978403913 1.33280149996 0.888534333306 0.18756226049 
0.114315087011 1.31414416766 0.876096111774 0.197609335456 
0.175929332923 1.27829456017 0.852196373449 0.21835765722 
0.255910080782 1.22462176055 0.816414507037 0.244321871784 
0.373613213473 1.13399547621 0.755996984137 0.274493615943 
0.484394167983 1.03054988478 0.68703325652 0.287762611868 
0.587118583069 0.930292889981 0.620195259987 0.277439302528 
0.682101275316 0.828532048882 0.552354699255 0.249347240238 
0.725187079032 0.72059312491 0.480395416607 0.219074942548 
0.779710305397 0.631752700448 0.421168466965 0.178413182208 
0.820966856434 0.580065218875 0.386710145916 0.134676462178 
0.822503257197 0.574464264138 0.382976176092 0.110495010483 
0.820741455634 0.580418015762 0.386945343841 0.0860565523522 
0.805309412204 0.598115025677 0.398743350451 0.0699971927121 
0.790900826488 0.615937488871 0.41062499258 0.0591159713861 
0.776392784817 0.631694436184 0.421129624123 0.0479189929369 
0.764693573581 0.645362071358 0.430241380906 0.0396087970274 
0.754097335919 0.65537553585 0.4369170239 0.0331252576629 
0.748350628703 0.659423510996 0.439615673998 0.0284745136139 
0.714654323413 0.641415059289 0.427610039526 0.0253708277297 
0.682493122705 0.634199321214 0.422799547476 0.0230046997142 
0.676447359212 0.638989676618 0.425993117745 0.0202809643272 
0.644165639942 0.619177401631 0.412784934421 0.0173320210489 
0.624080332322 0.63595149596 0.423967663974 0.0177214842208 
0.580715240691 0.623083656475 0.415389104316 0.0189820928676 
0.557373870655 0.621629572826 0.414419715217 0.0179136004337 
0.536627434802 0.61406126653 0.409374177687 0.0165597774004 
0.531449914172 0.617852540968 0.411901693979 0.0167356733943 
0.528218875103 0.619406302472 0.412937534981 0.0148919157735 
0.530049615458 0.615829113516 0.410552742344 0.0112818254982 
0.525394969776 0.618913187924 0.41260879195 0.0108417648271 
0.51884440606 0.623694232586 0.415796155057 0.0110129686816 
0.512440927689 0.627846195031 0.418564130021 0.0103407419645 
0.517675646131 0.620751932166 0.413834621444 0.00764732542403 
0.521733231067 0.616110641776 0.410740427851 0.00717213654758 
0.52186561091 0.615917054626 0.41061136975 0.00978919760883 
0.525931960001 0.613003170071 0.408668780048 0.013618950569 
0.524657925794 0.614855763641 0.409903842427 0.0188318355399 
0.535274762059 0.60756294206 0.405041961373 0.0199648813322 
0.565812231151 0.61618882252 0.410792548347 0.0245886777885 
0.588381005238 0.599989385556 0.399992923704 0.0330453160225 
0.631819777057 0.612144593387 0.408096395591 0.0402858225593 
0.656023658503 0.592720621091 0.395147080727 0.0483713478916 
0.696866441202 0.560810650086 0.373873766724 0.0557137036096 
0.750181183404 0.521280318728 0.347520212486 0.0641490052642 
0.80000139955 0.484650058676 0.323100039117 0.0710072477149 
0.874731105572 0.427716917946 0.285144611964 0.0763299297629 
0.890131718847 0.270213273329 0.18014218222 0.0945428860494 
0.970865328963 0.117779022715 0.0785193484769 0.103800684234 
1.06432646228 0.0790889063485 0.0527259375657 0.0894429030486 
1.1000099817 2.18805265423e-18 1.45870176949e-18 0.0936116404531 
1.13665418072 3.98712787833e-22 2.65808525222e-22 0.0893485383103 
1.16271729773 2.41352881878e-22 1.60901921252e-22 0.0883380729068 
1.17997350431 4.02447290688e-22 2.68298193792e-22 0.0833488873621 
1.19248215507 3.34223544836e-22 2.22815696558e-22 0.084535521255 
1.19103562742 4.55405518674e-22 3.03603679116e-22 0.0868522337924 
1.19103562742 4.55405518674e-22 3.03603679116e-22 0.0868522337924 
1.18087156958 7.59893870576e-23 5.06595913717e-23 0.0886708865831 
1.17383749266 -3.28517283216e-22 -2.19011522144e-22 0.0946282364925 
1.17329673692 -9.94905933162e-23 -6.63270622108e-23 0.0973639418094 
1.1589954013 -4.388467874e-22 -2.92564524933e-22 0.105969330795 
1.14219001509 6.32990668277e-20 4.21993778851e-20 0.114892081596 
1.12639943679 0.00467931951698 0.00311954634465 0.129835266676 
1.09916771851 0.0175558499128 0.0117038999418 0.150062426973 
1.07558394877 0.095985824629 0.0639905497526 0.162057538192 
1.01294299622 0.13529207474 0.0901947164931 0.199623095443 
0.981061422135 0.286723498483 0.191148998989 0.204153149162 
0.912945539111 0.415444271436 0.276962847624 0.224428866249 
0.818091131281 0.51426199727 0.342841331514 0.252139525755 
0.749860985887 0.620508435621 0.413672290414 0.262433627328 
0.683691709216 0.763257540592 0.508838360394 0.258811109893 
0.662220239703 0.850517706571 0.567011804381 0.246166403233 
0.649936792234 0.914342488268 0.609561658845 0.24037535834 
0.637382699901 0.966608080128 0.644405386752 0.233284810729 
0.569725576023 1.00108852441 0.667392349607 0.231345838493 
0.564261460283 1.02868672303 0.685791148687 0.226374729617 
0.5272619683 1.0446159684 0.696410645602 0.223569128091 
0.522648148172 1.06207746967 0.708051646444 0.223474758872 
0.483915656542 1.07539380488 0.716929203252 0.224324924763 
0.483683029279 1.08009719211 0.720064794741 0.226093368953 
0.480725087129 1.0883837765 0.72558918433 0.222925040865 
0.47593738161 1.09608306656 0.730722044373 0.220138070056 
0.475207549553 1.09958889014 0.733059260092 0.221242674875 
0.474615406919 1.09813872623 0.732092484153 0.219202368452 
0.469209629436 1.10705186545 0.738034576964 0.214408211736 
0.469209629436 1.10705186545 0.738034576964 0.214408211736 
0.468391866625 1.11049939454 0.740332929692 0.215698526209 
0.461485973278 1.1131705613 0.742113707531 0.209656444845 
0.460825579822 1.11532478988 0.743549859921 0.210303328267 
0.456445654846 1.12016283497 0.746775223315 0.204075872428 
0.450509713196 1.12864486438 0.752429909589 0.198655522862 
0.443107707227 1.13390275555 0.755935170365 0.192894239074 
0.443107707227 1.13390275555 0.755935170365 0.192894239074 
0.438303588452 1.14127519721 0.760850131472 0.186291243847 
0.437410118207 1.14521960282 0.763479735216 0.18811781664 
0.412995095754 1.14554177018 0.763694513456 0.181508480591 
0.412995095754 1.14554177018 0.763694513456 0.181508480591 
0.413865421563 1.14787379069 0.765249193794 0.174195696545 
0.413842712886 1.15133302202 0.767555348015 0.169987142785 
0.4135969672 1.1552413 0.770160866664 0.170640283121 
0.412886044253 1.15788529693 0.771923531286 0.163870445933 
0.412886044253 1.15788529693 0.771923531286 0.163870445933 
0.412780501686 1.15622240513 0.770814936754 0.162592953417 
0.412761933523 1.15517129455 0.770114196367 0.161874984004 
0.412801986519 1.15425904666 0.769506031107 0.161207469695 
0.413224518181 1.14888315418 0.765922102787 0.159315458796 
0.418038650593 1.14083776735 0.760558511566 0.163179858021 
0.451534254187 1.12979443928 0.753196292854 0.166292022624 
0.455451686838 1.11122265063 0.740815100418 0.172703387104 
0.517560855032 1.07867676623 0.719117844154 0.180849160758 
0.583380658323 1.0199422253 0.679961483534 0.190709586813 
0.653180322572 0.94768848328 0.631792322187 0.19978800883 
0.725740118686 0.863562758121 0.575708505414 0.199307620084 
0.767823956679 0.742590209773 0.495060139849 0.184775553978 
0.830666923728 0.634742323096 0.423161548731 0.164065608929 
0.890874098425 0.553919207845 0.369279471897 0.138714632438 
0.943494005553 0.492180269771 0.328120179847 0.113336365775 
0.941133254196 0.399536217115 0.266357478076 0.105973695812 
0.960066555605 0.382341887103 0.254894591402 0.0966149823372 
0.942364405627 0.388243715123 0.258829143415 0.0950661932001 
0.912334829026 0.404604075083 0.269736050055 0.0896487634114 
0.877208435773 0.427251190226 0.284834126817 0.0781582435657 
0.844651718362 0.5222820133 0.348188008867 0.0659600321165 
0.779123418563 0.575937264587 0.383958176391 0.055255852129 
0.668551436928 0.58599994822 0.390666632147 0.0497361809555 
0.565741775944 0.576242908191 0.384161938794 0.040651016796 
0.460604130637 0.544683596359 0.363122397573 0.0305756397299 
0.371548099426 0.512952158969 0.34196810598 0.0240751755418 
0.305128115231 0.483337358728 0.322224905818 0.0160828817655 
0.256968673434 0.458387973323 0.305591982215 0.00447926812573 
0.212691349015 0.440144227392 0.293429484928 -0.00660211774946 
0.187574640489 0.41825725506 0.27883817004 -0.0297918208862 
0.169037620902 0.407591063826 0.271727375884 -0.0552851129283 
0.15922791536 0.398398256615 0.265598837743 -0.0820804212506 
0.148298851132 0.399033126696 0.266022084464 -0.0969913875126 
0.13993203104 0.399337247072 0.266224831381 -0.117096915186 
0.126719443623 0.413732348365 0.275821565577 -0.116705420356 
0.124452520325 0.406359757258 0.270906504839 -0.129681095433 
0.118076071174 0.408088415556 0.272058943704 -0.130490371253 
0.128097213705 0.409029412692 0.272686275128 -0.177981659192 
0.128578287083 0.401690816171 0.267793877447 -0.17868653581 
0.127657445935 0.401167946371 0.26744529758 -0.179052812139 
0.128007571777 0.396042206443 0.264028137629 -0.182076896083 
0.131576257295 0.392343683415 0.26156245561 -0.201411172048 
0.127734789987 0.392723719217 0.261815812812 -0.201600266974 
0.13396970728 0.383029405815 0.25535293721 -0.20651737293 
0.131605156999 0.383642440641 0.255761627094 -0.206778439129 
0.133549526757 0.38409196142 0.256061307613 -0.20713122363 
0.133549526757 0.38409196142 0.256061307613 -0.20713122363 
0.136394232406 0.383797289162 0.255864859441 -0.20742151641 
0.133264104818 0.384738246182 0.256492164122 -0.207913905398 
0.145996335906 0.377337493132 0.251558328754 -0.236230971781 
0.144514329092 0.378139634438 0.252093089626 -0.236086072902 
0.141720472351 0.387553533512 0.258369022341 -0.235621966427 
0.146723157729 0.382352278291 0.254901518861 -0.236623361948 
0.149044901549 0.382451147641 0.254967431761 -0.236890217343 
0.147464407257 0.383403693746 0.255602462497 -0.237097403053 
0.151523310251 0.383522530218 0.255681686812 -0.23694086922 
0.150407358262 0.376213413991 0.250808942661 -0.23313609288 
0.0953903095016 0.299835088384 0.199890058923 -0.0135897272053 
0.0876735295899 0.356008586134 0.237339057423 -0.0678035064042 
0.0424377543991 0.278511710069 0.185674473379 -0.195320313678 
0.0132047775724 0.249923787943 0.166615858629 -0.249558751343 
8.54374652228e-19 0.222691481424 0.148460987616 -0.288196123672 
2.32875261469e-22 0.199857774396 0.133238516264 -0.318430093026 
-1.46816837968e-21 0.181898310398 0.121265540265 -0.343735948058 
2.00199809479e-21 0.161136798756 0.107424532504 -0.361240812448 
1.9035263902e-21 0.145732287603 0.0971548584017 -0.372744612316 
1.9035263902e-21 0.145732287603 0.0971548584017 -0.372744612316 
8.41825969231e-22 0.122827574381 0.0818850495872 -0.386342537123 
8.41825969231e-22 0.122827574381 0.0818850495872 -0.386342537123 
8.41825969231e-22 0.122827574381 0.0818850495872 -0.386342537123 
-2.28505473812e-21 0.107514649494 0.071676432996 -0.39656809983 
-2.28505473812e-21 0.107514649494 0.071676432996 -0.39656809983 
-2.28505473812e-21 0.107514649494 0.071676432996 -0.39656809983 
-2.28505473812e-21 0.107514649494 0.071676432996 -0.39656809983 
-2.28505473812e-21 0.107514649494 0.071676432996 -0.39656809983 
-2.28505473812e-21 0.107514649494 0.071676432996 -0.39656809983 
-2.28505473812e-21 0.107514649494 0.071676432996 -0.39656809983 
-2.28505473812e-21 0.107514649494 0.071676432996 -0.39656809983 
3.11845818969e-22 0.0661330815794 0.0440887210529 -0.393619067012 
2.86533600336e-23 0.0372460117972 0.0248306745315 -0.383427686193 
0.0145986499354 0.00779716872715 0.00519811248476 -0.389176066419 
0.030185479577 8.67361737988e-19 5.78241158659e-19 -0.388080919553 
0.042194328527 8.47659973051e-23 5.65106648701e-23 -0.388420746434 
0.0656080870161 -3.07578983106e-22 -2.05052655404e-22 -0.385509877618 
0.0867799431681 8.35196613724e-22 5.56797742483e-22 -0.375459501914 
0.121923138965 -4.26279197209e-22 -2.84186131473e-22 -0.335602974826 
0.166980368251 -5.63749094842e-22 -3.75832729895e-22 -0.291904398411 
0.207060917581 5.33662149385e-22 3.55774766257e-22 -0.246583436542 
0.241521716519 1.60101575336e-22 1.06734383558e-22 -0.200940089366 
0.559850896058 0.597267951984 0.398178634656 0.224574147743 
0.578491408982 0.57824118446 0.385494122973 0.213808881963 
0.595857181931 0.56430948662 0.376206324414 0.203392198416 
0.632269526626 0.591532551844 0.394355034563 0.181383846785 
0.638688367135 0.582421151452 0.388280767635 0.173386004034 
0.645934797593 0.574126745571 0.382751163714 0.166230720894 
0.647110455167 0.571608900757 0.381072600505 0.159798247794 
0.662019213409 0.557903959339 0.371935972892 0.14744294642 
0.67106556158 0.551245125799 0.367496750533 0.136296662498 
0.711033005958 0.569395840062 0.379597226708 0.114727757866 
0.71948195653 0.559900768499 0.373267178999 0.105098397637 
0.727861432327 0.552315169537 0.368210113025 0.0957414179737 
0.728699121612 0.549904734766 0.366603156511 0.0870451535644 
0.736464928213 0.542121622299 0.361414414866 0.0800986963147 
0.744821536617 0.534287250036 0.356191500024 0.072081488807 
0.744873374801 0.534246422457 0.356164281638 0.0706377292635 
0.749156407669 0.531096000403 0.354064000269 0.065497271993 
0.755379297133 0.527855843194 0.351903895463 0.06256168159 
0.75635484688 0.527069239456 0.351379492971 0.0581039883034 
0.753213179493 0.530478495372 0.353652330248 0.0585527550294 
0.753344047476 0.530385422144 0.35359028143 0.0571781999571 
0.749969953767 0.533355465864 0.355570310576 0.055502886711 
0.757861714626 0.527777916495 0.35185194433 0.0517140642964 
0.751352379335 0.532903905566 0.355269270377 0.0525699533345 
0.751728595343 0.532334370341 0.354889580227 0.0490849368246 
0.757768905768 0.528692685603 0.352461790402 0.048229647886 
0.755923808829 0.530301104802 0.353534069868 0.0470060204458 
0.754097049594 0.531928560185 0.354619040123 0.0480252495734 
0.748564029947 0.535628154675 0.35708543645 0.0471604304011 
0.748564029947 0.535628154675 0.35708543645 0.0471604304011 
0.742999050598 0.538387000769 0.35892466718 0.0485320319109 
0.731725049308 0.546614336877 0.364409557918 0.0570395946405 
0.727428258769 0.549708618215 0.366472412144 0.0653236065732 
0.726265430652 0.551141236299 0.367427490866 0.0718828474791 
0.721130375383 0.554595985541 0.369730657027 0.0790004242159 
0.721728996298 0.554534239967 0.369689493311 0.0851756136064 
0.721063231759 0.555602888265 0.37040192551 0.0926908745805 
0.674712512329 0.5299588458 0.3533058972 0.115158199323 
0.663916543314 0.539259682673 0.359506455115 0.125942292217 
0.651897793097 0.548372476808 0.365581651205 0.136637660798 
0.632927180529 0.564245381987 0.376163587992 0.152141712216 
0.58732741363 0.542531074708 0.361687383139 0.182437591229 
0.572652080522 0.558122974443 0.372081982962 0.193997905735 
0.557663214975 0.571914562364 0.381276374909 0.20587745211 
0.489620828938 0.545251474264 0.363500982842 0.256339522741 
0.459123372401 0.57816318988 0.385442126587 0.272566639062 
0.410056476855 0.565540289162 0.377026859442 0.319591281285 
0.384679952216 0.593490888215 0.395660592143 0.328131799439 
0.353818466538 0.624203614017 0.416135742678 0.335544321205 
0.265293500655 0.622695110829 0.415130073886 0.408703508506 
0.219093927929 0.663020961855 0.44201397457 0.410052740845 
0.157983146521 0.676003878867 0.450669252578 0.463401040231 
0.130457424549 0.694294002403 0.462862668269 0.459157234972 
0.100302978144 0.720323712496 0.480215808331 0.4585122516 
0.0776535625125 0.741727418609 0.49448494574 0.459100954936 
0.0691894669852 0.743538855241 0.495692570161 0.458950748393 
0.0558903933522 0.755736128758 0.503824085839 0.459642954494 
0.0546186075983 0.753557123032 0.502371415355 0.459188501865 
0.0572476430798 0.748399368725 0.498932912483 0.462113119926 
0.04741443315 0.760026217387 0.506684144925 0.464853439155 
0.0558364302951 0.748440096621 0.498960064414 0.467531238284 
0.0634478844951 0.741794464911 0.494529643274 0.470854305787 
0.0653991648628 0.742666918745 0.495111279163 0.472195841269 
0.0726378665963 0.737831229392 0.491887486261 0.476804257173 
0.0749339100314 0.740306812023 0.493537874682 0.478712080244 
0.0816082934111 0.736882031197 0.491254687465 0.482372303988 
0.084473766467 0.740969004313 0.493979336208 0.484445054188 
0.0865209321215 0.744763355233 0.496508903489 0.486279399311 
0.0839092244571 0.751555479536 0.501036986357 0.48888443409 
0.0805664870558 0.760393236241 0.50692882416 0.493954107603 
0.0825202232169 0.762867653615 0.508578435744 0.496086711229 
0.085926317419 0.766886338052 0.511257558701 0.49905121888 
0.0893853558474 0.771419958952 0.514279972635 0.50218395525 
0.0925533194875 0.776542047936 0.517694698624 0.505405301631 
0.0961178605938 0.781420539767 0.520947026511 0.508691076356 
0.0999727063169 0.786362538864 0.524241692576 0.51180212783 
0.10344054679 0.792676690655 0.528451127103 0.514793673974 
0.0968063562285 0.811097409655 0.540731606437 0.516709166292 
0.0945263809448 0.82352729096 0.549018193973 0.519598245771 
0.097372702437 0.842362416628 0.561574944419 0.512970531412 
0.0830629856823 0.870158929581 0.580105953054 0.514196126928 
0.062120764609 0.893654408107 0.595769605405 0.523598775598 
0.0472192011581 0.919016858783 0.612677905855 0.523598775598 
0.0237221876512 0.951335584829 0.634223723219 0.523598775598 
8.67361737988e-19 0.979468666411 0.652979110941 0.523598775598 
-2.09691802216e-18 1.00635410122 0.670902734148 0.50569148256 
2.37056477265e-22 1.05064968986 0.700433126573 0.462598709848 
1.24581697963e-22 1.08612083448 0.724080556321 0.427109910636 
-1.65772824887e-22 1.12333915102 0.748892767345 0.394943676125 
-4.86665636091e-22 1.15815018023 0.772100120153 0.360183065957 
1.65981968537e-22 1.1838552891 0.789236859402 0.329505805591 
-1.68183882015e-22 1.20679307242 0.804528714948 0.302800098923 
-1.68167707242e-22 1.23220478672 0.821469857815 0.275226795977 
-4.63054649239e-22 1.2547168027 0.836477868469 0.250707229015 
6.2013637158e-22 1.28096009349 0.853973395662 0.227844300288 
-7.74904086875e-22 1.31050330174 0.873668867825 0.204496184146 
8.6994330497e-22 1.3350799057 0.890053270466 0.186158847457 
9.36117661046e-22 1.35676290576 0.904508603839 0.170801391909 
1.81561889992e-21 1.37784891796 0.918565945304 0.157162648596 
-2.40961407717e-21 1.39244273974 0.92829515983 0.146658446733 
7.23457407416e-21 1.40652886455 0.937685909699 0.137092103378 
-3.1523369467e-21 1.41844055001 0.945627033338 0.129240540246 
5.19390684377e-21 1.43026738486 0.953511589904 0.121463741329 
-2.03604426656e-21 1.43557526517 0.957050176777 0.115736980342 
-6.13168234739e-21 1.44233359305 0.961555728697 0.110734590015 
1.11154901869e-20 1.44853177547 0.965687850313 0.105769916851 
3.61922632531e-22 1.45483261144 0.969888407628 0.101644420959 
-3.00470298439e-21 1.45835373034 0.972235820225 0.101830745605 
2.40353484448e-22 1.46244745712 0.974964971415 0.0966144811529 
6.17392214277e-21 1.46552307937 0.977015386249 0.0967790486441 
2.20326988195e-21 1.46845386008 0.97896924005 0.0942360806037 
4.31774954044e-21 1.46940773153 0.979605154351 0.0943536825942 
1.83093779996e-21 1.46862622041 0.979084146943 0.0944421537324 
4.6254054668e-21 1.46819503542 0.978796690282 0.094689168627 
-5.48626043359e-21 1.46496526078 0.976643507187 0.0981088998606 
-1.68329662529e-21 1.46059329094 0.973728860625 0.0977856944578 
-6.1963027478e-22 1.45480829455 0.969872196368 0.101874927071 
-8.23530987871e-22 1.44870985724 0.965806571496 0.101307525864 
6.98636941514e-21 1.43919228471 0.959461523139 0.106577821369 
-1.69631907839e-21 1.42027760467 0.946851736444 0.112633174067 
1.76526765667e-21 1.39980796003 0.933205306689 0.117787204724 
-2.34695184422e-21 1.37545016245 0.916966774968 0.125176690276 
2.43791338335e-22 1.35055313555 0.900368757034 0.134116313893 
3.60113595259e-22 1.3157699557 0.877179970467 0.145389384099 
0.0290115663992 1.27209045304 0.848060302029 0.155320894367 
0.0901496713867 1.2247855553 0.816523703533 0.157788806514 
0.146708894475 1.17386562704 0.782577084694 0.153659422175 
0.19721743231 1.1229332745 0.748622183003 0.143914243017 
0.236887690275 1.07521942284 0.716812948563 0.131781214766 
0.246133187534 1.02970910318 0.686472735453 0.120281277868 
0.255542142913 0.989970374742 0.659980249828 0.107410611861 
0.265332548293 0.950606318172 0.633737545448 0.0948784659314 
0.242689016902 0.918065982182 0.612043988121 0.0889647602268 
0.222891640662 0.865507261208 0.577004840805 0.0780557274819 
0.19423193451 0.805594834482 0.537063222988 0.0658623895683 
0.153723763108 0.730591006206 0.487060670804 0.0558186529548 
0.119448039399 0.648960769571 0.432640513047 0.0415447098801 
0.0833022524176 0.57965944225 0.386439628167 0.0256838799668 
0.054868788636 0.487400192228 0.324933461485 -0.0381737824271 
0.0407382511049 0.435971890326 0.290647926884 -0.069931347362 
0.00860675515475 0.312165195619 0.208110130413 0.0193252556269 
3.69372319765e-20 0.243039128297 0.162026085531 0.0275804973815 
4.02342939097e-21 0.216270109732 0.144180073154 0.0358185214103 
5.47450144739e-21 0.152877458953 0.101918305969 0.0395843913068 
1.18685506328e-21 0.10688898155 0.0712593210335 0.0441894939694 
-4.42297806421e-21 0.08538771806 0.0569251453734 0.0470698325692 
-8.8915617109e-22 0.0642297999528 0.0428198666352 0.0488847646092 
6.36702344032e-21 0.0476842317952 0.0317894878635 0.0494237730008 
3.28802149468e-21 0.0387010783563 0.0258007189042 0.0497678285901 
3.28802149468e-21 0.0387010783563 0.0258007189042 0.0497678285901 
-1.76348093278e-21 0.0200256678117 0.0133504452078 0.0479279914373 
-3.34270657495e-21 0.00410466736237 0.00273644490825 0.0476335678678 
1.00003642422e-20 0.00458981566583 0.00305987711055 0.0465067436896 
9.99281786494e-21 0.0317387916241 0.0211591944161 0.0472746046675 
8.19373812566e-22 0.0485661756511 0.032377450434 0.0480219479157 
-1.27972662712e-21 0.0361238674501 0.0240825783001 0.0477382352712 
6.74859447948e-21 0.0523582637551 0.0349055091701 0.0484646466573 
8.10849287727e-22 0.0400273739537 0.0266849159692 0.0478896920469 
8.10849287727e-22 0.0400273739537 0.0266849159692 0.0478896920469 
8.10849287727e-22 0.0400273739537 0.0266849159692 0.0478896920469 
-7.65355223332e-22 0.080144985824 0.0534299905493 0.0487416689156 
-7.65355223332e-22 0.080144985824 0.0534299905493 0.0487416689156 
-3.51770949611e-21 0.0992150240697 0.0661433493798 0.0520774191389 
-1.26148041937e-21 0.125645816924 0.0837638779495 0.0556966345539 
-1.94248882165e-20 0.141758624622 0.094505749748 0.057373211907 
-1.94248882165e-20 0.141758624622 0.094505749748 0.057373211907 
-6.34145145503e-21 0.144801563648 0.0965343757654 0.0543013845048 
-7.76205966574e-22 0.147037328111 0.0980248854076 0.04438391241 
0.0210034493006 0.167996537008 0.111997691338 0.0395987957166 
0.0599675581228 0.185898938507 0.123932625671 0.0349641795071 
0.173788227911 0.331347622895 0.220898415263 -0.209093008675 
0.222095207112 0.28042778353 0.186951855686 -0.109435913561 
0.30540362646 0.304727034378 0.203151356252 -0.0149594633978 
0.442863569139 0.34716291778 0.231441945186 0.0228080872817 
0.586886784622 0.355474710751 0.236983140501 0.0373491708413 
0.72905338963 0.297291502376 0.198194334917 0.0506146997677 
0.85335437884 0.243222473886 0.162148315924 0.0452014494006 
0.963815819323 0.196227373681 0.130818249121 0.0311062753836 
1.08511737016 0.236289276364 0.157526184243 0.0173522128227 
1.1696837148 0.244567931923 0.163045287949 0.00982665121893 
1.23380035475 0.251288475706 0.167525650471 0.00484570169432 
1.2726248943 0.233346860727 0.155564573818 0.00200209392175 
1.30224713008 0.19729203304 0.131528022027 0.00106641488238 
1.33921013399 0.182971135006 0.121980756671 -0.00099513007037 
1.35175352823 0.106085118809 0.0707234125396 0.00157225521827 
1.3672171202 0.0432575695668 0.0288383797112 0.00528765718785 
1.38725731414 3.31002779652e-17 2.20668519768e-17 0.0134315583618 
1.42734261914 -4.70808681704e-22 -3.13872454469e-22 0.0147173071165 
1.45209506114 2.10813428066e-21 1.40542285377e-21 0.0183816311353 
1.47433325662 1.21594172492e-21 8.10627816612e-22 0.0228168762721 
1.49301132393 1.20061515678e-21 8.00410104519e-22 0.024574610775 
1.50785034217 1.07713428108e-21 7.18089520719e-22 0.0285713197279 
1.52189750552 -9.13444410788e-22 -6.08962940525e-22 0.025518021669 
1.52490596726 -4.77863333892e-22 -3.18575555928e-22 0.0277026512525 
1.53361000897 7.37237403347e-22 4.91491602231e-22 0.0260380611431 
1.53169505219 9.52690113181e-22 6.3512674212e-22 0.0270560291361 
1.53494474549 1.44920903336e-21 9.66139355571e-22 0.0265157781341 
1.53159777122 1.80791219423e-21 1.20527479616e-21 0.0259969006945 
1.5294090208 8.09425290726e-22 5.39616860484e-22 0.0243002017539 
1.52795234949 1.1933740195e-21 7.95582679668e-22 0.0266427251078 
1.52387192973 1.91462083325e-21 1.27641388883e-21 0.0289550511726 
1.51647986189 -2.38248936112e-21 -1.58832624075e-21 0.0316672259188 
1.51992524108 6.4524768867e-22 4.3016512578e-22 0.0315028335153 
1.51291503895 7.15354232383e-22 4.76902821588e-22 0.0321033472266 
1.51104430996 6.07230603427e-22 4.04820402285e-22 0.0326214302044 
1.50905356168 6.75847818283e-22 4.50565212189e-22 0.0333877924687 
1.51614103336 8.51359167841e-22 5.67572778561e-22 0.03334144232 
1.5162784425 -8.15125112594e-22 -5.43416741729e-22 0.034253428885 
1.51795935853 -1.92261527632e-22 -1.28174351754e-22 0.0335355333184 
1.51899332856 -1.26643851555e-21 -8.44292343702e-22 0.0357990569312 
1.51611949069 -8.41862776137e-22 -5.61241850758e-22 0.0373269917937 
1.51297443216 9.6251330314e-22 6.41675535427e-22 0.0396290588502 
1.50573842677 -1.49602181127e-21 -9.9734787418e-22 0.0411824808513 
1.50590775588 8.75918301632e-22 5.83945534422e-22 0.039883730626 
1.49641450122 -1.31114653434e-21 -8.74097689563e-22 0.0423364592905 
1.47250789636 -2.89162227613e-22 -1.92774818408e-22 0.051070586026 
1.41971181175 -1.30193730263e-21 -8.67958201756e-22 0.0660770074709 
1.34767120832 -1.40255172051e-19 -9.35034480343e-20 0.0769957595468 
1.26683967871 7.91630995609e-19 5.27753997073e-19 0.0925147104912 
1.17838343574 -1.81710704117e-17 -1.21140469412e-17 0.111509769105 
1.06499808854 0.0299369603614 0.0199579735743 0.129280648724 
0.942411786692 0.074532858594 0.049688572396 0.147116104045 
0.842069622731 0.223259055108 0.148839370072 0.135665977428 
0.687371802474 0.289318161533 0.192878774355 0.138851909986 
0.559375119863 0.340545409435 0.227030272957 0.131919667469 
0.457611345562 0.37929029375 0.252860195833 0.128633534587 
0.363454169968 0.373945458876 0.249296972584 0.147305172466 
0.309530177364 0.389719053328 0.259812702219 0.144810663219 
0.269523218552 0.392989556301 0.261993037534 0.136254494787 
0.244219344063 0.381571899526 0.254381266351 0.129240889916 
0.22439444589 0.383623253316 0.255748835544 0.127187797066 
0.212432238956 0.385275372552 0.256850248368 0.126241433252 
0.205357843745 0.376346041395 0.25089736093 0.120495592403 
0.19376250114 0.390067082851 0.260044721901 0.123235854731 
0.187565733059 0.391081869264 0.260721246176 0.122167637512 
0.182460591413 0.392448330191 0.261632220127 0.121007962934 
0.182460591413 0.392448330191 0.261632220127 0.121007962934 
0.185900027757 0.382219208925 0.25481280595 0.108849909023 
0.194909631977 0.38181769567 0.254545130447 0.109523473463 
0.201358393186 0.400627042194 0.267084694796 0.119062728745 
0.20402791171 0.415053075574 0.276702050383 0.122418642606 
0.169468710707 0.42128986374 0.28085990916 0.116946712999 
