0.0 0.0 0.0 0.0 
1.2157832927e-21 0.858437940305 0.572291960203 -0.180580338589 
1.2157832927e-21 0.858437940305 0.572291960203 -0.180580338589 
1.2157832927e-21 0.858437940305 0.572291960203 -0.180580338589 
1.2157832927e-21 0.858437940305 0.572291960203 -0.180580338589 
1.2157832927e-21 0.858437940305 0.572291960203 -0.180580338589 
3.99034985633e-21 0.848717950588 0.565811967059 -0.178586282197 
3.99034985633e-21 0.848717950588 0.565811967059 -0.178586282197 
3.99034985633e-21 0.848717950588 0.565811967059 -0.178586282197 
3.99034985633e-21 0.848717950588 0.565811967059 -0.178586282197 
3.99034985633e-21 0.848717950588 0.565811967059 -0.178586282197 
9.49806504382e-21 0.87489736184 0.583264907893 -0.150417555021 
1.04854331477e-20 0.894085629494 0.596057086329 -0.128243829233 
-9.28023549074e-21 0.888328004449 0.592218669632 -0.123323431673 
-3.55442419958e-21 0.894539825713 0.596359883809 -0.104923748994 
7.22097074409e-21 0.889433594527 0.592955729684 -0.100744681129 
6.8748228045e-21 0.896607340839 0.597738227226 -0.0864689238868 
2.95742555413e-21 0.889346954823 0.592897969882 -0.0823327875302 
-2.73260711217e-21 0.883250994417 0.588833996278 -0.0779101739504 
1.28700405373e-21 0.876018517821 0.584012345214 -0.066706285356 
-1.69037491093e-21 0.865165799881 0.576777199921 -0.0631541658192 
7.77480478322e-21 0.87681225634 0.584541504227 -0.0553700158327 
5.13872915258e-21 0.865629172535 0.577086115023 -0.0553432697913 
-6.74390245373e-21 0.869831246123 0.579887497415 -0.0547977752008 
3.72645088651e-21 0.869193143615 0.579462095744 -0.0506499278902 
3.72645088651e-21 0.869193143615 0.579462095744 -0.0506499278902 
6.49251020169e-21 0.8757590511 0.5838393674 -0.0522400356922 
8.69284802196e-22 0.878622538332 0.585748358888 -0.054366645976 
1.19696468067e-21 0.885198334973 0.590132223315 -0.054746556904 
8.66879529943e-21 0.873704320645 0.582469547097 -0.0553493769395 
-3.89001947246e-21 0.867370490321 0.578246993547 -0.0627905173157 
8.23422435343e-22 0.858286532433 0.572191021622 -0.064617731078 
6.81938064825e-21 0.854413212965 0.569608808644 -0.0710289975585 
6.81938064825e-21 0.854413212965 0.569608808644 -0.0710289975585 
6.81938064825e-21 0.854413212965 0.569608808644 -0.0710289975585 
-9.27448366569e-22 0.846139425127 0.564092950085 -0.0816937292816 
1.140154946e-20 0.838772014536 0.559181343024 -0.0834586186194 
1.140154946e-20 0.838772014536 0.559181343024 -0.0834586186194 
-4.39742156313e-21 0.844187211792 0.562791474528 -0.0847432751804 
3.24677429086e-21 0.82838591664 0.55225727776 -0.0838401954401 
5.51937947827e-21 0.845807206151 0.563871470767 -0.0888135974153 
2.60948803929e-21 0.839735672905 0.559823781937 -0.0875195925626 
2.60948803929e-21 0.839735672905 0.559823781937 -0.0875195925626 
-3.54362673617e-22 0.830904787023 0.553936524682 -0.088721128592 
6.84374287674e-21 0.843616286315 0.562410857543 -0.0931316600987 
7.49715083508e-21 0.819221358965 0.546147572644 -0.0890530176545 
2.11134095527e-21 0.771579549393 0.514386366262 -0.111412288304 
-1.82179210755e-20 0.709218153924 0.472812102616 -0.139530888583 
4.90170359142e-18 0.578703711589 0.385802474392 -0.236332977796 
-4.28234845937e-16 0.452932581679 0.301955054453 0.0135737581682 
0.0527590150348 0.329190430776 0.219460287184 0.0191235018666 
0.131176774229 0.361347382852 0.240898255235 0.0215832884509 
0.21182970232 0.31446051804 0.20964034536 0.0761268661525 
0.313756872195 0.30004340442 0.20002893628 0.0770893265025 
0.454067365939 0.404672540232 0.269781693488 0.0384861202466 
0.607516752037 0.484207573125 0.32280504875 0.0338677994436 
0.71264834276 0.433849449723 0.289232966482 0.0422829230639 
0.817748170338 0.384625556651 0.256417037767 0.0463936347081 
0.862209486852 0.160522653419 0.10701510228 0.0584255799802 
0.968191898207 0.128330571206 0.0855537141375 0.0492189626655 
1.03377449395 -1.43452763316e-17 -9.56351755438e-18 0.0482866282651 
1.1228552107 -1.70411170387e-22 -1.13607446925e-22 0.0367674576689 
1.19446516033 -6.55531453528e-23 -4.37020969019e-23 0.0333773646128 
1.25861103026 5.5182907796e-23 3.67886051973e-23 0.0284292412951 
1.31913236805 3.49440700574e-22 2.3296046705e-22 0.0213002618725 
1.35736691585 6.16376758125e-22 4.1091783875e-22 0.0186299723617 
1.39220767059 -7.93030217598e-22 -5.28686811732e-22 0.0144993612808 
1.42030707655 -7.54140655831e-22 -5.02760437221e-22 0.0114501874941 
1.43817679396 -5.15961348275e-22 -3.43974232183e-22 0.00962123512674 
1.44396389086 8.43877175561e-22 5.62584783707e-22 0.0107130937574 
1.45433160357 -5.06187444132e-22 -3.37458296088e-22 0.00763345069377 
1.45569790123 8.13293920514e-22 5.42195947009e-22 0.00585761512859 
1.46138783594 4.06901194286e-22 2.71267462857e-22 0.00597381138637 
1.46862417722 1.01218510312e-21 6.74790068745e-22 0.00340071733457 
1.47524655246 1.52069011052e-21 1.01379340701e-21 -0.000128774178567 
1.48802530867 2.07312773702e-22 1.38208515801e-22 -0.00250747771407 
1.48476688947 1.36536448364e-19 9.10242989092e-20 -0.00253074559955 
1.48095043075 3.38813178902e-21 2.25875452601e-21 -0.0044721750268 
1.47698641195 2.55560444232e-22 1.70373629488e-22 -0.00470176575192 
1.47696956126 5.66993426404e-22 3.77995617603e-22 -0.00503108938514 
1.47074716181 1.891310239e-22 1.26087349267e-22 -0.00216296399605 
1.46039315598 3.58908178283e-22 2.39272118855e-22 0.000511089958763 
1.4636965851 -9.32096860544e-22 -6.21397907029e-22 0.000206607810522 
1.45884311306 7.00548477321e-22 4.67032318214e-22 0.00293713203946 
1.45117764825 -1.44085694087e-21 -9.60571293911e-22 0.00184267433118 
1.448406474 1.08410896162e-21 7.22739307745e-22 0.00195236639388 
1.44082853126 -2.84434160085e-25 -1.8962277339e-25 0.00447446725704 
1.44086530089 2.15041163718e-22 1.43360775812e-22 0.00429917399573 
1.44012039209 -5.26262654934e-22 -3.50841769956e-22 0.00277223480506 
1.42841033544 5.8774060422e-22 3.9182706948e-22 0.00442623054612 
1.40226176825 -1.69751751965e-18 -1.13167834643e-18 0.00433968524542 
1.36668681157 1.40954927732e-18 9.39699518213e-19 0.0035887164305 
1.30680272896 1.60480626255e-17 1.0698708417e-17 0.00740250386999 
1.24978941945 3.29365342395e-18 2.1957689493e-18 0.00768404842081 
1.19183853276 0.0133985769652 0.00893238464345 0.0140020399955 
1.10758173937 0.0330072030878 0.0220048020585 0.0204636592137 
1.03051008958 0.0535678831298 0.0357119220865 0.0221290647855 
0.939685252606 0.0782840296249 0.0521893530832 0.0267617600159 
0.833238935638 0.10838215642 0.0722547709469 0.0261484301882 
0.71264665584 0.141197202467 0.0941314683116 0.0303617774826 
0.540992823797 0.184943086755 0.12329539117 0.0334085601694 
0.345971217038 0.0725435077028 0.0483623384685 0.02562681006 
0.228751713549 0.0665668325352 0.0443778883568 -0.0716523610168 
0.13694026164 0.0510828966477 0.0340552644318 -0.0275900447557 
0.0756969002219 0.0442547297424 0.0295031531616 -0.00996342565625 
0.0391681085238 0.00335762655138 0.00223841770092 -0.00103747247094 
0.0180958526473 2.67550368302e-18 1.78366912202e-18 0.00368452205068 
0.000482562658379 6.79021033629e-19 4.52680689086e-19 0.00390742077424 
1.5730908981e-19 4.10743156478e-22 2.73828770985e-22 0.00646224293988 
5.26910346894e-21 5.56760104487e-23 3.71173402991e-23 0.0108941128386 
1.79720912952e-20 2.83771061634e-22 1.89180707756e-22 0.00985314439476 
7.16205256424e-21 5.78402313419e-22 3.85601542279e-22 0.00831575144186 
7.16205256424e-21 5.78402313419e-22 3.85601542279e-22 0.00831575144186 
-1.27807479935e-20 9.5513149935e-22 6.367543329e-22 0.0100303145708 
-6.02320897183e-21 5.83365631172e-22 3.88910420781e-22 0.00890839729027 
-6.02320897183e-21 5.83365631172e-22 3.88910420781e-22 0.00890839729027 
-6.02320897183e-21 5.83365631172e-22 3.88910420781e-22 0.00890839729027 
3.97561987187e-21 -7.7176035116e-22 -5.14506900774e-22 0.00706333306562 
1.78599680864e-20 0.00537302539959 0.00358201693306 0.00348779726661 
1.15011704437e-21 0.00524456027226 0.00349637351484 0.0018919515354 
-8.63451407559e-20 -1.707096559e-19 -1.13806437267e-19 1.75001104533e-08 
0.00460066970647 0.00147266294132 0.000981775294213 -0.00188037302953 
0.0085722401577 0.0247141032507 0.0164760688338 -0.00381134217663 
0.0144671039629 0.00647261750628 0.00431507833752 -0.0021306727454 
0.0115448765356 0.0360010776626 0.0240007184418 -0.00421145507091 
0.013840194469 0.0250162517173 0.0166775011449 -0.0049381429759 
0.0175300453952 0.0411607842054 0.0274405228036 -0.00722868306859 
0.0244008428665 0.0252567031976 0.0168378021317 -0.00629559667969 
0.0388889743263 -1.18172906695e-20 -7.87819377966e-21 -0.0046207420288 
0.0512420114326 4.37855548261e-22 2.91903698841e-22 -0.00789881340896 
0.073492340917 -1.22779253131e-23 -8.1852835421e-24 -0.0128799333792 
0.111406526795 1.11949170896e-23 7.46327805973e-24 -0.0189737116431 
0.184704565087 -2.01103081823e-22 -1.34068721216e-22 -0.0331716942671 
0.267454504007 -2.17607988209e-22 -1.45071992139e-22 -0.0640668018327 
0.365898752321 6.81217265559e-22 4.54144843706e-22 -0.18701009524 
0.471476309443 0.0753205957196 0.0502137304797 0.108929261219 
0.56588508649 0.0596324619882 0.0397549746588 0.100458157931 
0.65492662249 0.0400640746426 0.0267093830951 0.08471134745 
0.752310791829 0.0216853743665 0.0144569162443 0.0790859732608 
0.845130796297 0.00107426203874 0.000716174692493 0.0721954445069 
0.947116809223 1.81209967054e-21 1.20806644703e-21 0.0575974542643 
1.05788104962 -7.58486968929e-23 -5.05657979286e-23 0.0453113462152 
1.14608919605 3.66216880877e-22 2.44144587251e-22 0.0402516739557 
1.22428697683 -1.58308368662e-22 -1.05538912442e-22 0.0316304410433 
1.29223516644 6.39094913129e-22 4.26063275419e-22 0.0273824269571 
1.34578521249 5.23709460156e-22 3.49139640104e-22 0.0206630216023 
1.37838491812 2.32759189099e-22 1.55172792733e-22 0.0152717331655 
1.40529991583 8.43147144599e-22 5.62098096399e-22 0.0125287698205 
1.42787953617 -1.3631232003e-21 -9.08748800201e-22 0.0093767250444 
1.44405045995 -7.89881304035e-22 -5.26587536023e-22 0.00779435680681 
1.45525774352 5.60310879213e-22 3.73540586142e-22 0.00356903876584 
1.46765464869 -1.42192079717e-21 -9.47947198112e-22 0.00275956105502 
1.47563218159 -7.52702263702e-23 -5.01801509135e-23 -0.00064179531988 
1.47568243407 9.83003795767e-22 6.55335863845e-22 5.72810176342e-05 
1.4773126839 6.4047974737e-22 4.26986498247e-22 -0.0015488516324 
1.4728790778 1.19764176508e-22 7.98427843384e-23 0.000491374081379 
1.4820264241 9.56351448976e-22 6.37567632651e-22 -0.00337042047058 
1.47670133722 3.43417852496e-22 2.28945234997e-22 -0.00253060191222 
1.48551339035 3.52246689207e-22 2.34831126138e-22 -0.0062740732459 
1.48750189222 6.73832265801e-23 4.49221510534e-23 -0.00762541254353 
1.47939065016 1.46530357531e-21 9.76869050207e-22 -0.00503824764399 
1.4738693561 3.02710671023e-22 2.01807114015e-22 -0.00319682633267 
1.47104230094 4.01816996141e-22 2.67877997427e-22 -0.00170764936855 
1.48159200885 7.94106484287e-22 5.29404322858e-22 -0.00518621044775 
1.47759726104 -8.93127064578e-23 -5.95418043052e-23 -0.00591119994068 
1.47354122824 3.8672443506e-22 2.5781629004e-22 -0.00662021625502 
1.47331091002 1.37975744592e-22 9.19838297282e-23 -0.00379703827043 
1.47458111667 -2.17915058308e-22 -1.45276705539e-22 -0.00664105542056 
1.47509269198 -3.51449203386e-22 -2.34299468924e-22 -0.00765114606064 
1.46926087618 -1.26010349162e-21 -8.40068994414e-22 -0.00731040615679 
1.46289646702 -4.03692279102e-24 -2.69128186068e-24 -0.00403781348153 
1.46747736967 -9.12031552882e-23 -6.08021035255e-23 -0.00415183922723 
1.45927893202 -3.07088562285e-22 -2.0472570819e-22 -0.00150442822004 
1.46497398142 -3.86072726668e-22 -2.57381817778e-22 -0.00278195663085 
1.45819045751 -2.93020248362e-22 -1.95346832242e-22 -0.000780392176439 
1.45176111139 1.37106487138e-21 9.14043247589e-22 -0.000318767792123 
1.44408157593 6.14195483922e-22 4.09463655948e-22 0.00320735575368 
1.44637889867 -7.4859826614e-22 -4.9906551076e-22 0.00186029339342 
1.45594358724 9.80930459984e-22 6.53953639989e-22 -0.00134696778633 
1.4531000624 6.60445829323e-22 4.40297219548e-22 -0.000558239993469 
1.45339324274 -7.33146701343e-22 -4.88764467562e-22 -0.00257489045602 
1.45116531358 -4.10402405944e-22 -2.73601603963e-22 -0.000254185062901 
1.45230622994 3.31287025036e-22 2.20858016691e-22 -0.0016701028137 
1.44243666123 -1.69882176313e-21 -1.13254784208e-21 0.00174881289595 
1.43831160617 1.11488491487e-21 7.43256609915e-22 0.0030756615668 
1.43904995736 1.01629130314e-22 6.77527535426e-23 0.00340070120576 
1.42547156868 -5.77890842727e-22 -3.85260561818e-22 0.00456449341497 
1.40979167682 -1.09767191852e-21 -7.31781279011e-22 0.0048712469769 
1.37982332235 2.00669477901e-20 1.33779651934e-20 0.00650097961633 
1.3398221063 -1.16361048575e-18 -7.75740323835e-19 0.00825311953744 
1.29058279284 -5.09690986453e-18 -3.39793990969e-18 0.00756469511029 
1.26140187232 0.0736151373391 0.0490767582261 0.00502729372834 
1.18897965613 0.157269598808 0.104846399205 0.00927023140601 
1.09405216077 0.183455808963 0.122303872642 0.0144571521437 
0.997456834266 0.213763981699 0.142509321132 0.0170902616558 
0.868072607939 0.256043629082 0.170695752721 0.0218170443297 
0.645358269939 -2.3407799226e-17 -1.5605199484e-17 0.0564496491529 
0.495027208889 0.0433479341123 0.0288986227415 0.0798698387621 
0.351211390724 2.3297841328e-19 1.55318942187e-19 -0.196471016434 
0.219741264534 0.0360597419572 0.0240398279714 -0.0644797950959 
0.127245888357 0.00851007347021 0.00567338231347 -0.0266603442565 
0.061220125594 0.0305860445706 0.0203906963804 -0.0173328236166 
0.0166691331327 0.0385644909485 0.0257096606323 -0.0120101171908 
-1.47153150481e-19 0.0403078420898 0.0268718947265 -0.00827863926564 
-1.07198282568e-20 0.0839723080792 0.0559815387195 -0.00318309083936 
-1.47458479369e-20 0.114104218792 0.0760694791945 -0.00091525161944 
1.87263993456e-21 0.112485936489 0.0749906243262 0.00305779764583 
1.87263993456e-21 0.112485936489 0.0749906243262 0.00305779764583 
-9.06161951529e-21 0.0736592646755 0.0491061764504 0.00118465752455 
-9.73700051925e-21 0.0425999655146 0.0283999770098 0.00245126672216 
-9.73700051925e-21 0.0425999655146 0.0283999770098 0.00245126672216 
8.24116835987e-22 0.0822252800624 0.0548168533749 0.00103435683455 
-2.06759268716e-21 0.12342702373 0.0822846824866 -0.000142025470828 
-2.06759268716e-21 0.12342702373 0.0822846824866 -0.000142025470828 
-2.06759268716e-21 0.12342702373 0.0822846824866 -0.000142025470828 
-1.36684008663e-21 0.095131680697 0.0634211204647 0.000249996462364 
5.08641239017e-21 0.124286038539 0.0828573590259 0.000682279535101 
5.08641239017e-21 0.124286038539 0.0828573590259 0.000682279535101 
5.08641239017e-21 0.124286038539 0.0828573590259 0.000682279535101 
-1.10956763457e-20 0.0830348071082 0.0553565380722 -0.0021605775361 
-1.10956763457e-20 0.0830348071082 0.0553565380722 -0.0021605775361 
3.03872168895e-21 0.0741524670756 0.0494349780504 -0.0052197766138 
0.0046067976393 0.112925431077 0.0752836207181 -0.00409480587323 
0.0151273840538 0.168381129938 0.112254086625 -0.0076882424943 
0.0248890439381 0.246076541804 0.164051027869 -0.015642805273 
0.0528889986628 0.303885043209 0.202590028806 -0.0348642224467 
0.0866423467373 0.334978262605 0.223318841736 -0.0823819167803 
0.112716219602 0.33125217674 0.220834784493 -0.0812273059472 
0.153260442685 0.325064551144 0.216709700763 -0.0787724834009 
0.218004093904 0.385730388575 0.257153592384 0.094072472332 
0.279725955083 0.366901406642 0.244600937761 0.0833685875049 
0.372280253404 0.40268114928 0.26845409952 0.0552923022134 
0.465384237075 0.37476947634 0.24984631756 0.0522880510844 
0.603713973253 0.465583006024 0.310388670682 0.0407520515585 
0.710534977164 0.416435134566 0.277623423044 0.0456602996214 
0.828483904048 0.361695656501 0.241130437667 0.0445082297533 
0.898956007596 1.31235986947e-18 8.74906579648e-19 0.0659921721351 
1.03780766837 4.85733120801e-23 3.23822080534e-23 0.0494334343899 
1.15701853041 -1.19382797422e-22 -7.95885316149e-23 0.0402021614162 
1.26688746743 2.0433901169e-22 1.36226007794e-22 0.0315528908956 
1.3348250339 7.10682576761e-22 4.73788384508e-22 0.024764059537 
1.39560555223 9.58412927749e-22 6.38941951833e-22 0.0195113515394 
1.43787712498 -3.01148260959e-22 -2.00765507306e-22 0.0148294112185 
1.46583085203 1.02720031912e-21 6.84800212748e-22 0.0116796392233 
1.48690555537 8.59730717656e-23 5.73153811771e-23 0.00772372917069 
1.50157595269 -5.28154698353e-22 -3.52103132235e-22 0.00453247612983 
1.50960136738 8.92731527838e-22 5.95154351892e-22 0.0012482145223 
1.51343127701 1.0352836327e-21 6.90189088467e-22 0.00132584712251 
1.52904132258 1.96574705771e-22 1.31049803847e-22 -0.00278352637636 
1.52017135029 1.36725475735e-21 9.1150317157e-22 -0.00040395794696 
1.52031366653 1.23511255613e-21 8.23408370752e-22 -0.00243236723307 
1.51934535494 -3.10116197939e-22 -2.06744131959e-22 -0.00163493576304 
1.51415491543 1.30806728988e-21 8.7204485992e-22 0.000140006585406 
1.51072675697 -1.02583917609e-22 -6.83892784059e-23 0.00103284951256 
1.50817322108 1.07806109332e-21 7.18707395548e-22 0.00167859361926 
1.50489385241 -2.34920761497e-22 -1.56613840998e-22 0.00195690094705 
1.49923070206 5.54528675285e-22 3.69685783524e-22 0.000347325933113 
1.49868239811 -1.36787424594e-22 -9.11916163963e-23 0.00332894605247 
1.4929445426 1.26494834104e-21 8.43298894025e-22 0.00545626105723 
1.49343676366 -4.88157585373e-22 -3.25438390249e-22 0.00364491883652 
1.50005473974 6.99778199642e-22 4.66518799761e-22 0.00265657697735 
1.49983902409 -6.62944601471e-23 -4.41963067647e-23 0.00411705265141 
1.49478197016 4.09534572807e-22 2.73023048538e-22 0.00297843336126 
1.49520557658 1.83724833881e-21 1.22483222588e-21 -0.000753277780599 
1.49507718849 4.65705339038e-22 3.10470226025e-22 0.000123902772791 
1.49020479249 1.60220655668e-21 1.06813770445e-21 0.00377292700452 
1.49990090693 3.09375651761e-22 2.06250434507e-22 -0.000343708667739 
1.48703280197 2.72350153543e-21 1.81566769029e-21 0.00129181549741 
1.47861978001 -5.94216235782e-22 -3.96144157188e-22 0.00378814456486 
1.4755586702 2.06734097557e-21 1.37822731705e-21 0.0055931966087 
1.47311379859 2.26659347396e-21 1.51106231598e-21 0.00581162955434 
1.48109360749 -9.03369576599e-22 -6.02246384399e-22 0.00418694035603 
1.47876584798 1.13368503754e-21 7.55790025026e-22 0.00567709007009 
1.47499162807 -1.45892522836e-23 -9.7261681891e-24 0.00783895223521 
1.46748080935 -4.53921994706e-22 -3.02614663138e-22 0.0083901830908 
1.46497515909 8.50373955874e-22 5.66915970583e-22 0.00670358342086 
1.45862376593 -1.5569280534e-21 -1.0379520356e-21 0.00911951439017 
1.45524809202 2.23937871254e-21 1.49291914169e-21 0.0082038039727 
1.45121753043 -2.08886961941e-22 -1.39257974627e-22 0.00776872992903 
1.4339386693 4.91939331292e-23 3.27959554195e-23 0.00891410516272 
1.41226749648 1.35159207371e-21 9.01061382473e-22 0.0111678743255 
1.36143996941 -2.49875849897e-20 -1.66583899931e-20 0.0175463689427 
1.31365723753 1.26247147522e-19 8.41647650149e-20 0.0192493197063 
1.27056926599 4.97203252411e-19 3.31468834941e-19 0.0183604122934 
1.22961949989 -1.20331535698e-18 -8.02210237985e-19 0.0213784407909 
1.21231454103 0.00139342675593 0.000928951170623 0.0164430685816 
1.18740404109 1.39304966587e-18 9.28699777248e-19 0.0153875468338 
1.16633272508 0.00355838968525 0.00237225979017 0.0159649959956 
1.16042660273 0.00433713019346 0.00289142012897 0.0119834433599 
1.13956757702 1.01888555506e-17 6.79257036708e-18 0.0135051816778 
1.125312531 -6.48140723799e-20 -4.32093815866e-20 0.0148895593888 
1.12606514573 3.59454664672e-24 2.39636443115e-24 0.0130894544232 
1.13177961828 2.6788734139e-22 1.78591560927e-22 0.0106073838542 
1.13130519885 1.71830576885e-22 1.14553717923e-22 0.0127412522134 
1.12731142622 9.75749006919e-24 6.50499337946e-24 0.0144088897759 
1.12606042346 5.91159824453e-22 3.94106549635e-22 0.0176150625592 
1.12606042346 5.91159824453e-22 3.94106549635e-22 0.0176150625592 
1.13148476593 3.30492807739e-22 2.20328538493e-22 0.0186050752149 
1.13763953206 2.91149184704e-22 1.94099456469e-22 0.0176132411786 
1.13354876491 1.39774527574e-22 9.31830183827e-23 0.0224432047267 
1.13562250011 2.10713185085e-23 1.40475456723e-23 0.0209557589097 
1.14762238346 -8.56390479978e-23 -5.70926986652e-23 0.0153548059883 
1.15754683333 -1.02030147769e-23 -6.80200985129e-24 0.0120050414223 
1.15411848022 1.76530686225e-22 1.1768712415e-22 0.0108223694779 
1.16141598623 -6.44576935961e-23 -4.29717957308e-23 0.00846519694015 
1.15052885975 -3.40143058721e-20 -2.26762039148e-20 0.011674467004 
1.14372578257 -1.74313552424e-22 -1.16209034949e-22 0.0155962380005 
1.13860693995 -3.90667560231e-23 -2.60445040154e-23 0.0169732886425 
1.13574880165 3.35797674884e-22 2.23865116589e-22 0.0191642497402 
1.13612993655 4.20710511173e-23 2.80473674115e-23 0.0202845566627 
1.13137914264 -4.73574265455e-22 -3.1571617697e-22 0.0238470729407 
1.13894950475 -2.92283279986e-22 -1.94855519991e-22 0.0243489615516 
1.14155911135 2.53710018114e-22 1.69140012076e-22 0.0237312545212 
1.14184879024 -4.21621326568e-23 -2.81080884379e-23 0.0253439397934 
1.14030082997 -1.64791095402e-22 -1.09860730268e-22 0.027185161709 
1.13713487547 2.43623743565e-22 1.62415829043e-22 0.0292605562193 
1.113123156 -2.16840434497e-19 -1.44560289665e-19 0.0372359085785 
1.0829573256 2.16840434497e-19 1.44560289665e-19 0.0530813516435 
1.0580147701 1.37015073967e-19 9.13433826448e-20 0.0685449306947 
0.987103080986 0.0114489749748 0.00763264998319 0.115413898389 
0.925695443912 0.032710847107 0.0218072314046 0.165380929636 
0.839878760682 0.0730146216374 0.048676414425 0.225718366867 
0.873001410102 0.586575374512 0.391050249674 0.165048323541 
0.843175666021 0.731300268973 0.487533512649 0.18342424492 
0.800896791722 0.824883962426 0.549922641617 0.206335788815 
0.765530487578 0.936240823718 0.624160549145 0.23745284782 
0.68232744303 1.01770677234 0.678471181562 0.270235440988 
0.630229037859 1.08508117607 0.723387450711 0.289723007572 
0.552106280813 1.16248099661 0.774987331074 0.281309785311 
0.485373759174 1.2256926664 0.81712844427 0.278694095378 
0.402718062447 1.27837359748 0.852249064987 0.268193015063 
0.313155874368 1.32704445827 0.88469630551 0.241646539128 
0.221748758584 1.36892739924 0.912618266158 0.211973210727 
0.131865565447 1.4029485622 0.935299041468 0.183580507383 
0.0490579936299 1.42882036342 0.952546908943 0.157550246781 
-4.14803119822e-18 1.44426639608 0.962844264052 0.138596186239 
-1.24749542119e-21 1.45725705369 0.971504702462 0.125184284589 
3.91095761447e-21 1.46830033929 0.978866892857 0.1144238156 
3.31637149686e-21 1.47812033777 0.985413558511 0.107182335718 
3.29052279564e-23 1.48410909758 0.989406065053 0.104441785688 
6.11680958337e-22 1.48795693489 0.991971289926 0.10087855889 
2.84892725078e-21 1.48821230238 0.99214153492 0.0984350425189 
-6.9471427451e-22 1.49026308921 0.993508726138 0.0984649781249 
3.09108097174e-21 1.48996058489 0.993307056595 0.0952625568348 
1.31346972451e-21 1.4880448391 0.992029892735 0.0951191853448 
-1.26857426191e-21 1.48634683329 0.990897888863 0.0949707973714 
-1.05619551933e-21 1.48505660253 0.990037735022 0.0948338038473 
7.81175849199e-22 1.46202216713 0.974681444751 0.106554748737 
0.0588996879335 1.4214732282 0.947648818798 0.139349071044 
0.205308766714 1.37288279974 0.915255199827 0.185529299799 
0.334492626774 1.31430262214 0.876201748095 0.229628678597 
0.530145549832 1.17590614733 0.783937431552 0.26697941922 
0.658638646489 1.03819534136 0.692130227571 0.241821844304 
0.755980588588 0.899376579803 0.599584386535 0.19675300191 
0.807055559453 0.736277429196 0.490851619464 0.153487827087 
0.891844700667 0.592324086737 0.394882724492 0.112183073575 
0.863746823041 0.221327029778 0.147551353185 0.112389081367 
0.913819694496 0.195920936187 0.130613957458 0.081837779323 
0.933719868185 0.181538905132 0.121025936754 0.0683083554947 
0.933888862979 0.178146488772 0.118764325848 0.0544264812271 
0.928623464982 0.17758819016 0.118392126773 0.0459177632783 
0.913248965018 0.179589606604 0.119726404403 0.0383696713599 
0.898737419379 0.182442561014 0.121628374009 0.0318812699029 
0.889199899681 0.185120197622 0.123413465081 0.0293215712488 
0.892672785335 0.184154536863 0.122769691242 0.0255334309884 
0.892672785335 0.184154536863 0.122769691242 0.0255334309884 
0.894697231649 0.183698776332 0.122465850888 0.0227197644508 
0.898298865683 0.182850596728 0.121900397818 0.0217206878237 
0.898382515455 0.182512420718 0.121674947145 0.019064174574 
0.900955642877 0.181438303694 0.12095886913 0.0187142105036 
0.906341763761 0.17978038805 0.119853592034 0.020558895782 
0.909753724997 0.178462941949 0.118975294632 0.0211289747697 
0.911339805148 0.177874740142 0.118583160095 0.0241503828156 
0.921808532206 0.173591865813 0.115727910542 0.0200294734397 
0.918919368327 0.173658279877 0.115772186585 0.0193521996571 
0.919574858062 0.173180683227 0.115453788818 0.0253063917651 
0.921578752254 0.171987058688 0.114658039125 0.0228256481133 
0.922932413287 0.170898084109 0.113932056073 0.0186041728079 
0.922902359416 0.170546014972 0.113697343315 0.0207639405504 
0.924975178371 0.169319444909 0.112879629939 0.020262574986 
0.924975178371 0.169319444909 0.112879629939 0.020262574986 
0.935453422624 0.16606718837 0.110711458913 0.0180288474484 
0.930670259964 0.166866781654 0.111244521102 0.0211527877193 
0.936131335566 0.164126287706 0.109417525138 0.0177197253886 
0.931105583092 0.164143421175 0.10942894745 0.0204193111366 
0.929546582885 0.164116809764 0.109411206509 0.023388756969 
0.926733399244 0.163782667447 0.109188444964 0.0246136142901 
0.897088797543 0.0289906687033 0.0193271124689 0.0308105609223 
0.889740824962 0.0316753911808 0.0211169274539 0.0390528886409 
0.906339164525 0.0274703001642 0.0183135334428 0.0336531718388 
0.89172788685 0.0329863666677 0.0219909111118 0.0504279159093 
0.871921868035 0.0405496910266 0.027033127351 0.0676246839389 
0.83455175785 0.0553208096764 0.0368805397843 0.0941251538766 
0.797183595474 0.0886827882931 0.0591218588621 0.140631170702 
0.84675500734 0.515335647825 0.34355709855 0.10538522066 
0.786226696261 0.571724297135 0.381149531423 0.134461501059 
0.831864864137 0.708806009279 0.472537339519 0.136412070682 
0.79239465382 0.781049150343 0.520699433562 0.158345103727 
0.767289010154 0.852839166656 0.568559444437 0.175798897308 
0.744705156844 0.92561973612 0.61707982408 0.195721289003 
0.68175777395 1.00147397408 0.667649316057 0.219165206828 
0.620140932743 1.07677198745 0.717847991635 0.238015157501 
0.559388116769 1.14108619089 0.76072412726 0.243201339417 
0.48917048325 1.20556461861 0.803709745741 0.23854145508 
0.40737753023 1.26545248404 0.843634989361 0.221126131918 
0.317863053693 1.31879397606 0.879195984037 0.197569839161 
0.23288759705 1.35729179711 0.90486119807 0.16723473147 
0.155118843968 1.38613516943 0.924090112954 0.14049176257 
0.0794196200672 1.40762503751 0.938416691673 0.114832283687 
-5.70363844218e-20 1.42656866494 0.951045776626 0.0898627675242 
9.47942689636e-22 1.43646857655 0.957645717701 0.0795147199268 
-5.86483606985e-22 1.44592549609 0.963950330728 0.0704377905912 
-2.27912083708e-22 1.45764785698 0.971765237985 0.0642466547503 
3.02450324997e-21 1.46731265349 0.978208435659 0.0580983413806 
6.00822593344e-21 1.47142397461 0.980949316406 0.0522629168113 
-1.8116073438e-22 1.4764850812 0.984323387468 0.0490366648402 
6.30276983523e-21 1.47968856347 0.986459042316 0.0464895884264 
6.98158804431e-22 1.480966964 0.987311309334 0.0421373690196 
-2.90359237354e-21 1.48398823756 0.989325491704 0.0421241840967 
5.29898402786e-21 1.4827652446 0.988510163066 0.0385119651397 
-1.00538535849e-21 1.48593896517 0.990625976779 0.0358573899055 
2.00411330761e-22 1.48745816363 0.991638775756 0.0357402506118 
8.39421267707e-22 1.49080734183 0.99387156122 0.0357066789534 
1.77399593572e-21 1.49123567282 0.994157115214 0.0333163618096 
1.83027006687e-21 1.49140915607 0.994272770712 0.0333001293503 
-4.97416099778e-22 1.48908557717 0.992723718116 0.0332444536861 
1.4677580912e-21 1.48660558402 0.991070389346 0.0331260457187 
1.19460837189e-21 1.4839198281 0.989279885398 0.0307213574394 
-2.69811481307e-22 1.48562342489 0.990415616593 0.0307964210955 
-4.02987285585e-22 1.48371288274 0.989141921825 0.0306112898766 
-3.67125157643e-21 1.48158905452 0.987726036348 0.0283499575046 
-4.96584030901e-22 1.48178721934 0.987858146225 0.0283568326799 
2.7951895137e-23 1.48459034748 0.989726898321 0.0283270002105 
2.9754031976e-21 1.4859647014 0.990643134269 0.0282768115831 
1.83730579453e-21 1.48511636031 0.990077573542 0.0280912941877 
2.51445651893e-21 1.48626664492 0.990844429948 0.0279452016736 
-1.14562651836e-21 1.48345923972 0.988972826479 0.0248424097492 
-1.49149147396e-21 1.48225748171 0.98817165447 0.0247994442214 
7.0229479317e-22 1.48165462227 0.987769748178 0.0247243959146 
7.0229479317e-22 1.48165462227 0.987769748178 0.0247243959146 
2.91955219906e-21 1.47897343101 0.985982287338 0.0247414131413 
5.19019810927e-21 1.47344335114 0.982295567427 0.0268385449354 
-1.01551749004e-21 1.45551796204 0.970345308026 0.0360233252995 
1.00446762343e-21 1.42398917687 0.949326117916 0.0546419550271 
0.147586730645 1.37661354534 0.91774236356 0.0990295551559 
0.325229767801 1.30279866976 0.868532446504 0.14790497447 
0.453770293957 1.22226927533 0.814846183557 0.182893413884 
0.559579234125 1.13383068315 0.755887122098 0.199008572911 
0.660946710845 1.02833005044 0.685553366957 0.188878037039 
0.752961237738 0.903881342771 0.602587561847 0.159726891734 
0.794135128708 0.773712863347 0.515808575564 0.1335836787 
0.866248687467 0.640484479978 0.426989653319 0.0998574417758 
0.846072263753 0.381281905573 0.254187937049 0.0874617285878 
0.91673136078 0.339296678589 0.226197785726 0.0605342934629 
0.914837003957 0.0521625686835 0.034775045789 0.0537537190063 
0.945917577434 0.0411221484739 0.0274147656493 0.0312667241215 
0.970615918654 0.0339503844224 0.0226335896149 0.0197262284702 
0.990208514014 0.0279768369014 0.0186512246009 0.0066369665374 
1.00706663621 0.0233870317596 0.0155913545064 0.00240032126148 
1.01714269936 0.0205109538592 0.0136739692394 -0.000147988922324 
1.02513507556 0.0184841391482 0.0123227594322 -0.00150380839884 
1.03476174591 0.0164266357722 0.0109510905148 -0.00550398561193 
1.03880696334 0.0158617324239 0.0105744882826 -0.00902093950198 
1.03880696334 0.0158617324239 0.0105744882826 -0.00902093950198 
1.04276843094 0.0156293913325 0.0104195942217 -0.0072194452315 
1.05507194825 0.0142723520224 0.00951490134825 -0.00970753711856 
1.05421718009 0.0150453030659 0.0100302020439 -0.00714904769553 
1.04246022996 0.018244439739 0.012162959826 -0.00308102817163 
1.10209779865 0.20095336579 0.133968910526 -0.00639870974231 
1.10202291411 0.201021031695 0.13401402113 -0.00520519253841 
1.07988458414 0.136379708114 0.0909198054093 -0.00530282719044 
1.04446306188 0.0335668757072 0.0223779171381 -0.00482256771858 
1.02674233703 0.0364247325017 0.0242831550012 -0.000809380541408 
1.02311809845 0.0359350539996 0.0239567026664 0.000682466545436 
1.01919512684 0.0349806480894 0.0233204320596 -0.000727569890409 
1.02091535129 0.0346030116801 0.0230686744534 -0.00163401928036 
1.00289646148 0.038129424889 0.0254196165927 0.00138282764219 
0.960371122652 0.0481963019545 0.0321308679696 0.00955892662559 
0.913980636599 0.0603718699612 0.0402479133075 0.0179994637809 
0.865243055789 0.0733160410465 0.0488773606977 0.0207389856805 
0.792766011613 0.0930128855413 0.0620085903608 0.0275200866577 
0.813251009071 0.398554400948 0.265702933965 0.0186342385751 
0.734311060506 0.436082752848 0.290721835232 0.0233833391329 
0.642030324354 0.482318294197 0.321545529465 0.02314999998 
0.465749270585 0.328610032999 0.219073355332 0.0400113160128 
0.341923876365 0.222158940744 0.148105960496 0.108764527202 
0.265836001343 0.223835370483 0.149223580322 0.0947777638779 
0.201515420957 0.156954973364 0.104636648909 -0.0514120545926 
0.149595706394 0.162605091656 0.108403394438 -0.0260681119511 
0.107541312614 0.142500263282 0.095000175521 -0.00743859058698 
0.0793447197348 0.0859741002432 0.0573160668288 0.0053596933054 
0.0583045794616 0.103998885062 0.0693325900412 0.00710932879738 
0.0466820054689 0.0590523621615 0.039368241441 0.0100892064928 
0.0345977238857 0.0527076706927 0.0351384471285 0.0128862307354 
0.0212328430185 0.109653749373 0.0731024995823 0.0160619094561 
0.0180211498331 0.0969092247495 0.064606149833 0.0172674239701 
0.0202253059627 0.057102624418 0.0380684162787 0.018729816707 
0.0162409355919 0.0734620807871 0.0489747205247 0.0178927437161 
0.0131756424227 0.101539005097 0.0676926700649 0.0165814430447 
0.0174807406934 0.0834003127245 0.055600208483 0.0148168462067 
0.0192898198435 0.0598351293142 0.0398900862094 0.014807198072 
0.024287993533 0.0309192364886 0.0206128243257 0.0145637108941 
0.0224854092745 0.0558232987113 0.0372155324742 0.0125581894406 
0.0268229068897 0.0552782169051 0.0368521446034 0.012166745309 
0.0261465851569 0.0468985093032 0.0312656728688 0.0137333050635 
0.0314943245314 0.0122380253927 0.00815868359511 0.0133277036711 
0.0331602549472 0.0331962909882 0.0221308606588 0.011481778477 
0.0349222916842 0.0316209167405 0.0210806111603 0.0135561348183 
0.0339601279595 0.0618419796211 0.0412279864141 0.0123140669526 
0.0373299979202 0.0294948128013 0.0196632085342 0.0119535492983 
0.0373746801422 0.0289561989364 0.0193041326243 0.013509359679 
0.0395957876845 0.0178570345954 0.0119046897303 0.0131755794192 
0.0370510414738 0.0436707467761 0.0291138311841 0.0133086782232 
0.0395768808294 0.0613085263642 0.0408723509095 0.0118374207167 
0.0419117097079 0.0824379194497 0.0549586129665 0.00933781035844 
0.047151390094 0.0611111270309 0.040740751354 0.00855047093702 
0.0587033061006 8.90098136503e-19 5.93398757668e-19 0.0096672633621 
0.0757161055045 -2.88711614728e-22 -1.92474409819e-22 0.0117003569391 
0.0826114203772 1.54169462894e-21 1.02779641929e-21 0.0119806604091 
0.0785558051897 -9.89310206296e-22 -6.5954013753e-22 0.0119433678808 
0.078824461464 0.00019844055963 0.00013229370642 0.00820933360821 
0.0867440983996 1.29963571026e-22 8.66423806843e-23 0.00537635256029 
0.0940951514398 0.000780354751806 0.000520236501204 0.00151337404979 
0.10622877174 0.00304281267357 0.00202854178238 -0.00225218917855 
0.131097974055 0.0440133459644 0.029342230643 -0.00555885428348 
0.17122109142 0.106928221296 0.0712854808639 -0.021577102263 
0.233535292934 0.179172284747 0.119448189831 -0.0619837874873 
0.334194890437 0.239147607005 0.159431738003 0.0684563050853 
0.478963355483 0.458067199203 0.305378132802 0.033663870764 
0.68678816222 0.632618887132 0.421745924755 0.0303343744391 
0.798297257456 0.642524308682 0.428349539121 0.0420468504255 
0.841013136845 0.599637549115 0.399758366077 0.0608072403425 
0.869202807302 0.571395925904 0.380930617269 0.079000572137 
0.850590713601 0.584892325089 0.389928216726 0.109136718988 
0.813659888108 0.627899023774 0.418599349183 0.142406200638 
0.821351459935 0.741999449181 0.494666299454 0.164220463615 
0.775997873601 0.841425075682 0.560950050454 0.191815875503 
0.740638070193 0.953477369474 0.63565157965 0.227791696326 
0.645028392975 1.04705517241 0.698036781605 0.25366922091 
0.528526359056 1.17023556124 0.780157040825 0.261132298942 
0.369014219791 1.28673485567 0.857823237114 0.223177186279 
0.131716636442 1.38808382689 0.92538921793 0.141976310263 
2.17029015788e-16 1.47345566638 0.982303777586 0.0580795852173 
8.07351759921e-22 1.53076685478 1.02051123652 0.0108477936894 
1.36692187858e-22 1.57127522442 1.04751681628 -0.0223565056984 
0.727774196283 1.55425054945 1.03616703296 0.118993467144 
0.782774009645 1.57187418433 1.04791612289 0.0748590554646 
0.837614515173 1.58688578894 1.05792385929 0.0153223908635 
0.876652947183 1.59466478847 1.06310985898 -0.0364873840363 
0.903166633724 1.59822051651 1.06548034434 -0.0714395282141 
0.920141934889 1.60106783208 1.06737855472 -0.0934319556386 
0.932260601923 1.60142258597 1.06761505731 -0.112993266378 
0.941065324133 1.60235913988 1.06823942659 -0.117198103914 
0.947091839954 1.60279255416 1.06852836944 -0.123839341174 
0.951308859498 1.6021055386 1.06807035907 -0.132598897718 
0.951308859498 1.6021055386 1.06807035907 -0.132598897718 
0.951635495565 1.60377854242 1.06918569495 -0.132866707165 
0.955671998243 1.60307308498 1.06871538999 -0.138284099877 
0.955764889605 1.60401243307 1.06934162204 -0.138436623628 
0.955553945141 1.60293983025 1.0686265535 -0.138340022141 
0.955379668652 1.60210486155 1.0680699077 -0.138272446573 
0.955396232999 1.60236067081 1.0682404472 -0.13835544458 
0.955441795266 1.60271302546 1.06847535031 -0.138438572262 
0.955318701215 1.60223037258 1.06815358172 -0.138393208134 
0.955365310979 1.60302788653 1.06868525769 -0.138474518592 
0.955118394883 1.60185244259 1.06790162839 -0.138316654945 
0.955118394883 1.60185244259 1.06790162839 -0.138316654945 
0.954986364904 1.60140262654 1.06760175102 -0.138259226797 
0.954985059962 1.60176996942 1.06784664628 -0.138318660271 
0.954795147232 1.60103623284 1.06735748856 -0.138254334761 
0.951793183947 1.6020475475 1.06803169834 -0.137789156761 
0.951793183947 1.6020475475 1.06803169834 -0.137789156761 
0.946483179728 1.60285008731 1.06856672487 -0.136099664535 
0.937554632175 1.60236380111 1.06824253407 -0.132612419744 
0.923742853045 1.60346814834 1.06897876556 -0.113352685163 
0.899130658922 1.60268838784 1.06845892523 -0.0857675592069 
0.842600349832 1.58932670988 1.05955113992 -0.000368943470069 
0.781353430749 1.55887381178 1.03924920785 0.0869570018886 
0.712089318998 1.51014513242 1.00676342162 0.150988756996 
2.77025470454e-15 1.47191234874 0.981274899158 0.00631501868626 
0.128575581637 1.37354780124 0.91569853416 0.0864486156812 
0.424141031597 1.23612901599 0.824086010657 0.161071781663 
0.575954753192 1.10266782602 0.735111884011 0.158385997898 
0.676674508496 0.985852436722 0.657234957815 0.129961468646 
0.740640157693 0.893032738808 0.595355159205 0.100276964846 
0.758837734438 0.838316166792 0.558877444528 0.0713458472928 
0.763439622993 0.824894257274 0.549929504849 0.0514977641144 
0.714631840216 0.79739097521 0.531593983473 0.035207069983 
0.509016214772 0.706916984659 0.471277989773 0.0233219079503 
0.345489122985 0.557375511697 0.371583674465 0.0204254192377 
0.255143923466 0.431068468456 0.28737897897 0.0219254716741 
0.204776371351 0.356290906465 0.237527270977 0.0146825196814 
0.18253237711 0.27978778947 0.18652519298 -0.144837904873 
0.170284769375 0.28164774832 0.187765165546 -0.146250289348 
0.167316119848 0.281687255999 0.187791503999 -0.146035485127 
0.155140404422 0.297369037028 0.198246024685 -0.134836899601 
0.119773718478 0.109068457997 0.0727123053311 0.00763657095991 
0.120505205649 0.0641285335666 0.0427523557111 0.00830459393269 
0.11589986299 0.0823939812724 0.0549293208483 0.00786124573595 
0.112241071215 0.0827431619641 0.0551621079761 0.00820732775543 
0.115207960635 0.0823746266484 0.0549164177656 0.00819997563212 
0.118805932206 0.049282429153 0.0328549527687 0.00909043543643 
0.122640486324 0.0730131440559 0.0486754293706 0.00483396013395 
0.128759431724 0.114422603507 0.0762817356713 0.000739953015367 
0.149917955528 0.0549924110882 0.0366616073921 -0.00121582195742 
0.177586404706 0.0817202628459 0.0544801752306 -0.00735937953105 
0.231997413094 0.0600346457284 0.0400230971523 -0.023913825077 
0.312667478826 0.0866721610933 0.0577814407289 -0.13713618507 
0.378387981046 0.0162228920862 0.0108152613908 -0.0956847543215 
0.499312328646 0.132316710496 0.0882111403305 0.0453556932876 
0.638864413584 0.246665556177 0.164443704118 0.0311689682191 
0.744958183244 0.218768948331 0.145845965554 0.0354542487774 
0.850700947932 0.189744629278 0.126496419519 0.0438027880488 
0.953449416427 0.15889420016 0.105929466773 0.0421471412875 
1.01275053015 4.24336259834e-17 2.82890839889e-17 0.0540618378811 
1.11131736314 5.00428466981e-24 3.33618977987e-24 0.045708448528 
1.21377322222 7.86985960037e-22 5.24657306691e-22 0.0402934431678 
1.29753778382 -3.23861902001e-22 -2.15907934667e-22 0.0324369683762 
1.36032041964 -3.25609698832e-22 -2.17073132555e-22 0.026616707897 
1.40215970705 2.59564435541e-22 1.73042957028e-22 0.0242482828474 
1.43675143214 7.8671040938e-22 5.24473606253e-22 0.0205012963561 
1.45671832359 1.40192871246e-21 9.34619141641e-22 0.0193747864232 
1.48465865427 4.86609728968e-23 3.24406485979e-23 0.0161792991748 
1.50729281343 1.49884544563e-22 9.99230297088e-23 0.0118828922626 
1.51965978099 1.32021897303e-23 8.80145982021e-24 0.0113727020312 
1.52805033647 -7.06026241864e-22 -4.70684161243e-22 0.010600660351 
1.52760246509 1.66980433532e-21 1.11320289021e-21 0.0123991179596 
1.52411938881 9.86033428744e-22 6.57355619163e-22 0.0176948776891 
1.52842508815 -4.44006464343e-22 -2.96004309562e-22 0.0169250879215 
1.51904346183 7.94257140757e-22 5.29504760505e-22 0.0199070272527 
1.51190090498 1.16691712264e-21 7.77944748424e-22 0.0203198147182 
1.51186656076 5.80756235935e-22 3.87170823957e-22 0.0186221862344 
1.50935751198 1.21446798042e-21 8.09645320279e-22 0.0232498146237 
1.49770392541 5.18005375743e-22 3.45336917162e-22 0.026896016342 
1.48887028945 -5.31016570078e-22 -3.54011046719e-22 0.0279841700395 
1.48505921552 -1.95464669657e-21 -1.30309779772e-21 0.0301936713801 
1.46940487752 1.79121533602e-22 1.19414355735e-22 0.0325058961241 
1.44340261645 1.35019614778e-22 9.00130765188e-23 0.041418698978 
1.41676934892 9.21875116131e-22 6.14583410754e-22 0.0455385087166 
1.3300835711 5.80250443292e-22 3.86833628861e-22 0.0666903192146 
1.22678280302 6.05807646954e-23 4.03871764636e-23 0.0999387153194 
1.10935005434 -1.72771128388e-19 -1.15180752259e-19 0.143670817856 
0.945112276749 0.0465597187525 0.0310398125017 0.221784600768 
0.797712242495 0.831808111601 0.554538741068 0.220498238964 
0.64178573466 1.05311201049 0.702074673661 0.241254183347 
0.485811593519 1.19564501134 0.797096674227 0.216372826478 
0.258979186503 1.32196900422 0.881312669481 0.152903710155 
7.02863123495e-17 1.4040342681 0.936022845399 0.063700699352 
2.76339778767e-21 1.45769524913 0.971796832754 0.0215294539689 
-1.19444593884e-21 1.49040854827 0.993605698847 -0.00653956221821 
-1.04037878094e-21 1.51233356796 1.00822237864 -0.0251873195457 
1.17982368429e-22 1.52683267222 1.01788844815 -0.0387095382618 
1.28268724887e-22 1.53547398662 1.02364932441 -0.0495599198141 
-5.67582925314e-22 1.54237468052 1.02824978701 -0.0577344028559 
-4.89324863833e-24 1.54879234203 1.03252822802 -0.058318165408 
4.75464117085e-22 1.55175039113 1.03450026076 -0.0680614879647 
-1.91398528429e-22 1.55337548885 1.03558365924 -0.0684694125776 
2.17925031294e-22 1.55507553509 1.03671702339 -0.074820120209 
3.26882733119e-23 1.5555510565 1.03703403767 -0.0750204614811 
-3.70536416628e-22 1.55677239831 1.03784826554 -0.0754304199831 
-3.70536416628e-22 1.55677239831 1.03784826554 -0.0754304199831 
-2.59777481301e-22 1.55687119574 1.0379141305 -0.0807243795466 
3.79817098702e-23 1.55610464677 1.03740309785 -0.0807414956923 
-1.19557402079e-22 1.5571394563 1.03809297087 -0.0808664244555 
2.97432078033e-22 1.55783769894 1.03855846596 -0.0809837971168 
-1.08455088362e-22 1.5562438529 1.03749590193 -0.0811124369416 
-1.08455088362e-22 1.5562438529 1.03749590193 -0.0811124369416 
-1.08455088362e-22 1.5562438529 1.03749590193 -0.0811124369416 
2.57985921853e-22 1.55737425669 1.03824950446 -0.0814851748497 
4.30763183116e-22 1.5563962351 1.03759749006 -0.081741707716 
1.17985435462e-22 1.55554827797 1.03703218532 -0.0822130936115 
1.17985435462e-22 1.55554827797 1.03703218532 -0.0822130936115 
1.17985435462e-22 1.55554827797 1.03703218532 -0.0822130936115 
3.91161827121e-22 1.55332818304 1.03555212203 -0.082479699313 
3.35016909526e-22 1.55136636476 1.03424424317 -0.0827025705615 
-1.36295083394e-22 1.5505551474 1.0337034316 -0.0830481805654 
-1.36295083394e-22 1.5505551474 1.0337034316 -0.0830481805654 
-1.36295083394e-22 1.5505551474 1.0337034316 -0.0830481805654 
-1.01553486713e-22 1.5476487582 1.0317658388 -0.0829924958937 
4.82952974922e-22 1.54155881509 1.02770587673 -0.0827071643178 
1.71206102162e-22 1.5260329967 1.01735533113 -0.0774437857564 
2.78223067123e-22 1.50376205197 1.00250803464 -0.0706870802522 
4.77470866308e-22 1.46796011079 0.978640073858 -0.0597851215087 
2.15166575568e-21 1.41225433818 0.941502892119 -0.041192632999 
-8.10330026565e-20 1.34306782371 0.89537854914 -0.0132489038118 
0.29722516353 1.26967393531 0.846449290206 0.0485324859439 
0.485761926653 1.17098168231 0.780654454875 0.0878324887575 
0.626811667126 1.05175710244 0.70117140163 0.104071331701 
0.746186242756 0.897380808762 0.598253872508 0.0950913987333 
0.817510438339 0.696057694502 0.464038463001 0.0795264509549 
0.841199140983 0.355764701295 0.23717646753 0.0710093761735 
0.897925380479 0.0715175416696 0.0476783611131 0.0562480467678 
0.958390830585 0.0515692811449 0.0343795207633 0.0344759625811 
0.990265529132 0.039605046105 0.02640336407 0.0130506607838 
0.990140211942 0.0391338270198 0.0260892180132 -0.000799822415851 
0.961772410875 0.0468882336333 0.0312588224222 -0.00539848937097 
0.890710263791 0.0660500992434 0.0440333994956 -0.00567560693595 
0.75870617325 0.100220305009 0.0668135366725 -0.0135032548571 
0.584155185351 6.69491044754e-15 4.46327363169e-15 -0.0277434674003 
0.476053488165 -1.30438626423e-17 -8.69590842817e-18 -0.131811571405 
0.393114045515 0.0466778508802 0.0311185672535 -0.297432179829 
0.318546522566 0.142850959715 0.0952339731434 -0.321799362695 
0.16384854555 2.78811076203e-17 1.85874050802e-17 0.0256467451521 
0.106178428949 -1.51788304148e-18 -1.01192202765e-18 0.0287058314675 
0.0724058582903 0.0 0.0 0.0311473845178 
0.047538281321 -1.26755756309e-22 -8.45038375394e-23 0.0333100894986 
0.0304578550344 -7.20043234572e-22 -4.80028823048e-22 0.0355462662596 
0.0214674972584 -1.52311747934e-21 -1.01541165289e-21 0.0387950349085 
0.017476780358 1.4449583522e-21 9.63305568131e-22 0.0394276515156 
0.0157266676188 -2.57502930434e-21 -1.7166862029e-21 0.0405482613952 
0.00987879688977 1.1465549059e-21 7.64369937266e-22 0.0410696477327 
0.00530453651562 -5.8463850759e-22 -3.8975900506e-22 0.0385015743261 
0.00839216335026 -8.99848817847e-23 -5.99899211898e-23 0.0379674433253 
3.46592020331e-21 0.0116932297951 0.00779548653007 0.0272109708588 
-9.07592299327e-23 0.144014365177 0.0960095767846 0.00341737713333 
0.00274434896115 0.263436416879 0.175624277919 -0.0441078748755 
0.00523792109719 0.365129261805 0.24341950787 -0.158000185843 
0.0140217483451 0.386494920584 0.25766328039 -0.314673779542 
0.044864742201 0.349720792996 0.23314719533 -0.471825457173 
0.0544625033096 0.318663359927 0.212442239951 -0.523598775598 
0.0566791068485 0.288778295932 0.192518863955 -0.523598775598 
0.0535364033224 0.272747559219 0.181831706146 -0.523598775598 
0.0446573707188 0.266912444558 0.177941629705 -0.523598775598 
0.0491617711564 0.251162652063 0.167441768042 -0.523598775598 
0.0434177132353 0.248349738342 0.165566492228 -0.523598775598 
0.0493053330269 0.236213610656 0.157475740438 -0.523598775598 
0.0378646039393 0.24673952963 0.164493019754 -0.523598775598 
0.036041893024 0.244747992763 0.163165328509 -0.523598775598 
0.036041893024 0.244747992763 0.163165328509 -0.523598775598 
0.0369036664453 0.236489224132 0.157659482755 -0.523598775598 
0.0473260700141 0.224632349582 0.149754899721 -0.523598775598 
0.0550946119271 0.217109956986 0.144739971324 -0.523598775598 
0.0605565493562 0.210022827672 0.140015218448 -0.523598775598 
0.0573784316234 0.2084697196 0.138979813067 -0.523598775598 
0.063077722116 0.207242009272 0.138161339515 -0.523598775598 
0.0577128900201 0.206205596738 0.137470397825 -0.523598775598 
0.0469716437026 0.218866342068 0.145910894712 -0.523598775598 
0.0469716437026 0.218866342068 0.145910894712 -0.523598775598 
0.0469716437026 0.218866342068 0.145910894712 -0.523598775598 
0.0469716437026 0.218866342068 0.145910894712 -0.523598775598 
0.057316877153 0.205746513422 0.137164342281 -0.523598775598 
0.0510426764817 0.207622219284 0.138414812856 -0.523598775598 
0.0510426764817 0.207622219284 0.138414812856 -0.523598775598 
0.0510426764817 0.207622219284 0.138414812856 -0.523598775598 
0.0548072883464 0.208917560546 0.139278373697 -0.523598775598 
0.0616368661592 0.20335912061 0.135572747073 -0.523598775598 
0.0614346613046 0.195978899939 0.130652599959 -0.523598775598 
0.0662019380433 0.194675911088 0.129783940725 -0.523598775598 
0.0662019380433 0.194675911088 0.129783940725 -0.523598775598 
0.0662019380433 0.194675911088 0.129783940725 -0.523598775598 
0.0622730260769 0.194939720209 0.129959813473 -0.523598775598 
0.0656984483837 0.196054101557 0.130702734371 -0.523598775598 
0.0699134616865 0.196051966181 0.130701310787 -0.523598775598 
0.0706410163805 0.200662488022 0.133774992015 -0.523598775598 
0.0803611835061 0.206549796914 0.137699864609 -0.523598775598 
0.0846114595152 0.231473363837 0.154315575891 -0.523598775598 
0.106950158856 0.246401240075 0.164267493384 -0.523598775598 
0.120342119837 0.258916272867 0.172610848578 -0.450630758089 
0.103660382353 0.271657321689 0.181104881126 -0.281109419864 
0.0910043895523 0.220084232648 0.146722821766 -0.100978326971 
0.0788864936133 0.147063959544 0.098042639696 -0.0302883411117 
0.0711824452309 0.106489024415 0.0709926829433 -0.00260037310581 
0.0701222002462 0.0405499367628 0.0270332911752 0.0119611663142 
0.0678174352982 -2.75196098383e-18 -1.83464065589e-18 0.0235117856779 
0.0679827973004 -8.42226657004e-22 -5.61484438003e-22 0.0298516925674 
0.0627585645755 3.53672025901e-22 2.35781350601e-22 0.0332932710065 
0.0607848627698 1.04008109398e-21 6.93387395987e-22 0.0389687024928 
0.0523743329099 -1.15100995298e-21 -7.67339968651e-22 0.0396411809981 
0.0590432797845 4.99214163124e-22 3.32809442082e-22 0.0387808258118 
0.056301661046 -2.99625439817e-22 -1.99750293212e-22 0.0395664334343 
0.0557117080572 -5.42621873716e-22 -3.61747915811e-22 0.0425068821912 
0.058546272203 1.41891517802e-21 9.45943452017e-22 0.0424725895624 
0.0599223561747 2.89138720382e-21 1.92759146921e-21 0.0428696140305 
0.0575567708188 -2.44722512168e-21 -1.63148341445e-21 0.0424308037458 
0.0535393723833 7.59090573606e-22 5.06060382404e-22 0.0423081548815 
0.0535393723833 7.59090573606e-22 5.06060382404e-22 0.0423081548815 
0.0489110846473 -2.83974245465e-22 -1.89316163643e-22 0.039529598977 
0.0520355173982 -2.49515918306e-22 -1.66343945537e-22 0.0393390129937 
0.0478285308485 -1.19037303115e-22 -7.93582020768e-23 0.0367213630807 
0.0419890714428 0.0169365997794 0.0112910665196 0.031823882818 
0.0381159286712 0.0537627364241 0.0358418242827 0.021104826043 
0.0303780115309 0.236088683733 0.157392455822 -0.017491029859 
0.038170951748 0.339952622156 0.226635081437 -0.130609431515 
0.0485329513451 0.354261457938 0.236174305292 -0.305944149014 
0.0552974917087 0.338735677292 0.225823784862 -0.402764262919 
0.0575864219797 0.334404866064 0.222936577376 -0.482389079035 
0.0514283982214 0.319015018352 0.212676678902 -0.488530865459 
0.0509767091875 0.316494380356 0.21099625357 -0.523598775598 
0.0417302681887 0.312503719947 0.208335813298 -0.523598775598 
0.0289792151721 0.31546425021 0.21030950014 -0.523598775598 
0.0289706893559 0.305574328593 0.203716219062 -0.523598775598 
0.0194999331949 0.310900555639 0.207267037093 -0.523598775598 
0.0243769298922 0.299551661407 0.199701107605 -0.523598775598 
0.0282169153146 0.290179985845 0.193453323897 -0.523598775598 
0.0244000416174 0.289316463955 0.192877642636 -0.523598775598 
0.0244000416174 0.289316463955 0.192877642636 -0.523598775598 
0.0244000416174 0.289316463955 0.192877642636 -0.523598775598 
0.0305357673295 0.280618373701 0.187078915801 -0.523598775598 
0.0305357673295 0.280618373701 0.187078915801 -0.523598775598 
0.0281462578984 0.280334816341 0.186889877561 -0.523598775598 
0.0322196651521 0.277150730807 0.184767153872 -0.523598775598 
0.0288499269719 0.277169223247 0.184779482165 -0.523598775598 
0.0320069789457 0.279748924541 0.186499283027 -0.523598775598 
0.0224986301433 0.293398543125 0.19559902875 -0.523598775598 
0.0381076768043 0.282279400256 0.188186266837 -0.523598775598 
0.0278813340847 0.299290169386 0.199526779591 -0.523598775598 
0.0360794237236 0.301769011144 0.201179340763 -0.523598775598 
0.0388842011438 0.305501033197 0.203667355465 -0.523598775598 
0.0431537686569 0.317965567005 0.21197704467 -0.518761086474 
0.0307488376342 0.334501080936 0.223000720624 -0.475725439783 
0.0295599142172 0.359221908925 0.239481272617 -0.472360018619 
0.0100028409889 0.378970412398 0.252646941599 -0.377100444447 
-3.95973170476e-19 0.398988306528 0.265992204352 -0.302021317839 
1.00639236601e-18 0.402505069616 0.268336713078 -0.214200596511 
-1.3549838568e-18 0.365402566029 0.243601710686 -0.10391532126 
5.82012990661e-21 0.381818346833 0.254545564555 -0.0690166065109 
-1.43719867483e-20 0.319911583587 0.213274389058 -0.0159045242199 
1.40647469796e-21 0.263026832781 0.175351221854 0.00778708797639 
-1.15655577462e-20 0.258268935417 0.172179290278 0.02255582689 
-4.23177179558e-21 0.184381096916 0.122920731277 0.0292672197012 
-3.37413076276e-21 0.179991383717 0.119994255811 0.0368302780625 
-3.37413076276e-21 0.179991383717 0.119994255811 0.0368302780625 
2.83487350144e-20 0.18012376275 0.1200825085 0.0428660569189 
1.43818782704e-20 0.260561543795 0.173707695863 0.0573399595316 
1.43818782704e-20 0.260561543795 0.173707695863 0.0573399595316 
1.43818782704e-20 0.260561543795 0.173707695863 0.0573399595316 
5.99603086102e-22 0.311101884686 0.207401256458 0.0603687299333 
4.64060092185e-21 0.329797027959 0.219864685306 0.0557694424169 
-5.78473543163e-21 0.348019753791 0.232013169194 0.0550410558415 
0.0473414452899 0.425710874214 0.283807249476 0.0651818085079 
0.157966682145 0.587487970638 0.391658647092 0.00455739141338 
0.282388715962 0.667936594282 0.445291062855 0.0193723894925 
0.451634077571 0.761890609773 0.507927073182 0.0285190910095 
0.647842450203 0.794822351726 0.529881567818 0.0365782763686 
0.749443235193 0.78474745619 0.523164970793 0.0463552284091 
0.77255116104 0.748945455732 0.499296970488 0.0578529614737 
0.792858029601 0.723397313562 0.482264875708 0.0716968387108 
0.809994649887 0.706095619943 0.470730413296 0.0865421751008 
0.819801147534 0.696986355747 0.464657570498 0.0972209520187 
0.820201611666 0.699565406545 0.466376937697 0.113767110527 
0.819841188574 0.704549984837 0.469699989891 0.130648330151 
0.804153429896 0.747645983997 0.498430655998 0.153868482712 
0.785755301594 0.807568024144 0.538378682762 0.176651794322 
0.766014643849 0.881774064827 0.587849376551 0.209851359741 
0.749563766818 0.945864194702 0.630576129802 0.239822313584 
0.69164171409 1.01876757332 0.679178382215 0.270363353715 
0.673959413202 1.07253904541 0.715026030273 0.314001560899 
0.603013650636 1.12713025777 0.751420171845 0.32203243964 
0.603655534629 1.17129046535 0.780860310234 0.339480227186 
0.527411489724 1.21225590047 0.808170600312 0.32668481291 
0.525679947904 1.24144759667 0.827631731112 0.325285476163 
0.445543097983 1.2744372611 0.849624840734 0.309249173674 
0.445862364158 1.29083170475 0.860554469833 0.304062045727 
0.384608481893 1.31079619677 0.873864131178 0.281505063115 
0.384837951049 1.31898356112 0.879322374077 0.27569891873 
0.385034792176 1.32685780094 0.884571867295 0.27715978946 
0.328940905318 1.33868477506 0.892456516706 0.255609789308 
0.329103427333 1.34180436551 0.894536243675 0.255856438195 
0.329173177513 1.34367933908 0.895786226051 0.255802058392 
0.328904810259 1.34731307661 0.898208717737 0.247997656644 
0.328904810259 1.34731307661 0.898208717737 0.247997656644 
0.328571958787 1.34349152 0.895661013331 0.247256508569 
0.328337299746 1.34077550626 0.893850337508 0.246780323476 
0.328119587008 1.33743211271 0.891621408473 0.246419073893 
0.32789978256 1.33302565708 0.888683771388 0.246012149758 
0.376130744007 1.31199731116 0.874664874109 0.266397380009 
0.43315634948 1.27673068142 0.851153787612 0.283402103207 
0.495287615732 1.22751807866 0.818345385771 0.295832068834 
0.569459119267 1.15284166352 0.768561109016 0.296301626227 
0.639230556808 1.06718814098 0.711458760654 0.274968331459 
0.705509773948 0.977000703987 0.651333802658 0.23335661506 
0.736688410964 0.868162810545 0.57877520703 0.197108564854 
0.78507134258 0.75707676322 0.504717842147 0.151373988354 
0.838762599062 0.667604589476 0.445069726317 0.113035458808 
0.874810495361 0.612797766182 0.408531844122 0.0797269341741 
0.874203667867 0.609377479426 0.406251652951 0.06416121276 
0.872791228242 0.607627423441 0.405084948961 0.0473581650371 
0.848791094531 0.625510672062 0.417007114708 0.0375447823988 
0.833315012993 0.639448789906 0.426299193271 0.0302593509887 
0.818069690291 0.6542301664 0.436153444267 0.0214780607472 
0.809591851546 0.663703393917 0.442468929278 0.0142449906773 
0.798878949088 0.675517360499 0.450344907 0.011422358333 
0.797067562673 0.677432206624 0.451621471083 0.00640822799792 
0.791476386542 0.683657442892 0.455771628594 0.00390951987859 
0.77847710155 0.698237187524 0.465491458349 0.00317298336792 
0.733951733829 0.665695395956 0.443796930637 -8.73622656106e-05 
0.690430411309 0.633921178226 0.422614118818 -0.00325110009497 
0.667916121058 0.654650904129 0.436433936086 -0.00120844449856 
0.650446860179 0.671885639447 0.447923759632 -0.000565103618135 
0.63864698377 0.683137961312 0.455425307541 -0.00198245275949 
0.606468779112 0.66924670448 0.446164469653 -0.00314184336874 
0.601490115384 0.67386891683 0.449245944553 -0.00178568998173 
0.601375021786 0.673562162398 0.449041441599 -0.00299238359882 
0.560834375002 0.617417547027 0.411611698018 -0.00783295990443 
0.556735180934 0.621381685861 0.414254457241 -0.00684145571113 
0.552719811333 0.624718267891 0.416478845261 -0.00775302404172 
0.563193499981 0.657685093842 0.438456729228 -0.00652070055446 
0.551027801553 0.62993756741 0.419958378273 -0.00969952383592 
0.539541669844 0.598291336431 0.398860890954 -0.0115806252319 
0.56485970698 0.637777067518 0.425184711679 -0.00806646551725 
0.58520838303 0.655558747727 0.437039165151 -0.00466288874569 
0.621234850437 0.702692103301 0.4684614022 0.000513141116067 
0.631375756409 0.691505551424 0.461003700949 -0.000293482758785 
0.674085138381 0.710479456402 0.473652970935 0.00402078214139 
0.692821123361 0.689259025004 0.45950601667 0.00486401882953 
0.706869586236 0.676986666424 0.451324444282 0.0109263263334 
0.779252742738 0.705929385667 0.470619590445 0.0165696653138 
0.806887049426 0.671548676964 0.447699117976 0.019259370329 
0.846157836888 0.626549799521 0.417699866348 0.0243011864887 
0.881634251171 0.589612317778 0.393074878519 0.0289139666861 
0.853283401845 0.378959956971 0.252639971314 0.0404084198407 
0.86952934424 0.179185347149 0.1194568981 0.0555038229998 
0.98281955037 0.145170229344 0.0967801528962 0.0517317881768 
1.04676109314 7.90489269458e-17 5.26992846306e-17 0.0496315588367 
1.09953929601 4.91113880557e-23 3.27409253705e-23 0.0488770888992 
1.13063502217 -3.00090330872e-22 -2.00060220582e-22 0.050146835015 
1.15544605292 1.90758130916e-22 1.27172087277e-22 0.0487735310509 
1.16902915329 3.92724626049e-22 2.61816417366e-22 0.048918297965 
1.18515823004 -1.99847578335e-22 -1.3323171889e-22 0.0456675098083 
1.18230412839 -1.11741371194e-24 -7.44942474625e-25 0.0496899768987 
1.18330803571 2.79503637372e-22 1.86335758248e-22 0.0470675531503 
1.17330846183 3.33319886284e-22 2.22213257523e-22 0.0469663367078 
1.17083204503 7.06002351243e-22 4.70668234162e-22 0.0513634208392 
1.17083204503 7.06002351243e-22 4.70668234162e-22 0.0513634208392 
1.1564713752 2.73594945155e-22 1.82396630103e-22 0.061047065088 
1.1486676323 4.73874754418e-22 3.15916502945e-22 0.0688678954648 
1.13541316383 1.39902889462e-22 9.32685929743e-23 0.0768033162007 
1.11093569857 -5.16668202218e-22 -3.44445468145e-22 0.0931079099339 
1.07571938524 2.14778967306e-22 1.43185978204e-22 0.113190047159 
1.02078462145 0.001870031408 0.00124668760534 0.144565081299 
0.96598348557 0.0196504276548 0.0131002851032 0.188482434657 
0.876084833166 0.0587251930512 0.0391501287008 0.242373908773 
0.872315060165 0.52571461735 0.350476411566 0.18157550071 
0.850384804371 0.678954422004 0.452636281336 0.189094532941 
0.780831810261 0.811224157836 0.540816105224 0.209102490376 
0.76272576971 0.886592222389 0.591061481593 0.215235951909 
0.749641525493 0.94299713866 0.628664759107 0.226160200883 
0.734272555972 0.988799521949 0.659199681299 0.228185527355 
0.676200486168 1.02028707008 0.680191380053 0.234309909129 
0.674001103647 1.0451785069 0.696785671268 0.244918718082 
0.666332249211 1.0609420071 0.707294671402 0.23771465087 
0.628130507222 1.07607773642 0.717385157614 0.244171221278 
0.627339604156 1.08987134263 0.726580895084 0.249924715712 
0.626679598885 1.0945180077 0.729678671797 0.251752916865 
0.625908408665 1.09912680399 0.732751202658 0.253642620825 
0.625054780355 1.10514089661 0.73676059774 0.255715061367 
0.624046326557 1.11058590605 0.740390604033 0.257093248638 
0.623169653962 1.1076108619 0.738407241269 0.254835955043 
0.622172236635 1.11506491158 0.743376607718 0.256822213582 
0.610252903282 1.11968196777 0.746454645177 0.246296719818 
0.602939532701 1.1211318201 0.7474212134 0.254627897069 
0.602177352326 1.11984622089 0.746564147258 0.252497496048 
0.601568626654 1.12448552783 0.749657018551 0.253419046505 
0.600861567119 1.12774004538 0.751826696922 0.253351815098 
0.594089912652 1.13665491842 0.757769945612 0.2443642318 
0.593083308299 1.13988561089 0.759923740592 0.245183307366 
0.583572233706 1.14261730278 0.761744868519 0.235056649066 
0.582623065967 1.14811952957 0.765413019712 0.237284355924 
0.545255063811 1.15397233831 0.769314892204 0.236615132355 
0.545412491263 1.15101483092 0.767343220615 0.234199863228 
0.546417356914 1.15242376136 0.768282507575 0.225548206863 
0.546417356914 1.15242376136 0.768282507575 0.225548206863 
0.546311465117 1.1559298032 0.770619868797 0.218420910738 
0.545995353596 1.16006051905 0.773373679365 0.219329767463 
0.545995353596 1.16006051905 0.773373679365 0.219329767463 
0.54567431911 1.15870894929 0.772472632857 0.217400674243 
0.545453501519 1.1571714169 0.771447611265 0.215324625583 
0.545453501519 1.1571714169 0.771447611265 0.215324625583 
0.545260893751 1.15614221743 0.770761478286 0.213799835075 
0.545351592181 1.14955512381 0.766370082538 0.21115041612 
0.545697918543 1.14295239947 0.761968266312 0.208394735617 
0.546368825201 1.13318051475 0.7554536765 0.20552559591 
0.582661677564 1.11556566148 0.743710440984 0.209956168361 
0.590476865651 1.08493726146 0.723291507643 0.211705621796 
0.663312436429 1.03039441809 0.68692961206 0.205532672278 
0.719085278581 0.961266617502 0.640844411668 0.199177889506 
0.776030440792 0.877968188129 0.585312125419 0.185160301151 
0.817169988937 0.754200529798 0.502800353199 0.156688989331 
0.879129618412 0.641542322675 0.427694881783 0.129634834112 
0.864385406392 0.449014463741 0.299342975827 0.119746562979 
0.926118767027 0.399990188839 0.266660125893 0.0874330637305 
0.886492882626 0.116525673408 0.0776837822718 0.100616160081 
0.895839690806 0.110875307797 0.0739168718644 0.0839775351452 
0.87561084973 0.114572853493 0.0763819023284 0.0774157180695 
0.838151973817 0.124285887176 0.0828572581176 0.0730954705758 
0.793869877874 0.136782377228 0.0911882514854 0.0653309391601 
0.855663934525 0.527470079351 0.351646719567 0.0332044820209 
0.78991925134 0.575508928507 0.383672619004 0.0254676100548 
0.789899903542 0.697390433415 0.46492695561 0.0221864510779 
0.689021228878 0.695196290604 0.463464193736 0.0143647655199 
0.516336770323 0.60091247933 0.400608319553 0.00750317246125 
0.410268470517 0.557385842507 0.371590561672 0.00402424249546 
0.335444899551 0.525813675724 0.350542450483 -0.00103532594935 
0.275705679756 0.471470992883 0.314313995256 -0.0072058038296 
0.234811755043 0.480893364774 0.320595576516 -0.0162975810181 
0.198823846341 0.420860216243 0.280573477495 -0.0391009860424 
0.177842986557 0.401110878984 0.267407252656 -0.0722443548318 
0.16978994339 0.361643899246 0.241095932831 -0.136162894177 
0.158046638047 0.373518196493 0.249012130995 -0.141038909703 
0.146783919238 0.38113605932 0.254090706213 -0.144657054086 
0.130789475463 0.407211531032 0.271474354021 -0.152785779388 
0.129203031107 0.399764980536 0.266509987024 -0.154485963214 
0.122654070583 0.40880854011 0.27253902674 -0.159185938358 
0.130996300385 0.38960097691 0.259733984607 -0.159807634751 
0.127078462056 0.390151794464 0.260101196309 -0.160481924102 
0.127078462056 0.390151794464 0.260101196309 -0.160481924102 
0.129096346749 0.38929380523 0.259529203486 -0.160369427745 
0.130902778657 0.377715485033 0.251810323356 -0.161007053149 
0.126472264473 0.378549278808 0.252366185872 -0.161758929687 
0.136622521432 0.358325503344 0.238883668896 -0.157543697443 
0.130866600722 0.359952542571 0.239968361714 -0.15819703915 
0.133227555321 0.369918437534 0.246612291689 -0.156726674859 
0.134177189206 0.369408807129 0.246272538086 -0.156658110525 
0.136850808957 0.368191700675 0.245461133784 -0.156245407326 
0.13052229103 0.369319696395 0.24621313093 -0.157309252651 
0.141465459648 0.352188038678 0.234792025785 -0.155682466335 
0.13910193285 0.352768795564 0.235179197043 -0.155858757433 
0.137229693148 0.36589313403 0.24392875602 -0.156746729928 
0.143062383463 0.355077500298 0.236718333532 -0.158891700008 
0.143062383463 0.355077500298 0.236718333532 -0.158891700008 
0.140781116038 0.366013761154 0.244009174102 -0.161324663635 
0.14517900206 0.365113994402 0.243409329601 -0.160954364046 
0.144796796841 0.355357375923 0.236904917282 -0.161800410446 
0.10363676766 0.302194080932 0.201462720621 -0.00871494695888 
0.0965718338475 0.366671742959 0.244447828639 -0.0573491916475 
0.130199989862 0.285380528872 0.190253685914 -0.497379086923 
0.107830898921 0.278959196913 0.185972797942 -0.523598775598 
0.0906682153965 0.267924499639 0.178616333093 -0.523598775598 
0.0766124372187 0.258357321561 0.172238214374 -0.523598775598 
0.0628359015248 0.249955473704 0.16663698247 -0.523598775598 
0.0615617187002 0.233623449178 0.155748966118 -0.523598775598 
0.0506934714458 0.229227541386 0.152818360924 -0.523598775598 
0.0445160074295 0.22673983028 0.151159886854 -0.523598775598 
0.0527754334519 0.213087090642 0.142058060428 -0.523598775598 
0.0475784393858 0.211547994907 0.141031996604 -0.523598775598 
0.0402803161719 0.210678956071 0.140452637381 -0.523598775598 
0.0402803161719 0.210678956071 0.140452637381 -0.523598775598 
0.0341455057493 0.212155349529 0.141436899686 -0.523598775598 
0.0364549052872 0.21401866953 0.14267911302 -0.523598775598 
0.0364549052872 0.21401866953 0.14267911302 -0.523598775598 
0.0364549052872 0.21401866953 0.14267911302 -0.523598775598 
0.0364549052872 0.21401866953 0.14267911302 -0.523598775598 
0.0533268608527 0.194827814364 0.129885209576 -0.523598775598 
0.0590697385486 0.180761986563 0.120507991042 -0.523598775598 
0.0775161867678 0.152239626203 0.101493084136 -0.523598775598 
0.102882705037 0.112583975661 0.075055983774 -0.523598775598 
0.12081870519 0.0781732826132 0.0521155217422 -0.523598775598 
0.144047229249 0.0396954448371 0.0264636298914 -0.523598775598 
0.155999831871 0.010957769668 0.00730517977864 -0.523598775598 
0.179606900332 1.30864951306e-19 8.72433008709e-20 -0.523598775598 
0.190064563632 1.26891037647e-21 8.4594025098e-22 -0.523598775598 
0.213725262018 2.96297627098e-21 1.97531751399e-21 -0.523598775598 
0.237733528824 1.26891037647e-21 8.4594025098e-22 -0.523598775598 
0.255973968968 -4.25155518039e-22 -2.83437012026e-22 -0.523598775598 
0.263239964174 4.65704216549e-21 3.10469477699e-21 -0.523598775598 
0.290605134783 2.96297627098e-21 1.97531751399e-21 -0.523598775598 
0.316155154306 4.65704216549e-21 3.10469477699e-21 -0.523598775598 
0.331253602252 -6.5369228969e-22 -4.35794859793e-22 -0.520712457395 
0.57366115642 0.0467715555731 0.0311810370488 0.523598775598 
0.577802810285 0.0339176952169 0.0226117968113 0.519454119894 
0.586911054609 0.0192197907408 0.0128131938272 0.5110002328 
0.593975972968 6.57048215779e-18 4.38032143853e-18 0.521907097431 
0.596674123912 2.90862487531e-22 1.93908325021e-22 0.480781457899 
0.598017821629 -3.41812127428e-22 -2.27874751619e-22 0.455162301453 
0.603843665906 1.14686295585e-22 7.64575303898e-23 0.403535864642 
0.608706570169 9.23171955111e-23 6.15447970074e-23 0.371845742389 
0.613427394289 -2.24538450286e-23 -1.49692300191e-23 0.339389880098 
0.613427394289 -2.24538450286e-23 -1.49692300191e-23 0.339389880098 
0.617132424349 1.18508044984e-07 7.90053633226e-08 0.305099485275 
0.622598147032 8.87900736474e-07 5.91933824316e-07 0.272113486781 
0.622598147032 8.87900736474e-07 5.91933824316e-07 0.272113486781 
0.626514209298 3.65259576496e-06 2.43506384331e-06 0.242987284341 
0.634675238446 2.46418982812e-23 1.64279321874e-23 0.238954676255 
0.634397272096 1.61497271704e-06 1.07664847803e-06 0.210041988277 
0.629863248756 0.0194909887949 0.0129939925299 0.217818088854 
0.629863248756 0.0194909887949 0.0129939925299 0.217818088854 
0.623056628718 0.0230194832081 0.0153463221387 0.217282247519 
0.632509645118 0.0166826863132 0.0111217908755 0.194865083406 
0.626798400475 0.0408175080644 0.027211672043 0.205466608567 
0.624501049794 0.0378026571185 0.0252017714124 0.187467371747 
0.634813459519 0.0390134823219 0.0260089882146 0.184636788694 
0.839245108746 0.601985582844 0.401323721896 0.0465840130598 
0.838472100735 0.602396645011 0.401597763341 0.0451451474991 
0.831389441637 0.608621453771 0.405747635847 0.0474624670091 
0.831100492727 0.608456061307 0.405637374205 0.0446205403269 
0.827424141206 0.609849844229 0.406566562819 0.0437136393881 
0.815405387375 0.62001908377 0.413346055847 0.0512703065853 
0.811612187636 0.624613582419 0.416409054946 0.057840014379 
0.810653857436 0.625651327342 0.417100884894 0.0606289933051 
0.806159488058 0.630779991341 0.420519994227 0.0646157875221 
0.806952121176 0.630469209355 0.420312806237 0.067278625744 
0.80583164824 0.632348263609 0.421565509073 0.072394366961 
0.789576646867 0.651436498972 0.434290999315 0.0824883115156 
0.780843682277 0.663471285687 0.442314190458 0.0872069814422 
0.773173830628 0.675013013806 0.450008675871 0.0926628757955 
0.760038520872 0.694669358813 0.463112905875 0.100972631655 
0.751772193386 0.709586902904 0.47305793527 0.109226694767 
0.743159321532 0.723647407418 0.482431604945 0.113753160404 
0.734535463881 0.737887335273 0.491924890182 0.120152669669 
0.717757984529 0.763889222059 0.509259481373 0.129155696056 
0.699309375904 0.794072376075 0.52938158405 0.137804530003 
0.688900841545 0.809511632201 0.539674421467 0.142353607673 
0.597588872021 0.790439360593 0.526959573729 0.15933816773 
0.580553098229 0.815698775487 0.543799183658 0.161397879841 
0.451452541595 0.793213888618 0.528809259079 0.186717684384 
0.375557107861 0.804065829656 0.536043886437 0.203841825908 
0.342405284666 0.83697206585 0.557981377233 0.201075637201 
0.248004600233 0.792699987358 0.528466658239 0.24619299169 
0.216262202746 0.817931444309 0.545287629539 0.248508004256 
0.193691396091 0.835055421228 0.556703614152 0.252536735872 
0.122127992998 0.642999623385 0.42866641559 0.523598775598 
0.107546068696 0.661778277624 0.441185518416 0.523598775598 
0.105743290695 0.660787365974 0.440524910649 0.523598775598 
0.105743290695 0.660787365974 0.440524910649 0.523598775598 
0.0979200318764 0.673623069834 0.449082046556 0.523598775598 
0.108984926209 0.655742773092 0.437161848728 0.523598775598 
0.118190540078 0.648345933343 0.432230622229 0.523598775598 
0.121864905247 0.648729647581 0.43248643172 0.523598775598 
0.127327757104 0.651496020108 0.434330680072 0.523598775598 
0.132161259948 0.653111239508 0.435407493005 0.523598775598 
0.141342425686 0.64620150497 0.430801003313 0.523598775598 
0.146761742063 0.648774781645 0.432516521096 0.523598775598 
0.150102530529 0.6530842764 0.4353895176 0.523598775598 
0.14910602 0.663185407252 0.442123604835 0.523598775598 
0.148709125177 0.676143041535 0.45076202769 0.523598775598 
0.152102902645 0.681506035157 0.454337356771 0.523598775598 
0.158929506378 0.684197187407 0.456131458271 0.523598775598 
0.166018529893 0.689655699837 0.459770466558 0.523598775598 
0.173124664997 0.69559896729 0.46373264486 0.523598775598 
0.18251754859 0.700002593032 0.466668395354 0.523598775598 
0.193891225389 0.702071828246 0.468047885498 0.523598775598 
0.201316487402 0.706085498507 0.470723665671 0.523598775598 
0.207061507424 0.728596051034 0.485730700689 0.523598775598 
0.21090979858 0.744323207419 0.496215471613 0.523597945323 
0.563565973231 1.00377797987 0.669185319915 0.226789810674 
0.562526453767 1.01843418224 0.678956121492 0.237689938544 
0.561884242883 1.03166567338 0.687777115589 0.247371216533 
0.562387688668 1.04206719495 0.694711463303 0.260565522394 
0.561617407374 1.06096003363 0.70730668909 0.271709694945 
0.561163683752 1.0754931343 0.716995422869 0.280185239323 
0.560522056367 1.09216107129 0.728107380858 0.288833411077 
0.559730838297 1.11558527189 0.743723514591 0.299301209083 
0.511824762905 1.13662460524 0.757749736827 0.298192385221 
0.508676381602 1.16222050372 0.774813669146 0.302481957994 
0.458179476895 1.18963233003 0.793088220021 0.300244030869 
0.457861780993 1.20705624342 0.804704162279 0.294178757851 
0.454871333296 1.22543243203 0.816954954686 0.288314575382 
0.392023415747 1.24818893977 0.832125959846 0.277592294777 
0.391454548333 1.26437830616 0.842918870772 0.272053373139 
0.333161844161 1.29004928067 0.860032853779 0.260745763849 
0.289386305804 1.31750669161 0.878337794407 0.249482998587 
0.243716897917 1.34246286615 0.894975244101 0.238904624404 
0.198523991444 1.36413551986 0.909423679908 0.225657977827 
0.145303567708 1.38709095686 0.924727304572 0.211326231113 
0.108559835897 1.40221003523 0.93480669015 0.200487419811 
0.0679769162697 1.41833075736 0.945553838237 0.187952515184 
0.0322217541081 1.43163209618 0.954421397452 0.176822737118 
-1.69518197781e-18 1.44542706412 0.963618042748 0.166731531657 
8.87047982342e-23 1.45024856092 0.966832373945 0.161249164276 
4.2456418326e-22 1.45732828872 0.971552192482 0.157255332208 
5.65804576619e-22 1.46418388951 0.976122593009 0.15259183194 
1.06557191717e-21 1.47078234717 0.980521564777 0.148817799275 
1.50852259344e-21 1.47477580358 0.983183869051 0.146306866181 
2.05981873832e-21 1.479407871 0.986271913997 0.143972297317 
-2.2836980888e-22 1.48300452591 0.98866968394 0.144131175054 
2.33037369353e-21 1.48590148199 0.990600987991 0.140806655569 
2.46704853894e-22 1.48684526927 0.991230179515 0.140881013558 
3.19910118012e-22 1.48525122728 0.990167484853 0.140793299909 
-8.66459463171e-23 1.48498528916 0.989990192772 0.140975327943 
9.26846481322e-22 1.48184933268 0.987899555122 0.145244198206 
-9.83302573005e-23 1.47812776708 0.985418511386 0.148358118983 
2.11311361434e-21 1.47247071106 0.981647140706 0.151058425603 
3.2702417624e-22 1.46610225885 0.977401505897 0.150596765648 
4.01881273529e-22 1.45673440346 0.971156268971 0.155477320838 
0.00132069651987 1.43719095295 0.958127301967 0.163876409447 
0.0767733302483 1.41561897443 0.943745982956 0.176850772767 
0.137879209614 1.3900718804 0.926714586933 0.188274252338 
0.194401367569 1.36422967724 0.909486451491 0.198396776616 
0.258039057187 1.32969944306 0.886466295375 0.204667672177 
0.319022256016 1.28953812504 0.859692083363 0.203981082565 
0.378300205788 1.24590556493 0.830603709951 0.194751062674 
0.426683960997 1.20156441888 0.801042945921 0.178310656943 
0.469127416498 1.15899674113 0.772664494084 0.15904531801 
0.505810430114 1.11808308152 0.745388721015 0.138486581865 
0.510469424964 1.08395399535 0.7226359969 0.11913895051 
0.515855718024 1.05589014815 0.703926765436 0.103362751478 
0.520898974623 1.02666051795 0.684440345297 0.0913299277873 
0.524401717699 1.00604651791 0.670697678609 0.0769937815533 
0.455669947106 0.963170147052 0.642113431368 0.0647196601831 
0.362528600669 0.902923494986 0.601948996658 0.0533515554485 
0.266918088858 0.825193356534 0.550128904356 0.0459880949985 
0.190127106172 0.726397521855 0.48426501457 0.0412466082949 
0.134223619937 0.658755788117 0.439170525411 0.0398326899401 
0.0881084202468 0.566673020795 0.377782013864 0.0377565932095 
0.058094179259 0.481246271573 0.320830847716 -0.0242011316084 
0.0403559519382 0.40982263802 0.273215092013 -0.0555502022454 
0.0186906651522 0.264836271503 0.176557514335 0.012189554537 
0.00718474684628 0.218296490215 0.145530993476 0.0206563057401 
0.00698765551619 0.127709990412 0.0851399936082 0.0235007459763 
0.00378442669586 0.0880022862392 0.0586681908261 0.0264046339267 
-1.7072186676e-19 0.069889530341 0.0465930202274 0.028505354348 
8.77809138563e-22 0.0685160738115 0.045677382541 0.0315880822378 
-5.57183104938e-19 0.0218615512178 0.0145743674785 0.0307583191242 
3.24481883357e-21 0.0231721567731 0.0154481045154 0.0323841276807 
4.54281513202e-21 0.0246426721238 0.0164284480826 0.0308599946412 
1.35821257963e-19 0.0114521436765 0.00763476245101 0.0292665216333 
0.0010160119621 -2.93459328035e-18 -1.95639552023e-18 0.0304347008391 
-2.71050543121e-19 9.15710554327e-05 6.10473702885e-05 0.0304800423705 
-1.37017873715e-21 0.0360908448018 0.0240605632012 0.0306524645107 
-7.98411788164e-22 0.0612401493838 0.0408267662558 0.0318608851628 
9.98756318069e-22 0.0421127734049 0.02807518227 0.0316452060881 
2.82918569676e-22 0.0714392982149 0.0476261988099 0.0315902612543 
-2.59528169437e-19 0.0458131665963 0.0305421110642 0.031532248781 
-1.98505576714e-22 0.0658844567669 0.043922971178 0.0324553115251 
-1.98505576714e-22 0.0658844567669 0.043922971178 0.0324553115251 
-1.32330514203e-21 0.117548353598 0.078365569065 0.0324493028782 
4.8714249424e-21 0.0933634043105 0.0622422695403 0.0324478731655 
1.20021718587e-21 0.123529599423 0.0823530662823 0.0341887818924 
8.68919462586e-23 0.165417962621 0.110278641747 0.0388583073076 
8.68919462586e-23 0.165417962621 0.110278641747 0.0388583073076 
8.68919462586e-23 0.165417962621 0.110278641747 0.0388583073076 
5.67759693955e-21 0.199840735059 0.133227156706 0.0389380670059 
0.014106237458 0.198660264491 0.132440176327 0.0338472824483 
0.0411278385066 0.213081399109 0.142054266073 0.0317814293642 
0.0827504066218 0.223500552629 0.149000368419 0.0257072720984 
0.15502837089 0.24984897795 0.1665659853 0.00669877944498 
0.241121287991 0.297894265148 0.198596176765 -0.0312726729389 
0.326451219498 0.28084147591 0.187227650607 0.000760154554614 
0.49421276463 0.415508620721 0.277005747148 0.0110717286178 
0.681120112528 0.509624532864 0.339749688576 0.0153139963052 
0.803832562044 0.439292789616 0.292861859744 0.0261405241524 
0.913960457097 0.38002847874 0.25335231916 0.0270481288104 
0.954907879589 0.135544206324 0.0903628042161 0.0245049096118 
1.05020811204 0.108290575018 0.0721937166787 0.0130849392934 
1.15982175007 0.21384434382 0.14256289588 0.0081346186229 
1.22630954072 0.235391703414 0.156927802276 0.0062034057925 
1.25242424064 0.17952827943 0.11968551962 0.00328643256163 
1.29123944918 0.168058336354 0.112038890903 0.00275922402977 
1.32890619157 0.156696204276 0.104464136184 0.000997598616543 
1.332007477 0.0306112659076 0.020407510605 0.00206708764106 
1.35532657161 -1.84180113773e-17 -1.22786742516e-17 0.00610191034893 
1.38249815207 7.06250331894e-22 4.70833554596e-22 0.0138191873988 
1.42230868244 -1.33308704469e-21 -8.88724696457e-22 0.0119650127043 
1.44561729733 7.68827252766e-22 5.12551501844e-22 0.0151561572956 
1.46618289523 -1.01658435819e-21 -6.77722905462e-22 0.016997825914 
1.48473403529 -3.90300194623e-22 -2.60200129749e-22 0.0146367507749 
1.49815295406 8.71361000281e-22 5.80907333521e-22 0.0180232854631 
1.51171825147 6.8628465483e-22 4.5752310322e-22 0.0146131262226 
1.51392263279 -7.75743503921e-22 -5.17162335947e-22 0.0157072903947 
1.52354918145 3.49594834168e-22 2.33063222778e-22 0.0136907692857 
1.52105224911 -6.97881099136e-22 -4.65254066091e-22 0.0140591964131 
1.52531203138 1.39962313254e-21 9.33082088363e-22 0.0138143529349 
1.52087399291 2.75728415963e-21 1.83818943975e-21 0.0146316397017 
1.51601616662 -1.11501370195e-21 -7.43342467966e-22 0.015624207576 
1.51652895221 3.0422062412e-22 2.02813749414e-22 0.0152539153909 
1.51349984193 1.25639454949e-21 8.37596366329e-22 0.0162059191824 
1.50578237921 -3.03500873146e-22 -2.02333915431e-22 0.0195240549481 
1.51165451005 3.36169849927e-22 2.24113233285e-22 0.0189099583258 
1.50414289438 1.79857621874e-21 1.1990508125e-21 0.0180538811918 
1.50052240903 1.49278559334e-21 9.95190395559e-22 0.0200503170732 
1.49867800239 -1.84856164491e-21 -1.23237442994e-21 0.0199514274986 
1.50724022421 -7.84423412745e-22 -5.2294894183e-22 0.0197973483777 
1.50892750011 2.20097469034e-21 1.46731646023e-21 0.0179250345663 
1.50879983516 -4.82709323177e-22 -3.21806215451e-22 0.0197811336651 
1.50869382634 -1.03702361545e-21 -6.91349076964e-22 0.0240290454141 
1.50725370871 -2.53499288147e-22 -1.68999525432e-22 0.0226431446774 
1.50318682912 -1.12476774988e-21 -7.49845166588e-22 0.0251145867957 
1.4976825656 6.15406660184e-23 4.1027110679e-23 0.0247657384269 
1.50070739681 -1.07161967292e-21 -7.14413115282e-22 0.0216205921983 
1.4921510951 -9.50255839824e-23 -6.33503893216e-23 0.0214141510711 
1.46744419868 1.09771745036e-21 7.31811633573e-22 0.0266768500225 
1.40979076834 -1.00454966993e-22 -6.69699779953e-23 0.0364387660773 
1.33246496896 -4.10029152014e-22 -2.7335276801e-22 0.0465743027721 
1.25022915529 4.16806392584e-21 2.7787092839e-21 0.0582055874025 
1.16383534095 -2.6785997908e-19 -1.78573319387e-19 0.0703535547084 
1.05039616753 1.43287951687e-17 9.55253011248e-18 0.0879696988016 
0.931926135687 0.0268100989809 0.0178733993206 0.110679817683 
0.803719419134 0.0597823143958 0.0398548762639 0.1254357705 
0.817299498001 0.55975139536 0.373167596907 0.0577605135473 
0.722558167983 0.634401165867 0.422934110578 0.0453466616863 
0.588094679683 0.626321597863 0.417547731909 0.0424289126481 
0.437526177889 0.552035826157 0.368023884105 0.0465313339175 
0.347088899685 0.487433248499 0.324955498999 0.052980031985 
0.289334504348 0.463436640064 0.308957760043 0.0607680241155 
0.249563408652 0.403855135242 0.269236756828 0.0803776491792 
0.227443994237 0.408783388434 0.272522258956 0.0800998136996 
0.216545374806 0.410724228027 0.273816152018 0.0797893990482 
0.208962385267 0.399268609929 0.266179073286 0.069012118754 
0.197381136972 0.418952391485 0.279301594323 0.0863764337206 
0.191669633433 0.409697165696 0.273131443797 0.0774967054929 
0.187383493892 0.402913592754 0.268609061836 0.0719457871491 
0.188274170229 0.402383838755 0.268255892503 0.071830823256 
0.19098263671 0.389799708369 0.259866472246 0.064454785696 
0.200735951348 0.391393643492 0.260929095661 0.0705233365027 
0.206588908305 0.41206240089 0.27470826726 0.0855062427293 
0.231289450161 0.476828095672 0.317885397115 0.0308905843875 
0.199114698287 0.485188642942 0.323459095295 0.0261278040009 
