0.0 0.0 0.0 0.0 
5.05245627863e-21 0.917326482846 0.611550988564 -0.0564570462607 
5.05245627863e-21 0.917326482846 0.611550988564 -0.0564570462607 
-3.13094895793e-21 0.907643453083 0.605095635389 -0.0564122114058 
-3.13094895793e-21 0.907643453083 0.605095635389 -0.0564122114058 
-3.13094895793e-21 0.907643453083 0.605095635389 -0.0564122114058 
-1.43358875838e-22 0.896854186696 0.597902791131 -0.0566665656392 
-1.43358875838e-22 0.896854186696 0.597902791131 -0.0566665656392 
-1.43358875838e-22 0.896854186696 0.597902791131 -0.0566665656392 
-1.43358875838e-22 0.896854186696 0.597902791131 -0.0566665656392 
-1.43358875838e-22 0.896854186696 0.597902791131 -0.0566665656392 
3.70185304921e-21 0.916626978229 0.611084652153 -0.0589837543523 
-3.5047750735e-21 0.933749491329 0.622499660886 -0.0579533022871 
6.05434722243e-21 0.925762144181 0.617174762787 -0.0542770907282 
6.05434722243e-21 0.925762144181 0.617174762787 -0.0542770907282 
3.26347556444e-21 0.932137773644 0.62142518243 -0.0466855400417 
1.29891519546e-21 0.928403169438 0.618935446292 -0.0438470061126 
1.77837223131e-21 0.915070099558 0.610046733039 -0.042300742151 
4.31733511184e-21 0.898268541344 0.598845694229 -0.0419921094765 
1.88664896292e-21 0.872797722994 0.581865148663 -0.0425972349809 
2.24755803699e-21 0.860409037954 0.573606025303 -0.0451391978637 
-9.90844449209e-22 0.880322388578 0.586881592385 -0.046902499436 
2.66765320537e-21 0.86883077132 0.579220514213 -0.0450767291754 
-4.75470528104e-22 0.885753893801 0.590502595867 -0.0400417477173 
5.69499335704e-21 0.890585405603 0.593723603735 -0.0395113647597 
5.69499335704e-21 0.890585405603 0.593723603735 -0.0395113647597 
5.69499335704e-21 0.890585405603 0.593723603735 -0.0395113647597 
4.81254941253e-21 0.902608564991 0.601739043327 -0.0390869031763 
-1.53258260739e-21 0.910347141852 0.606898094568 -0.0384229522269 
3.95095602405e-21 0.893023115441 0.595348743627 -0.0382204266049 
3.9569358934e-21 0.88120494277 0.587469961847 -0.0398218297131 
3.41449794783e-21 0.874632095999 0.583088063999 -0.0413948784207 
3.41449794783e-21 0.874632095999 0.583088063999 -0.0413948784207 
1.82672122411e-21 0.868441032906 0.578960688604 -0.0441991784753 
1.82672122411e-21 0.868441032906 0.578960688604 -0.0441991784753 
5.85094498543e-21 0.857478946803 0.571652631202 -0.0461885363918 
5.85094498543e-21 0.857478946803 0.571652631202 -0.0461885363918 
5.85094498543e-21 0.857478946803 0.571652631202 -0.0461885363918 
4.8323590573e-21 0.867611084204 0.578407389469 -0.0491559475908 
-2.29323714329e-21 0.829611300476 0.553074200317 -0.0611705453924 
1.37416993366e-21 0.867808891358 0.578539260905 -0.0502188773082 
3.67091103805e-21 0.85193161846 0.567954412306 -0.0504366641793 
3.12991360293e-21 0.859080910449 0.572720606966 -0.0526242375478 
3.12991360293e-21 0.859080910449 0.572720606966 -0.0526242375478 
-2.24967239105e-22 0.88359946744 0.589066311627 -0.0524394889553 
-7.27852968633e-22 0.847820156605 0.565213437736 -0.0479908820894 
1.0252025088e-21 0.798207621035 0.532138414024 -0.0466961943769 
-4.04488212835e-21 0.723752813882 0.482501875921 -0.0780142796969 
-2.87400506282e-18 0.561819635394 0.374546423596 -0.177194700794 
-6.81587074777e-16 0.31278488786 0.208523258573 0.0241895274529 
0.052955690375 0.199886285416 0.133257523611 0.0141167177421 
0.123876765257 0.206089565905 0.137393043937 0.00999989526245 
0.204073491736 0.212607665444 0.141738443629 -0.00666819779945 
0.316370816747 0.325551450525 0.21703430035 0.0130645137235 
0.444803765729 0.38706824649 0.25804549766 0.00984057221954 
0.583516128338 0.43597246 0.290648306666 0.00915545547474 
0.801720869233 0.591976376454 0.394650917636 0.0114193133223 
0.885131575713 0.524274062705 0.349516041803 0.0145661846834 
0.859994984305 0.155287114379 0.103524742919 0.0227722420182 
0.966924482356 0.128221848281 0.0854812321876 0.0196369644878 
1.03722787898 -2.9194836357e-17 -1.9463224238e-17 0.0208783577411 
1.12382802002 2.25433968739e-22 1.50289312493e-22 0.016985022422 
1.19947212914 1.09525286292e-21 7.3016857528e-22 0.0160601435927 
1.26613229454 1.12485224545e-22 7.49901496963e-23 0.0141516935382 
1.32571023462 4.00599022519e-22 2.67066015013e-22 0.0116223293152 
1.35776127003 -1.44671121856e-21 -9.64474145704e-22 0.0130062904717 
1.39302109857 1.43730354776e-21 9.58202365176e-22 0.0119934938912 
1.41877170042 3.27632214299e-22 2.18421476199e-22 0.0110349619183 
1.43543906415 6.51416771667e-22 4.34277847778e-22 0.0106886173315 
1.44116643861 -2.3469691187e-22 -1.56464607913e-22 0.012326382042 
1.45112836923 -2.90377033744e-22 -1.93584689162e-22 0.0116044101741 
1.44849477841 -6.94881008676e-22 -4.63254005784e-22 0.0129306116097 
1.45655605061 8.15340360092e-22 5.43560240061e-22 0.0115454374968 
1.46242350967 6.32924740154e-22 4.21949826769e-22 0.00983471139735 
1.46920097646 4.22770090313e-22 2.81846726875e-22 0.00790940109614 
1.49284443299 0.0123852593475 0.008256839565 0.0030232863028 
1.49667829818 0.0410064496754 0.0273376331169 0.00179015804964 
1.4805050356 9.37938636777e-18 6.25292424518e-18 0.00268151212675 
1.47705703409 -1.153443142e-21 -7.68962094669e-22 0.00263450636169 
1.4766070365 3.30377640332e-22 2.20251760221e-22 0.00284256705416 
1.47185523305 3.16099071707e-22 2.10732714471e-22 0.00394930433536 
1.46157406755 -5.6552225904e-22 -3.7701483936e-22 0.00509835312357 
1.46853284388 6.72420744272e-22 4.48280496182e-22 0.0032273516376 
1.46721332985 -1.97174909976e-23 -1.31449939984e-23 0.00279964918205 
1.45571344309 2.92027106626e-22 1.94684737751e-22 0.00389938813634 
1.45049788294 -6.90115334987e-22 -4.60076889992e-22 0.00384861828286 
1.44812559262 1.15970275666e-22 7.73135171103e-23 0.00310707289499 
1.4506527418 4.03875583207e-22 2.69250388805e-22 0.00251161310163 
1.44711620177 -2.35432552875e-22 -1.5695503525e-22 0.00206381519341 
1.44571166564 1.01356684411e-21 6.75711229404e-22 -0.000587315706487 
1.41526559698 -9.23308315757e-20 -6.15538877171e-20 0.0013505185471 
1.37138747763 6.58275731744e-18 4.38850487829e-18 0.00410735555097 
1.3157691311 3.68013773149e-18 2.45342515433e-18 0.00518327769172 
1.25785032525 -3.88323496103e-20 -2.58882330736e-20 0.00488179288448 
1.22902736516 0.0913170896758 0.0608780597839 0.00274063019474 
1.12123705511 1.26641927953e-17 8.44279519686e-18 0.00527652655223 
1.08233206561 0.162866264469 0.108577509646 0.00415263144879 
0.975270115898 0.140736660543 0.0938244403617 0.00638094456368 
0.874902930731 0.167080004299 0.111386669532 0.00325008830185 
0.755314701523 0.196736362166 0.131157574777 0.00346863665874 
0.530423145378 3.19458573612e-16 2.12972382408e-16 0.0155042075603 
0.364817278106 5.07528710371e-18 3.3835247358e-18 -0.0756614472448 
0.238748683887 1.06210282187e-18 7.08068547916e-19 -0.015073111859 
0.146426803045 4.01662182927e-19 2.67774788618e-19 -0.00617429231454 
0.0803624810225 0.0525342031882 0.0350228021255 -0.00331052288359 
0.042326397834 0.0154293275507 0.0102862183671 -0.000722907719645 
0.022823190853 2.23427717686e-17 1.48951811791e-17 0.00226451478284 
0.00494989122075 2.76425505328e-21 1.84283670219e-21 0.00292182956787 
2.81892564846e-18 8.97135266207e-22 5.98090177471e-22 0.00305634131139 
5.93538416492e-22 -5.32047202763e-23 -3.54698135176e-23 0.00501798318194 
5.93538416492e-22 -5.32047202763e-23 -3.54698135176e-23 0.00501798318194 
1.82814040857e-20 2.27054417486e-22 1.51369611657e-22 0.00325051263909 
-8.48111318946e-21 0.015134290015 0.0100895266767 0.00220967468038 
-9.9555762276e-21 -2.51320071227e-18 -1.67546714151e-18 0.0034639721432 
-9.9555762276e-21 -2.51320071227e-18 -1.67546714151e-18 0.0034639721432 
-9.9555762276e-21 -2.51320071227e-18 -1.67546714151e-18 0.0034639721432 
0.00138981214442 2.33133769046e-21 1.55422512697e-21 0.00343210937929 
8.68697607583e-05 2.048844956e-21 1.36589663734e-21 0.0032789698445 
-3.37383083515e-20 9.05678013072e-22 6.03785342048e-22 0.00187028817194 
-2.62413567839e-21 0.0378873962333 0.0252582641555 0.00110281055506 
1.53198038204e-21 3.28800528229e-21 2.19200352153e-21 -5.34555402144e-10 
0.00308949435802 0.000760124303889 0.000506749535926 -0.000714619153564 
0.00823271486008 2.09203542146e-19 1.39469028097e-19 -0.00143578520366 
0.014086556961 9.14406670864e-22 6.09604447243e-22 -0.00104752089205 
0.00934037218604 0.0424138992999 0.0282759328666 -0.00319941995087 
0.0121658788674 0.0370745014529 0.024716334302 -0.00339493265853 
0.0188597835031 0.00941379060428 0.00627586040285 -0.00361245538053 
0.0235181966984 0.0196669314379 0.0131112876253 -0.00398312111635 
0.047104929892 -1.05682127585e-17 -7.04547517231e-18 -0.00106514071236 
0.0587004036503 1.70424795285e-21 1.1361653019e-21 -0.00341188264387 
0.0809767410358 9.58119484251e-22 6.38746322834e-22 -0.00704422647837 
0.116196343433 2.26283453261e-22 1.50855635508e-22 -0.012351516744 
0.193573836759 6.7432385e-22 4.49549233333e-22 -0.0138585383665 
0.273672675641 -1.94188889615e-22 -1.29459259743e-22 -0.0359252280271 
0.370201688614 8.6980275889e-22 5.79868505927e-22 -0.109707763151 
0.46592949253 1.52543735139e-22 1.01695823426e-22 0.0732392251887 
0.563068805561 0.0180647313419 0.0120431542279 0.0485615267101 
0.657845215103 0.0215261985406 0.014350799027 0.0314643681122 
0.821133594461 0.286555036821 0.191036691214 0.0147703803908 
0.905538286138 0.259392186024 0.172928124016 0.0173696150149 
0.946520769522 -6.3266580316e-18 -4.21777202107e-18 0.0201698289015 
1.05269636862 1.8609873128e-22 1.24065820853e-22 0.0168366021431 
1.13573149666 -1.14830794295e-22 -7.65538628635e-23 0.0174799049112 
1.2125132042 -6.12198658997e-23 -4.08132439331e-23 0.0146304913527 
1.28300825832 1.02901561113e-22 6.86010407421e-23 0.0117438447928 
1.34537023862 1.04795731417e-21 6.98638209447e-22 0.00703696538972 
1.3745475551 5.77875173824e-22 3.85250115883e-22 0.00702802739104 
1.39940347873 5.47165068951e-22 3.64776712634e-22 0.00686827637683 
1.42752891134 -6.73111600135e-24 -4.48741066756e-24 0.00427186416551 
1.44174470452 1.47329449541e-21 9.82196330271e-22 0.00382047189666 
1.44991294222 1.10971528203e-22 7.39810188018e-23 0.00346976935947 
1.46766797535 3.58202917459e-22 2.38801944973e-22 0.00143402450564 
1.47476315743 -6.2396709119e-22 -4.15978060794e-22 0.000333161114515 
1.4757417728 -9.57684615037e-22 -6.38456410025e-22 0.00056933750684 
1.47777146436 8.44533730859e-23 5.63022487239e-23 -6.52045109033e-05 
1.47585006078 -7.61441759525e-22 -5.07627839683e-22 0.00115639669057 
1.48599105775 -1.10910809341e-22 -7.39405395607e-23 -0.00101465690842 
1.48230105502 2.26677237668e-22 1.51118158445e-22 -0.00078408536076 
1.49428994009 -2.00936988642e-22 -1.33957992428e-22 -0.00294446619539 
1.4934856937 -1.10960365357e-21 -7.39735769048e-22 -0.00338265062134 
1.48319523302 1.10123871355e-21 7.34159142365e-22 -0.00158841582066 
1.48202718365 -5.02061196166e-23 -3.34707464111e-23 -0.00178623849532 
1.4814088361 -6.3642999604e-22 -4.24286664027e-22 -0.00205250573466 
1.49507090994 -4.69763590549e-22 -3.13175727033e-22 -0.00515566689128 
1.48760086191 -5.5702108126e-22 -3.71347387507e-22 -0.00389393161996 
1.48106329514 4.9340712724e-22 3.28938084827e-22 -0.00287351082026 
1.48425278286 7.18397312684e-22 4.78931541789e-22 -0.0042949141338 
1.48110744059 -6.7643218203e-22 -4.5095478802e-22 -0.00359373978839 
1.4839424888 -3.95300877234e-22 -2.63533918156e-22 -0.00475049267818 
1.47375536286 8.1362241829e-22 5.42414945526e-22 -0.00377733057202 
1.47280662034 5.13303582806e-22 3.42202388537e-22 -0.00369835275453 
1.477217933 -9.52244925524e-22 -6.34829950349e-22 -0.00465090188551 
1.46813113646 7.58053833467e-22 5.05369222311e-22 -0.00274841039596 
1.47590252918 2.72010279031e-22 1.8134018602e-22 -0.00483391741983 
1.46785492014 7.38025390477e-22 4.92016926985e-22 -0.00296526511583 
1.45364790955 -8.3671787391e-22 -5.5781191594e-22 -6.50582530066e-05 
1.45112545172 2.53328406684e-22 1.68885604456e-22 0.000693924812126 
1.45708866818 -4.32613072505e-22 -2.88408715004e-22 -0.000536670669137 
1.46702958454 2.28504682665e-22 1.5233645511e-22 -0.00252868947564 
1.46650659419 4.92023825844e-22 3.28015883896e-22 -0.00220196638599 
1.46332790325 -3.8478839198e-22 -2.56525594654e-22 -0.00201693602139 
1.46068466956 1.47409432381e-21 9.82729549204e-22 -0.00171970144737 
1.45719179753 -9.48265016753e-24 -6.32176677835e-24 -0.00109410164007 
1.45081421744 -5.410455814e-22 -3.60697054267e-22 -0.000250299206296 
1.45081421744 -5.410455814e-22 -3.60697054267e-22 -0.000250299206296 
1.45318320895 -6.38240201313e-22 -4.25493467542e-22 -0.000416327830556 
1.43069222566 5.4247055313e-22 3.6164703542e-22 0.00310737045492 
1.41269909054 -4.70205509482e-22 -3.13470339655e-22 0.00448915179511 
1.38306342404 -2.31563069379e-22 -1.54375379586e-22 0.00526880672969 
1.34418301159 -1.7358181794e-18 -1.1572121196e-18 0.00619870128187 
1.30081240017 1.82580678815e-18 1.21720452543e-18 0.0042345382208 
1.27462435728 0.112885366707 0.0752569111377 0.00435187074714 
1.2011242689 0.18742127298 0.12494751532 0.00535860644027 
1.09693215609 0.193829262217 0.129219508145 0.00680329326005 
1.05360190218 0.360136304542 0.240090869694 0.00695566927716 
0.983397648762 0.507058355876 0.338038903918 0.00900586300508 
0.868979900847 0.584800915464 0.389867276976 0.00923529706324 
0.751136702234 0.681591695691 0.454394463794 0.00978204709695 
0.344717672439 0.00803148836616 0.00535432557744 -0.140841378056 
0.216395544489 1.2884149811e-17 8.58943320731e-18 -0.0344936420642 
0.127585674601 7.03301320607e-18 4.68867547072e-18 -0.0177254589406 
0.0575252943451 0.0237233774098 0.0158155849399 -0.0116042941367 
0.0132357951843 0.0301672070374 0.0201114713582 -0.00762707241353 
-1.19215313511e-17 0.0510933573384 0.0340622382256 -0.00557365631255 
1.31299909561e-20 0.0521412035564 0.0347608023709 -0.00176728348739 
1.31299909561e-20 0.0521412035564 0.0347608023709 -0.00176728348739 
1.31299909561e-20 0.0521412035564 0.0347608023709 -0.00176728348739 
1.31299909561e-20 0.0521412035564 0.0347608023709 -0.00176728348739 
1.31299909561e-20 0.0521412035564 0.0347608023709 -0.00176728348739 
1.40726717958e-21 0.00435524142712 0.00290349428475 0.00187787430521 
1.40726717958e-21 0.00435524142712 0.00290349428475 0.00187787430521 
-2.19435545566e-21 0.0404666493309 0.0269777662206 0.00145101678101 
-1.03301172566e-21 0.169884387553 0.113256258369 -0.00107675440081 
-1.03301172566e-21 0.169884387553 0.113256258369 -0.00107675440081 
2.04961429075e-21 0.110139795272 0.0734265301812 0.000629496736078 
6.58318012257e-21 0.0600279374981 0.0400186249987 0.0015240588961 
1.08205889096e-20 0.114671673759 0.0764477825061 0.000907300522634 
-7.0306653781e-21 0.174401208587 0.116267472392 0.000121909163129 
-7.0306653781e-21 0.174401208587 0.116267472392 0.000121909163129 
1.55651411549e-21 0.0667600519805 0.0445067013204 0.00197558285322 
1.55651411549e-21 0.0667600519805 0.0445067013204 0.00197558285322 
-1.61055738216e-21 0.0153883304507 0.0102588869671 0.000608990247964 
0.00268244226551 0.0590163634666 0.0393442423111 0.000877656975922 
0.0135784419582 0.098825138411 0.0658834256073 0.00113332224347 
0.0185615298886 0.229356093088 0.152904062059 -0.000539547339138 
0.0464676976965 0.270186837694 0.180124558462 -0.00330042510167 
0.0776143681316 0.301357621075 0.200905080717 -0.0145711332995 
0.111967150653 0.353297515189 0.235531676793 -0.0228470909833 
0.162654120137 0.419828818961 0.279885879307 0.0367403643841 
0.219311936326 0.393925346181 0.262616897454 0.031014989781 
0.28223804036 0.375663913927 0.250442609285 0.0244601253129 
0.374097640332 0.405942943216 0.270628628811 0.0167736062215 
0.449668376362 0.28488324238 0.189922161587 0.0186960970503 
0.587912699372 0.434059834278 0.289373222852 0.0131264269659 
0.801488994384 0.597070779344 0.398047186229 0.0142847771754 
0.88985868686 0.523893272699 0.349262181799 0.0167226344261 
0.902296678974 0.0551041860219 0.0367361240146 0.0266965447764 
1.02921007698 0.0261607536134 0.0174405024089 0.0269968364395 
1.14438404396 5.39808977757e-20 3.59872651838e-20 0.0219864137584 
1.25967800806 1.16717535342e-23 7.78116902278e-24 0.0146174243748 
1.32056738713 4.60244294164e-24 3.06829529443e-24 0.0147295509098 
1.38570702144 4.6681416083e-22 3.11209440553e-22 0.011259251945 
1.43391132084 4.83015082991e-22 3.22010055327e-22 0.00693799264625 
1.46633333086 6.50090683245e-22 4.3339378883e-22 0.00471061777074 
1.48764724573 2.69264693486e-22 1.79509795657e-22 0.00316585620425 
1.50685501692 8.22205054007e-22 5.48136702671e-22 0.000610751281824 
1.51254379937 1.93443026066e-22 1.28962017377e-22 0.000379617182285 
1.51874726269 7.13488258609e-22 4.75658839073e-22 -0.000371308264724 
1.55369062217 0.0775108471692 0.0516738981128 -0.00413699071922 
1.53188606435 1.9593441404e-18 1.30622942693e-18 -0.00294543135672 
1.5295361171 3.95997858151e-22 2.63998572101e-22 -0.00217915208565 
1.52812651301 2.27683045735e-22 1.51788697157e-22 -0.00256853365566 
1.52337053222 -6.39167861656e-22 -4.26111907771e-22 -0.00195014899493 
1.5201787146 1.42870702653e-21 9.52471351019e-22 -0.00159767535194 
1.51673602659 -3.74285502856e-22 -2.49523668571e-22 -0.00110949347697 
1.50874074052 7.15212172367e-22 4.76808114911e-22 0.000453879099948 
1.49723009185 -6.76181100061e-22 -4.50787400041e-22 0.00174319044876 
1.50320375888 2.67762407161e-22 1.7850827144e-22 0.00090741067558 
1.49400775334 5.24574115831e-22 3.49716077221e-22 0.00291267831559 
1.49214018621 6.39211253467e-22 4.26140835644e-22 0.0029736589879 
1.50241203112 -7.00615646029e-22 -4.67077097353e-22 0.000620897929518 
1.50495935022 -5.03126378487e-22 -3.35417585658e-22 0.000375247000016 
1.49877876388 7.65514435786e-22 5.10342957191e-22 0.00133370301853 
1.49306667117 -6.68321707043e-22 -4.45547804695e-22 0.00184670923753 
1.49306667117 -6.68321707043e-22 -4.45547804695e-22 0.00184670923753 
1.49538178039 1.10484329339e-21 7.36562195593e-22 0.000734601965896 
1.50560321857 6.76880923464e-22 4.51253948976e-22 -0.00107300270214 
1.48861189785 -4.2326983678e-22 -2.82179891187e-22 0.00199517368608 
1.47671424933 6.99084370711e-22 4.66056247141e-22 0.00461204040992 
1.47585883656 -3.1782986435e-22 -2.11886576233e-22 0.00488367451877 
1.47503210532 -6.25488077982e-22 -4.16992051988e-22 0.00407891539063 
1.48980000656 3.98147890352e-22 2.65431926902e-22 0.000503009901934 
1.48828149707 9.6856585763e-22 6.45710571753e-22 0.000757335062837 
1.49025154896 -1.23659848622e-22 -8.24398990815e-23 0.000170755399709 
1.47527541052 -5.1380271252e-22 -3.4253514168e-22 0.00321257232344 
1.46962167011 1.213251447e-21 8.08834297999e-22 0.0037298748276 
1.4622142541 6.32610346288e-22 4.21740230859e-22 0.00470548881597 
1.45943960855 4.85164624328e-22 3.23443082886e-22 0.00414989801746 
1.45937227439 -7.72783206617e-22 -5.15188804411e-22 0.00231180485244 
1.436442832 6.26288921054e-22 4.1752594737e-22 0.00456023611778 
1.42189945812 2.44928279962e-23 1.63285519975e-23 0.00319087853784 
1.36962380175 2.59986549083e-19 1.73324366055e-19 0.00582070846209 
1.32273075239 -2.27682456222e-18 -1.51788304148e-18 0.00624777198173 
1.27993066134 1.53777916733e-17 1.02518611155e-17 0.00443134168271 
1.23929993054 -6.56923823757e-19 -4.37949215838e-19 0.00353624184337 
1.23295930771 0.00923820600928 0.00615880400619 -0.00239124921626 
1.20541130306 0.00643372022352 0.00428914681568 -0.00255901985694 
1.20208040431 0.0646974835139 0.0431316556759 -0.00337907732338 
1.21281834713 0.152927288545 0.101951525696 -0.00413780928225 
1.15047797918 -1.82337014433e-17 -1.21558009622e-17 -0.00202515767298 
1.13427544326 1.09242176825e-18 7.28281178832e-19 0.000374842285991 
1.13452834273 -3.12151799896e-22 -2.08101199931e-22 -0.00082914208281 
1.1390421127 -2.9850130923e-22 -1.9900087282e-22 -0.00134269034511 
1.13541505282 2.98722457581e-22 1.99148305054e-22 -0.00048902746347 
1.13337562673 1.74025333218e-22 1.16016888812e-22 0.00139503358395 
1.13070599549 -3.15365762909e-22 -2.10243841939e-22 0.00312804450518 
1.13070599549 -3.15365762909e-22 -2.10243841939e-22 0.00312804450518 
1.13936895659 -6.32785315716e-23 -4.21856877144e-23 0.00169941725705 
1.15044394621 2.53119903515e-22 1.68746602343e-22 0.000439163644231 
1.14385197116 -3.59788338809e-23 -2.39858892539e-23 0.00281852487337 
1.14497063351 1.71020107007e-22 1.14013404672e-22 0.00237655860051 
1.15945212031 3.73222587424e-24 2.48815058283e-24 -0.000760673549121 
1.17985141274 0.0665718793638 0.0443812529092 -0.000875440577193 
1.15377982036 -6.8666073705e-17 -4.577738247e-17 0.00224755332999 
1.171492632 0.0433240784431 0.028882718962 0.000679976822975 
1.14393884147 2.75357308467e-17 1.83571538978e-17 0.00560995394159 
1.14664213419 -5.79402762936e-24 -3.86268508624e-24 0.00448228910167 
1.1433787207 -3.88979015126e-22 -2.59319343417e-22 0.00523115124902 
1.14315166764 3.88362593298e-22 2.58908395532e-22 0.00578322177433 
1.14587839436 1.92711377523e-22 1.28474251682e-22 0.00430582636535 
1.13468355964 -4.2352712936e-20 -2.82351419574e-20 0.00813581107535 
1.14013118569 -2.02573851506e-22 -1.35049234338e-22 0.00697146213447 
1.1467739985 5.36302882702e-22 3.57535255135e-22 0.00664421369909 
1.14749321781 -5.69926641612e-23 -3.79951094408e-23 0.00759435436983 
1.14666073297 -8.2634302404e-23 -5.5089534936e-23 0.00895872927877 
1.14276071142 2.47720522617e-22 1.65147015078e-22 0.0100648284442 
1.11877705146 -9.13389203969e-20 -6.08926135979e-20 0.0155423924721 
1.08533370018 -3.7229352707e-19 -2.48195684714e-19 0.0251840942513 
1.067600673 4.67299648153e-23 3.11533098769e-23 0.0339798656153 
1.00101027978 0.00793694819971 0.00529129879981 0.0567071991916 
0.939115250033 0.0176673783808 0.0117782522539 0.0740371597321 
0.854127667252 0.0389825498657 0.0259883665771 0.10278098014 
0.818049673277 0.421018853326 0.280679235551 0.0975780183021 
0.802559107156 0.683432153378 0.455621435585 0.105963239547 
0.735478327875 0.78609376294 0.524062508627 0.12088610656 
0.680056209406 0.933566556752 0.622377704501 0.154511818933 
0.656993690622 1.02862820445 0.685752136302 0.193111162203 
0.576659214514 1.09087091973 0.727247279821 0.220567812517 
0.508120293765 1.16526097436 0.776840649573 0.243989147855 
0.437127364161 1.23182393976 0.821215959838 0.245349341877 
0.395045194963 1.28635886283 0.857572575221 0.225806613656 
0.315244423857 1.33431154885 0.889541032566 0.20808867051 
0.254065707082 1.37730711534 0.918204743558 0.184275351203 
0.201871837107 1.41107878225 0.940719188167 0.161156965025 
0.160053443373 1.43609377202 0.957395848013 0.139758441071 
0.159790801503 1.44989241625 0.966594944168 0.128241490672 
0.107411816699 1.46556820913 0.977045472755 0.107377829991 
0.107421722865 1.47763643584 0.985090957225 0.0999879614056 
0.067141737367 1.48963066047 0.993087106982 0.0878558531963 
0.0673739668365 1.49611921746 0.997412811643 0.0842570020013 
0.0672533198391 1.50024579639 1.00016386426 0.0813750172085 
0.0669219471989 1.49955434241 0.999702894937 0.0792583161655 
0.0664817083911 1.50303331174 1.00202220783 0.0778496642251 
0.065963998817 1.50171874696 1.00114583131 0.076430537311 
0.0659008846713 1.49913373855 0.999422492365 0.0763066867387 
0.065871332247 1.49867226087 0.999114840577 0.0762907671366 
0.0658309418997 1.49769010009 0.998460066728 0.0762756495347 
0.066000111705 1.47246106854 0.981640712358 0.0856371033394 
0.159264323967 1.43004566686 0.953363777909 0.119763700031 
0.230874648656 1.38482891978 0.923219279851 0.153205495673 
0.309233947897 1.33184335743 0.88789557162 0.188122808877 
0.45556214805 1.19885777382 0.799238515878 0.226431769795 
0.586912606377 1.06184141073 0.70789427382 0.157651206168 
0.710887219235 0.913725097188 0.609150064792 0.128636737826 
0.776069860496 0.735813299187 0.490542199458 0.0924815894384 
0.874553350197 0.588352789785 0.39223519319 0.0637522790373 
0.862507032479 0.15157224521 0.101048163473 0.0579571000793 
0.906400901359 0.138726200041 0.0924841333609 0.0393239201385 
0.928075880793 0.130416362773 0.0869442418486 0.0276343750238 
0.93062043495 0.127387088942 0.0849247259616 0.019993165374 
0.926606177844 0.126650020366 0.0844333469106 0.0139901700615 
0.91252947662 0.128801614309 0.0858677428726 0.00922679803841 
0.895298744176 0.132293651203 0.0881957674689 0.00600219011074 
0.890757118079 0.133104760707 0.0887365071383 0.00194884828641 
0.896512446041 0.131564223586 0.0877094823907 -0.00236091006101 
0.896500768253 0.131461531434 0.0876410209558 -0.00334891049565 
0.898654662433 0.130823357749 0.0872155718328 -0.00370291289139 
0.900754883945 0.130128063923 0.0867520426156 -0.00203802755224 
0.891191342793 0.132094363213 0.0880629088087 0.00296163532126 
0.894418836163 0.131030390252 0.0873535935012 0.00322545382241 
0.904060479348 0.128392633837 0.0855950892247 0.00127273223028 
0.905342693839 0.127713170619 0.0851421137459 0.00345165765943 
0.909093881126 0.126381284002 0.0842541893344 0.00289844597612 
0.912056920773 0.125242735157 0.0834951567711 0.00210516628736 
0.909345465696 0.125433383187 0.0836222554581 0.00384168749225 
0.910587099203 0.124700199201 0.083133466134 0.00235208695813 
0.913857888136 0.123464272078 0.0823095147185 0.00254993909238 
0.9108422078 0.123705526697 0.0824703511314 0.00373453978062 
0.914094615851 0.122450594163 0.0816337294421 0.00350949528164 
0.91744528095 0.121180540856 0.0807870272375 0.00293472123754 
0.915566782394 0.121139398416 0.0807595989441 0.00421367320896 
0.935140704863 0.115928383249 0.0772855888327 -0.00152208779926 
0.927294219078 0.117384534642 0.0782563564279 0.00206161552808 
0.925762781462 0.117339166132 0.078226110755 0.00307069815285 
0.919706966322 0.118300299805 0.0788668665366 0.00620946454856 
0.918505802979 0.118088237021 0.0787254913473 0.00794630316301 
0.912025492145 0.119029727793 0.0793531518619 0.0114140887777 
0.912025492145 0.119029727793 0.0793531518619 0.0114140887777 
0.909811363951 0.118944588656 0.0792963924373 0.0157223763611 
0.932422800229 0.112750868215 0.0751672454764 0.0100799450297 
0.924954843352 0.113604552785 0.0757363685235 0.0169814924344 
0.898586066341 0.11877357103 0.079182380687 0.029467722274 
0.85893832793 0.127905348521 0.0852702323472 0.0436093526869 
0.810737527429 0.141719091479 0.0944793943195 0.060789812803 
0.746879220583 0.164863510191 0.109909006794 0.0840728567427 
0.805660868443 0.597821591222 0.398547727482 0.0665259552911 
0.762776969837 0.643357443976 0.428904962651 0.0773859158036 
0.773157711053 0.783213599812 0.522142399874 0.0906518237696 
0.73386411529 0.857664117776 0.571776078517 0.106987529508 
0.700396197041 0.942735350888 0.628490233925 0.143954796257 
0.648787241671 1.02482881151 0.683219207673 0.146203002779 
0.562984877632 1.09789976683 0.731933177885 0.176551174415 
0.51298907614 1.16020421515 0.773469476765 0.204195657292 
0.440671925588 1.22710965646 0.818073104309 0.180471963321 
0.360924697307 1.28474514177 0.85649676118 0.179650381512 
0.294891275129 1.33566556964 0.890443713092 0.163378423004 
0.244622901053 1.36925749303 0.912838328686 0.138934857684 
0.203917979561 1.39603762194 0.930691747958 0.121131303973 
0.173430509063 1.41485767057 0.943238447048 0.104706172785 
0.141568358642 1.43517977942 0.956786519612 0.0906422751196 
0.141762112885 1.44476738316 0.963178255437 0.0816806560653 
0.108053190694 1.45487061016 0.969913740107 0.0698188721506 
0.108223361312 1.46801107294 0.978674048627 0.0652803764889 
0.0719060872551 1.47808469378 0.985389795853 0.0560560253186 
0.0724200809714 1.48249508151 0.988330054343 0.0525678008627 
0.0732245337497 1.48820767651 0.992138451005 0.0493254592155 
0.297280113495 1.48434291291 0.989561941942 0.088642801772 
0.325109298699 1.48449442136 0.98966294757 0.0930917337602 
0.353496853365 1.4861141788 0.990742785867 0.0999913461563 
0.358991673449 1.48218552467 0.988123683111 0.0961530335235 
0.376772715538 1.48463033174 0.989753554495 0.101868836262 
0.387948099862 1.48559121047 0.990394140312 0.104747498102 
0.40139417888 1.48858923715 0.992392824765 0.111071551095 
0.404677692972 1.48826488623 0.992176590818 0.110807377071 
0.409575609619 1.48849733222 0.992331554814 0.111995017375 
0.404992800562 1.48627382105 0.990849214032 0.10796691753 
0.397910882682 1.48444782886 0.989631885905 0.103528342739 
0.391828908407 1.48254929095 0.988366193965 0.0990347314673 
0.398078543407 1.48442553539 0.98961702359 0.102227129213 
0.397715381466 1.48287029014 0.988580193424 0.100131188569 
0.394382500707 1.47994590263 0.986630601754 0.0960712124447 
0.398163887009 1.48010263528 0.986735090184 0.0970815526823 
0.408919371389 1.48345813996 0.988972093308 0.103357868307 
0.414379683897 1.48461844519 0.989745630129 0.106397086774 
0.414137828467 1.48401991732 0.989346611546 0.105183481609 
0.418804646857 1.48549094856 0.99032729904 0.108433264484 
0.415571104044 1.48329433127 0.988862887514 0.104833984033 
0.411586123594 1.48212570576 0.988083803839 0.102581398246 
0.407935955719 1.48081357203 0.987209048023 0.100053647124 
0.413134677735 1.48058369141 0.98705579427 0.101926800289 
0.399907733146 1.47929112201 0.986194081337 0.0984305773351 
0.367592849833 1.47561613445 0.983744089634 0.0890995496287 
0.138805647512 1.46585985983 0.977239906552 0.0492479091241 
0.136027770958 1.43455039226 0.956366928171 0.0625663286951 
0.208978712947 1.38479972247 0.923199814978 0.0908752572301 
0.30968945375 1.31246341781 0.874975611873 0.117261711362 
0.405752239286 1.23761056814 0.825073712093 0.138793811744 
0.491928899026 1.15162589829 0.767750598859 0.158116778582 
0.605546488871 1.04501863539 0.696679090259 0.122004301051 
0.711876567819 0.908030673437 0.605353782291 0.0986597641325 
0.764032758507 0.772180995686 0.514787330457 0.0809936290363 
0.851286775906 0.627459665872 0.418306443915 0.0552897342035 
0.827998179808 0.25680456242 0.171203041613 0.0486427954371 
0.893860581625 0.235002754557 0.156668503038 0.0251418648054 
0.930447545629 6.62991272988e-21 4.41994181992e-21 0.0159462310847 
0.955983406283 1.69654468071e-23 1.13102978714e-23 0.00792148788657 
0.989503218848 -2.76999853221e-23 -1.84666568814e-23 -0.00341760828774 
1.0009757567 -8.62207803335e-23 -5.74805202224e-23 -0.00572865756435 
1.01851648154 -9.1715357272e-23 -6.11435715146e-23 -0.00936194442288 
1.02594488485 -1.26184543214e-22 -8.41230288096e-23 -0.0101791345556 
1.0372239016 2.97267640956e-22 1.98178427304e-22 -0.0123307654267 
1.04703350362 5.36894369476e-06 3.57929579651e-06 -0.0145793875131 
1.04817687022 1.80768753529e-06 1.20512502353e-06 -0.0144171555612 
1.0683911556 0.0841652957717 0.0561101971811 -0.0124317892658 
1.10789906683 0.213696427952 0.142464285302 -0.0108754020798 
1.1594524767 0.320046704091 0.213364469394 -0.00986821862481 
1.15037131699 0.297335182844 0.198223455229 -0.0098642536543 
1.07223210066 0.0847193173298 0.0564795448865 -0.0112611466682 
1.1227369685 0.24014437267 0.160096248446 -0.00953135976403 
1.13106097555 0.260905896128 0.173937264085 -0.00919172322566 
1.09157878092 0.139073957117 0.0927159714111 -0.00977356346911 
1.04698917615 -2.72240814099e-17 -1.81493876066e-17 -0.00971462956446 
1.02199310545 0.00302928037482 0.00201952024988 -0.00269105887831 
1.02199310545 0.00302928037482 0.00201952024988 -0.00269105887831 
1.0152490596 0.00347546170936 0.00231697447291 -0.000578920998492 
1.02786710755 7.51499597685e-05 5.0099973179e-05 -0.00648160446334 
1.0019345382 0.00481965043233 0.00321310028822 -0.000537192535402 
0.961837829314 0.0131461267551 0.00876408450337 -0.0020450816897 
0.918437618613 0.0226339118416 0.0150892745611 -0.00161798316052 
0.866597836056 0.0343919537804 0.0229279691869 0.000551808327605 
0.79021342122 0.0522954623686 0.0348636415791 0.00452947768207 
0.807090995826 0.399333799895 0.266222533263 0.00365143721276 
0.724831304725 0.435469287129 0.290312858086 0.005630040552 
0.565755142118 0.25488342151 0.169922281006 0.00363814848481 
0.43628247241 0.164947790816 0.109965193877 0.0124629627854 
0.339353046092 0.208455998609 0.138970665739 0.0242612543884 
0.257369288568 0.128105408864 0.0854036059095 -0.0375088692401 
0.195139774824 0.0660130844864 0.0440087229909 -0.00367321691602 
0.145586919191 0.124364324899 0.0829095499324 0.000198476461442 
0.10500073107 0.164293746808 0.109529164539 0.00552401882014 
0.0788458663194 0.123339662949 0.0822264419663 0.008533178789 
0.0577083080474 0.145007000265 0.0966713335098 0.0101382259201 
0.0471122797643 0.080726826389 0.0538178842593 0.0114773027858 
0.0355532933844 0.0987398907928 0.0658265938618 0.0127006824926 
0.0216176393917 0.201249263203 0.134166175469 0.0149170762061 
0.0165975748753 0.176568811136 0.117712540757 0.0159991512261 
0.0212009455438 0.103839678448 0.0692264522989 0.0145455484492 
0.0163241898229 0.135984420392 0.0906562802613 0.0134998725334 
0.0130302512723 0.16113397484 0.107422649894 0.0139623189637 
0.0220930859417 0.0701194557891 0.0467463038594 0.0124166744953 
0.0220121418746 0.0790218454851 0.0526812303234 0.0111836854159 
0.0329095193862 2.70317465092e-17 1.80211643395e-17 0.0116984978138 
0.0273504748364 0.0393048461995 0.0262032307997 0.0102962270766 
0.0329015944357 0.00513873170153 0.00342582113435 0.0105217792522 
0.0335031794381 0.0164026653661 0.010935110244 0.0109637078286 
0.0448642630724 1.4827569389e-17 9.88504625936e-18 0.0118486851628 
0.0424077236469 1.85185576164e-21 1.23457050776e-21 0.0118507846359 
0.0444641935949 -2.65155079599e-22 -1.76770053066e-22 0.0116736413826 
0.0390793969987 0.0307929720803 0.0205286480535 0.0102308414908 
0.0462551586401 2.90248977435e-17 1.9349931829e-17 0.0101296150801 
0.0418458592638 0.0150718884958 0.0100479256639 0.0090945779091 
0.0497432549172 -4.87028794192e-18 -3.24685862795e-18 0.0103994485809 
0.0422224122709 0.0418817037581 0.0279211358387 0.00939216856456 
0.0428404493239 0.0767487732531 0.0511658488354 0.00873314806752 
0.045029505907 0.0815904885114 0.0543936590076 0.00928769888003 
0.0505296179859 0.0619777375715 0.0413184917143 0.00855927470246 
0.0668133762044 1.06408244467e-17 7.09388296447e-18 0.0093475874254 
0.0877938225761 -7.04809647229e-23 -4.69873098152e-23 0.00947020192747 
0.0982185210661 -5.64251475737e-22 -3.76167650491e-22 0.00987489113524 
0.0883403491345 8.90264070866e-22 5.93509380577e-22 0.00976958569596 
0.0876457524881 1.6650713182e-21 1.11004754547e-21 0.00733096728808 
0.0973627238736 1.79813721444e-21 1.19875814296e-21 0.0068985678489 
0.105662231612 6.83246981349e-23 4.55497987566e-23 0.00659692489117 
0.11665407338 -1.86418160733e-21 -1.24278773822e-21 0.00633495598417 
0.135082117487 2.04571053102e-21 1.36380702068e-21 0.00441879714622 
0.169290356611 0.0708434033092 0.0472289355395 0.000834692031669 
0.229268072 0.13940174251 0.0929344950066 -0.00777244309978 
0.330620297475 0.144514574816 0.0963430498772 0.0228588615948 
0.482186268237 0.433210999219 0.288807332813 0.00739570618667 
0.785180793171 0.72184873345 0.481232488967 0.0100425407037 
0.823163036935 0.672574419597 0.448382946398 0.0179938652617 
0.803448831426 0.548225210842 0.365483473894 0.0290696075189 
0.83883488219 0.521712512193 0.347808341462 0.0393960248947 
0.824194788822 0.528866985155 0.352577990103 0.0642783732341 
0.767174958159 0.572404374021 0.381602916014 0.0856936716445 
0.787535198044 0.743568095477 0.495712063651 0.100785436419 
0.727085084528 0.851130178709 0.567420119139 0.125311902487 
0.681187683031 0.972419879664 0.648279919776 0.180520581052 
0.601923915113 1.07714358958 0.718095726388 0.18381592271 
0.467549110389 1.19658403333 0.797722688887 0.210385479995 
0.335149527168 1.30691693652 0.871277957682 0.179854606351 
0.196028417298 1.40230340777 0.934868938513 0.121473638982 
0.339305422757 1.4776619453 0.985107963533 0.107516119662 
0.746003374169 1.46892138378 0.979280922517 0.309967355157 
0.755665013711 1.52237913125 1.01491942083 0.235213903275 
0.784304213794 1.56180359845 1.04120239896 0.136464471924 
0.826706208687 1.58272271373 1.05514847582 -0.0457834132069 
0.997113835258 1.48901667492 0.992677783281 -0.523598775598 
1.01819583887 1.50208000288 1.00138666859 -0.523598775598 
1.03171896153 1.51077971646 1.00718647764 -0.523598775598 
1.03955837068 1.51812350469 1.01208233646 -0.523598775598 
1.04674727453 1.52063348204 1.01375565469 -0.523598775598 
1.04756546552 1.52753025156 1.01835350104 -0.511598625678 
1.04840666486 1.53217375151 1.02144916767 -0.503855217238 
1.04999711982 1.53395298573 1.02263532382 -0.499252218176 
1.05171621117 1.53471006033 1.02314004022 -0.496593630148 
1.04993333532 1.53881791002 1.02587860668 -0.491039005851 
1.04965682436 1.54012089673 1.02674726448 -0.488877855744 
1.04743121817 1.5432940932 1.0288627288 -0.484927128264 
1.0493778753 1.54083142663 1.02722095109 -0.48754099917 
1.05106444928 1.53812470462 1.02541646975 -0.490428539917 
1.05075905704 1.53838570782 1.02559047188 -0.489742660467 
1.04918174486 1.54030079943 1.02686719962 -0.487554382111 
1.0489003213 1.53972391014 1.02648260676 -0.488555982181 
1.04685065187 1.54233615871 1.02822410581 -0.485583808243 
1.04841491366 1.53964277743 1.02642851829 -0.488746176863 
1.0483615543 1.53948417128 1.02632278086 -0.488894374787 
1.04924640011 1.53775194426 1.02516796284 -0.490999389402 
1.04854844443 1.53812045544 1.02541363696 -0.490816112168 
1.04983890232 1.53556181741 1.02370787827 -0.494440846667 
1.04746453884 1.53817058131 1.02544705421 -0.491276785658 
1.04571361656 1.53879721912 1.02586481275 -0.491352251387 
1.04418427118 1.53778727051 1.02519151367 -0.494024282991 
1.04273265632 1.53087932646 1.02058621764 -0.506409740954 
1.03708188769 1.52313953381 1.01542635587 -0.522501199525 
1.02292286155 1.5171592275 1.011439485 -0.523598775598 
0.993950491178 1.4930984011 0.995398934068 -0.523598775598 
0.96107527769 1.45652103495 0.971014023303 -0.523598775598 
0.917920800094 1.40651601898 0.937677345989 -0.523598775598 
0.549504483434 1.46104512508 0.974030083384 0.137609308802 
0.201931087943 1.38811409831 0.925409398871 0.0819928637962 
0.378743251826 1.25808762486 0.838725083243 0.126752472522 
0.522409720775 1.12972203917 0.753148026112 0.122040649998 
0.633738084256 1.01201683589 0.674677890592 0.0882723658193 
0.709333371121 0.907471529352 0.604981019568 0.0584094493457 
0.734022403952 0.842718297991 0.56181219866 0.0381032219773 
0.738502987269 0.834435971248 0.556290647499 0.0268786011299 
0.740660314009 0.830638469967 0.553758979978 0.0169043529615 
0.723412979161 0.863836427919 0.575890951946 0.0105808131668 
0.712596593967 0.887206324338 0.591470882892 0.00642990160178 
0.702882093859 0.910145251964 0.606763501309 0.00452501725252 
0.697475915178 0.924405605203 0.616270403469 0.00264781362638 
0.69636561281 0.928065136979 0.61871009132 -0.000270384156686 
0.695704388274 0.930635771867 0.620423847912 -0.00207334721394 
0.695704388274 0.930635771867 0.620423847912 -0.00207334721394 
0.692521354967 0.9404659696 0.626977313066 -0.00171494648068 
0.692521354967 0.9404659696 0.626977313066 -0.00171494648068 
0.696292456725 0.930818737459 0.620545824972 -0.00534915522665 
0.693489992609 0.93951420351 0.62634280234 -0.00333784046696 
0.692042733546 0.94518912419 0.630126082793 -0.00302832702555 
0.692042733546 0.94518912419 0.630126082793 -0.00302832702555 
0.694753231545 0.938724745867 0.625816497244 -0.00392554314135 
0.694753231545 0.938724745867 0.625816497244 -0.00392554314135 
0.694753231545 0.938724745867 0.625816497244 -0.00392554314135 
0.702347681419 0.917457442733 0.611638295155 -0.00443798761186 
0.707898661427 0.902642392311 0.601761594874 -0.00385353626757 
0.720163457065 0.871200687053 0.580800458035 -0.00388787644469 
0.73623828499 0.834503106308 0.556335404206 -0.0020400444713 
0.761612808723 0.784677891603 0.523118594402 7.645411195e-05 
0.798915386145 0.725201519667 0.483467679778 0.00335832792352 
0.855126165239 0.652747301831 0.435164867887 0.00506880366203 
0.806655593339 0.402204692184 0.268136461456 0.00809739485084 
0.900051875338 0.360220559687 0.240147039791 0.0130412893623 
0.918557852586 0.0207636674309 0.013842444954 0.0230217862035 
1.01657604827 -2.39880474278e-20 -1.59920316185e-20 0.0218808037572 
1.10227366484 -6.54579874903e-22 -4.36386583268e-22 0.0249712561327 
1.21236425065 1.41186355931e-22 9.41242372876e-23 0.0177956215939 
1.29785265775 4.16576525554e-22 2.77717683703e-22 0.0141688927303 
1.35716914257 4.06881805665e-22 2.7125453711e-22 0.0137745370001 
1.40159155386 1.29635798597e-21 8.64238657311e-22 0.0133507613992 
1.43107202662 4.85431035989e-22 3.23620690659e-22 0.01385504684 
1.44886309424 2.10820302472e-22 1.40546868314e-22 0.0151357014561 
1.4788000072 4.87081759357e-22 3.24721172904e-22 0.0121191831551 
1.50322149858 8.45767818946e-22 5.6384521263e-22 0.00936434543258 
1.51718006028 -4.40220714366e-23 -2.93480476244e-23 0.00787908575057 
1.53151051424 7.74705749714e-23 5.16470499809e-23 0.00605730321306 
1.52290667658 3.8086422106e-22 2.53909480707e-22 0.0089052826842 
1.52352080149 -1.12600595692e-22 -7.50670637947e-23 0.00975837350121 
1.52889422017 9.80619140663e-22 6.53746093775e-22 0.00868227428235 
1.51522075307 -2.70527800966e-22 -1.80351867311e-22 0.0122180461473 
1.50311550691 -4.2690260517e-23 -2.8460173678e-23 0.0152962085905 
1.50059932921 -1.26853500251e-22 -8.45690001672e-23 0.0158407872774 
1.50691412171 1.28016280296e-21 8.53441868638e-22 0.0137853003117 
1.48987732704 -4.11446194034e-22 -2.74297462689e-22 0.0173294803665 
1.48617022789 1.09170185091e-21 7.27801233938e-22 0.0175799544669 
1.4852822797 -3.19819180734e-22 -2.13212787156e-22 0.0162241494118 
1.46452095069 9.80006255266e-22 6.53337503511e-22 0.0201905734052 
1.44154418952 7.96629054093e-22 5.31086036062e-22 0.022678097256 
1.42060174078 9.96290410526e-22 6.64193607017e-22 0.0239769390391 
1.33473013695 -1.10344931771e-22 -7.3563287847e-23 0.0364244078065 
1.23875376143 7.32123981187e-24 4.88082654125e-24 0.0516034358645 
1.13219911414 -5.47434778685e-23 -3.64956519123e-23 0.0701886093417 
0.964975716996 0.0164886113167 0.0109924075445 0.117698367767 
0.538277639877 0.345311672836 0.230207781891 0.426929748807 
0.58734065052 1.07474191344 0.716494608963 0.19371326061 
0.441033927228 1.21486155841 0.809907705607 0.181779931636 
0.290629657743 1.33439143291 0.889594288606 0.146139621044 
0.17156861417 1.41198649971 0.941324333143 0.0870893488186 
0.591650365693 1.43579438604 0.957196257359 0.171069355072 
0.885823218055 1.39716948484 0.931446323227 0.370629883212 
0.882204924943 1.42864367089 0.952429113926 0.334760439332 
0.898995912147 1.44411855514 0.962745703424 0.323810800635 
0.892974752375 1.46225337859 0.974835585729 0.285740495988 
0.905650983636 1.47055900837 0.980372672247 0.277236391743 
0.898311577605 1.48375858886 0.989172392573 0.247396924535 
0.907513717578 1.48713531553 0.991423543688 0.24145031769 
0.913777779549 1.48946976897 0.992979845981 0.236809794872 
0.91806770097 1.49235504144 0.994903360962 0.232726862648 
0.922068665944 1.49302364592 0.995349097279 0.22854695415 
0.911908887763 1.50006319329 1.00004212886 0.20764833258 
0.915221601413 1.49951562599 0.999677083992 0.20592368192 
0.916861695735 1.49927625712 0.999517504744 0.205259762234 
0.918950064854 1.49902902602 0.999352684015 0.204404864877 
0.91911884775 1.5003792782 1.00025285214 0.20457970694 
0.919158006906 1.5008768825 1.00058458833 0.204641555234 
0.919077688935 1.49981823182 0.99987882121 0.204470074692 
0.919193937479 1.50005200094 1.00003466729 0.2044529588 
0.922147799418 1.50024058691 1.00016039127 0.202725464385 
0.922365492072 1.50174305198 1.00116203465 0.202882457278 
0.924706287124 1.50000781337 1.00000520891 0.201214577307 
0.924747359882 1.50020054427 1.00013369618 0.201226168906 
0.924796685187 1.50048287619 1.00032191746 0.201246773452 
0.924742263699 1.50009530086 1.00006353391 0.201193942156 
0.924449498206 1.49777381817 0.99851587878 0.200917287394 
0.924237077637 1.4959417493 0.997294499536 0.2007235337 
0.924173777325 1.49547578493 0.996983856618 0.200730974422 
0.921606523539 1.49574082088 0.997160547255 0.203815147004 
0.918568271481 1.49573422937 0.997156152915 0.206769996921 
0.925688753552 1.48874956352 0.992499709011 0.225772879577 
0.921270595605 1.48316128903 0.988774192685 0.228868418568 
0.936976480504 1.45923818409 0.972825456063 0.277640609296 
0.953031653001 1.42955753152 0.953038354345 0.320232678025 
0.986300009928 1.38086410665 0.920576071097 0.366426940009 
0.706413647105 1.40621937016 0.937479580105 0.130470925137 
0.433384711453 1.36803617363 0.912024115756 0.0574364342581 
0.32921563297 1.28695248682 0.857968324545 0.0555135200365 
0.452314269145 1.18936489161 0.792909927737 0.0774252989473 
0.584394125422 1.06565441281 0.710436275204 0.0800101349807 
0.708861905409 0.909980888766 0.606653925844 0.0721019019942 
0.793775433996 0.682034646681 0.454689764454 0.0547379612055 
0.827638384621 0.259273434377 0.172848956251 0.0509934449067 
0.908268511007 0.0411681696516 0.0274454464344 0.0397532245329 
0.965188539415 0.0273857244623 0.0182571496415 0.0278549845036 
0.994483423656 0.0186086800579 0.0124057867053 0.0148385454617 
0.99761453469 0.0167144802542 0.0111429868362 0.00425852097881 
0.972455546028 0.0217545388165 0.0145030258776 0.000680072125918 
0.900515574627 0.037838219086 0.0252254793906 -0.000445182833187 
0.765369866514 -9.65592409108e-17 -6.43728272739e-17 -0.0152646670609 
0.613413780893 -1.01083274157e-18 -6.7388849438e-19 -0.0119195391535 
0.493914893834 9.12869586779e-18 6.08579724519e-18 -0.0248062410901 
0.35757128643 0.0 0.0 -0.032035705107 
0.254566892986 -7.88649975089e-19 -5.25766650059e-19 0.00527452315456 
0.180185419446 -1.9979950802e-18 -1.33199672013e-18 0.0145181396241 
0.121149309797 -1.20356169461e-18 -8.02374463072e-19 0.0156966807141 
0.0914250521577 -6.97987445325e-22 -4.6532496355e-22 0.0172757708862 
0.063494164466 7.81333523181e-23 5.20889015454e-23 0.0190749048144 
0.048257908194 -7.92521208343e-22 -5.28347472229e-22 0.020534000996 
0.0348527295874 2.16324891905e-21 1.44216594603e-21 0.0217424598664 
0.0321673377662 -1.35639997775e-21 -9.04266651831e-22 0.0224343303647 
0.0273234655377 6.18791663417e-23 4.12527775611e-23 0.0228448204017 
0.0188407565809 -2.27339201706e-22 -1.51559467804e-22 0.0229493613842 
0.0137653527084 1.86451149693e-21 1.24300766462e-21 0.0201703140685 
0.015983023737 2.0752538831e-21 1.38350258873e-21 0.0203919867978 
0.00519838990822 -2.92364566296e-21 -1.94909710864e-21 0.0150314945418 
6.34615011987e-18 0.0388982998022 0.0259321998681 0.00259190657584 
1.27178311856e-20 0.120265654744 0.0801771031629 -0.0160682834844 
1.49485829583e-22 0.30566632992 0.20377755328 -0.0689906046037 
9.94192465145e-21 0.379010973972 0.252673982648 -0.170517378639 
3.72330297054e-21 0.366092286317 0.244061524211 -0.251302972139 
0.007569859524 0.368074657143 0.245383104762 -0.349768671398 
0.0217501922172 0.338514782839 0.225676521892 -0.376778832271 
0.0335410504318 0.325331030954 0.216887353969 -0.415797900107 
0.0398747025935 0.325393141619 0.216928761079 -0.460587819311 
0.0466746894458 0.308258768533 0.205505845689 -0.45956244905 
0.0509243505256 0.303313403692 0.202208935795 -0.474546315492 
0.0575172254725 0.276226399355 0.184150932903 -0.439303461503 
0.0560921472775 0.302349218697 0.201566145798 -0.500696219008 
0.061348706287 0.293276517046 0.195517678031 -0.501464776701 
0.0529527043679 0.310218839831 0.206812559887 -0.523598775598 
0.0614995170204 0.298724895966 0.199149930644 -0.523598775598 
0.0643699456175 0.294238037174 0.196158691449 -0.523598775598 
0.0725187643807 0.280591629001 0.187061086001 -0.515405538123 
0.0785710997276 0.252447012722 0.168298008481 -0.468077989954 
0.0815083521361 0.251170666964 0.16744711131 -0.474709562078 
0.0815121932577 0.248317946374 0.165545297583 -0.468047212228 
0.0811116949072 0.26363497723 0.175756651487 -0.503308571471 
0.0759420394396 0.276555748171 0.184370498781 -0.523598775598 
0.0777868643068 0.274529959602 0.183019973068 -0.523598775598 
0.0820146699468 0.269348598515 0.179565732343 -0.523598775598 
0.0846997307661 0.262016430329 0.174677620219 -0.513126573876 
0.0870650546203 0.261493583795 0.174329055863 -0.522367772244 
0.0813736143431 0.268274151905 0.178849434603 -0.523598775598 
0.0723029528906 0.277620752072 0.185080501381 -0.523598775598 
0.0860670970539 0.26133823454 0.174225489693 -0.523598775598 
0.0859802272026 0.26112737457 0.17408491638 -0.523598775598 
0.0929675447863 0.25096450546 0.167309670307 -0.5180336008 
0.0967328232669 0.241238751587 0.160825834391 -0.506626957122 
0.0964814528038 0.239175644167 0.159450429444 -0.499646325634 
0.09028775919 0.255680525254 0.170453683503 -0.523598775598 
0.0891670117571 0.256608258978 0.171072172652 -0.523598775598 
0.0843788380376 0.261896241765 0.17459749451 -0.523598775598 
0.0859237720852 0.260527328308 0.173684885539 -0.523598775598 
0.0928943718291 0.253880180963 0.169253453975 -0.521867134872 
0.0837437160586 0.271077092578 0.180718061719 -0.523598775598 
0.0842824990933 0.26824881439 0.178832542927 -0.480669569841 
0.074078034603 0.29007461747 0.193383078313 -0.448915502087 
0.0670679959943 0.286108769255 0.190739179504 -0.33629051327 
0.0710617613464 0.270486245619 0.180324163746 -0.221338321155 
0.0713160860924 0.216304720703 0.144203147135 -0.107283018807 
0.0766000477747 0.0758123209257 0.0505415472838 -0.0366574034938 
0.0732542819327 0.0507672600357 0.0338448400238 -0.0137056241138 
0.0708418507668 0.0528043234576 0.0352028823051 -0.000971506573385 
0.0767277432772 -1.38219355169e-17 -9.21462367796e-18 0.00896298569393 
0.0829023327667 -8.26830881253e-22 -5.51220587502e-22 0.0155418610985 
0.0834755444866 -1.03630230573e-21 -6.90868203823e-22 0.0208617224594 
0.0759554133069 -7.05720357832e-22 -4.70480238554e-22 0.0212358968903 
0.0733922738881 -3.6383165005e-22 -2.42554433367e-22 0.0237877651144 
0.0634827230098 7.2947113714e-20 4.86314091427e-20 0.0226941148202 
0.0739349527608 -9.03020364739e-22 -6.02013576492e-22 0.0250854316154 
0.0655610378874 -1.85160293777e-22 -1.23440195851e-22 0.0253753356779 
0.0697008093625 -2.41976059969e-21 -1.61317373312e-21 0.0252102803585 
0.0736824233524 1.83991423205e-22 1.22660948803e-22 0.0254383702233 
0.078666699553 1.84616016402e-21 1.23077344268e-21 0.0259542747886 
0.0767508646352 -4.38564416397e-22 -2.92376277598e-22 0.0264498307352 
0.065274401764 -5.91197498221e-22 -3.94131665481e-22 0.0265157699356 
0.0630927736021 -3.26526684547e-22 -2.17684456364e-22 0.0262736209702 
0.0590203316004 4.63848391497e-22 3.09232260998e-22 0.0245870719605 
0.0633032045014 -4.26772717445e-23 -2.84515144964e-23 0.0243300638176 
0.0579531570186 -3.04607347527e-22 -2.03071565018e-22 0.0235474860441 
0.0515132765999 0.0209036244868 0.0139357496578 0.0205722846013 
0.0455568225039 0.0264020139711 0.0176013426474 0.0127491441315 
0.0256138856851 0.182494603716 0.121663069144 -0.0118031098591 
0.0201785287389 0.278025282752 0.185350188502 -0.0637033885332 
0.0166987693211 0.346065743898 0.230710495932 -0.15701240586 
0.0124898613202 0.338316883163 0.225544588775 -0.201641958166 
0.00728368822469 0.364630123393 0.243086748928 -0.279892869857 
0.00448927210213 0.338105016639 0.225403344426 -0.271369163788 
0.00256762266175 0.344260528263 0.229507018842 -0.308908670268 
-5.5571567912e-18 0.365283096257 0.243522064172 -0.365610083839 
7.42164776101e-21 0.37158962755 0.247726418367 -0.400079685165 
-9.83992031351e-19 0.352269056218 0.234846037479 -0.381320409762 
1.01873819923e-21 0.363343918019 0.242229278679 -0.418055979242 
0.00111850585776 0.345899090603 0.230599393735 -0.395920743941 
0.00397390707544 0.329972046832 0.219981364555 -0.380578247193 
0.00184441031852 0.346293039693 0.230862026462 -0.412092833046 
0.00175188435801 0.347865215928 0.231910143952 -0.420111460509 
0.00357873007621 0.342382349711 0.228254899807 -0.416319511249 
0.0080643063887 0.322266544644 0.214844363096 -0.391024636576 
0.00717656114987 0.32613634361 0.217424229073 -0.397981076603 
0.00369887122974 0.346472511812 0.230981674541 -0.431139341181 
0.00748698540357 0.328795332616 0.219196888411 -0.407686987221 
0.00653058380652 0.343150541692 0.228767027795 -0.434801991792 
0.00462848515133 0.343460119877 0.228973413251 -0.423331066304 
1.32796377627e-18 0.364436368108 0.242957578739 -0.447654308505 
0.00297806632065 0.319980289274 0.213320192849 -0.362445749068 
6.18281190393e-18 0.349963432096 0.233308954731 -0.391237672376 
-1.39699717506e-18 0.348390163276 0.232260108851 -0.37165461089 
5.48558193519e-21 0.347858965069 0.231905976713 -0.350264401973 
-9.54704978485e-21 0.343333723719 0.228889149146 -0.312264331726 
7.19407021687e-21 0.360194677104 0.240129784736 -0.301210705544 
1.62880218731e-21 0.392754337919 0.26183622528 -0.311730918234 
3.85757872462e-21 0.402300519729 0.268200346486 -0.271127097341 
1.13040083335e-20 0.403171291267 0.268780860844 -0.214212735316 
1.52349362965e-20 0.409239394766 0.272826263177 -0.167448918193 
-1.31648304726e-17 0.198627416845 0.132418277897 -0.0406003439236 
-7.95196882354e-21 0.20603815494 0.13735876996 -0.0226896392859 
4.60898645962e-21 0.21459634031 0.143064226873 -0.00676921288724 
7.04324391586e-21 0.215311557556 0.143541038371 0.00309068034836 
-1.74192126352e-20 0.215809462257 0.143872974838 0.0110875059969 
4.76072345907e-21 0.135943567382 0.0906290449214 0.0153497685356 
-1.35919399869e-21 0.0516049571765 0.0344033047843 0.0178357248668 
-6.52827754842e-21 0.103290956525 0.0688606376835 0.0218515450991 
-6.52827754842e-21 0.103290956525 0.0688606376835 0.0218515450991 
1.06358210245e-21 0.23747519108 0.158316794053 0.0326517131218 
1.06358210245e-21 0.23747519108 0.158316794053 0.0326517131218 
9.7380234176e-21 0.321388713012 0.214259142008 0.0443387417203 
9.7380234176e-21 0.321388713012 0.214259142008 0.0443387417203 
9.7380234176e-21 0.321388713012 0.214259142008 0.0443387417203 
-5.46125783816e-21 0.339095383052 0.226063588702 0.0432721940972 
0.0551216086276 0.407105597882 0.271403731921 0.143056404378 
0.135409261277 0.340178234231 0.226785489487 0.375178755288 
0.239412138987 0.223671026187 0.149114017458 0.523598775598 
0.308739889473 0.147161348814 0.0981075658763 0.523598775598 
0.412453430708 0.0231131977269 0.0154087984846 0.523598775598 
0.468096638568 -1.10238154259e-17 -7.34921028396e-18 0.510429185029 
0.50699433034 4.78990756924e-23 3.19327171282e-23 0.398160592855 
0.545438865928 3.22296822542e-22 2.14864548361e-22 0.389790193076 
0.58680924734 2.50241506692e-06 1.66827671128e-06 0.253570276587 
0.612336863475 0.017359620023 0.0115730800153 0.25495202912 
0.639725477315 0.0459318805482 0.0306212536988 0.244170131663 
0.639725477315 0.0459318805482 0.0306212536988 0.244170131663 
0.78927689803 0.723506377435 0.482337584956 0.0748047525545 
0.750524674453 0.78871488745 0.525809924967 0.0931301219021 
0.715948986928 0.88000832435 0.586672216233 0.120156295252 
0.693631862987 0.948879793183 0.632586528789 0.150653423957 
0.671890030011 1.03299060564 0.688660403759 0.183131606568 
0.570854181688 1.09668167472 0.731121116483 0.223340815761 
0.54378307165 1.14566163781 0.763774425208 0.26052331375 
0.51375132184 1.1947501989 0.796500132599 0.295848806126 
0.513515015702 1.22295763401 0.81530508934 0.30298137814 
0.415953271646 1.26551251887 0.843675012578 0.26027329134 
0.416311768367 1.28979122111 0.859860814074 0.265983115931 
0.416244178916 1.3041991851 0.8694661234 0.269156897615 
0.416045914665 1.31574939919 0.877166266127 0.27130489567 
0.321485446677 1.33617974471 0.890786496475 0.224598378976 
0.321726859661 1.34595586158 0.89730390772 0.226168766314 
0.321719702166 1.35087070496 0.900580469972 0.226726826047 
0.321605386573 1.35374888333 0.902499255554 0.226709107166 
0.321383513175 1.35539452514 0.903596350095 0.226443403975 
0.321244658974 1.35946458875 0.906309725835 0.226694206035 
0.321244658974 1.35946458875 0.906309725835 0.226694206035 
0.320777341351 1.35492105302 0.903280702012 0.225368202963 
0.320427107471 1.35232148829 0.90154765886 0.224408155 
0.320114215248 1.35016513008 0.900110086722 0.223651540442 
0.31977340647 1.34599186651 0.897327911007 0.222644093161 
0.319228638286 1.33290664879 0.888604432529 0.220445150478 
0.318726863616 1.30611754444 0.870745029624 0.216340763947 
0.415149242034 1.25660469662 0.837736464412 0.233742992264 
0.486102319425 1.18488815317 0.789925435444 0.227387934217 
0.561055453635 1.09948283089 0.732988553925 0.194177582317 
0.646266875844 1.00410921616 0.669406144106 0.158147979174 
0.71654131084 0.88929004336 0.592860028907 0.125679163374 
0.763986303903 0.776576145699 0.517717430466 0.0865301860117 
0.823240790944 0.676291990686 0.450861327124 0.0590775268678 
0.865476322697 0.609951121823 0.406634081216 0.0378822170982 
0.86329048601 0.604803518193 0.403202345462 0.0244665352415 
0.860840785405 0.602043379584 0.401362253056 0.0147443934131 
0.83567788469 0.614319626917 0.409546417944 0.0101226161809 
0.819838419151 0.624252246121 0.416168164081 0.00421254285558 
0.797332629597 0.643146325994 0.428764217329 0.00118555314602 
0.793564790886 0.646940175788 0.431293450525 -0.00335428654556 
0.77805504055 0.662055215259 0.441370143506 -0.00421361993968 
0.777939194726 0.662522551526 0.441681701017 -0.00698116784718 
0.77278653335 0.668349068511 0.445566045674 -0.00859795350546 
0.757613543648 0.68471512899 0.45647675266 -0.00826432020409 
0.755415030335 0.687739800779 0.458493200519 -0.00965742648163 
0.748081929859 0.696020021026 0.464013347351 -0.0110643705086 
0.776419446891 0.754907137943 0.503271425296 -0.00846701120659 
0.765512729632 0.770413026922 0.513608684615 -0.00718645408116 
0.757283559302 0.782849028953 0.521899352635 -0.00722242467077 
0.751432184916 0.792107611223 0.528071740815 -0.00723145107427 
0.748307331546 0.797220579898 0.531480386599 -0.00746775790428 
0.751612821542 0.791681179838 0.527787453226 -0.00924711571394 
0.753997594571 0.787638229278 0.525092152852 -0.0106063435639 
0.750011907612 0.793779096282 0.529186064188 -0.0101099261758 
0.745316892574 0.801239927813 0.534159951875 -0.00946974180824 
0.737021183545 0.815102693437 0.543401795625 -0.0077333064172 
0.740864864841 0.808279225023 0.538852816682 -0.00876874408627 
0.743990418712 0.802780855697 0.535187237131 -0.00938498503275 
0.744727964525 0.801444253304 0.534296168869 -0.00899725321742 
0.747805412793 0.796254954623 0.530836636415 -0.00934254120137 
0.744557561961 0.801734088468 0.534489392312 -0.00777802872473 
0.751467787812 0.790324013862 0.526882675908 -0.0080243540013 
0.758766680847 0.778706288694 0.519137525796 -0.0076586124957 
0.769662447156 0.76200066464 0.508000443093 -0.00589672460199 
0.778078650274 0.749765554079 0.49984370272 -0.00260634782963 
0.79376384265 0.727715231883 0.485143487922 -0.000815385916322 
0.821380746356 0.690021518396 0.460014345598 -0.000194861365395 
0.860731374776 0.64011280693 0.426741871286 0.00122294256991 
0.804800695936 0.455707607612 0.303805071741 0.00324710614969 
0.88524389753 0.414538994444 0.276359329629 0.00480433815147 
0.871696001652 0.127003573025 0.0846690486832 0.0168243910391 
0.980422713315 0.10064534479 0.0670968965268 0.0188497658895 
1.05417391127 3.51084702131e-17 2.34056468087e-17 0.0161833899471 
1.10727127926 -4.28536015736e-22 -2.85690677157e-22 0.0164146842705 
1.14073672128 -2.1477313669e-22 -1.43182091127e-22 0.015380446391 
1.169915099 1.72133614667e-22 1.14755743111e-22 0.0125153651536 
1.18252275035 3.62318896991e-22 2.41545931327e-22 0.0156395854206 
1.20384555046 4.4184281998e-22 2.94561879986e-22 0.0105953742711 
1.19978539724 -4.78433777138e-22 -3.18955851425e-22 0.0144409363838 
1.19978539724 -4.78433777138e-22 -3.18955851425e-22 0.0144409363838 
1.18697353368 -2.22989640988e-22 -1.48659760658e-22 0.0181935877895 
1.17893771188 -1.849513329e-23 -1.233008886e-23 0.0187035281238 
1.17893771188 -1.849513329e-23 -1.233008886e-23 0.0187035281238 
1.166026446 -4.47491169952e-22 -2.98327446635e-22 0.0271110039651 
1.15003956016 5.77694477361e-22 3.85129651574e-22 0.0312007447519 
1.15003956016 5.77694477361e-22 3.85129651574e-22 0.0312007447519 
1.1207012111 4.43700997898e-23 2.95800665265e-23 0.0461118242378 
1.0895287806 -4.26389238926e-23 -2.84259492618e-23 0.0518329676934 
1.0313179956 0.000435725053717 0.000290483369145 0.0750070900488 
0.969203054431 0.00628202078811 0.00418801385874 0.0921078649349 
0.876616687985 0.0271500205787 0.0181000137191 0.119704874115 
0.826645900754 0.421822484196 0.281214989464 0.11878563413 
0.736007327201 0.471413928415 0.314275952276 0.158673280631 
0.766438991795 0.814553525897 0.543035683931 0.136222575677 
0.731469280528 0.886487975638 0.590991983759 0.144681571013 
0.713180035283 0.939398637701 0.626265758468 0.164554903965 
0.675802222137 0.995320000697 0.663546667131 0.159638513644 
0.666256861011 1.03313945601 0.688759637342 0.173911469524 
0.607462081293 1.05154045505 0.701026970035 0.183902752077 
0.605094842588 1.06880569243 0.712537128284 0.187465648696 
0.601900123187 1.08787960093 0.725253067289 0.192872652752 
0.565084604764 1.10083050757 0.733887005045 0.201757628528 
0.5644512686 1.1062985226 0.737532348401 0.201643180737 
0.563563988504 1.11181921662 0.741212811079 0.202293521236 
0.56249292241 1.11650922488 0.744339483251 0.202665716065 
0.560948258278 1.12573974903 0.750493166023 0.205079940171 
0.560125866545 1.11922772954 0.746151819697 0.202185409401 
0.558586226227 1.12838014392 0.752253429278 0.204082228998 
0.556770093284 1.13167918933 0.75445279289 0.204123418567 
0.556770093284 1.13167918933 0.75445279289 0.204123418567 
0.556770093284 1.13167918933 0.75445279289 0.204123418567 
0.555012070897 1.13822625584 0.758817503892 0.204922855732 
0.555012070897 1.13822625584 0.758817503892 0.204922855732 
0.552916170983 1.1489874408 0.765991627198 0.206794438809 
0.511082444927 1.15816357969 0.772109053127 0.190783323823 
0.510888276416 1.15562968606 0.770419790703 0.190222998769 
0.510270985259 1.16235624684 0.774904164561 0.191832952301 
0.509489515995 1.16755098709 0.778367324725 0.193016752643 
0.509489515995 1.16755098709 0.778367324725 0.193016752643 
0.509047878252 1.16239014226 0.774926761507 0.190373781987 
0.508311707635 1.16018331609 0.77345554406 0.186399491192 
0.503958031409 1.1658673194 0.777244879603 0.1736394702 
0.503042252627 1.17245804919 0.781638699462 0.175233780873 
0.502351254837 1.16998883016 0.779992553442 0.174042468679 
0.502351254837 1.16998883016 0.779992553442 0.174042468679 
0.501803820795 1.16755636761 0.778370911743 0.172692483071 
0.501376198491 1.16538347055 0.7769223137 0.171378238664 
0.500817513284 1.16763697489 0.778424649925 0.171437284022 
0.500827701874 1.15970907513 0.773139383419 0.169061529845 
0.501244178619 1.15201608848 0.768010725657 0.166717309635 
0.502196826577 1.14289299706 0.761928664709 0.164292858425 
0.504414170773 1.12543615206 0.750290768042 0.160501130497 
0.559947244187 1.0946555549 0.729770369934 0.167870726123 
0.615021558216 1.03996706089 0.693311373928 0.15195248679 
0.663037868189 0.961003145501 0.640668763667 0.146767327275 
0.715916375223 0.85568801626 0.570458677507 0.124982446629 
0.785710342463 0.718873140704 0.47924876047 0.0920063807703 
0.869577040366 0.596289678951 0.397526452634 0.0684268418195 
0.834814227471 0.243196413268 0.162130942178 0.0685611273058 
0.890242122208 0.223758918031 0.14917261202 0.0403525870231 
0.922626043924 0.20948014913 0.139653432754 0.0313683369435 
0.933848288642 0.200089967789 0.133393311859 0.0237412316381 
0.908325839686 0.20145799083 0.13430532722 0.0212061770034 
0.874450542377 0.207314848311 0.138209898874 0.0151688020242 
0.835531163335 0.216664180211 0.144442786808 0.0076790710567 
0.758449588234 0.238205918757 0.158803945838 0.0058319897408 
0.802016906411 0.587071495955 0.391380997304 0.00198374799112 
0.73310662965 0.642260737932 0.428173825288 0.000427296692108 
0.773386681011 0.765122043058 0.510081362038 -0.000160613972867 
0.746727442533 0.804696788032 0.536464525355 -0.00337932085408 
0.720489849051 0.848616438033 0.565744292022 -0.00327995324695 
0.707544526275 0.87366594513 0.58244396342 -0.00400264196382 
0.699648974636 0.88992767108 0.593285114053 -0.00648910487269 
0.688412578009 0.915001275383 0.610000850255 -0.00502234315461 
0.686216260786 0.919675153111 0.613116768741 -0.00792327360362 
0.679442998947 0.936513007522 0.624342005015 -0.00667447450603 
0.678184791928 0.939426899106 0.626284599404 -0.00841306580415 
0.676279534322 0.944190048961 0.62946003264 -0.00838899861468 
0.67427082423 0.949592773855 0.633061849237 -0.00871773936561 
0.667897028432 0.96857187641 0.645714584273 -0.00604784399829 
0.668766996697 0.966415191554 0.644276794369 -0.00683557907423 
0.666258248829 0.975258670781 0.650172447187 -0.00578433394348 
0.669842917005 0.964289639617 0.642859759745 -0.00794293453873 
0.669842917005 0.964289639617 0.642859759745 -0.00794293453873 
0.668716041267 0.968397025209 0.645598016806 -0.00682702357221 
0.668716041267 0.968397025209 0.645598016806 -0.00682702357221 
0.669945993425 0.965073432439 0.643382288293 -0.00688596917549 
0.669945993425 0.965073432439 0.643382288293 -0.00688596917549 
0.676922162652 0.943028102101 0.628685401401 -0.010661317268 
0.67405115516 0.950551445544 0.633700963696 -0.00858457288481 
0.672725959013 0.954147131287 0.636098087524 -0.00776557781031 
0.67122559779 0.95855594842 0.639037298946 -0.00676039840317 
0.671964873742 0.956281205972 0.637520803982 -0.00713613375838 
0.669478819868 0.963952878987 0.642635252658 -0.00563852739605 
0.673934425947 0.94996145697 0.63330763798 -0.00828352989943 
0.673934425947 0.94996145697 0.63330763798 -0.00828352989943 
0.670253181131 0.960574618523 0.640383079016 -0.00578304529432 
0.672400588018 0.953914210119 0.635942806746 -0.00731646955823 
0.672400588018 0.953914210119 0.635942806746 -0.00731646955823 
0.672400588018 0.953914210119 0.635942806746 -0.00731646955823 
0.672400588018 0.953914210119 0.635942806746 -0.00731646955823 
0.673291908087 0.9508608997 0.633907266467 -0.00769647535664 
0.669266646582 0.962142541253 0.641428360835 -0.00187183417581 
0.665734895098 0.972633600985 0.648422400657 0.00786086882303 
0.658653651226 0.99620385558 0.66413590372 0.0233324974585 
0.657107726544 1.0076989283 0.671799285534 0.0384019927224 
0.658607045178 1.00981713345 0.673211422298 0.0481833171548 
0.660666147123 1.01071016469 0.673806776457 0.0570611334262 
1.13716171502 1.07572781125 0.717151874168 0.0994464121851 
1.14082827249 1.07268781431 0.715125209539 0.103463181392 
1.13259206628 1.07222792431 0.714818616206 0.106639491306 
1.11434861066 1.07492817867 0.716618785781 0.110147290191 
1.12748916406 1.0709565866 0.713971057736 0.111184327066 
1.11433363321 1.07176313323 0.714508755485 0.112560092077 
1.10462259831 1.07281733931 0.71521155954 0.11398992349 
1.10918749669 1.07050190516 0.713667936777 0.114150049428 
1.0945814025 1.07346535377 0.71564356918 0.115259644715 
1.10248664323 1.0710044922 0.714002994801 0.11476985323 
1.09846824596 1.07130044281 0.714200295203 0.114556659996 
1.0944236103 1.07128900128 0.71419266752 0.114108746279 
1.09922860808 1.06902368991 0.712682459938 0.113377657589 
1.1082502965 1.06202690666 0.708017937771 0.110829196383 
1.08744469879 1.05818654553 0.705457697021 0.109260643245 
1.07262691375 1.04861324465 0.699075496434 0.106363749674 
1.05773237434 1.03542292518 0.690281950121 0.103155713804 
1.0060051427 1.01979475689 0.679863171262 0.100121531521 
0.972054014795 0.999533119433 0.666355412955 0.0965125369503 
0.876704170475 0.970228374972 0.646818916648 0.0932479292349 
0.716481849065 0.899801585885 0.599867723923 0.0919205079665 
0.721758714386 0.885586772925 0.59039118195 0.0917544574188 
0.732326639755 0.858641070057 0.572427380038 0.0861943346162 
0.741397746246 0.838426908526 0.558951272351 0.0816636034934 
0.74674324571 0.827951023832 0.551967349221 0.0793407169868 
0.748702941241 0.824325374073 0.549550249382 0.0774711623848 
0.766637446052 0.789620830944 0.526413887296 0.0705529965043 
0.779467610079 0.767626597737 0.511751065158 0.0664341762216 
0.790396470892 0.74979854305 0.499865695367 0.0629855099208 
0.793878110331 0.743507999552 0.495671999701 0.0613015709504 
0.801067588884 0.731714911329 0.487809940886 0.0588964920011 
0.801707486941 0.729934482273 0.486622988182 0.0575526597179 
0.806037791801 0.721858666637 0.481239111092 0.054776341994 
0.815445939762 0.706988048295 0.47132536553 0.0507703451616 
0.817015829768 0.703728182467 0.469152121644 0.0470856502724 
0.831451594986 0.682791106298 0.455194070866 0.042333165101 
0.841010837795 0.668146063599 0.445430709066 0.0382097706352 
0.851708689203 0.652526774882 0.435017849921 0.0334440740038 
0.845392456393 0.655616846581 0.437077897721 0.0346864187613 
0.848173021896 0.646585451674 0.431056967783 0.0322248356701 
0.853217780395 0.636160200868 0.424106800579 0.0297137341752 
0.847354359333 0.637477301926 0.424984867951 0.0305203065815 
0.802989755166 0.571584089442 0.381056059628 0.0303379605878 
0.813517094058 0.563273626598 0.375515751065 0.0271276057861 
0.813517094058 0.563273626598 0.375515751065 0.0271276057861 
0.807595025526 0.567110047263 0.378073364842 0.0280370886952 
0.807595025526 0.567110047263 0.378073364842 0.0280370886952 
0.807595025526 0.567110047263 0.378073364842 0.0280370886952 
0.81786284344 0.558777336313 0.372518224208 0.0237128962721 
0.807119710204 0.565729987008 0.377153324672 0.0268772603499 
0.807119710204 0.565729987008 0.377153324672 0.0268772603499 
0.821125015432 0.554672876177 0.369781917452 0.0231381155094 
0.816848258341 0.556954182626 0.371302788417 0.0240257402026 
0.811075771691 0.560501122251 0.373667414834 0.0254617762257 
0.803558298819 0.565550512294 0.377033674862 0.0259937749361 
0.798095019432 0.569611708952 0.379741139301 0.0282978517218 
0.785639495965 0.579855920881 0.38657061392 0.0295675977067 
0.77565807283 0.589967736636 0.393311824424 0.0325010932178 
0.77565807283 0.589967736636 0.393311824424 0.0325010932178 
0.77255773137 0.593847861118 0.395898574079 0.0380026089227 
0.769501058769 0.598450500561 0.398967000374 0.039217744755 
0.774543236807 0.596066565206 0.397377710137 0.0374223399413 
0.773443700038 0.59794522887 0.39863015258 0.0406076150725 
0.752126631764 0.618529274736 0.412352849824 0.0471794374417 
0.741954394385 0.631771085252 0.421180723502 0.050833736647 
0.791689819382 0.700534701282 0.467023134188 0.0499605069299 
0.779056614874 0.716099795484 0.477399863656 0.0537942103007 
0.770487534749 0.727495481528 0.484996987685 0.0564287528132 
0.759079885131 0.743242418821 0.495494945881 0.0606710847034 
0.749337390592 0.757414116316 0.504942744211 0.0640737799178 
0.728489631273 0.788718383225 0.525812255483 0.0704977857877 
0.709506575087 0.820574837998 0.547049891998 0.0765173596455 
0.700214313301 0.837054669576 0.558036446384 0.0784960118704 
0.687064792336 0.861606797329 0.574404531553 0.0809013111917 
0.673991211538 0.888016298145 0.59201086543 0.0835846352048 
0.65604765136 0.928438528668 0.618959019112 0.0842183591808 
0.642280536636 0.964839909056 0.643226606038 0.085223499392 
0.634048692274 0.98970595953 0.65980397302 0.0846592467642 
0.628691763044 1.0080289459 0.672019297268 0.0823796763205 
0.62325144984 1.03242796144 0.688285307624 0.0833773406151 
0.62073263242 1.05087203849 0.700581358996 0.0844495881411 
0.621574033038 1.04973524098 0.699823493988 0.0829184308757 
0.620482482245 1.05872073857 0.705813825714 0.084809921871 
0.621615571904 1.05754505561 0.705030037076 0.0831597369794 
0.621778750775 1.06089671416 0.707264476105 0.0836660825476 
0.621230851085 1.06845488432 0.712303256211 0.0859007706083 
0.623323252694 1.0605163881 0.7070109254 0.0840005559314 
0.624635255217 1.05736940002 0.704912933346 0.0840872547778 
0.625963813122 1.0538622189 0.702574812602 0.0844489519563 
1.06963634973 1.09486076585 0.729907177234 0.120836910965 
1.05538549245 1.09307211028 0.728714740187 0.120541970106 
1.0484906759 1.0877893993 0.725192932866 0.118567239205 
1.02598713763 1.0853733139 0.723582209266 0.117959723488 
1.00093452613 1.08427758965 0.722851726436 0.116757170924 
0.963025591998 1.08350088717 0.722333924778 0.115835079281 
0.906776984832 1.08418122584 0.722787483893 0.115228957087 
0.859368312998 1.08040895496 0.720272636642 0.113407504342 
0.804752010156 1.07237593618 0.714917290785 0.111015869836 
0.668628540396 1.0521693882 0.701446258798 0.10886352576 
0.607706572977 1.04371713881 0.695811425872 0.112918235809 
0.608665895413 1.0387975795 0.692531719666 0.115331843641 
0.610437910158 1.03053827346 0.687025515641 0.117066292014 
0.611754909262 1.02636922184 0.684246147894 0.120037756434 
0.609686770917 1.0387760564 0.692517370931 0.126649656451 
0.609948227002 1.03929087 0.692860579998 0.133371723872 
0.608658965124 1.04773819478 0.698492129856 0.1381970957 
0.606105629833 1.05859960904 0.705733072693 0.149385489256 
0.604164591565 1.07055685871 0.713704572475 0.155430888432 
0.599629989847 1.07882484677 0.719216564515 0.167786946196 
0.589996336567 1.0945220322 0.729681354797 0.181678403344 
0.588034432428 1.10627566837 0.737517112247 0.185594766053 
0.54103654865 1.12259550396 0.748397002643 0.194337065283 
0.539349244686 1.14424062719 0.762827084794 0.200986599041 
0.537834298381 1.15911016371 0.772740109137 0.205357329053 
0.480685365659 1.18488563663 0.78992375775 0.21363012751 
0.479768465635 1.21046831633 0.806978877551 0.220337355186 
0.478891294297 1.22421504642 0.816143364277 0.223475846599 
0.416434366083 1.24582918173 0.83055278782 0.216505376774 
0.416293846316 1.26261901955 0.841746013034 0.220052048417 
0.41595938146 1.27751401206 0.85167600804 0.222959534868 
0.352455389755 1.30236975297 0.868246501982 0.211512885633 
0.352656383271 1.32581501456 0.883876676372 0.215871002981 
0.295072206225 1.3510365093 0.900691006197 0.20541208418 
0.295429788654 1.36799877559 0.911999183727 0.207849036862 
0.235553721568 1.39554195161 0.930361301076 0.188171494595 
0.235853322939 1.4075529002 0.938368600134 0.18952285387 
0.188213916587 1.42563911686 0.950426077908 0.169139019999 
0.188545419235 1.43914203721 0.95942802481 0.170440395011 
0.140055482726 1.4570926204 0.971395080267 0.152179867761 
0.140298639213 1.46024651491 0.973497676604 0.147083770969 
0.140439272147 1.46744248037 0.978294986911 0.147533817051 
0.104992483413 1.47610221067 0.984068140444 0.132079075605 
0.105155877359 1.48345895253 0.988972635017 0.13250996929 
0.103864129855 1.48840474213 0.992269828085 0.126394668264 
0.103879516263 1.49288867859 0.995259119062 0.126685438236 
0.0684326947162 1.49838505823 0.998923372154 0.117142259262 
0.0684862173718 1.50112959134 1.00075306089 0.11729983678 
0.0684890829515 1.5018486895 1.00123245967 0.117312989367 
0.0684349447919 1.49969738442 0.99979825628 0.117122785831 
0.0684149060504 1.49851931471 0.999012876474 0.11698198051 
0.0683875774068 1.49742395368 0.998282635785 0.116956979658 
0.068281995419 1.49216307689 0.994775384596 0.116744662014 
0.0696192130647 1.48761722914 0.991744819425 0.123420960946 
0.0696267073897 1.4823264003 0.9882176002 0.123140324076 
0.114447948985 1.47115266546 0.980768443637 0.137655546038 
0.114039634575 1.4518257736 0.967883849068 0.136216051684 
0.175292379073 1.43006845521 0.953378970141 0.154775752937 
0.210239568874 1.40434230848 0.936228205651 0.159073210007 
0.209852946193 1.38362851124 0.922419007496 0.157098389218 
0.284977003161 1.34523803783 0.896825358556 0.167363689376 
0.303178829143 1.30835863589 0.872239090591 0.148651226837 
0.377180419016 1.26301835521 0.84201223681 0.14553225038 
0.425118910116 1.21916705152 0.812778034348 0.12711598633 
0.470596812629 1.17712802937 0.784752019577 0.109513517157 
0.51389192784 1.13603051534 0.757353676896 0.0925103796061 
0.521956934683 1.10207560676 0.734717071174 0.0762936390808 
0.569059738468 1.08045142853 0.720300952351 0.0679148265874 
0.575700018438 1.05014165834 0.700094438895 0.0564328256387 
0.581853730381 1.03046565133 0.686977100887 0.046992376095 
0.624375675443 1.01881658536 0.679211056905 0.0391963752707 
0.627698043978 1.00484536224 0.669896908161 0.0310356070783 
0.629934101333 0.99529405314 0.66352936876 0.0226180271427 
0.633434223513 0.981395368635 0.65426357909 0.0154684656518 
0.630290091674 0.990619903542 0.660413269028 0.0123879239399 
0.628683495569 0.994635802199 0.663090534799 0.00750076658832 
0.628497042907 0.993249214649 0.662166143099 0.00337867167159 
0.627376784177 0.994495295271 0.662996863514 0.000292603533491 
0.628527820782 0.987676414681 0.658450943121 -0.00255242181565 
0.624702041477 0.997923381012 0.665282254008 -0.00282987607842 
0.626926177894 0.986911629303 0.657941086202 -0.00621837911378 
0.62469163586 0.990076226331 0.660050817554 -0.00726496750136 
0.62469163586 0.990076226331 0.660050817554 -0.00726496750136 
0.62469163586 0.990076226331 0.660050817554 -0.00726496750136 
0.625577918625 0.982510491453 0.655006994302 -0.0102563523944 
0.622693632049 0.985831782565 0.657221188377 -0.0101812213819 
0.622118860843 0.980953749789 0.653969166526 -0.0109630839684 
0.622118860843 0.980953749789 0.653969166526 -0.0109630839684 
0.622612128511 0.972053098827 0.648035399218 -0.0123679297286 
0.617694528771 0.97954665534 0.65303110356 -0.0111712697581 
0.61353026734 0.984866799403 0.656577866269 -0.00981141659346 
0.609533458396 0.988541330423 0.659027553615 -0.00918984226207 
0.610086420238 0.978132280127 0.652088186752 -0.0106456008807 
0.604876794123 0.985137411949 0.656758274633 -0.00931491765579 
0.0158518249376 0.0487212931232 0.0324808620821 0.0196323706571 
0.00781629638067 0.119306614128 0.0795377427517 0.0219604756596 
0.00628915053323 0.144315698288 0.096210465525 0.0228225010191 
0.00462704777151 0.174497510219 0.116331673479 0.0230048469705 
0.0117402921381 0.108134010234 0.0720893401559 0.0212190194924 
0.00715870604045 0.156156415549 0.104104277033 0.0235057602324 
0.00216193712417 0.223352920474 0.148901946983 0.0286884017173 
1.2469913932e-18 0.296958855747 0.197972570498 0.0356499754638 
0.00195546319852 0.241871339163 0.161247559442 0.0307713791171 
0.00632837122776 0.273813237631 0.18254215842 0.0340385493647 
0.0280987042218 0.254950586887 0.169967057924 0.0339719763869 
0.0565463835817 0.265965405378 0.177310270252 0.0389111663148 
0.0969467030874 0.297084256996 0.198056171331 0.063986872447 
0.166932985972 0.242980055187 0.161986703458 0.0966853689041 
0.241081603467 0.21745145592 0.14496763728 0.0902756489825 
0.342645980731 0.280942897989 0.187295265326 -0.0181757909742 
0.561378318697 0.524710481589 0.349806987726 -0.00016876031147 
0.796593333364 0.655363762586 0.436909175057 0.00466907677866 
0.887152429463 0.563831645853 0.375887763902 0.00765346968522 
0.852134773051 0.178292389549 0.118861593033 0.0142918397449 
0.972598606 0.146032524174 0.0973550161157 0.00787522428521 
1.03564396871 -2.11538524819e-17 -1.41025683213e-17 0.00716257100776 
1.15137055149 0.163486128723 0.108990752482 0.00470803707252 
1.22349810402 0.213416136692 0.142277424461 0.00421447162449 
1.23362565933 0.112808690032 0.0752057933548 0.00614071385778 
1.27371444089 0.112934873494 0.075289915663 0.00613261747555 
1.30216500921 0.0841339363629 0.0560892909086 0.00659926501218 
1.31540334998 5.98458292196e-17 3.98972194797e-17 0.00904432445205 
1.34774819778 6.32067787769e-22 4.21378525179e-22 0.0106154537399 
1.37461197071 -3.4487260362e-22 -2.2991506908e-22 0.0145445619247 
1.41485283653 1.03936878107e-21 6.92912520716e-22 0.0131409298214 
1.43862973113 1.73779989145e-22 1.15853326097e-22 0.0141878693574 
1.46059330783 -4.05432505479e-22 -2.70288336986e-22 0.0144574049825 
1.47320750557 -3.48701407237e-22 -2.32467604825e-22 0.0156087132947 
1.49363319328 6.54380211889e-22 4.36253474593e-22 0.0141350321417 
1.50742578873 -7.94656623567e-22 -5.29771082378e-22 0.0135029440842 
1.50792927946 3.16350357792e-22 2.10900238528e-22 0.0149235622075 
1.51636052581 4.78360475283e-23 3.18906983522e-23 0.0133552355884 
1.51386413702 4.78474102988e-22 3.18982735325e-22 0.0149775479799 
1.52019038558 -6.01759036817e-23 -4.01172691211e-23 0.0134418209028 
1.51131796027 4.00694747134e-22 2.67129831423e-22 0.0149914286736 
1.50448488793 9.41402276211e-22 6.27601517474e-22 0.0161738970711 
1.50680676251 -1.4215266818e-22 -9.47684454534e-23 0.015543115699 
1.50687947656 4.88352890734e-22 3.25568593823e-22 0.0148798731303 
1.50016636924 2.01450008243e-22 1.34300005495e-22 0.0160410230044 
1.5108844112 -6.49263445764e-23 -4.32842297176e-23 0.0131425805482 
1.49817442518 9.12027308937e-22 6.08018205958e-22 0.0154996628328 
1.49694194264 -3.85405068489e-22 -2.56936712326e-22 0.0161452356161 
1.49463398417 2.58150954194e-23 1.72100636129e-23 0.0161957705595 
1.50611913378 -6.11837139384e-22 -4.07891426256e-22 0.0132137267851 
1.50490397615 -3.97106584716e-22 -2.64737723144e-22 0.014076969676 
1.50683899679 6.68689417505e-22 4.45792945003e-22 0.0132807570437 
1.51064290626 3.55072484527e-22 2.36714989685e-22 0.0127412365502 
1.50578223021 -5.1589710567e-22 -3.4393140378e-22 0.013435924391 
1.50578223021 -5.1589710567e-22 -3.4393140378e-22 0.013435924391 
1.49925178803 4.96367018791e-22 3.3091134586e-22 0.0138699670831 
1.50892797488 7.47657238779e-22 4.98438159186e-22 0.0105500678378 
1.50200118867 -5.08362417851e-22 -3.38908278567e-22 0.0104392597715 
1.47680035011 4.74122573806e-22 3.16081715871e-22 0.012518763374 
1.41168467069 -1.32497596279e-22 -8.83317308526e-23 0.019640471415 
1.32990241113 -9.73428801891e-22 -6.48952534594e-22 0.0248163190531 
1.24702093228 6.60278377019e-22 4.4018558468e-22 0.0295888223352 
1.17107647568 2.28172053445e-18 1.52114702297e-18 0.0315294086154 
1.05976395078 -2.15324096184e-19 -1.43549397456e-19 0.035255493109 
0.939612855291 0.0212202145557 0.0141468097038 0.0432316048147 
0.816253755647 0.0482652858084 0.0321768572056 0.0472422485753 
0.803417229752 0.54754476791 0.365029845273 0.0243915820137 
0.787536766482 0.712380023006 0.474920015338 0.019060028427 
0.740090475128 0.770844577072 0.513896384715 0.012932081428 
0.703020982379 0.824786524366 0.54985768291 0.0106966833799 
0.682305531089 0.858209164826 0.572139443217 0.00864384800573 
0.328962022107 0.604359528015 0.40290635201 0.0141093649587 
0.280449355004 0.553225301118 0.368816867412 0.0141269078423 
0.261419526946 0.573692914208 0.382461942805 0.0147324804087 
0.235272878115 0.524354571967 0.349569714645 0.0151394002788 
0.218134318899 0.453828058525 0.302552039016 0.0171354901856 
0.220451620058 0.538003862035 0.358669241357 0.0138816144367 
0.209790519394 0.523127409673 0.348751606448 0.0134972622624 
0.200636833835 0.48802755272 0.325351701813 0.0124818763995 
0.195223503237 0.44494057819 0.296627052126 0.0146528563307 
0.196938122212 0.439559910748 0.293039940499 0.0125765614246 
0.206236726954 0.434320751351 0.289547167567 0.0078140370308 
0.239623241656 0.558376075226 0.372250716818 0.00524822032513 
0.244122724355 0.526871654193 0.351247769462 -0.00194593993847 
0.209303577116 0.511329430378 0.340886286919 -0.00471724242362 
