# measurement started at start_time 1435671724.44
0.001	83.64	-5.94	-18.21
0.002	83.64	-5.94	-18.21
0.027	84.82	-0.59	-15.76
0.052	84.52	1.49	-16.06
0.078	84.52	-1.49	-15.45
0.105	84.82	-0.59	-16.37
0.128	83.05	-1.78	-17.59
0.154	84.23	1.19	-16.98
0.179	85.11	-0.89	-16.68
0.211	84.82	0.59	-15.76
0.229	83.35	-0.3	-14.84
0.261	83.94	-0.89	-16.68
0.280	83.05	-0.59	-15.15
0.312	85.11	-0.3	-16.06
0.331	83.94	-0.3	-16.06
0.361	85.11	0.3	-16.06
0.381	86.29	0.89	-16.06
0.411	84.82	0.59	-15.15
0.432	83.64	0.0	-15.76
0.461	83.64	-2.38	-14.53
0.483	85.41	-0.59	-13.92
0.512	85.11	0.89	-17.29
0.534	83.35	-0.3	-16.06
0.561	84.82	-1.19	-16.37
0.583	83.94	1.49	-16.68
0.611	84.82	0.0	-16.37
0.634	83.35	0.89	-15.45
0.661	84.52	2.08	-15.45
0.685	83.94	-0.3	-16.68
0.711	85.11	-0.3	-16.68
0.735	84.23	1.19	-16.37
0.761	85.11	0.3	-15.45
0.786	84.82	0.0	-16.37
0.812	84.23	0.0	-15.76
0.845	84.52	-0.3	-16.06
0.862	83.64	0.0	-16.98
0.887	84.23	1.78	-15.76
0.912	84.82	0.0	-15.76
0.945	86.29	-0.3	-14.84
0.963	84.23	0.0	-15.15
0.995	84.23	-1.78	-14.53
1.013	85.41	1.78	-15.76
1.045	84.23	0.59	-16.37
1.064	83.94	-1.49	-15.45
1.095	83.64	0.0	-15.15
1.115	83.35	0.3	-15.45
1.146	84.52	0.3	-13.62
1.165	84.52	1.49	-16.06
1.195	83.64	0.59	-15.76
1.215	85.11	-0.3	-14.84
1.245	83.35	1.49	-16.68
1.266	84.23	0.59	-15.76
1.295	83.94	0.3	-16.06
1.317	84.82	1.19	-14.53
1.345	85.11	0.3	-15.45
1.367	84.23	-0.59	-15.76
1.395	84.52	-0.3	-16.06
1.418	84.23	0.0	-16.37
1.445	85.41	-0.59	-14.53
1.468	86.0	0.0	-15.76
1.496	83.35	0.89	-16.68
1.519	85.7	-0.3	-15.45
1.545	83.64	0.59	-15.76
1.579	84.52	-0.3	-15.45
1.596	83.94	-0.89	-14.23
1.620	86.0	0.0	-15.76
1.663	86.0	1.19	-14.53
1.671	85.11	0.89	-16.06
1.696	84.23	0.59	-15.76
1.729	83.94	0.3	-15.45
1.746	85.11	0.3	-16.06
1.779	85.41	0.0	-15.76
1.798	83.94	-0.3	-16.06
1.829	83.94	0.3	-17.29
1.847	84.82	0.59	-15.15
1.879	84.23	0.59	-14.53
1.898	83.94	0.89	-16.06
1.929	84.23	-1.78	-15.15
1.949	86.29	0.3	-16.06
1.979	84.82	-1.78	-15.15
1.999	84.23	0.0	-16.37
2.029	83.94	0.89	-14.23
2.050	86.0	-0.59	-16.98
2.079	84.23	0.0	-18.21
2.100	85.41	0.59	-15.15
2.130	84.23	-0.59	-16.98
2.151	84.52	0.89	-16.06
2.179	83.64	1.19	-15.15
2.202	84.23	-0.59	-16.37
2.229	84.23	-0.59	-14.53
2.252	84.82	0.0	-16.37
2.279	84.52	-0.3	-17.29
2.303	85.11	-0.89	-16.68
2.330	84.52	-1.49	-15.45
2.363	85.11	-0.89	-14.23
2.379	85.41	0.0	-15.76
2.404	83.05	-0.59	-15.76
2.430	83.35	0.3	-15.45
2.463	84.52	-0.3	-14.84
2.480	84.82	0.0	-15.15
2.505	82.47	-1.19	-15.15
2.530	84.52	-1.49	-15.45
2.563	83.64	0.59	-16.37
2.581	83.94	-0.3	-15.45
2.606	83.94	-0.89	-16.68
2.631	85.7	-0.3	-14.84
2.663	84.82	-0.59	-16.37
2.682	85.11	0.3	-16.06
2.713	83.94	-0.3	-17.29
2.733	84.52	0.3	-17.29
2.763	84.52	-0.89	-17.29
2.783	84.52	-1.49	-17.29
2.813	85.41	0.0	-17.59
2.834	83.05	-0.59	-17.59
2.863	83.35	-0.89	-17.29
2.884	83.64	-0.59	-17.59
2.914	85.41	-0.59	-17.59
2.935	83.64	-2.38	-17.59
2.963	82.47	-0.59	-17.59
2.997	84.52	-3.27	-19.12
3.014	84.23	0.0	-18.21
3.036	83.94	-0.89	-16.68
3.063	82.76	-0.3	-18.51
3.097	82.76	-0.3	-17.9
3.114	84.82	-0.59	-16.37
3.137	83.05	-1.78	-16.37
3.164	84.82	-0.59	-16.98
3.197	83.05	-1.19	-16.98
3.215	83.35	-0.3	-17.9
3.239	83.94	-2.67	-18.51
3.264	84.82	-2.38	-15.76
3.297	84.82	-0.59	-16.37
3.315	84.52	-0.3	-16.68
3.347	84.52	-2.08	-14.84
3.365	84.23	-1.19	-17.59
3.397	84.82	-0.59	-16.98
3.416	85.11	-0.3	-16.68
3.447	84.82	0.59	-16.98
3.466	85.41	0.0	-16.98
3.497	84.52	-0.89	-17.29
3.517	82.76	-0.3	-19.12
3.547	84.52	-0.89	-17.9
3.567	82.76	1.49	-16.68
3.597	85.41	-0.59	-16.98
3.618	82.76	0.89	-15.45
3.647	83.35	-0.3	-17.9
3.717	84.82	-0.59	-17.59
3.718	85.11	-0.89	-17.29
3.719	83.64	-0.59	-18.82
3.748	83.35	0.89	-17.9
3.770	83.64	-1.19	-16.98
3.798	85.41	0.0	-16.98
3.820	84.52	-0.89	-16.68
3.848	82.76	-0.89	-16.06
3.871	83.64	-0.59	-16.37
3.897	83.94	-0.89	-16.68
3.922	84.23	-0.59	-16.98
3.947	83.35	-1.49	-16.68
3.981	82.76	0.3	-17.9
3.997	83.64	-0.59	-15.76
4.023	83.35	0.3	-17.9
4.048	83.64	0.59	-16.98
4.081	83.64	0.0	-16.98
4.099	83.05	-1.78	-16.98
4.124	83.94	-0.89	-17.9
4.149	82.76	-0.89	-16.68
4.181	83.64	-2.38	-16.37
4.200	82.76	-0.89	-17.29
4.232	85.7	-2.08	-16.06
4.250	83.94	-0.89	-17.9
4.281	84.23	-1.19	-16.98
4.301	83.64	-0.59	-18.82
4.331	84.52	-0.3	-17.29
4.352	84.23	0.59	-18.21
4.382	84.82	0.0	-18.82
4.402	83.64	-1.19	-16.98
4.432	83.35	0.89	-17.29
4.453	84.82	0.59	-18.21
4.481	83.05	-0.59	-17.59
4.503	84.82	-0.59	-15.15
4.532	83.64	-2.38	-15.15
4.554	84.23	-0.59	-17.59
4.582	83.94	0.3	-17.9
4.615	85.7	-1.49	-18.51
4.632	85.7	-0.3	-17.9
4.655	85.11	-1.49	-16.68
4.682	84.23	-2.38	-18.21
4.706	85.11	-1.49	-17.29
4.732	83.64	-0.59	-16.98
4.765	83.64	0.59	-18.21
4.782	82.76	-0.89	-17.9
4.815	83.94	0.89	-16.06
4.832	83.05	-0.59	-17.59
4.865	83.94	-2.67	-17.9
4.883	81.88	-0.59	-16.98
4.915	82.17	-0.89	-17.29
4.933	84.52	-0.89	-16.68
4.965	82.76	0.3	-17.29
4.984	83.05	0.0	-16.37
5.015	83.64	0.0	-18.21
# time: 5.01534819603 call nr 200
#time	magX	magY	magZ
5.034	83.64	-0.59	-17.59
5.065	81.88	1.78	-16.98
5.085	85.11	-1.49	-17.29
5.116	84.23	-1.19	-18.21
5.136	83.94	-1.49	-16.68
5.166	83.64	-1.78	-17.59
5.186	83.35	-0.89	-17.9
5.216	83.05	-1.19	-18.21
5.237	84.23	-0.59	-17.59
5.265	83.64	-1.19	-17.59
5.287	83.35	-0.89	-17.9
5.316	84.23	-1.19	-16.37
5.338	84.23	-0.59	-17.59
5.366	83.64	-1.19	-18.82
5.389	81.88	-0.59	-20.65
5.416	80.11	-0.59	-23.71
5.439	79.82	-1.49	-25.24
5.466	77.76	-0.59	-25.55
5.499	76.0	-4.16	-26.77
5.515	76.0	-1.78	-27.39
5.541	74.53	-2.67	-30.14
5.566	73.94	-5.05	-30.14
5.599	71.88	-3.56	-31.06
5.616	70.71	-4.16	-32.28
5.642	71.59	-5.05	-31.98
5.667	68.36	-4.75	-34.12
5.699	69.24	-5.64	-34.43
5.718	67.77	-5.94	-38.4
5.773	68.06	-5.05	-38.1
5.773	66.59	-5.94	-38.4
5.799	66.59	-6.53	-39.63
5.819	66.3	-6.24	-41.77
5.850	64.53	-8.61	-42.38
5.870	64.83	-7.13	-42.08
5.899	65.71	-5.64	-42.99
5.920	65.12	-6.83	-41.77
5.950	65.71	-7.43	-41.16
5.971	66.59	-5.94	-40.85
5.999	64.24	-8.91	-42.69
6.021	65.41	-7.72	-42.08
6.050	66.59	-7.13	-41.46
6.072	64.83	-7.13	-40.85
6.100	65.12	-6.83	-40.54
6.133	64.53	-6.24	-43.61
6.150	67.18	-7.13	-42.08
6.173	64.24	-7.72	-42.08
6.200	65.71	-6.24	-41.77
6.233	66.0	-6.53	-43.91
6.251	66.88	-6.83	-44.22
6.283	64.83	-6.53	-42.08
6.300	64.83	-7.13	-43.91
6.333	64.53	-7.43	-44.22
6.351	63.65	-7.13	-45.75
6.383	62.48	-7.13	-45.75
6.401	63.36	-8.02	-46.67
6.433	63.36	-8.02	-46.05
6.452	64.53	-8.02	-47.89
6.483	62.48	-8.91	-46.97
6.502	63.36	-10.4	-46.67
6.534	62.18	-8.02	-46.05
6.553	62.48	-9.5	-48.81
6.583	62.48	-8.32	-50.03
6.604	60.71	-9.5	-50.03
6.634	61.3	-10.1	-50.64
6.654	63.06	-9.5	-50.64
6.683	62.48	-9.5	-51.87
6.705	60.71	-10.69	-50.64
6.734	59.83	-10.4	-51.56
6.756	60.71	-9.5	-51.25
6.783	61.01	-9.21	-51.56
6.806	60.12	-10.1	-51.25
6.834	60.12	-10.69	-53.09
6.867	60.12	-10.69	-51.25
6.884	60.42	-10.99	-54.62
6.908	58.95	-8.91	-52.48
6.934	61.01	-9.21	-53.4
6.967	59.24	-9.21	-54.01
6.984	61.01	-8.61	-52.17
7.009	61.3	-10.1	-54.31
7.034	59.24	-11.58	-52.17
7.067	59.83	-9.21	-53.4
7.085	58.95	-9.5	-52.48
7.117	61.01	-10.4	-54.62
7.136	60.71	-10.1	-53.09
7.167	59.83	-9.8	-54.01
7.186	59.54	-9.5	-54.31
7.217	59.83	-9.8	-54.62
7.237	60.71	-10.69	-52.48
7.267	58.65	-9.21	-55.23
7.288	58.95	-8.91	-54.31
7.318	58.65	-8.61	-54.62
7.338	59.54	-9.5	-55.54
7.368	59.83	-9.8	-52.79
7.389	58.65	-10.99	-55.23
7.418	58.95	-10.1	-53.7
7.440	60.42	-8.61	-54.62
7.467	59.24	-9.21	-54.62
7.490	59.24	-9.21	-52.79
7.518	57.77	-11.29	-54.31
7.552	57.77	-10.69	-53.09
7.568	59.54	-8.32	-56.15
7.592	59.24	-11.58	-53.4
7.617	59.83	-11.58	-54.01
7.652	59.83	-11.58	-55.23
7.668	59.83	-10.4	-54.01
7.693	58.95	-10.69	-54.93
7.718	60.42	-10.4	-54.01
7.752	59.83	-9.8	-53.4
7.769	58.36	-10.69	-54.31
7.824	60.42	-9.8	-55.23
7.864	61.01	-10.99	-57.07
7.865	60.12	-12.47	-56.15
7.870	60.71	-11.29	-56.15
7.896	59.83	-9.8	-52.79
7.921	59.24	-9.8	-54.01
7.952	59.24	-11.58	-54.62
7.972	59.24	-10.4	-52.17
8.001	60.12	-10.1	-54.93
8.023	60.42	-11.58	-53.4
8.052	60.42	-10.99	-54.01
8.073	59.54	-11.29	-53.7
8.102	58.65	-10.99	-55.23
8.124	59.54	-10.69	-53.7
8.152	59.24	-10.4	-54.62
8.175	58.65	-10.99	-54.62
8.202	60.12	-10.69	-54.31
8.225	58.95	-10.1	-54.93
8.252	59.54	-11.29	-54.31
8.276	59.83	-10.99	-52.79
8.302	60.12	-9.5	-54.31
8.335	60.42	-10.99	-54.01
8.352	59.24	-9.8	-53.4
8.378	59.83	-12.18	-54.01
8.403	58.95	-8.91	-53.09
8.435	58.65	-10.99	-55.23
8.454	60.71	-9.5	-54.31
8.486	59.24	-9.21	-54.62
8.504	56.89	-10.4	-54.01
8.535	59.54	-11.88	-54.31
8.555	60.12	-11.29	-55.54
8.585	61.3	-10.69	-53.7
8.606	60.12	-10.69	-54.31
8.636	59.54	-10.1	-55.54
8.656	60.42	-10.99	-54.01
8.686	58.65	-10.4	-53.4
8.707	59.54	-11.29	-52.48
8.735	59.24	-10.99	-54.01
8.758	58.95	-10.69	-53.7
8.786	59.54	-10.1	-55.54
8.809	60.12	-10.69	-54.31
8.836	58.65	-9.8	-55.23
8.859	60.42	-10.4	-57.07
8.886	60.71	-10.1	-53.09
8.919	58.36	-10.1	-55.54
8.936	58.95	-10.1	-54.31
8.961	60.71	-10.1	-55.54
8.986	60.71	-12.47	-53.09
9.019	58.95	-9.5	-56.15
9.037	60.42	-11.58	-54.62
9.062	60.42	-10.99	-54.62
9.088	58.95	-10.1	-54.31
9.119	60.12	-11.29	-54.93
9.138	59.54	-10.69	-54.93
9.169	59.54	-12.47	-52.48
9.189	59.54	-11.29	-55.54
9.219	59.54	-11.29	-54.93
9.240	59.83	-9.21	-54.62
9.269	60.71	-10.69	-54.93
9.290	58.95	-10.1	-55.54
9.319	60.71	-10.69	-53.7
9.341	59.83	-12.18	-55.23
9.369	59.24	-10.4	-54.01
9.392	58.65	-11.58	-54.62
9.419	58.65	-10.99	-54.62
9.443	59.54	-9.5	-54.93
9.471	59.54	-10.69	-53.7
9.493	59.54	-11.29	-54.93
9.519	60.12	-10.1	-53.7
9.553	60.12	-11.29	-54.93
9.570	59.54	-10.1	-53.7
9.603	58.95	-9.5	-54.31
9.620	59.24	-9.8	-53.4
9.653	59.24	-9.8	-54.62
9.671	58.65	-10.4	-54.01
9.703	61.01	-10.99	-55.23
9.721	60.12	-10.1	-53.7
9.753	58.95	-9.5	-54.93
9.772	59.83	-10.4	-53.4
9.803	58.36	-8.91	-54.31
9.823	58.65	-10.4	-55.23
9.853	60.42	-8.61	-57.07
9.907	58.95	-10.69	-55.54
9.910	59.83	-10.4	-54.62
9.924	57.18	-9.5	-53.7
9.953	59.24	-10.99	-53.4
9.975	60.71	-10.1	-55.54
10.003	58.65	-9.8	-55.84
10.025	59.83	-11.58	-54.62
# time: 10.0252130032 call nr 398
#time	magX	magY	magZ
10.053	59.54	-10.1	-53.7
10.076	60.71	-10.69	-55.54
10.103	61.01	-10.4	-54.62
10.127	58.36	-10.1	-54.31
10.153	59.83	-10.4	-53.4
10.187	59.83	-10.4	-54.01
10.203	60.12	-10.1	-53.09
10.228	58.95	-10.69	-54.93
10.254	58.65	-10.4	-55.84
10.287	59.83	-10.99	-53.4
10.304	60.71	-10.1	-53.09
10.337	60.12	-11.29	-54.93
10.355	59.54	-11.88	-54.31
10.387	58.95	-10.1	-54.93
10.406	60.42	-10.99	-54.62
10.437	60.42	-11.58	-54.01
10.457	60.42	-9.8	-54.62
10.488	60.71	-9.5	-54.31
10.507	60.12	-10.69	-54.93
10.537	61.59	-10.4	-55.23
10.558	61.59	-9.8	-52.79
10.587	58.95	-11.29	-53.09
10.609	58.95	-8.91	-54.31
10.637	60.12	-11.29	-54.31
10.659	60.42	-9.8	-53.4
10.688	58.95	-11.29	-53.7
10.721	58.95	-11.88	-54.93
10.737	59.83	-12.18	-53.4
10.761	58.65	-11.58	-52.17
10.788	59.24	-11.58	-52.79
10.821	59.24	-8.61	-54.62
10.837	58.95	-9.5	-54.31
10.862	60.71	-11.29	-56.15
10.887	58.95	-10.69	-55.54
10.921	60.42	-11.58	-55.23
10.938	61.01	-10.99	-54.62
10.971	59.54	-9.5	-54.93
10.989	59.54	-10.69	-54.93
11.021	59.83	-10.4	-55.84
11.040	61.01	-9.8	-52.79
11.078	59.54	-9.5	-52.48
11.090	60.42	-11.58	-54.62
11.121	60.42	-10.4	-54.62
11.141	59.83	-9.21	-54.01
11.171	59.83	-10.4	-54.62
11.192	58.36	-9.5	-55.54
11.221	60.12	-10.69	-54.93
11.242	60.12	-10.69	-53.7
11.271	59.83	-11.58	-54.01
11.293	60.12	-10.69	-55.54
11.321	60.42	-10.4	-52.79
11.354	59.24	-9.8	-55.23
11.371	59.24	-10.4	-54.62
11.394	60.12	-10.69	-54.93
11.421	58.95	-10.1	-53.09
11.457	60.12	-11.88	-55.54
11.471	59.83	-9.21	-54.01
11.496	60.42	-9.8	-54.62
11.522	59.83	-10.4	-55.23
11.555	59.54	-10.1	-53.7
11.572	58.95	-10.1	-53.7
11.597	60.12	-10.69	-53.7
11.623	58.95	-10.1	-55.54
11.655	58.65	-9.8	-54.01
11.673	59.83	-9.8	-54.62
11.705	61.01	-9.21	-54.01
11.724	58.36	-10.69	-56.15
11.755	59.24	-9.8	-54.62
11.775	61.3	-10.69	-53.09
11.806	60.42	-10.99	-54.01
11.825	59.83	-9.8	-55.84
11.855	58.95	-10.69	-54.31
11.876	59.54	-10.69	-54.31
11.906	60.42	-9.8	-55.84
11.933	59.54	-10.1	-54.93
11.955	61.89	-10.69	-54.31
11.977	60.12	-11.29	-54.31
12.005	59.54	-10.69	-54.31
12.028	59.83	-10.4	-54.62
12.055	58.95	-10.69	-53.7
12.079	61.01	-9.8	-54.01
12.106	59.54	-8.32	-54.31
12.139	60.71	-10.1	-54.93
12.155	60.12	-10.69	-54.93
12.180	61.3	-10.1	-54.31
12.206	58.95	-11.88	-54.93
12.239	58.65	-10.99	-54.62
12.256	61.01	-10.99	-53.4
12.282	59.24	-11.58	-55.23
12.307	58.36	-9.5	-55.54
12.339	59.83	-11.58	-55.23
12.358	61.01	-10.4	-53.4
12.389	58.36	-10.69	-54.31
12.408	59.54	-11.29	-54.93
12.439	60.42	-10.4	-54.62
12.459	59.24	-10.4	-54.01
12.489	58.95	-10.69	-53.7
12.510	60.12	-10.69	-56.15
12.539	61.01	-10.4	-54.01
12.561	58.95	-11.29	-54.31
12.589	59.83	-9.21	-54.62
12.611	60.42	-12.18	-54.62
12.639	59.24	-12.18	-53.4
12.672	60.42	-12.18	-55.23
12.689	60.71	-9.5	-53.7
12.713	60.12	-9.5	-54.93
12.739	60.42	-10.99	-54.62
12.773	58.95	-11.29	-53.09
12.789	60.42	-11.58	-54.01
12.814	60.71	-10.69	-53.7
12.839	59.83	-9.8	-55.23
12.873	60.42	-10.99	-54.62
12.890	60.12	-10.1	-54.31
12.915	58.95	-10.1	-54.93
12.941	59.83	-9.8	-54.62
12.973	59.83	-10.4	-55.23
12.991	58.95	-10.69	-53.7
13.023	59.83	-9.8	-54.62
13.042	60.12	-10.69	-54.93
13.073	61.59	-10.4	-53.4
13.093	58.36	-11.29	-55.54
13.123	60.12	-9.5	-53.09
13.144	60.12	-10.69	-53.7
13.173	57.77	-11.29	-54.31
13.194	61.01	-8.61	-55.23
13.223	60.12	-12.47	-54.31
13.245	60.71	-12.47	-55.54
13.273	59.83	-11.58	-53.4
13.296	60.12	-10.1	-55.54
13.324	60.42	-10.4	-53.4
13.346	60.42	-9.8	-55.23
13.373	60.42	-10.99	-54.62
13.397	60.42	-9.8	-55.23
13.423	59.54	-10.69	-53.7
13.448	59.83	-11.58	-53.4
13.473	60.71	-10.1	-51.87
13.498	58.95	-9.5	-53.7
13.524	60.12	-10.1	-54.93
13.557	59.54	-11.88	-53.7
13.575	59.54	-10.69	-54.93
13.607	59.83	-11.58	-55.84
13.625	59.54	-9.5	-55.54
13.657	61.01	-10.99	-54.01
13.676	59.54	-10.69	-54.93
13.707	59.24	-10.99	-55.84
13.727	62.48	-10.69	-54.31
13.757	59.24	-9.21	-55.23
13.777	60.42	-9.8	-53.4
13.807	60.71	-8.32	-55.54
13.828	59.83	-11.58	-54.62
13.857	59.83	-10.99	-54.01
13.879	60.42	-10.4	-56.46
13.907	58.65	-8.61	-53.4
13.929	60.71	-10.1	-53.7
13.961	59.83	-9.8	-55.23
13.980	58.36	-11.29	-54.31
14.007	58.36	-10.1	-54.31
14.031	59.83	-10.4	-55.84
14.057	60.42	-12.18	-54.01
14.091	58.95	-10.69	-53.7
14.108	59.24	-10.99	-54.01
14.132	60.12	-11.29	-56.15
14.158	58.65	-10.4	-54.62
14.191	61.01	-8.61	-52.17
14.208	59.24	-11.58	-54.01
14.240	61.89	-10.1	-53.7
14.259	61.59	-10.4	-52.79
14.291	60.12	-11.29	-53.09
14.310	59.83	-8.61	-53.4
14.341	62.18	-10.99	-53.4
14.360	58.65	-10.99	-53.4
14.391	60.71	-10.69	-53.09
14.411	58.95	-10.69	-54.31
14.441	59.54	-10.1	-54.93
14.462	61.59	-8.61	-53.4
14.491	60.12	-11.29	-53.7
14.513	60.42	-10.4	-52.79
14.541	59.54	-10.1	-54.31
14.563	60.42	-9.21	-54.01
14.591	60.12	-10.1	-56.15
14.614	59.54	-8.91	-54.93
14.641	60.71	-10.1	-54.31
14.665	58.95	-9.5	-53.7
14.691	60.42	-10.99	-52.17
14.715	59.54	-9.5	-54.31
14.741	58.95	-10.69	-52.48
14.766	59.83	-10.99	-53.4
14.791	59.24	-10.99	-53.4
14.825	59.54	-11.29	-53.7
14.842	60.12	-10.1	-54.93
14.874	59.54	-10.69	-53.7
14.893	60.42	-9.21	-52.79
14.925	58.95	-10.1	-53.09
14.943	60.71	-8.91	-52.48
14.974	60.71	-10.69	-53.09
14.994	60.71	-8.32	-53.09
15.025	61.59	-9.21	-53.4
15.045	61.89	-8.91	-53.09
# time: 15.0450360775 call nr 596
#time	magX	magY	magZ
15.074	60.42	-9.21	-54.62
15.095	60.71	-10.1	-53.09
15.125	61.59	-10.99	-53.4
15.146	61.01	-10.4	-52.79
15.174	61.01	-9.8	-52.79
15.197	60.71	-8.91	-51.87
15.225	60.42	-10.4	-51.56
15.247	62.18	-9.21	-52.79
15.275	61.01	-9.8	-52.17
15.308	61.3	-8.32	-52.48
15.325	60.71	-10.1	-51.87
15.349	62.48	-10.1	-52.48
15.375	60.71	-10.1	-51.25
15.408	60.71	-10.1	-51.25
15.426	61.59	-9.21	-47.89
15.450	63.06	-8.32	-47.58
15.475	63.36	-6.83	-44.83
15.508	64.83	-7.13	-44.52
15.526	66.59	-8.32	-40.85
15.551	66.0	-8.32	-40.85
15.577	66.3	-7.43	-41.77
15.608	65.12	-6.24	-42.38
15.627	66.0	-7.72	-40.85
15.658	66.3	-6.24	-42.38
15.678	64.24	-7.72	-42.08
15.708	63.36	-8.02	-41.16
15.728	66.88	-8.02	-42.38
15.759	66.88	-6.24	-41.77
15.779	65.71	-8.02	-39.32
15.809	66.59	-7.13	-39.63
15.830	67.18	-7.72	-38.4
15.859	67.47	-6.83	-38.71
15.880	69.53	-7.13	-35.95
15.909	68.06	-5.64	-36.26
15.931	69.83	-5.05	-36.26
15.959	69.53	-7.72	-33.51
15.985	70.41	-4.46	-33.81
16.008	69.83	-3.86	-32.59
16.032	71.29	-6.53	-31.67
16.059	72.47	-5.94	-31.67
16.092	71.29	-5.35	-31.06
16.109	75.7	-5.05	-29.53
16.133	74.53	-4.46	-28.3
16.159	75.7	-2.67	-28.3
16.192	75.12	-3.86	-27.08
16.209	76.29	-3.86	-24.63
16.235	77.47	-2.67	-24.02
16.260	78.65	-1.49	-23.41
16.293	79.53	-1.78	-23.1
16.311	78.65	-2.08	-21.57
16.342	80.7	-1.19	-21.88
16.361	79.82	-2.08	-20.35
16.393	82.76	-1.49	-19.12
16.412	81.88	-1.78	-18.82
16.442	81.88	-0.59	-17.59
16.462	82.47	-1.78	-17.59
16.492	82.76	-0.3	-16.06
16.513	82.76	-0.3	-16.06
16.543	82.76	-0.89	-17.29
16.564	80.7	0.0	-18.21
16.593	81.58	-0.89	-17.29
16.614	82.76	0.3	-18.51
16.643	82.76	-0.89	-17.9
16.665	82.47	-1.78	-15.76
16.693	82.17	-0.3	-17.29
16.726	82.17	-0.3	-17.29
16.743	82.17	-2.08	-16.68
16.766	83.05	-0.59	-17.59
16.793	83.35	-0.89	-16.68
16.826	81.88	-0.59	-16.37
16.843	80.7	-0.59	-17.59
16.867	81.88	0.59	-16.37
16.893	81.58	-0.3	-14.84
16.927	82.76	0.3	-14.23
16.944	81.88	1.78	-14.53
16.968	82.47	0.0	-15.76
16.994	82.17	-0.3	-14.23
17.026	82.76	-1.49	-15.45
17.044	83.35	-0.89	-14.23
17.076	83.05	0.59	-16.37
17.095	82.47	0.59	-15.15
17.127	82.17	-0.89	-14.84
17.145	82.76	0.89	-14.23
17.176	82.47	0.0	-14.53
17.196	81.0	-1.49	-16.06
17.226	81.88	-1.78	-15.15
17.246	83.35	1.49	-14.84
17.277	81.88	0.0	-16.37
17.297	83.35	-0.3	-14.23
17.327	83.05	0.0	-15.76
17.348	81.58	1.49	-14.23
17.377	82.17	-0.3	-16.06
17.398	81.29	0.59	-15.15
17.427	83.05	-0.59	-15.15
17.449	82.47	-1.19	-15.15
17.477	83.94	-0.3	-14.84
17.499	82.17	-0.3	-14.23
17.527	82.17	0.3	-14.23
17.560	82.76	-2.08	-14.84
17.578	81.58	-1.49	-14.23
17.600	82.17	0.3	-15.45
17.627	83.05	0.0	-14.53
17.651	81.29	-1.19	-15.76
17.677	83.05	1.19	-14.53
17.710	83.35	-0.3	-14.23
17.727	82.17	0.3	-15.45
17.752	83.05	0.0	-15.76
17.777	81.58	-0.3	-14.84
17.811	82.17	-1.49	-14.84
17.828	82.17	-0.89	-15.45
17.861	81.88	0.0	-13.92
17.879	83.05	0.0	-16.37
17.911	82.47	-0.59	-16.37
17.929	81.88	0.0	-15.15
17.961	81.29	0.59	-16.37
17.980	82.76	-2.08	-15.45
18.011	81.88	-0.59	-15.15
18.030	83.35	-1.49	-16.06
18.061	81.88	0.0	-15.76
18.081	81.58	1.49	-14.84
18.111	81.58	-0.89	-14.23
18.131	82.76	0.3	-15.45
18.161	82.47	-0.59	-15.76
18.182	82.76	-0.3	-15.45
18.211	82.47	1.19	-16.37
18.233	83.35	-0.89	-15.45
18.261	81.88	0.59	-15.15
18.283	82.76	-0.89	-14.23
18.311	81.58	-0.3	-15.45
18.344	84.23	-1.19	-15.76
18.361	82.17	-0.89	-15.45
18.384	83.35	-0.89	-15.45
18.411	81.58	0.3	-14.23
18.444	82.17	-1.49	-16.06
18.461	81.58	-1.49	-15.45
18.486	82.76	-0.89	-14.84
18.511	82.47	-1.19	-16.37
18.545	80.7	-1.19	-16.37
18.562	82.76	-0.3	-15.45
18.587	82.47	0.59	-13.92
18.612	81.58	0.89	-15.45
18.644	82.76	-0.3	-14.23
18.663	82.47	0.59	-14.53
18.688	81.0	-0.89	-16.06
18.713	82.47	1.19	-13.31
18.745	82.17	1.49	-14.23
18.764	83.05	0.59	-12.7
18.789	82.47	1.78	-13.31
18.814	83.64	0.59	-13.31
18.845	81.88	1.78	-13.92
18.865	83.35	0.3	-13.62
18.895	83.94	0.3	-14.23
18.916	82.47	0.0	-12.09
18.945	82.17	-0.3	-13.01
18.966	83.94	-0.89	-14.23
18.995	82.17	-0.3	-13.62
19.017	83.05	0.59	-12.7
19.045	81.29	1.19	-14.53
19.067	83.64	0.59	-14.53
19.095	83.05	0.0	-14.53
19.118	83.05	0.59	-14.53
19.145	83.05	0.0	-13.31
19.168	82.17	-0.3	-15.45
19.196	82.17	-0.3	-14.23
19.228	83.05	1.19	-14.53
19.245	84.23	0.0	-13.31
19.269	83.05	1.19	-14.53
19.296	82.47	0.59	-13.92
19.329	81.88	0.0	-14.53
19.345	83.64	0.59	-15.15
19.371	83.05	-1.19	-13.92
19.396	83.35	-0.89	-13.62
19.428	82.76	0.3	-14.84
19.446	83.94	-0.89	-15.45
19.480	83.35	0.3	-13.01
19.497	83.64	0.59	-13.92
19.528	82.76	-1.49	-14.23
19.548	83.64	0.0	-14.53
19.579	82.76	1.49	-14.84
19.598	82.76	1.49	-13.62
19.629	83.05	0.59	-13.92
19.649	83.05	1.19	-12.09
19.680	82.47	0.0	-13.92
19.699	81.88	0.59	-13.31
19.729	83.05	0.0	-13.31
19.750	81.88	-0.59	-15.76
19.779	83.35	-0.3	-15.45
19.800	82.76	-0.3	-14.23
19.829	83.35	-0.3	-13.01
19.851	82.17	0.89	-13.01
19.879	82.47	0.59	-13.92
19.902	81.29	0.0	-12.7
19.929	82.76	-0.3	-13.62
19.952	81.58	0.89	-14.23
19.979	82.47	1.19	-13.31
20.003	83.05	0.0	-13.31
20.065	81.88	0.59	-13.31
# time: 20.0653951168 call nr 793
#time	magX	magY	magZ
20.066	83.05	1.78	-13.92
20.079	82.17	0.3	-13.62
20.104	82.76	-0.89	-13.62
20.129	83.05	-0.59	-15.15
20.162	81.58	0.89	-14.23
20.180	81.29	-1.19	-13.92
20.205	82.47	0.0	-14.53
20.230	84.23	1.19	-14.53
20.263	81.88	1.19	-13.31
20.281	82.76	0.3	-14.23
20.306	83.05	0.0	-14.53
20.331	82.76	-0.3	-16.06
20.363	82.76	-0.3	-14.84
20.382	82.17	1.49	-14.23
20.407	82.47	-1.19	-13.92
20.433	82.76	-0.3	-12.39
20.463	82.47	1.19	-13.92
20.483	81.88	0.59	-15.15
20.513	82.17	-0.3	-14.84
20.534	83.05	0.0	-12.7
20.563	82.47	0.59	-14.53
20.584	81.88	-0.59	-13.92
20.613	81.88	-0.59	-13.92
20.635	83.64	0.0	-15.15
20.663	81.58	-0.3	-14.84
20.685	82.76	0.89	-13.62
20.714	83.94	-0.3	-13.01
20.736	83.94	-0.89	-13.62
20.763	83.05	-0.59	-13.92
20.797	82.17	-0.3	-13.62
20.814	81.29	-0.59	-13.31
20.837	81.88	1.19	-13.31
20.863	83.35	0.3	-13.01
20.896	82.76	-0.89	-14.84
20.913	83.05	1.78	-13.31
20.938	82.76	-0.3	-14.84
20.964	81.58	-1.49	-14.84
20.997	82.76	0.89	-13.62
21.014	83.64	-0.59	-13.92
21.046	82.76	-0.3	-14.23
21.065	83.64	0.0	-13.92
21.097	83.05	-1.78	-13.31
21.115	82.17	0.89	-13.62
21.147	82.17	0.89	-14.23
21.166	83.05	0.59	-13.31
21.197	83.35	0.89	-13.62
21.216	82.47	0.0	-13.92
21.247	82.76	0.3	-13.01
21.267	81.58	0.3	-14.84
21.297	82.17	0.3	-14.23
21.318	81.58	0.3	-14.23
21.347	83.05	-0.59	-12.7
21.368	83.64	0.59	-13.31
21.398	82.17	0.89	-12.39
21.419	83.94	1.49	-14.23
21.447	83.05	1.19	-14.53
21.469	82.76	1.49	-13.62
21.498	82.76	-0.89	-13.62
21.520	82.76	0.3	-13.01
21.547	83.05	0.0	-14.53
21.570	83.64	-0.59	-14.53
21.598	83.35	0.3	-12.39
21.630	83.94	0.3	-14.84
21.647	82.17	-0.89	-14.23
21.672	84.52	0.89	-13.01
21.697	83.35	1.49	-14.23
21.731	83.05	-0.59	-12.09
21.747	82.47	-0.59	-13.31
21.781	82.76	-0.3	-13.01
21.798	82.47	-1.19	-14.53
21.823	82.47	0.59	-14.53
21.849	83.64	1.19	-15.76
21.881	82.76	-0.89	-11.17
21.899	83.64	-0.59	-14.53
21.931	82.47	1.78	-12.7
21.950	82.47	1.19	-14.53
21.981	82.47	0.0	-13.31
22.000	83.64	-0.59	-14.53
22.031	81.58	-0.89	-14.84
22.051	83.05	0.59	-12.7
22.087	84.82	1.19	-13.31
22.102	82.76	-1.49	-11.78
22.131	83.64	-0.59	-15.15
22.152	82.47	1.19	-12.7
22.181	82.76	0.3	-13.01
22.203	83.05	0.0	-13.31
22.232	81.88	0.59	-13.31
22.253	81.0	0.3	-13.62
