# measurement started at start_time 1435675523.29
0.001	84.52	1.49	-14.23
0.002	84.52	1.49	-14.23
0.027	-18.96	2.67	-16.06
0.053	-19.26	1.78	-15.76
0.078	-19.85	1.78	-15.76
0.114	-19.55	0.89	-15.45
0.129	-19.55	2.67	-16.68
0.154	-20.14	1.49	-14.23
0.180	-18.67	2.38	-16.98
0.204	-18.67	1.19	-15.15
0.230	-19.26	1.19	-16.37
0.264	-20.43	1.19	-16.98
0.280	-18.67	2.38	-15.15
0.306	-19.26	2.38	-14.53
0.331	-17.2	0.3	-15.45
0.364	-20.14	2.08	-15.45
0.382	-21.02	1.19	-15.76
0.414	-19.26	3.56	-16.37
0.432	-18.67	1.78	-17.59
0.464	-20.43	2.38	-15.76
0.483	-19.85	1.78	-15.15
0.514	-18.37	3.27	-15.45
0.533	-21.02	2.97	-15.76
0.564	-19.85	4.16	-16.98
0.584	-19.85	2.97	-15.15
0.614	-19.55	1.49	-17.29
0.635	-19.85	1.78	-15.15
0.664	-20.14	2.08	-16.06
0.685	-20.43	0.59	-16.37
0.715	-19.85	2.97	-16.98
0.736	-20.43	2.38	-16.98
0.764	-17.79	3.27	-16.06
0.786	-19.85	1.78	-15.76
0.816	-20.43	2.38	-16.37
0.837	-19.26	1.78	-16.37
0.864	-21.02	2.97	-16.98
0.888	-18.96	2.08	-15.45
0.915	-20.14	2.08	-15.45
0.938	-18.67	2.38	-16.98
0.964	-20.43	2.97	-16.98
0.989	-21.31	1.49	-14.84
1.015	-19.26	1.19	-13.92
1.039	-18.96	3.27	-17.29
1.065	-19.55	1.49	-16.68
1.090	-19.26	1.78	-16.37
1.116	-19.26	1.78	-16.37
1.148	-21.31	2.67	-16.06
1.166	-20.14	2.67	-16.06
1.198	-18.37	2.67	-16.06
1.217	-18.67	0.0	-16.37
1.248	-18.96	0.89	-16.68
1.267	-19.85	2.38	-15.76
1.298	-18.37	1.49	-16.06
1.318	-18.67	1.19	-17.59
1.348	-19.85	2.97	-15.76
1.368	-18.37	0.89	-16.06
1.398	-19.85	2.38	-15.76
1.419	-20.73	1.49	-16.06
1.448	-18.37	2.08	-16.68
1.470	-19.55	2.08	-15.45
1.498	-17.79	0.89	-17.29
1.520	-18.67	2.38	-15.76
1.548	-19.85	2.38	-15.76
1.571	-20.14	1.49	-14.84
1.598	-18.96	0.89	-16.06
1.649	-18.37	2.67	-16.06
1.649	-19.85	1.78	-15.76
1.672	-20.73	2.67	-16.06
1.698	-18.96	1.49	-13.62
1.723	-20.14	0.89	-15.45
1.749	-20.43	2.38	-15.15
1.782	-18.96	1.49	-16.06
1.799	-19.55	-0.89	-16.06
1.824	-20.14	1.49	-16.68
1.849	-18.37	4.46	-16.06
1.882	-19.85	0.59	-15.15
1.900	-19.85	2.38	-16.37
1.933	-18.96	1.49	-16.68
1.950	-18.08	3.56	-15.76
1.982	-20.14	1.49	-16.06
2.001	-19.85	1.19	-16.37
2.032	-19.55	2.67	-15.45
2.052	-20.73	0.89	-16.06
2.082	-19.26	0.59	-14.53
2.102	-19.85	1.19	-16.37
2.133	-19.85	1.78	-15.76
2.153	-19.55	2.08	-15.45
2.182	-19.85	0.59	-16.98
2.203	-19.85	1.78	-15.15
2.233	-20.43	1.19	-16.98
2.254	-18.37	2.08	-14.84
2.282	-19.85	2.38	-16.98
2.305	-20.14	2.08	-15.45
2.333	-20.14	1.49	-17.9
2.355	-18.67	1.78	-16.98
2.383	-19.26	1.78	-15.15
2.406	-20.14	2.67	-16.06
2.433	-19.55	3.86	-15.45
2.456	-18.96	2.08	-14.84
2.483	-19.26	1.78	-14.53
2.507	-20.43	1.78	-16.98
2.532	-18.08	2.38	-15.15
2.567	-19.26	1.19	-16.98
2.583	-19.55	2.67	-14.23
2.608	-19.55	2.08	-16.68
2.634	-19.26	1.19	-15.15
2.666	-20.73	2.08	-16.68
2.684	-19.26	1.78	-16.98
2.709	-20.14	0.3	-14.23
2.735	-18.96	2.08	-15.45
2.767	-19.55	-0.3	-14.84
2.785	-19.26	1.19	-16.37
2.816	-18.96	2.67	-16.68
2.836	-18.96	0.89	-14.84
2.866	-19.55	2.08	-15.45
2.887	-20.14	0.89	-15.45
2.916	-19.26	2.38	-15.15
2.937	-19.26	1.19	-15.15
2.967	-19.55	1.49	-16.06
2.988	-19.26	1.78	-15.76
3.016	-18.37	0.89	-15.45
3.038	-18.96	1.49	-16.06
3.066	-20.43	1.19	-15.15
3.089	-19.55	0.3	-16.68
3.119	-19.55	2.08	-16.68
3.139	-19.55	2.67	-16.06
3.166	-18.08	-0.59	-15.76
3.200	-19.55	0.89	-14.84
3.216	-18.08	1.19	-14.53
3.241	-20.73	3.27	-16.68
3.266	-19.55	1.49	-16.06
3.300	-19.55	2.67	-16.06
3.317	-19.85	2.97	-15.15
3.342	-19.55	2.08	-15.45
3.367	-19.85	2.38	-15.76
3.400	-20.14	2.08	-15.45
3.418	-18.67	0.59	-16.37
3.450	-18.08	0.59	-16.98
3.468	-20.73	2.08	-16.68
3.500	-19.55	2.67	-16.06
3.519	-18.08	2.97	-15.15
3.550	-20.14	1.49	-14.84
3.570	-20.14	0.3	-16.68
3.600	-20.43	1.78	-15.76
3.620	-18.96	0.89	-14.84
3.650	-20.73	2.08	-16.68
3.702	-20.43	1.78	-15.76
3.702	-19.85	1.78	-15.15
3.721	-19.26	1.78	-16.37
3.750	-19.26	1.78	-16.98
3.772	-19.55	2.08	-15.45
3.800	-19.26	2.38	-17.59
3.823	-19.55	0.3	-15.45
3.850	-20.43	2.38	-15.15
3.873	-19.55	1.49	-15.45
3.900	-18.37	1.49	-16.06
3.924	-19.26	2.97	-15.15
3.951	-18.96	2.08	-16.68
3.974	-20.14	0.89	-14.84
4.001	-20.43	1.78	-14.53
4.034	-18.67	1.19	-15.76
4.052	-20.14	1.49	-17.29
4.076	-18.08	1.78	-15.15
4.101	-18.67	2.38	-15.76
4.134	-18.37	1.49	-15.45
4.155	-18.08	1.19	-15.15
4.184	-18.67	1.78	-15.15
4.202	-20.14	1.49	-15.45
4.234	-18.67	2.97	-14.53
4.253	-19.26	1.19	-15.15
4.284	-19.55	0.3	-17.29
4.303	-18.96	0.89	-15.45
4.334	-21.02	2.38	-15.76
4.354	-18.67	1.78	-16.98
4.385	-18.08	2.38	-16.98
4.405	-20.73	0.3	-15.45
4.434	-20.73	1.49	-16.06
4.455	-18.08	1.78	-16.37
4.485	-20.14	2.08	-16.06
4.506	-19.26	1.78	-15.76
4.535	-18.37	1.49	-16.06
4.556	-21.31	1.49	-14.84
4.585	-19.85	1.78	-16.37
4.607	-20.73	2.08	-16.06
4.635	-20.14	0.89	-15.45
4.658	-18.96	0.89	-16.68
4.685	-19.26	0.59	-15.76
4.708	-20.43	2.38	-15.76
4.734	-20.14	2.08	-17.29
4.759	-19.55	2.08	-17.29
4.785	-18.67	1.78	-16.98
4.818	-20.43	1.78	-14.53
4.835	-21.31	2.08	-15.45
4.860	-20.14	1.49	-14.84
4.885	-21.02	2.38	-15.15
4.918	-19.55	-0.3	-15.45
4.936	-20.14	2.67	-16.68
4.968	-20.43	0.59	-15.76
4.987	-19.55	1.49	-16.68
5.018	-21.02	1.78	-15.76
# time: 5.01830196381 call nr 200
#time	magX	magY	magZ
5.037	-21.02	2.38	-14.53
5.062	-20.14	2.08	-17.29
5.088	-19.85	2.97	-15.15
5.118	-19.55	0.89	-14.84
5.138	-19.26	1.78	-16.98
5.168	-19.55	2.67	-15.45
5.189	-19.55	2.67	-16.68
5.218	-20.14	1.49	-15.45
5.240	-20.14	1.49	-16.06
5.269	-20.43	1.78	-16.37
5.290	-20.43	2.97	-16.37
5.318	-19.85	1.78	-14.53
5.341	-19.26	3.56	-16.37
5.368	-18.08	1.78	-15.76
5.391	-19.26	1.78	-16.37
5.418	-18.67	2.97	-14.53
5.452	-18.67	1.19	-15.76
5.468	-18.08	1.78	-15.15
5.492	-20.14	2.08	-17.9
5.518	-19.85	1.78	-17.59
5.543	-20.14	1.49	-17.9
5.569	-19.85	1.78	-16.98
5.603	-22.78	1.19	-18.82
5.619	-21.61	1.78	-16.37
5.644	-20.14	2.08	-17.29
5.670	-23.96	1.19	-20.65
5.702	-23.08	0.3	-19.74
5.742	-21.61	0.0	-18.82
5.770	-22.2	1.78	-16.98
5.770	-21.31	1.49	-17.9
5.796	-23.96	1.78	-16.98
5.821	-21.31	0.89	-18.51
5.853	-21.31	1.49	-14.23
5.872	-18.37	2.08	-13.62
5.902	-18.37	2.67	-12.39
5.923	-17.49	2.97	-12.09
5.953	-16.9	2.97	-10.25
5.973	-17.49	1.78	-10.25
6.002	-14.85	3.27	-9.94
6.024	-15.14	2.97	-7.8
6.053	-15.44	2.08	-5.66
6.074	-13.67	4.46	-6.27
6.103	-12.79	4.16	-3.52
6.125	-12.79	5.35	-2.91
6.153	-11.03	3.56	-2.91
6.175	-9.56	3.86	-3.82
6.203	-11.61	4.75	-1.68
6.226	-8.09	5.35	-2.91
6.253	-9.26	4.16	-0.46
6.286	-8.97	5.05	0.46
6.303	-7.79	5.05	2.3
6.326	-6.32	5.94	3.82
6.353	-6.91	5.94	3.21
6.386	-4.56	6.53	1.99
6.403	-6.91	4.75	2.6
6.427	-4.26	6.83	4.74
6.453	-5.15	5.94	4.44
6.486	-4.85	4.46	7.19
6.503	-2.21	5.35	5.05
6.528	-4.56	6.53	7.5
6.553	-3.09	5.64	8.42
6.586	-0.74	6.83	9.03
6.603	-1.03	8.32	9.33
6.628	-0.44	7.13	9.94
6.653	-0.74	6.83	10.86
6.687	-1.03	8.32	13.01
6.704	-1.03	8.32	12.39
6.729	-0.74	6.24	13.31
6.754	-0.15	8.02	11.47
6.786	-1.91	6.24	13.31
6.805	-0.74	6.24	12.09
6.830	0.44	6.83	13.92
6.855	1.62	7.43	11.47
6.887	0.44	8.61	13.31
6.906	0.74	5.94	14.23
6.937	0.74	7.13	13.01
6.956	-1.32	5.64	13.92
6.986	1.91	8.32	15.45
7.007	1.32	8.32	15.45
7.032	2.79	8.61	14.53
7.057	2.79	8.02	16.37
7.086	1.62	8.02	15.15
7.107	1.32	8.32	14.84
7.138	2.21	7.43	17.59
7.158	2.79	9.21	16.37
7.187	3.97	8.61	16.98
7.208	2.5	8.32	17.9
7.237	2.5	7.13	18.51
7.259	3.68	7.13	18.51
7.287	4.56	8.02	20.04
7.309	3.09	8.32	17.9
7.337	3.38	9.21	20.04
7.359	4.56	8.61	19.43
7.387	4.85	7.13	20.35
7.410	3.38	9.21	20.65
7.437	3.97	9.21	19.43
7.460	5.44	8.91	21.57
7.487	3.97	8.61	19.43
7.520	4.85	8.91	20.96
7.537	4.56	10.4	19.43
7.561	5.15	7.43	21.27
7.587	5.44	9.5	21.57
7.620	3.38	8.02	20.65
7.637	4.56	9.21	20.04
7.662	4.26	8.91	20.96
7.687	4.56	9.8	21.27
7.720	3.38	6.83	20.65
7.738	3.09	10.1	20.35
7.770	3.68	7.72	20.96
7.840	5.15	9.8	21.27
7.840	5.73	9.8	21.88
7.840	5.15	9.8	21.27
7.871	5.73	8.61	21.88
7.889	5.44	9.5	22.18
7.921	6.03	9.5	21.57
7.939	4.56	8.02	21.88
7.971	6.03	8.32	22.8
7.990	4.85	8.91	22.8
8.021	5.44	9.5	22.8
8.040	6.03	8.91	22.8
8.071	6.03	10.69	24.02
8.090	6.03	8.91	24.02
8.121	5.44	8.32	22.18
8.141	6.62	8.91	23.41
8.171	6.62	9.5	24.02
8.191	6.62	8.91	24.02
8.222	6.91	9.8	22.49
8.242	4.85	10.1	22.18
8.271	5.44	9.5	22.8
8.292	5.73	8.61	22.49
8.322	5.44	8.32	24.63
8.342	6.03	8.91	23.41
8.371	4.85	8.32	23.41
8.393	6.32	7.43	23.1
8.421	4.85	7.13	22.18
8.443	5.44	8.91	22.18
8.471	6.03	7.13	24.63
8.494	6.62	8.91	24.02
8.521	4.85	8.91	24.02
8.544	4.85	7.72	24.02
8.571	6.32	8.02	23.71
8.595	6.32	6.83	21.88
8.621	6.03	7.72	23.41
8.645	6.32	6.83	24.33
8.671	6.32	8.02	24.33
8.695	7.5	8.61	23.1
8.721	4.56	6.83	23.1
8.746	5.73	9.21	23.1
8.771	6.32	8.02	24.33
8.805	6.32	6.24	23.1
8.822	5.44	7.72	23.41
8.847	6.32	8.02	24.33
8.872	6.62	7.72	24.63
8.905	6.03	8.32	25.86
8.922	6.03	7.72	24.02
8.947	6.62	7.72	24.02
8.973	7.5	6.83	26.16
8.998	6.91	8.02	23.71
9.023	6.62	8.32	24.63
9.056	6.62	8.91	24.02
9.073	4.85	8.32	25.86
9.105	6.32	8.02	23.71
9.124	5.44	9.5	24.63
9.155	4.85	8.91	24.63
9.174	6.91	7.43	24.94
9.205	5.73	9.21	26.16
9.225	5.44	8.32	25.86
9.256	7.2	7.72	24.02
9.275	6.62	7.13	25.24
9.305	6.62	8.32	24.63
9.326	5.73	9.21	23.71
9.356	6.03	8.32	24.63
9.376	7.2	8.32	25.24
9.405	6.03	7.72	24.63
9.426	6.03	7.72	24.63
9.456	6.62	8.32	25.24
9.477	6.91	9.21	25.55
9.506	7.2	9.5	24.63
9.527	6.32	7.43	26.16
9.556	7.2	8.91	23.41
9.578	6.32	8.61	25.55
9.606	6.91	6.24	24.94
9.628	5.73	8.61	24.94
9.656	6.03	7.72	25.86
9.678	6.32	9.21	24.33
9.706	7.79	9.5	25.24
9.729	6.91	8.61	24.94
9.756	4.56	8.61	25.55
9.779	6.62	10.1	25.24
9.808	4.26	7.13	24.63
9.839	8.09	8.02	24.33
9.861	6.62	9.5	25.86
9.880	5.73	9.8	24.33
9.906	6.32	9.8	24.94
9.930	5.44	8.32	24.02
9.956	5.15	10.4	23.71
9.981	6.32	8.61	24.33
10.006	6.91	7.43	24.33
10.040	6.03	7.72	24.63
# time: 10.0396389961 call nr 399
#time	magX	magY	magZ
10.057	5.73	9.21	24.33
10.089	7.2	7.72	24.63
10.106	6.62	7.72	25.86
10.140	6.32	7.43	24.33
10.157	6.32	8.02	26.77
10.183	7.5	9.21	25.55
10.208	7.2	8.91	25.86
10.240	6.91	8.02	24.94
10.258	6.32	8.61	26.16
10.283	6.91	8.02	23.1
10.309	5.15	8.61	24.33
10.340	6.91	9.21	25.55
10.359	6.32	9.21	24.94
10.390	6.62	7.72	24.63
10.409	4.26	7.13	25.24
10.440	6.03	7.72	25.24
10.460	6.91	8.61	26.16
10.490	7.79	8.91	25.86
10.510	5.73	9.21	24.33
10.540	7.79	8.91	25.24
10.561	8.09	9.21	26.16
10.590	6.03	8.32	24.02
10.611	4.85	9.5	24.02
10.640	5.15	7.43	25.55
10.661	5.44	8.32	26.47
10.690	5.73	8.61	24.33
10.712	6.32	9.21	25.55
10.740	7.5	8.02	26.16
10.762	6.62	8.91	26.47
10.790	6.91	7.43	24.94
10.813	6.91	6.24	23.71
10.840	5.44	7.72	24.02
10.863	6.03	7.72	25.86
10.891	7.5	9.21	25.55
10.914	5.15	8.02	24.94
10.940	5.73	8.61	25.55
10.974	6.91	8.02	24.94
10.991	7.2	8.91	23.41
11.014	6.03	10.1	24.63
11.041	7.2	7.72	24.63
11.074	6.62	6.53	24.63
11.090	6.62	8.91	25.86
11.115	6.62	8.91	24.63
11.141	6.03	8.32	24.02
11.174	6.62	9.5	24.02
11.191	6.62	7.72	25.24
11.216	6.91	8.02	25.55
11.241	5.44	10.1	25.24
11.274	7.5	8.61	24.33
11.292	6.03	9.5	24.63
11.317	6.62	8.91	24.63
11.342	6.03	7.13	26.47
11.367	6.62	8.32	23.41
11.393	6.32	8.02	24.94
11.424	7.79	7.72	27.08
11.443	7.79	7.13	25.24
11.474	5.15	8.61	23.71
11.493	6.32	8.61	24.94
11.524	5.73	8.02	23.1
11.544	5.73	8.61	23.1
11.574	4.56	9.21	26.16
11.594	6.32	8.02	24.94
11.624	6.32	8.61	24.33
11.645	6.03	7.72	24.02
11.674	6.32	8.61	24.94
11.695	7.5	8.61	25.55
11.725	7.2	8.91	24.02
11.745	6.62	8.91	25.24
11.774	6.62	8.32	24.02
11.796	6.91	7.43	23.71
11.825	6.91	7.43	25.55
11.846	6.62	7.72	25.24
11.896	7.2	8.91	25.86
11.898	6.32	9.21	24.33
11.922	6.03	7.72	25.24
11.947	6.91	9.21	26.16
11.975	6.62	8.32	24.02
11.997	4.85	8.91	25.24
12.025	6.62	7.13	24.02
12.058	6.32	8.61	26.16
12.074	5.15	7.43	24.94
12.098	6.91	9.8	23.71
12.125	6.32	8.02	23.71
12.158	7.2	8.32	25.24
12.175	6.62	9.5	25.86
12.199	6.32	7.43	24.94
12.225	5.73	7.43	24.33
12.258	6.03	8.91	24.02
12.275	4.85	8.91	25.24
12.300	5.15	8.61	26.16
12.325	5.44	7.72	25.24
12.358	5.73	6.83	24.94
12.375	6.62	7.72	24.02
12.401	4.85	8.91	25.24
12.426	6.32	8.02	24.33
12.458	6.03	7.72	23.41
12.476	6.03	8.32	25.24
12.502	7.5	8.61	25.55
12.527	5.73	8.61	26.77
12.558	5.73	8.61	25.55
12.577	6.91	9.21	24.33
12.608	5.44	8.32	27.08
12.628	4.85	8.32	24.63
12.658	5.15	8.02	26.16
12.678	6.32	7.43	24.94
12.703	6.32	8.61	24.33
12.728	5.73	8.02	24.94
12.758	6.03	6.53	25.24
12.779	6.03	8.91	24.63
12.809	6.03	7.13	26.47
12.829	5.15	10.4	24.33
12.858	5.73	8.02	25.55
12.880	6.62	8.32	25.24
12.909	5.44	8.91	24.02
12.930	5.73	8.02	26.77
12.959	5.44	7.72	25.24
12.981	6.03	8.91	26.47
13.009	5.73	8.61	26.77
13.031	6.62	6.53	25.86
13.059	4.56	8.61	24.94
13.081	6.62	8.91	25.86
13.110	5.44	8.91	24.63
13.132	5.44	8.32	25.24
13.159	4.56	8.02	25.55
13.182	6.32	8.02	24.94
13.209	6.91	9.21	24.94
13.233	5.44	7.13	25.86
13.259	6.91	9.21	27.39
13.283	5.73	9.21	24.94
13.309	7.5	9.21	26.16
13.333	6.03	8.32	24.02
13.359	6.32	8.61	24.94
13.393	6.03	8.32	25.86
13.409	6.32	6.83	24.33
13.434	5.15	8.02	26.77
13.459	6.03	8.91	25.24
13.493	5.44	7.72	25.24
13.510	5.15	8.61	24.94
13.535	6.03	8.91	25.24
13.559	6.91	8.02	26.16
13.593	6.91	8.61	24.94
13.611	4.26	7.72	26.47
13.643	6.32	9.21	24.94
13.661	6.91	8.61	24.33
13.693	6.32	8.02	24.94
13.711	5.73	7.43	23.1
13.743	4.56	6.83	24.94
13.762	5.73	9.21	24.33
13.793	6.03	7.72	25.86
13.812	6.91	8.02	24.94
13.843	5.73	7.43	25.55
13.863	6.03	8.32	24.02
13.893	6.03	5.94	24.63
13.932	5.44	8.32	23.41
13.938	6.62	8.32	24.63
13.964	5.15	9.21	24.33
13.993	5.73	8.61	21.88
14.014	3.97	8.02	24.94
14.043	2.5	7.72	24.63
14.064	6.62	9.5	23.41
14.093	4.85	9.5	22.8
14.115	6.32	8.61	23.1
14.143	6.62	8.91	24.02
14.165	5.73	9.21	25.55
14.193	5.15	8.61	23.71
14.216	3.97	8.61	22.49
14.243	4.56	7.43	23.71
14.266	4.26	6.53	22.8
14.293	4.85	8.91	24.02
14.316	4.85	8.32	21.57
14.345	3.68	7.13	22.18
14.377	2.79	8.02	20.04
14.393	3.97	6.24	20.65
14.417	2.21	6.24	18.82
14.443	1.62	6.83	18.21
14.477	1.91	6.53	16.68
14.494	0.74	6.53	16.06
14.518	-1.03	7.72	15.45
14.544	0.74	5.94	13.01
14.577	-0.15	6.24	10.86
14.594	1.03	5.64	12.7
14.619	-0.15	5.64	12.09
14.644	0.15	7.13	10.56
14.677	-2.21	5.94	9.33
14.695	-1.62	5.35	10.56
14.720	-3.68	4.46	7.8
14.744	-2.21	4.16	9.94
14.777	-2.21	4.75	6.88
14.795	-3.68	4.46	4.13
14.827	-4.56	3.56	6.27
14.846	-3.97	4.16	5.05
14.877	-3.97	4.16	1.99
14.896	-4.56	3.56	3.21
14.927	-5.44	3.86	2.91
14.946	-7.2	3.86	2.3
14.977	-8.38	3.86	1.07
14.997	-7.2	3.86	-0.15
15.028	-9.26	3.56	-1.07
15.047	-8.67	2.38	-2.3
# time: 15.0468089581 call nr 598
#time	magX	magY	magZ
15.077	-8.38	3.27	-3.21
15.097	-10.14	3.86	-3.82
15.123	-8.97	2.67	-3.82
15.148	-11.61	3.56	-4.13
15.178	-9.56	3.27	-5.05
15.198	-10.73	2.67	-3.82
15.228	-12.2	2.38	-6.58
15.249	-13.08	2.67	-6.27
15.278	-13.38	2.38	-6.58
15.299	-12.5	2.67	-7.5
15.328	-11.61	1.78	-6.58
15.350	-11.61	1.78	-7.19
15.378	-13.97	1.78	-7.19
15.400	-12.79	2.97	-8.42
15.428	-12.79	1.78	-7.8
15.451	-13.08	2.08	-8.11
15.478	-13.67	2.67	-10.56
15.501	-14.55	1.19	-9.03
15.528	-12.5	2.67	-9.33
15.552	-14.55	1.78	-10.86
15.578	-14.55	0.59	-10.86
15.602	-15.14	0.0	-10.25
15.628	-14.26	2.67	-9.94
15.661	-14.85	2.08	-11.78
15.678	-16.32	1.19	-11.47
15.703	-14.55	0.0	-10.86
15.728	-14.85	0.89	-11.78
15.761	-15.44	2.08	-11.78
15.779	-16.61	2.67	-13.01
15.812	-15.44	2.08	-10.56
15.830	-15.73	0.0	-10.25
15.862	-15.73	0.59	-11.47
15.880	-16.32	1.19	-10.86
15.912	-15.14	0.0	-11.47
15.931	-16.32	1.78	-10.86
15.961	-15.73	2.38	-11.47
15.982	-16.02	1.49	-10.56
16.007	-16.61	2.08	-11.78
16.032	-17.2	1.49	-13.01
16.062	-16.61	1.49	-13.62
16.083	-18.08	0.59	-12.7
16.112	-17.2	0.89	-13.01
16.134	-18.08	1.19	-13.31
16.162	-15.73	1.19	-12.7
16.184	-15.44	0.89	-13.01
16.212	-16.02	0.89	-13.01
16.234	-17.2	0.89	-13.62
16.262	-16.02	-0.89	-11.78
16.285	-16.02	1.49	-14.84
16.312	-16.61	0.89	-14.23
16.336	-16.32	1.19	-12.7
16.362	-19.26	1.19	-13.92
16.387	-16.32	2.38	-13.31
16.413	-16.32	2.38	-12.7
16.445	-16.02	2.08	-11.78
16.462	-16.32	-0.59	-12.09
16.488	-16.61	1.49	-13.01
16.513	-17.79	0.89	-13.01
16.546	-17.79	0.89	-13.01
16.563	-16.61	0.3	-13.62
16.595	-15.73	0.59	-12.7
16.614	-18.08	1.78	-12.7
16.646	-16.9	1.78	-13.92
16.665	-18.37	0.3	-13.62
16.696	-16.32	2.38	-14.53
16.716	-18.08	0.59	-12.09
16.746	-17.49	1.19	-12.7
16.766	-17.2	1.49	-13.01
16.796	-17.2	0.3	-14.84
16.817	-17.49	0.59	-12.09
16.846	-18.37	0.89	-14.23
16.867	-16.02	1.49	-13.62
16.896	-17.2	0.89	-13.62
16.918	-15.73	2.38	-12.09
16.946	-17.49	0.0	-13.31
16.979	-17.49	1.19	-13.92
16.996	-16.9	1.19	-14.53
17.019	-16.32	0.0	-15.15
17.046	-16.61	2.08	-13.01
17.079	-16.9	1.78	-12.09
17.096	-16.9	1.19	-13.31
17.120	-16.61	0.89	-13.62
17.146	-17.49	1.78	-13.92
17.179	-17.2	1.49	-13.62
17.196	-16.32	0.0	-13.31
17.230	-16.32	0.59	-13.92
17.246	-19.55	0.89	-12.39
17.280	-17.49	1.19	-13.31
17.297	-17.49	0.59	-12.7
17.323	-16.02	0.89	-13.01
17.348	-17.49	1.19	-11.47
17.380	-16.61	0.89	-13.01
17.399	-16.9	0.59	-13.92
17.430	-16.61	-0.3	-13.62
17.449	-17.49	0.59	-14.53
17.480	-17.2	0.89	-13.01
17.500	-17.49	1.19	-12.09
17.530	-18.37	1.49	-13.01
17.550	-16.61	0.3	-11.78
17.580	-18.08	0.0	-13.92
17.601	-16.61	0.3	-13.01
17.630	-16.61	1.49	-13.62
17.651	-18.08	0.0	-13.31
17.680	-16.9	0.0	-13.92
17.702	-16.9	0.59	-13.31
17.730	-16.9	1.78	-12.7
17.763	-16.9	0.59	-12.09
17.780	-17.2	0.89	-13.01
17.803	-14.85	0.89	-13.62
17.830	-16.32	1.78	-12.7
17.863	-18.08	1.19	-13.31
17.880	-17.2	2.08	-12.39
17.904	-16.32	0.0	-10.86
17.930	-18.37	0.89	-12.39
17.963	-18.08	1.19	-12.7
17.980	-16.61	2.67	-9.94
18.006	-17.49	0.0	-15.15
18.030	-16.9	0.59	-13.92
18.064	-17.49	0.59	-13.31
18.082	-16.61	1.49	-13.62
18.113	-18.08	1.78	-13.31
18.132	-16.02	0.3	-13.01
18.164	-16.61	-0.89	-14.23
18.182	-16.32	2.38	-13.92
18.213	-17.49	1.78	-12.7
18.233	-16.61	0.3	-14.23
18.263	-17.79	1.49	-11.17
18.283	-17.49	2.97	-12.09
18.314	-17.2	0.89	-13.01
18.334	-17.2	2.08	-14.23
18.364	-18.37	1.49	-12.39
18.385	-16.9	1.78	-12.7
18.414	-18.37	0.89	-13.62
18.436	-18.08	1.19	-13.31
18.464	-17.79	0.89	-13.01
18.486	-18.37	0.89	-12.39
18.514	-16.9	2.38	-14.53
18.537	-16.61	0.89	-12.39
18.564	-17.49	0.0	-13.92
18.587	-16.61	0.89	-13.01
18.614	-17.2	1.49	-13.01
18.638	-18.37	0.3	-13.01
18.664	-17.49	1.19	-13.31
18.697	-17.2	0.89	-13.62
18.715	-16.61	2.08	-12.39
18.739	-17.79	0.89	-13.01
18.764	-16.61	0.89	-12.39
18.797	-16.61	0.3	-14.23
18.814	-16.61	2.08	-13.01
18.840	-16.9	1.78	-12.09
18.865	-16.9	2.38	-12.09
18.898	-16.9	1.19	-13.31
18.916	-17.2	2.08	-13.01
18.948	-16.32	1.19	-13.92
18.967	-17.49	1.78	-12.09
18.998	-19.26	2.38	-11.47
19.018	-17.79	-0.3	-14.23
19.048	-16.61	2.08	-11.17
19.068	-16.9	1.19	-12.7
19.098	-16.32	0.0	-13.31
19.119	-16.02	1.49	-13.62
19.148	-18.08	1.19	-12.7
19.169	-17.79	1.49	-14.84
19.199	-17.2	0.89	-12.39
19.220	-18.96	2.08	-12.39
19.249	-16.61	0.3	-12.39
19.271	-17.79	1.49	-11.78
19.298	-17.49	0.0	-12.7
19.321	-18.08	1.19	-13.92
19.348	-16.61	-0.3	-12.39
19.381	-16.9	1.19	-13.92
19.398	-17.2	1.49	-13.62
19.422	-17.2	0.3	-13.01
19.448	-17.2	0.3	-13.01
19.482	-16.02	0.3	-13.62
19.498	-17.2	1.49	-13.62
19.523	-15.14	1.78	-12.09
19.549	-17.49	1.19	-13.31
19.573	-16.02	2.08	-14.23
19.598	-17.49	1.19	-12.09
19.633	-17.2	1.49	-12.39
19.650	-17.49	2.38	-12.7
19.682	-18.08	1.78	-13.92
19.700	-16.9	0.59	-12.09
19.732	-16.9	0.59	-13.31
19.751	-16.61	1.49	-14.23
19.782	-17.79	-0.3	-11.78
19.802	-17.2	2.67	-14.84
19.832	-16.9	2.97	-10.86
19.852	-16.9	1.19	-13.92
19.882	-17.79	2.08	-13.01
19.903	-16.61	0.89	-12.39
19.932	-17.2	1.49	-13.62
19.954	-17.49	2.38	-14.53
19.982	-16.9	1.19	-13.31
20.004	-16.61	1.49	-14.23
20.032	-18.08	1.19	-13.92
20.055	-16.02	1.49	-12.39
# time: 20.0546238422 call nr 796
#time	magX	magY	magZ
20.082	-17.2	1.49	-13.01
20.105	-17.79	2.67	-14.23
20.132	-16.9	0.59	-13.92
20.156	-15.73	-0.59	-12.7
20.182	-16.32	0.59	-13.31
20.216	-16.9	1.78	-13.31
20.232	-17.79	0.89	-13.62
20.257	-17.49	2.38	-13.31
20.282	-16.32	1.78	-12.09
20.317	-16.61	1.49	-13.01
20.332	-17.2	1.49	-11.78
20.358	-16.02	0.89	-13.62
20.383	-18.37	1.49	-12.39
20.416	-16.32	2.38	-12.09
20.434	-16.9	1.78	-12.09
20.466	-16.9	1.19	-13.31
20.485	-18.08	0.59	-12.09
20.517	-16.61	1.49	-12.39
20.536	-17.79	0.89	-11.17
20.566	-16.32	1.19	-12.7
20.586	-18.08	2.38	-13.92
20.616	-18.37	0.3	-13.62
20.637	-17.79	0.3	-12.39
20.666	-16.61	0.89	-13.01
20.687	-18.08	0.59	-11.47
20.716	-16.9	1.19	-12.7
20.738	-17.2	-0.3	-13.01
20.766	-16.61	0.89	-11.78
20.789	-16.61	1.49	-13.62
20.816	-16.61	0.89	-13.01
20.839	-16.61	1.49	-13.62
20.866	-16.61	0.3	-13.01
20.890	-18.08	2.38	-13.31
20.916	-17.79	3.27	-11.78
20.940	-16.9	1.78	-13.31
20.966	-15.73	1.19	-11.47
20.991	-16.9	1.19	-13.31
21.016	-16.32	1.78	-14.53
21.053	-18.08	0.59	-13.92
21.066	-17.49	0.59	-13.31
21.092	-16.61	0.3	-13.62
21.117	-16.02	0.3	-12.39
21.150	-16.61	1.49	-14.23
21.168	-17.49	0.59	-14.53
21.193	-16.9	2.38	-12.09
21.219	-16.9	0.59	-13.92
21.250	-17.79	0.3	-13.01
21.269	-18.08	1.78	-12.09
21.300	-18.08	0.59	-12.09
21.320	-16.02	0.89	-12.39
21.350	-17.79	1.49	-13.01
21.370	-16.9	2.38	-13.31
21.400	-18.67	1.78	-14.53
21.421	-17.49	1.19	-12.7
21.450	-17.79	2.08	-13.01
21.471	-16.9	1.19	-12.7
21.500	-17.79	0.89	-12.39
21.522	-16.02	1.49	-12.39
21.550	-16.61	0.89	-12.39
21.573	-16.32	1.78	-11.47
21.600	-18.67	0.0	-13.92
21.633	-17.2	0.3	-12.39
21.651	-17.49	2.38	-13.92
21.674	-16.02	0.3	-13.62
21.700	-16.32	1.78	-12.7
21.733	-16.61	2.67	-14.23
21.750	-17.79	0.89	-13.01
21.775	-17.49	1.19	-13.31
21.800	-18.67	2.38	-12.09
21.833	-16.61	0.89	-13.62
21.850	-17.2	1.49	-13.62
21.876	-17.79	1.49	-14.23
21.902	-16.9	0.59	-12.7
21.934	-17.2	0.89	-12.39
21.952	-16.9	2.38	-12.09
21.984	-16.32	0.59	-13.31
22.003	-18.96	0.89	-11.78
22.034	-17.79	1.49	-14.23
22.054	-17.2	0.89	-11.78
22.084	-16.9	1.78	-13.92
22.104	-16.9	0.59	-12.09
22.129	-17.49	0.59	-12.7
22.154	-16.61	1.49	-13.62
22.184	-18.08	0.59	-11.47
22.205	-17.79	0.89	-13.01
22.234	-17.49	0.59	-10.86
22.255	-16.32	1.19	-12.7
22.284	-16.9	2.97	-12.7
22.306	-18.37	1.49	-12.39
22.334	-17.49	1.19	-13.92
22.356	-16.9	3.56	-13.31
22.385	-15.73	0.59	-12.7
22.418	-16.9	1.19	-12.7
22.434	-16.02	0.3	-13.62
22.458	-17.49	1.19	-13.31
22.485	-16.02	0.89	-13.01
