# measurement started at start_time 1435664109.37
0.001	78.94	-2.97	-20.65
0.002	78.94	-2.97	-20.65
0.027	77.47	-3.86	-17.9
0.052	78.06	-2.67	-20.35
0.078	78.65	-2.67	-19.12
0.105	79.23	-3.27	-19.12
0.128	78.35	-1.78	-18.21
0.154	78.35	-2.38	-18.21
0.179	78.06	-2.67	-19.12
0.209	78.35	-1.78	-19.43
0.230	78.65	-2.08	-19.12
0.262	79.23	-2.67	-19.74
0.280	78.65	-2.08	-19.74
0.309	79.82	-1.49	-20.35
0.331	79.53	-2.97	-19.43
0.359	78.35	-2.97	-19.43
0.381	79.53	-2.38	-19.43
0.410	78.94	-3.56	-18.21
0.432	79.23	-2.67	-19.74
0.459	78.94	-4.16	-19.43
0.483	79.23	-2.67	-19.12
0.509	76.59	-1.78	-20.65
0.533	78.94	-2.38	-20.04
0.560	79.23	-1.49	-19.74
0.593	81.0	-1.49	-20.35
0.610	79.82	-2.08	-19.12
0.635	77.76	-3.56	-19.43
0.660	79.53	-0.59	-18.21
0.693	78.65	-3.27	-19.12
0.710	79.23	-3.27	-17.9
0.743	79.53	-1.78	-19.43
0.761	78.94	-1.19	-19.43
0.793	78.06	-1.49	-19.74
0.812	79.53	-2.38	-19.43
0.843	79.23	-3.27	-18.51
0.862	79.53	-1.78	-18.82
0.894	78.94	-2.97	-18.21
0.913	77.47	-0.89	-18.51
0.943	79.23	-2.08	-20.35
0.964	78.94	-2.38	-20.65
0.993	78.94	-2.38	-18.82
1.014	78.35	-1.78	-18.82
1.043	79.23	-2.08	-19.74
1.065	77.18	-2.38	-20.04
1.093	79.23	-2.67	-18.51
1.115	79.82	-3.27	-19.12
1.143	77.18	-1.78	-19.43
1.166	78.94	-2.38	-20.04
1.193	79.53	-2.38	-18.21
1.217	78.06	-1.49	-19.12
1.243	80.11	-2.97	-20.65
1.267	78.35	-2.38	-20.65
1.293	78.94	-1.78	-19.43
1.318	79.82	-2.67	-20.35
1.344	79.82	-1.49	-20.35
1.377	78.65	-2.67	-19.74
1.394	78.65	-3.27	-20.35
1.419	79.23	-2.08	-19.12
1.444	78.35	-2.38	-19.43
1.477	78.06	-0.89	-17.9
1.495	78.35	-1.19	-19.43
1.527	78.65	-2.08	-19.12
1.546	77.76	-2.97	-18.82
1.577	78.65	-1.49	-20.35
1.596	78.35	-2.38	-18.82
1.627	78.65	-2.08	-18.51
1.647	78.65	-2.08	-19.12
1.677	78.35	-2.38	-18.82
1.698	78.94	-2.97	-18.21
1.727	78.65	-4.46	-20.35
1.748	78.06	-3.27	-19.12
1.777	78.65	-2.67	-17.9
1.801	78.65	-2.08	-19.74
1.827	78.35	-3.56	-19.43
1.849	79.23	-2.67	-19.12
1.877	78.94	-1.19	-18.82
1.928	77.18	0.59	-19.43
1.929	78.94	-1.78	-19.43
1.951	78.35	-1.19	-18.21
1.977	78.94	-2.38	-19.43
2.001	78.65	-1.49	-20.35
2.028	78.65	-3.27	-20.35
2.052	80.11	-3.56	-19.43
2.077	79.23	-0.89	-19.12
2.111	79.23	-2.67	-19.12
2.128	79.53	-2.38	-20.04
2.161	78.65	-2.08	-18.51
2.178	78.35	-5.35	-18.82
2.211	78.65	-3.27	-18.51
2.229	79.82	-1.49	-19.74
2.261	80.7	-2.38	-20.65
2.280	76.88	-3.86	-20.96
2.311	78.94	-3.56	-19.43
2.330	80.41	-2.67	-19.12
2.361	77.76	-3.56	-19.43
2.381	76.29	-2.08	-19.12
2.411	78.06	-3.27	-19.74
2.432	78.06	-3.27	-19.12
2.461	78.35	-1.19	-18.82
2.482	78.35	-0.59	-19.43
2.511	78.35	-2.97	-20.65
2.533	78.65	-0.89	-20.35
2.561	78.94	-2.38	-20.04
2.583	78.06	-0.89	-19.12
2.611	79.53	-2.97	-20.04
2.634	78.94	-1.78	-18.82
2.661	78.65	-2.08	-20.35
2.685	78.94	-2.38	-20.65
2.711	79.53	-1.19	-20.04
2.735	78.06	-2.08	-19.74
2.761	78.65	-2.08	-20.96
2.795	79.23	-3.27	-18.51
2.811	77.76	-1.78	-20.04
2.836	79.82	-0.89	-20.35
2.862	78.65	-2.08	-19.74
2.895	79.23	-2.08	-17.29
2.912	76.88	-2.67	-19.74
2.938	78.06	-2.08	-19.12
2.963	79.23	-1.49	-19.12
2.995	80.11	-3.56	-20.65
3.014	79.82	-3.86	-18.51
3.046	76.88	-4.46	-19.74
3.064	79.23	-3.27	-18.51
3.095	79.82	-3.27	-19.74
3.115	78.35	-2.38	-20.04
3.145	79.53	-2.97	-18.82
3.165	78.06	-3.27	-19.12
3.195	77.18	-1.78	-19.43
3.216	77.76	-1.78	-18.21
3.246	78.35	-3.56	-20.04
3.267	77.76	-1.78	-19.43
3.295	79.23	-1.49	-19.12
3.317	78.35	-2.97	-20.04
3.345	77.18	0.0	-19.43
3.368	78.06	-3.86	-19.12
3.395	76.88	-2.67	-19.12
3.418	78.65	-1.49	-18.51
3.446	80.11	-1.78	-18.21
3.479	79.23	-3.27	-20.35
3.496	78.35	-1.78	-18.82
3.520	78.94	-2.38	-17.59
3.545	78.65	-2.67	-19.12
3.579	79.53	-3.56	-18.82
3.596	78.65	-2.67	-19.12
3.621	78.06	-2.67	-18.51
3.646	80.11	-2.97	-18.82
3.679	78.94	-1.19	-18.82
3.697	77.47	-0.89	-18.51
3.722	79.23	-2.08	-19.12
3.747	77.18	-1.78	-20.04
3.779	78.94	-2.38	-18.82
3.798	79.23	-2.08	-19.12
3.829	79.23	-1.49	-19.74
3.849	78.65	-4.46	-19.74
3.879	78.35	-1.19	-19.43
3.899	77.18	-2.38	-19.43
3.929	78.65	-2.67	-20.96
3.967	78.06	-2.67	-20.35
3.975	78.65	-2.67	-19.12
4.001	78.35	-1.78	-20.65
4.029	79.23	-2.67	-19.74
4.051	78.06	-2.67	-19.74
4.079	79.53	-2.38	-18.82
4.102	77.47	-1.49	-20.35
4.130	79.53	-1.78	-20.65
4.152	78.94	-1.78	-17.59
4.179	77.18	-2.38	-19.43
4.203	79.82	-2.67	-19.74
4.230	79.23	-2.08	-17.9
4.263	78.94	-1.78	-16.98
4.280	80.11	-2.97	-20.04
4.304	78.06	-1.49	-18.51
4.330	78.94	-2.97	-18.21
4.363	77.47	-1.49	-20.96
4.380	78.94	-0.59	-18.82
4.413	79.53	-2.97	-17.59
4.431	78.65	-2.67	-17.29
4.463	77.47	-2.67	-18.51
4.481	79.53	-2.38	-18.82
4.513	78.94	-2.97	-19.43
4.532	78.06	-2.67	-20.35
4.563	79.53	-1.19	-19.43
4.583	78.94	-2.97	-18.82
4.613	79.53	-2.97	-18.82
4.633	79.53	-1.78	-18.82
4.663	80.11	-2.38	-18.82
4.684	79.23	-3.86	-20.96
4.713	78.94	-4.75	-18.82
4.734	81.0	-3.27	-19.74
4.763	78.65	-3.27	-18.51
4.785	78.94	-2.38	-20.65
4.813	78.65	-5.05	-19.12
4.836	78.35	-3.56	-20.65
4.863	78.94	-1.78	-19.43
4.886	79.23	-1.49	-19.74
4.913	78.35	0.0	-20.04
4.937	78.65	-2.67	-20.35
4.963	78.06	-1.49	-19.12
4.987	77.76	-1.78	-18.21
5.014	78.35	-1.19	-20.04
# time: 5.01386404037 call nr 200
#time	magX	magY	magZ
5.047	79.82	-2.67	-20.96
5.064	76.88	-2.08	-19.74
5.097	79.82	-2.08	-19.74
5.114	78.65	-3.86	-17.9
5.147	78.65	-3.27	-19.74
5.165	78.65	-2.08	-17.29
5.190	78.94	-2.97	-19.43
5.215	78.35	-2.38	-19.43
5.247	79.23	-1.49	-17.9
5.266	79.82	-2.08	-19.12
5.297	78.35	-2.38	-18.82
5.316	78.35	-2.97	-19.43
5.347	77.76	-1.78	-19.43
5.367	78.65	-0.89	-19.12
5.397	77.76	-0.59	-19.43
5.418	76.59	-2.38	-18.82
5.448	78.35	-1.19	-20.04
5.468	77.18	-1.78	-18.82
5.497	79.53	-1.78	-19.43
5.519	80.11	-2.38	-19.43
5.548	80.41	-3.86	-19.12
5.570	79.23	-2.08	-17.9
5.597	79.53	-1.78	-18.21
5.620	79.82	-1.49	-18.51
5.648	78.06	-3.27	-17.9
5.681	78.35	-3.56	-18.82
5.698	78.94	-1.78	-18.21
5.721	80.11	-3.56	-18.21
5.748	78.35	-1.78	-18.82
5.781	78.06	-1.49	-20.35
5.798	78.06	-2.67	-19.12
5.823	78.65	-2.67	-17.9
5.848	78.06	-1.49	-19.12
5.881	78.35	-1.78	-18.82
5.899	78.06	-2.67	-19.74
5.931	78.65	-2.08	-19.74
5.949	79.53	-0.59	-20.04
6.022	79.53	-1.78	-19.43
6.032	79.53	-1.78	-18.82
6.032	78.35	-1.78	-20.04
6.050	77.18	-1.19	-18.21
6.081	78.65	-3.27	-20.96
6.101	79.23	-1.49	-17.9
6.132	78.35	-2.97	-20.04
6.152	79.23	-2.67	-18.51
6.181	79.23	-2.08	-18.51
6.202	78.35	-2.38	-19.43
6.232	79.23	-2.08	-20.35
6.253	77.18	-3.56	-18.82
6.281	77.47	-2.08	-19.74
6.304	78.65	-2.67	-19.74
6.332	78.94	-3.56	-19.43
6.354	78.65	-2.67	-17.29
6.381	78.35	-2.38	-19.43
6.415	78.65	-2.08	-19.74
6.432	78.35	-3.56	-20.04
6.455	78.94	-2.38	-20.04
6.482	78.35	-2.97	-19.43
6.515	77.47	-3.86	-17.9
6.532	77.47	-2.67	-17.9
6.557	77.47	-2.67	-19.12
6.582	78.65	-2.67	-17.29
6.615	77.76	-2.38	-18.21
6.633	77.18	-2.97	-17.59
6.658	76.0	-2.97	-16.37
6.683	75.7	-2.08	-15.45
6.715	75.7	-2.08	-14.23
6.734	76.0	-2.38	-15.76
6.759	74.23	0.0	-16.98
6.784	73.94	-2.08	-14.84
6.815	74.23	-2.38	-14.53
6.835	73.06	-1.19	-15.15
6.866	71.88	-1.78	-13.92
6.885	73.06	-1.19	-13.92
6.915	73.06	-0.59	-15.15
6.936	72.47	-2.97	-13.31
6.966	70.41	-0.3	-12.39
6.987	71.0	-0.3	-11.17
7.015	71.0	-2.08	-13.62
7.037	71.88	0.0	-13.31
7.066	71.29	0.59	-12.09
7.088	71.0	-0.3	-11.17
7.116	69.53	0.0	-12.09
7.138	71.59	0.3	-12.39
7.166	70.12	-1.19	-12.09
7.189	71.59	0.3	-11.17
7.215	71.59	-0.3	-11.78
7.249	71.29	-1.19	-11.47
7.266	71.29	-0.59	-10.86
7.290	72.18	-0.3	-11.17
7.316	71.29	-0.59	-11.47
7.350	69.83	0.89	-10.56
7.366	70.71	0.59	-12.7
7.399	71.59	-0.3	-11.17
7.417	67.77	-0.59	-11.47
7.450	70.12	0.59	-11.47
7.467	69.24	-0.89	-9.94
7.492	70.71	0.59	-9.03
7.518	68.36	1.19	-9.03
7.550	67.77	0.0	-9.03
7.568	68.65	0.89	-7.5
7.599	69.24	0.3	-9.33
7.618	67.47	0.89	-8.72
7.650	67.47	1.49	-8.11
7.669	68.65	2.08	-5.66
7.699	67.77	2.38	-7.19
7.719	67.77	1.19	-6.58
7.750	66.3	-0.3	-6.27
7.770	67.47	2.67	-5.66
7.800	65.12	1.49	-4.44
7.820	66.3	2.67	-5.05
7.850	64.83	1.78	-4.13
7.871	67.18	2.38	-5.36
7.900	64.53	2.67	-3.82
7.921	66.59	0.59	-4.74
7.950	64.83	2.38	-4.74
7.972	65.71	1.49	-5.05
8.000	64.24	2.97	-3.52
8.022	65.71	3.27	-5.05
8.054	64.83	1.78	-4.13
8.090	64.24	1.19	-4.74
8.100	65.71	2.08	-3.82
8.133	64.83	2.38	-5.97
8.150	66.0	0.59	-3.52
8.173	65.71	1.49	-4.44
8.200	65.41	0.0	-4.13
8.233	64.53	2.08	-4.44
8.250	64.24	1.19	-5.36
8.274	64.53	1.49	-6.27
8.300	63.95	1.49	-4.44
8.333	64.53	1.49	-4.44
8.350	66.0	1.78	-4.74
8.375	66.0	3.56	-4.13
8.400	66.3	1.49	-3.82
8.433	64.53	1.49	-4.44
8.451	65.12	1.49	-4.44
8.484	64.24	0.59	-6.58
8.501	64.53	1.49	-5.66
8.533	64.24	0.59	-5.36
8.552	64.24	1.78	-4.74
8.584	64.24	1.78	-4.74
8.602	63.06	0.59	-3.52
8.633	65.41	0.59	-4.74
8.653	63.36	0.89	-5.66
8.684	63.36	0.89	-5.05
8.703	63.95	0.89	-3.21
8.734	64.83	1.78	-5.36
8.754	65.12	0.89	-3.82
8.784	65.12	0.89	-5.05
8.804	63.95	2.08	-3.21
8.834	66.59	0.0	-3.52
8.854	63.06	0.59	-4.74
8.884	64.24	0.59	-5.36
8.905	64.83	1.19	-5.97
8.934	64.24	0.59	-4.74
8.955	64.53	0.3	-5.05
8.984	64.83	0.59	-4.74
9.006	64.53	0.3	-5.66
9.034	64.24	-0.59	-5.97
9.056	64.53	0.89	-5.66
9.085	64.83	0.59	-4.13
9.107	66.59	1.19	-6.58
9.134	65.12	0.89	-5.05
9.157	64.83	1.19	-4.74
9.185	62.77	1.49	-5.05
9.217	63.65	1.78	-6.58
9.234	64.24	0.59	-5.97
9.258	64.83	1.19	-4.13
9.284	63.36	0.3	-3.21
9.308	64.53	1.49	-4.44
9.334	64.83	1.19	-5.97
9.359	63.65	-1.19	-5.97
9.385	63.65	0.0	-5.36
9.418	64.83	1.19	-2.91
9.435	63.65	0.59	-3.52
9.460	65.12	0.3	-5.05
9.485	65.41	0.59	-5.36
9.518	64.24	0.0	-4.74
9.535	64.24	0.59	-5.36
9.568	62.48	-1.19	-4.13
9.586	63.65	0.0	-3.52
9.618	61.59	1.49	-5.05
9.636	63.65	1.19	-4.13
9.668	63.36	0.3	-6.27
9.687	63.06	0.0	-5.97
9.718	63.36	0.89	-4.44
9.737	62.18	1.49	-5.05
9.768	63.06	0.0	-4.13
9.788	62.77	2.08	-3.82
9.818	63.06	2.97	-2.3
9.838	61.89	1.78	-5.36
9.868	62.18	1.49	-3.21
9.889	62.48	0.0	-3.52
9.919	63.06	0.59	-4.74
9.939	62.77	2.08	-4.44
9.968	61.3	0.0	-3.52
9.989	61.89	0.0	-4.74
10.019	63.06	0.59	-4.74
# time: 10.0190019608 call nr 398
#time	magX	magY	magZ
10.040	60.12	1.78	-2.91
10.068	61.89	2.38	-2.91
10.090	63.06	0.59	-2.91
10.138	62.77	1.49	-2.6
10.141	62.18	0.89	-3.82
10.166	62.77	-0.3	-3.21
10.191	62.18	0.3	-3.82
10.218	61.01	0.89	-5.05
10.252	62.18	1.49	-3.21
10.268	63.36	1.49	-3.21
10.292	63.65	0.59	-4.74
10.318	63.36	-0.3	-4.44
10.352	65.41	0.59	-6.58
10.368	62.77	0.89	-3.82
10.393	63.65	1.19	-5.36
10.419	65.71	0.3	-3.82
10.452	64.53	1.49	-5.66
10.469	64.24	1.19	-4.13
10.494	64.83	0.0	-5.36
10.519	65.12	0.3	-5.05
10.552	65.41	-0.59	-4.13
10.570	64.83	2.38	-4.13
10.595	64.83	1.78	-4.13
10.620	64.83	0.0	-5.97
10.652	64.53	0.89	-6.88
10.670	63.65	2.38	-5.36
10.702	65.12	0.3	-5.66
10.721	63.65	1.19	-3.52
10.752	65.41	0.59	-5.36
10.771	63.65	1.78	-4.74
10.802	63.06	0.59	-4.13
10.822	65.12	1.49	-5.05
10.852	64.83	1.19	-4.74
10.872	65.41	0.59	-4.74
10.902	64.53	0.89	-5.66
10.923	63.65	0.59	-4.74
10.952	63.65	0.59	-5.36
10.973	61.59	-0.89	-4.44
11.002	63.95	0.89	-5.05
11.024	64.24	1.19	-4.74
11.052	63.65	0.59	-5.97
11.074	65.12	-0.89	-6.27
11.102	64.24	0.0	-5.97
11.124	65.41	0.59	-4.13
11.152	64.53	0.89	-4.44
11.175	63.95	0.89	-6.27
11.203	63.65	1.19	-5.36
11.225	64.83	0.59	-3.52
11.253	64.53	-0.89	-5.05
11.276	65.12	0.89	-5.66
11.303	62.77	0.3	-5.66
11.326	63.65	1.19	-4.74
11.353	65.12	1.49	-5.05
11.377	63.95	1.49	-2.6
11.403	63.95	0.3	-5.05
11.427	64.53	1.49	-5.05
11.453	61.89	1.19	-3.52
11.478	63.95	0.89	-4.44
11.503	65.41	0.0	-4.13
11.536	64.53	0.89	-5.05
11.554	64.83	0.59	-5.97
11.586	63.95	1.49	-4.44
11.604	64.53	0.3	-6.88
11.636	64.53	0.89	-5.05
11.654	64.83	1.19	-5.36
11.686	63.36	0.89	-5.05
11.705	64.24	-1.19	-5.36
11.736	64.83	0.0	-5.36
11.755	63.36	-0.89	-6.27
11.786	66.3	0.89	-5.05
11.806	63.95	0.89	-4.44
11.837	64.53	0.3	-5.66
11.856	65.41	0.59	-5.36
11.887	64.53	-0.3	-4.44
11.906	65.12	0.3	-5.05
11.937	65.12	0.3	-5.05
11.957	65.41	0.59	-5.36
11.987	65.71	0.89	-5.66
12.007	63.65	0.0	-4.74
12.037	64.24	0.0	-6.58
12.058	64.53	1.49	-5.66
12.087	63.65	0.0	-5.36
12.108	64.24	0.59	-4.74
12.138	63.95	1.49	-5.66
12.184	64.53	1.49	-5.05
12.185	63.95	-0.3	-6.27
12.210	64.53	2.08	-4.44
12.234	63.65	0.0	-4.13
12.260	63.95	0.3	-5.66
12.287	64.24	-0.59	-4.74
12.310	64.24	-1.19	-4.74
12.337	65.41	0.0	-5.36
12.360	63.65	0.59	-5.36
12.387	63.06	0.0	-4.74
12.411	66.0	0.59	-5.36
12.437	63.06	-0.59	-5.36
12.461	64.53	0.3	-4.44
12.488	63.06	0.0	-4.74
12.520	65.41	0.0	-3.52
12.537	65.71	0.3	-5.05
12.570	64.83	1.78	-5.36
12.588	64.24	1.19	-5.97
12.620	65.12	-0.3	-5.66
12.638	64.53	0.3	-6.27
12.670	64.24	1.19	-4.13
12.688	65.41	0.59	-5.36
12.721	62.48	0.59	-4.74
12.739	64.24	0.59	-6.58
12.770	63.65	0.0	-5.36
12.789	63.36	1.49	-5.05
12.821	62.77	0.3	-6.27
12.840	64.24	1.78	-4.74
12.872	63.95	1.49	-6.27
12.890	64.24	0.0	-4.74
12.921	64.83	-0.59	-4.74
12.941	64.24	-0.59	-5.36
12.971	64.24	0.59	-4.13
12.991	63.95	2.08	-5.66
13.021	65.12	-0.3	-5.05
13.041	63.65	1.19	-5.36
13.071	64.24	0.59	-4.74
13.092	64.83	0.59	-4.13
13.121	65.12	-0.3	-5.05
13.142	62.18	1.49	-5.05
13.171	64.24	1.78	-4.13
13.193	63.65	2.38	-4.74
13.221	64.24	0.59	-5.36
13.243	62.48	0.59	-4.74
13.271	64.24	1.19	-5.36
13.293	64.83	0.0	-4.74
13.321	62.48	-0.59	-4.13
13.344	60.12	1.19	-5.36
13.371	63.36	2.08	-4.44
13.395	63.36	0.89	-5.05
13.421	63.06	0.0	-4.13
13.445	63.65	1.19	-5.36
13.471	63.65	0.0	-4.13
13.495	62.77	-0.3	-2.6
13.521	61.89	1.19	-2.91
13.546	64.53	0.89	-3.82
13.571	64.24	2.38	-3.52
13.596	64.53	1.49	-2.6
13.622	63.65	2.38	-2.91
13.654	63.95	2.08	-1.99
13.672	62.48	2.38	-2.3
13.697	64.53	1.49	-0.15
13.722	63.36	2.67	1.07
13.755	63.95	1.49	0.46
13.773	62.77	0.3	-0.15
13.798	63.65	1.78	0.76
13.823	63.95	0.89	-0.15
13.855	63.36	0.3	0.46
13.874	62.77	2.08	1.07
13.905	63.36	3.27	-0.15
13.924	63.36	1.49	1.07
13.955	62.77	2.08	1.07
13.975	61.3	2.38	1.99
14.006	62.48	3.56	-1.68
14.025	62.77	2.08	1.07
14.055	61.3	3.56	-0.46
14.075	61.01	2.67	-1.38
14.105	62.48	2.97	0.15
14.126	61.3	2.38	1.38
14.155	63.06	2.38	0.15
14.176	62.48	1.78	-1.07
14.218	61.59	0.3	0.46
14.227	62.18	3.27	0.46
14.256	61.3	4.16	0.15
14.277	61.89	1.19	-0.46
14.306	62.48	4.16	0.15
14.328	61.89	1.78	1.99
14.356	61.3	2.97	0.15
14.378	61.59	2.08	-0.15
14.406	62.18	0.89	1.07
14.428	61.59	3.27	1.07
14.455	61.3	2.38	0.15
14.479	61.59	2.67	-0.76
14.505	60.71	2.38	0.76
14.529	62.18	1.49	0.46
14.556	62.48	3.56	0.76
14.580	61.89	2.97	0.15
14.605	61.89	1.78	-0.46
14.630	61.59	2.08	-1.38
14.656	61.89	0.0	-1.68
14.680	63.36	2.08	-0.15
14.706	63.06	2.38	-1.07
14.731	61.59	4.46	-0.76
14.756	59.83	3.86	-0.76
14.789	61.3	2.38	-0.46
14.807	61.3	2.97	-1.07
14.839	62.48	1.78	-0.46
14.857	62.77	2.08	-1.38
14.889	62.48	2.38	-1.68
14.907	63.95	0.89	-1.99
14.939	64.24	0.59	-1.68
14.958	63.95	0.89	-3.21
14.989	65.12	1.49	-2.6
15.008	64.24	1.78	-2.91
15.039	65.12	2.08	-2.6
# time: 15.0393519402 call nr 597
#time	magX	magY	magZ
15.059	62.77	1.49	-1.99
15.089	63.95	2.08	-1.38
15.109	64.53	0.3	-2.6
15.139	63.95	2.67	-3.82
15.160	63.95	0.89	-1.38
15.189	64.24	1.78	-1.68
15.210	64.24	1.19	-2.3
15.239	63.36	2.08	-3.21
15.261	63.95	0.89	-2.6
15.290	63.06	1.78	-2.3
15.311	64.83	1.78	-1.07
15.340	63.65	2.38	-2.3
15.361	65.41	2.38	-2.3
15.390	64.24	2.38	-4.74
15.412	63.65	2.97	-3.52
15.440	65.12	2.08	-2.6
15.462	64.83	2.97	-2.91
15.490	65.12	1.49	-3.21
15.513	63.06	1.78	-2.3
15.540	63.95	2.08	-4.44
15.563	66.3	2.67	-3.82
15.590	65.12	0.3	-3.82
15.624	64.53	0.3	-1.99
15.640	65.12	1.49	-2.6
15.664	63.95	0.3	-3.21
15.690	64.24	1.19	-3.52
15.724	66.0	1.78	-2.3
15.740	64.83	1.78	-2.91
15.765	65.41	2.38	-4.74
15.790	64.24	0.59	-1.07
15.823	65.71	2.67	-3.82
15.841	64.53	-0.3	-3.21
15.874	64.83	1.78	-3.52
15.891	65.41	1.19	-1.68
15.916	63.95	2.08	-2.6
15.942	64.53	2.08	-2.6
15.973	64.24	1.19	-1.68
15.992	63.36	2.67	-4.44
16.017	64.53	2.08	-3.21
16.043	63.95	1.49	-3.82
16.073	64.24	1.78	-4.74
16.093	64.83	0.59	-4.13
16.124	65.12	2.08	-3.82
16.143	64.83	1.78	-4.13
16.174	64.53	2.67	-2.6
16.194	65.12	1.49	-3.82
16.261	66.3	1.49	-3.21
16.261	63.95	2.08	-4.44
16.274	64.53	0.89	-3.21
16.295	63.65	2.97	-2.91
16.325	64.83	1.19	-4.13
16.345	63.65	1.19	-4.13
16.374	65.12	0.89	-3.82
16.396	64.24	0.59	-4.13
16.424	64.24	1.19	-4.13
16.446	64.53	0.89	-3.21
16.474	63.95	1.49	-4.44
16.497	64.24	2.38	-4.13
16.524	64.24	-0.59	-3.52
16.547	64.83	1.19	-2.3
16.574	63.36	1.49	-4.44
16.607	64.24	1.78	-4.13
16.625	64.24	1.78	-3.52
16.648	63.06	1.78	-4.13
16.674	64.53	-0.89	-5.66
16.698	64.24	1.19	-4.13
16.725	63.65	0.0	-5.36
16.749	63.95	0.89	-4.44
16.774	63.06	0.59	-4.13
16.799	64.53	1.49	-3.82
16.824	63.06	1.19	-4.74
16.850	63.95	0.3	-3.82
16.875	63.36	1.49	-3.82
16.908	61.59	0.3	-5.05
16.925	62.77	0.3	-2.6
16.958	63.36	-0.3	-6.27
16.976	63.36	-0.3	-3.82
17.008	62.18	0.89	-5.05
17.026	63.06	0.59	-4.74
17.058	61.89	1.78	-3.52
17.077	63.65	0.59	-5.97
17.108	61.01	1.49	-3.21
17.127	61.89	1.78	-2.91
17.158	62.18	0.3	-3.21
17.178	61.89	0.0	-4.74
17.208	62.18	0.89	-2.6
17.228	60.71	0.59	-1.07
17.258	59.83	1.49	-1.38
17.279	61.01	1.49	-1.99
17.308	61.89	1.78	-1.07
17.329	60.71	2.38	0.15
17.358	61.59	2.08	-0.76
17.379	61.3	1.19	-0.46
17.408	59.54	2.97	-0.46
17.430	61.3	0.59	-0.46
17.458	61.59	1.49	1.07
17.480	59.24	2.08	2.3
17.509	58.95	2.97	2.6
17.531	59.54	4.16	1.99
17.558	59.83	2.67	4.13
17.581	60.71	3.56	4.44
17.608	60.12	1.78	3.21
17.632	60.71	3.56	4.44
17.659	62.18	3.86	5.36
17.682	58.65	2.67	8.42
17.709	63.06	4.16	11.17
17.733	61.3	5.35	11.78
17.759	62.18	5.64	12.7
17.783	61.59	6.24	12.7
17.808	62.18	5.05	12.7
17.843	61.01	7.43	14.53
17.858	63.65	7.72	16.06
17.884	63.06	6.53	22.18
17.909	65.12	8.61	26.16
17.943	66.88	10.99	32.9
17.960	66.3	13.96	41.46
17.985	69.24	15.74	48.81
18.011	69.53	17.82	55.23
18.043	69.83	18.71	59.21
18.061	72.18	19.9	65.33
18.092	73.94	22.28	69.0
18.112	73.06	23.76	73.59
18.142	74.53	25.84	75.73
18.163	74.53	26.43	76.96
18.192	73.65	24.95	77.26
18.213	75.7	27.03	76.96
18.243	73.94	26.43	76.96
18.284	73.94	24.65	78.18
18.289	73.65	24.35	76.65
18.315	73.65	25.54	79.1
18.342	74.23	24.35	77.26
18.365	73.35	25.25	75.73
18.393	73.94	24.06	78.18
18.416	74.23	26.14	78.49
18.443	74.23	25.54	78.49
18.466	74.53	23.46	77.57
18.493	73.94	25.25	77.57
18.527	74.82	24.35	77.26
18.543	74.53	25.25	79.41
18.567	75.41	25.54	79.1
18.593	74.82	24.95	79.1
18.626	75.41	26.73	80.32
18.644	76.59	24.95	80.94
18.676	76.29	26.43	80.02
18.695	75.12	25.25	80.02
18.727	75.41	25.54	79.1
18.745	75.7	25.84	80.02
18.776	76.29	25.25	78.79
18.796	76.88	27.03	80.02
18.826	76.0	24.95	79.1
18.847	75.7	24.06	78.18
18.876	75.12	25.84	80.63
18.897	75.7	25.25	79.41
18.926	75.41	25.54	79.1
18.948	76.0	25.54	81.55
18.976	74.82	24.95	80.94
18.998	73.94	25.25	80.02
19.026	75.7	24.65	79.41
19.049	75.41	24.95	78.49
19.076	77.18	25.54	79.1
19.110	75.12	24.65	78.18
19.127	73.94	25.25	79.41
19.150	74.82	24.95	78.49
19.177	74.53	27.03	79.41
19.210	76.0	25.54	80.32
19.227	74.82	25.54	78.49
19.251	76.59	24.95	79.1
19.277	75.41	26.14	79.1
19.310	75.12	24.65	79.41
19.327	75.12	25.25	80.02
19.353	74.82	24.35	79.1
19.378	73.35	25.84	78.18
19.410	74.82	25.54	79.1
19.428	75.12	25.84	80.02
19.460	75.41	25.54	79.71
19.480	76.0	26.73	79.1
19.510	76.29	25.84	81.85
19.530	75.12	25.84	80.63
19.560	76.59	25.54	80.32
19.581	75.41	26.14	80.32
19.610	76.88	24.65	80.02
19.632	76.59	24.95	80.32
19.660	73.65	26.73	80.94
19.682	76.59	28.51	81.55
19.711	73.65	25.54	80.32
19.733	77.47	26.43	79.41
19.761	74.82	25.54	79.71
19.783	75.7	25.25	78.79
19.811	75.41	26.73	81.55
19.834	75.12	25.84	80.02
19.861	75.41	25.54	80.94
19.885	76.88	25.84	81.24
19.911	74.53	24.65	81.24
19.936	76.29	26.43	80.63
19.961	76.0	24.95	79.1
19.994	74.53	25.25	78.18
20.011	73.94	27.03	80.63
20.037	74.82	27.32	79.71
20.062	76.0	26.14	79.1
# time: 20.0616669655 call nr 796
#time	magX	magY	magZ
20.094	76.0	27.32	79.1
20.112	75.41	25.54	79.71
20.144	75.7	26.43	80.63
20.164	75.41	24.35	79.71
20.194	74.82	25.54	78.49
20.214	75.12	24.65	80.02
20.245	76.29	24.65	80.02
20.265	75.7	24.65	80.02
20.307	74.82	26.14	80.32
20.316	75.41	26.14	80.32
20.344	75.12	26.43	77.57
20.366	76.0	25.54	77.88
20.394	75.7	27.03	80.63
20.417	74.82	24.95	79.1
20.444	74.53	26.43	80.63
20.467	76.0	26.14	79.71
20.494	75.7	26.43	79.41
20.528	73.94	25.25	80.02
20.544	76.0	25.54	78.49
20.569	76.59	25.54	79.1
20.595	75.7	25.25	79.41
20.628	75.7	25.25	78.79
20.645	75.12	25.25	78.79
20.670	75.12	27.03	78.79
20.695	73.94	27.03	78.79
20.728	75.12	25.25	79.41
20.746	74.23	25.54	80.94
20.771	75.7	25.84	78.79
20.797	75.12	24.65	78.79
20.828	76.0	26.14	79.1
20.847	75.12	24.65	79.41
20.878	75.12	25.84	80.02
20.898	74.82	26.73	79.71
20.928	74.82	26.14	79.1
20.948	75.41	25.54	79.71
20.978	75.12	25.25	79.41
20.999	75.12	26.43	80.02
21.028	75.12	25.25	80.02
21.050	75.7	26.43	79.41
21.078	75.41	25.54	78.49
21.100	74.23	24.35	78.49
21.128	75.7	25.84	80.02
21.151	76.0	25.54	79.71
21.179	74.23	25.54	79.1
21.202	77.18	25.54	80.32
21.229	74.82	24.95	80.32
21.253	75.41	26.14	78.49
21.279	76.88	25.84	78.18
21.312	76.0	24.95	80.94
21.329	75.41	25.54	79.1
21.354	75.7	25.25	79.41
21.379	75.12	25.84	78.18
21.412	75.12	25.84	79.41
21.430	75.41	26.14	79.71
21.463	75.41	26.14	80.32
21.480	75.12	24.65	78.18
21.512	76.29	26.43	80.02
21.531	75.41	23.76	79.71
21.563	74.82	27.32	79.1
21.582	75.41	27.32	78.49
21.612	75.41	27.32	78.49
21.633	74.53	25.25	80.02
21.662	75.7	24.65	79.41
21.683	75.7	25.84	78.79
21.712	75.12	25.25	80.02
21.733	76.29	26.43	79.41
21.763	75.7	25.25	78.18
21.784	77.18	24.95	79.71
21.812	75.12	25.84	80.02
21.834	74.82	24.95	79.1
21.862	74.23	26.14	78.49
21.885	73.06	26.14	80.94
21.912	76.88	24.65	78.79
21.936	76.0	25.54	79.71
21.963	76.29	25.84	80.63
21.996	75.12	25.25	80.02
22.013	76.0	26.14	79.71
22.038	73.94	25.84	79.41
22.064	75.7	25.84	80.63
22.096	75.7	25.25	82.47
22.113	76.29	26.43	80.63
22.146	75.7	25.25	79.41
22.165	75.12	25.84	80.63
22.196	75.12	25.25	80.02
22.215	75.41	25.54	79.1
22.247	77.18	27.32	79.71
22.266	75.41	25.54	80.94
22.296	75.41	24.35	79.71
22.350	75.41	26.14	79.1
22.350	75.12	24.65	80.63
22.367	74.82	24.95	80.32
22.396	74.53	25.84	78.79
22.418	75.7	25.25	81.24
22.446	76.29	25.25	80.02
22.468	75.12	25.84	80.02
22.496	76.29	25.25	80.63
22.518	74.82	26.14	77.88
22.547	76.59	25.54	80.32
22.569	74.53	28.21	80.63
22.596	76.0	25.54	79.1
22.621	76.88	25.84	79.41
22.646	75.7	25.84	81.85
22.670	75.7	26.43	81.85
22.697	75.41	24.35	80.94
22.721	75.41	24.95	81.55
22.747	74.53	25.84	81.85
22.780	75.41	24.95	80.94
22.798	74.82	24.95	79.71
22.830	75.7	25.25	80.02
22.848	76.29	25.84	80.63
22.880	76.29	25.25	79.41
22.899	75.41	25.54	80.32
22.930	76.0	24.95	79.71
22.950	73.65	24.95	79.71
22.980	75.12	24.65	81.24
23.000	75.7	24.06	79.41
23.030	76.29	25.84	79.41
23.051	76.0	25.54	80.94
23.080	75.12	25.25	80.02
23.102	76.88	26.43	80.02
23.130	77.18	26.73	80.94
23.152	73.94	25.84	80.02
23.180	76.59	24.95	80.32
23.203	76.0	26.14	78.49
23.230	76.29	25.84	78.79
23.254	76.0	24.35	80.32
23.280	76.29	25.25	81.24
23.314	75.12	24.65	80.63
23.330	76.0	25.54	80.32
23.355	74.23	27.32	80.94
23.381	76.0	25.54	80.32
23.414	76.59	25.54	79.1
23.431	75.41	27.92	80.32
23.456	76.29	25.25	79.41
23.481	75.41	26.14	79.1
23.514	75.41	26.73	79.71
23.532	76.59	26.73	79.71
23.565	76.59	27.32	82.16
23.583	77.18	26.73	80.94
23.614	76.59	26.73	81.55
23.633	76.0	26.14	81.55
23.664	77.18	25.54	79.71
23.684	77.18	25.54	80.94
23.714	76.0	25.54	81.55
23.735	76.29	25.25	83.69
23.765	77.76	26.14	85.83
23.785	78.06	26.43	83.69
23.814	78.35	25.54	84.61
23.836	78.06	27.03	84.91
23.864	79.82	27.03	84.91
23.886	79.82	27.62	87.36
23.914	82.76	29.4	87.97
23.937	84.52	29.4	89.81
23.964	84.82	29.7	91.95
23.987	83.64	30.29	93.18
24.014	84.52	30.0	92.87
24.048	85.41	31.48	94.4
24.065	89.23	32.97	94.71
24.089	91.87	35.64	96.85
24.114	93.93	35.94	98.99
24.148	96.87	37.13	102.05
24.166	100.4	39.5	102.66
24.198	99.81	38.91	104.5
24.216	100.11	40.39	104.8
24.248	101.28	40.39	107.25
24.268	103.34	41.28	106.33
24.298	105.11	39.5	110.01
24.318	108.93	41.58	112.76
24.348	110.4	43.66	116.74
24.379	116.28	44.25	121.63
24.394	120.69	46.33	126.84
24.420	127.15	49.3	134.18
24.448	133.62	53.46	142.14
24.471	143.03	56.43	149.48
24.499	153.62	62.37	158.66
24.532	160.08	62.96	166.0
24.548	170.08	67.12	171.51
24.573	181.55	70.39	185.28
24.599	187.43	72.76	191.4
24.632	193.89	73.95	196.3
24.648	194.48	75.73	197.52
24.674	195.95	76.63	199.05
24.700	194.19	77.22	198.44
24.732	196.83	79.3	198.13
24.751	194.78	79.6	198.44
24.782	195.95	78.41	199.66
24.802	196.25	77.52	198.13
24.832	196.25	76.92	200.58
24.852	195.07	75.73	198.13
24.883	194.48	74.55	199.36
24.903	195.95	74.84	197.83
24.932	194.78	73.66	198.44
24.954	193.31	79.3	205.48
24.983	197.13	85.54	203.95
25.004	196.25	85.24	203.64
25.032	195.95	85.54	203.95
25.056	194.78	86.13	203.95
25.083	197.13	84.35	204.56
# time: 25.0827181339 call nr 994
#time	magX	magY	magZ
25.115	196.54	85.54	203.95
25.132	194.48	85.24	204.25
25.166	194.78	83.75	204.56
25.183	195.36	83.75	207.01
25.216	195.36	81.97	205.79
25.234	196.54	83.75	205.17
25.265	193.89	82.27	204.87
25.285	195.36	83.16	205.17
25.316	195.07	81.68	204.87
25.336	195.95	83.75	205.17
25.366	196.54	82.57	208.85
25.387	196.83	84.05	209.76
25.416	198.6	82.86	209.15
25.437	198.3	82.57	209.46
25.466	199.48	83.16	210.68
25.489	197.72	81.38	212.52
25.516	200.66	80.78	211.29
25.539	202.13	78.11	210.38
25.566	201.24	78.41	211.29
25.591	202.42	78.41	211.91
25.616	203.01	77.81	210.68
25.649	203.01	79.0	211.29
25.666	202.13	78.7	209.76
25.700	205.36	74.25	210.68
25.718	205.36	72.47	208.85
25.749	205.07	72.17	209.15
25.768	205.65	72.76	208.54
25.800	205.95	71.28	210.68
25.820	204.77	71.87	210.07
25.850	204.18	70.69	211.29
25.870	204.77	72.47	209.46
25.900	203.89	69.79	209.15
25.921	204.48	70.39	209.15
25.950	203.89	70.39	209.15
25.972	204.18	70.69	210.68
26.000	203.01	69.5	210.07
26.023	205.36	67.12	209.46
26.049	204.77	68.9	209.46
26.074	206.24	68.61	209.76
26.100	208.89	64.75	209.46
26.133	207.42	63.86	209.76
26.150	209.18	64.45	210.38
26.183	207.12	64.75	210.07
26.201	208.3	63.56	210.07
26.233	208.01	64.45	210.99
26.252	213.3	59.7	212.21
26.283	213.3	59.1	214.66
26.303	215.06	57.32	217.72
26.333	214.47	56.73	218.94
26.354	214.18	54.65	219.25
26.407	215.65	53.76	220.78
26.408	221.53	47.22	223.84
26.433	235.05	30.59	235.47
26.456	241.82	26.73	239.44
26.483	245.93	26.14	241.28
26.507	245.64	24.65	240.97
26.534	244.17	24.35	243.12
26.557	246.81	24.65	242.2
26.583	244.17	24.95	242.5
26.617	244.76	24.95	242.5
26.634	244.76	23.76	244.34
26.659	245.34	25.54	243.12
26.684	244.46	25.25	244.65
26.718	245.64	24.65	241.59
26.736	242.99	24.95	242.5
26.767	243.29	25.25	242.81
26.787	243.58	24.35	241.89
26.818	240.93	24.65	242.2
26.838	240.93	24.06	241.59
26.868	241.52	24.65	242.2
26.888	241.82	25.54	242.5
26.917	239.76	24.65	244.03
26.939	239.76	25.25	240.97
26.967	239.76	24.06	242.2
26.990	240.35	24.65	243.42
27.018	240.05	24.35	244.95
27.040	239.76	24.65	241.59
27.067	239.17	25.25	242.2
27.101	239.76	23.46	242.2
27.118	238.58	25.25	243.42
27.151	239.46	24.35	242.5
27.168	238.88	24.95	240.67
27.201	239.17	24.65	241.59
27.219	238.58	23.46	240.97
27.251	239.46	23.17	241.89
27.270	241.23	23.76	241.89
27.301	240.35	24.65	242.81
27.321	239.76	21.68	242.2
27.351	240.35	24.65	242.2
27.371	240.64	23.76	242.5
27.401	238.88	23.76	241.89
27.422	240.93	24.06	239.75
27.451	239.46	23.17	241.89
27.473	239.76	23.46	242.2
27.501	238.58	22.87	240.97
27.534	239.17	23.46	242.2
27.551	240.35	22.87	243.42
27.574	240.05	23.17	241.89
27.602	239.17	23.46	243.42
27.635	240.64	23.17	244.34
27.651	240.05	23.17	243.12
27.677	240.05	23.76	242.5
27.702	240.05	23.76	243.73
27.735	239.76	24.06	241.59
27.753	239.17	23.46	242.2
27.785	240.35	23.46	241.59
27.804	239.46	23.17	243.12
27.835	239.17	24.65	241.59
27.855	238.88	23.17	241.89
27.885	240.93	23.46	242.2
27.906	241.52	24.06	241.59
27.935	239.46	23.17	241.89
27.957	240.35	24.06	242.81
27.985	238.88	24.35	243.12
28.007	239.76	24.06	240.97
28.035	239.46	22.57	241.89
28.068	238.88	23.17	242.5
28.085	238.88	24.35	243.73
28.110	240.35	22.87	242.81
28.135	238.88	22.57	242.5
28.168	239.17	22.28	242.81
28.185	238.88	22.57	243.12
28.219	237.99	24.06	241.59
28.236	238.58	22.87	242.81
28.268	239.46	23.17	243.73
28.288	239.17	24.65	242.81
28.319	239.46	22.57	243.73
28.338	239.46	24.95	241.28
28.368	240.05	22.57	242.5
28.389	238.58	22.87	242.2
28.455	237.99	23.46	242.2
28.455	238.58	24.06	242.81
28.469	239.46	22.57	243.12
28.491	240.05	23.76	243.12
28.519	240.05	23.17	243.73
28.542	238.58	23.46	240.36
28.569	239.17	22.28	242.2
28.593	239.17	23.46	242.2
28.619	240.05	24.95	242.5
28.652	238.88	23.76	242.5
28.669	239.46	22.57	243.73
28.703	240.05	24.35	241.89
28.721	238.58	23.46	240.97
28.752	240.64	22.57	241.89
28.771	239.76	24.06	241.59
28.803	238.58	22.87	242.81
28.822	238.88	24.35	242.5
28.852	239.76	21.68	242.81
28.872	239.17	23.46	242.2
28.903	239.17	24.06	241.59
28.924	239.76	22.28	242.2
28.952	238.88	24.35	243.73
28.975	239.46	24.35	241.28
29.002	239.76	24.06	243.42
29.025	238.88	23.17	243.12
29.053	239.46	23.76	241.89
29.076	240.64	23.76	241.89
29.103	240.35	24.65	242.2
29.127	239.17	23.46	241.59
29.153	238.29	23.17	240.67
29.186	240.64	23.17	242.5
29.203	239.76	24.65	244.65
29.230	238.88	23.17	241.89
29.254	238.58	24.06	242.2
29.286	239.17	24.06	240.97
29.306	240.35	22.87	243.42
29.336	239.17	23.46	242.81
29.356	237.7	23.76	242.5
29.386	239.17	22.28	240.97
29.408	240.35	23.46	242.81
29.436	239.46	23.76	243.73
29.458	237.99	24.06	243.42
29.486	239.46	22.57	242.5
29.509	237.99	23.46	243.42
29.536	239.76	22.87	242.2
29.559	238.29	23.76	243.12
29.586	238.58	25.84	242.81
29.620	237.99	24.06	242.2
29.636	240.64	23.76	240.67
29.670	240.05	23.17	243.12
29.687	238.29	22.57	242.5
29.720	239.17	24.06	242.81
29.738	239.17	23.46	242.2
29.770	239.46	24.35	243.12
29.789	239.76	21.68	242.81
29.821	239.76	22.28	243.42
29.840	239.76	23.46	240.97
29.870	239.46	23.76	243.73
29.891	238.58	22.87	241.59
29.921	238.29	23.17	242.5
29.942	240.05	23.76	243.73
29.970	240.64	22.57	241.28
29.992	238.88	23.76	242.5
30.020	239.46	24.95	241.89
30.043	240.05	22.57	241.89
30.070	238.58	22.87	241.59
30.095	240.35	23.46	244.03
# time: 30.094604969 call nr 1191
#time	magX	magY	magZ
30.120	238.88	23.17	243.73
30.153	240.35	22.87	240.97
30.170	239.76	22.28	242.2
30.203	239.46	23.76	242.5
30.221	240.64	23.76	242.5
30.254	238.88	23.17	242.5
30.273	239.17	23.46	242.81
30.304	238.88	24.35	241.89
30.324	239.46	23.17	242.5
30.354	239.17	21.68	242.2
30.375	239.46	22.57	241.28
30.404	240.35	22.87	242.2
30.426	239.76	24.06	239.75
30.454	239.17	22.28	242.81
30.480	240.35	23.46	241.59
30.503	237.41	23.46	242.81
30.527	237.99	22.28	241.59
30.554	240.05	23.17	241.89
30.578	238.29	21.98	243.12
30.604	238.58	22.87	244.03
30.629	239.17	24.65	242.81
30.654	237.99	24.06	244.03
30.688	239.46	25.54	242.5
30.704	238.58	22.87	242.81
30.738	240.05	23.17	241.89
30.756	238.58	22.87	242.2
30.787	238.29	22.57	241.28
30.807	237.41	23.46	244.65
30.837	238.88	24.35	241.89
30.858	238.88	24.35	241.89
30.887	238.88	24.95	242.5
30.908	240.05	23.17	242.5
30.938	239.46	23.17	241.89
30.960	238.29	23.17	241.28
30.988	238.88	24.95	243.12
31.010	238.58	23.46	242.2
31.038	238.58	22.28	243.42
31.061	239.17	22.87	242.81
31.088	238.88	23.17	239.44
31.121	238.58	22.28	240.97
31.138	239.76	22.87	241.59
31.163	239.76	24.65	241.59
31.188	240.05	23.17	240.67
31.221	240.35	23.46	242.81
31.240	240.05	24.95	241.28
31.264	240.05	24.35	241.89
31.291	239.17	23.46	240.97
31.321	239.46	23.76	242.5
31.342	238.88	21.98	241.89
31.371	238.29	24.35	243.73
31.392	240.35	23.46	241.59
31.422	238.88	23.17	242.5
31.443	237.99	22.87	242.2
31.471	239.76	24.06	243.42
31.493	240.64	23.76	243.12
31.521	239.76	22.28	241.59
31.544	239.76	24.06	242.81
31.572	239.17	23.46	242.2
31.605	239.76	22.28	242.2
31.621	239.46	23.76	242.5
31.647	237.99	23.46	242.2
31.672	240.64	22.57	242.5
31.705	239.76	22.87	242.2
31.723	239.76	23.46	242.2
31.755	239.46	23.17	244.34
31.774	239.46	23.17	242.5
31.805	240.93	24.06	241.59
31.825	239.76	22.28	241.59
31.855	238.58	23.46	242.81
31.876	239.46	24.95	243.12
31.905	237.7	21.38	242.5
31.927	240.35	23.46	242.2
31.955	238.58	23.46	244.03
31.977	239.46	23.17	241.28
32.005	239.17	22.87	242.2
32.029	238.58	24.65	242.2
32.055	239.17	22.28	240.97
32.079	239.46	21.98	243.73
32.105	238.29	21.98	241.89
32.130	240.05	21.98	243.12
32.155	239.46	22.57	241.89
32.189	240.93	22.28	242.2
32.206	238.88	22.57	243.73
32.232	239.76	22.87	242.81
32.258	238.29	22.57	241.89
32.288	238.29	22.57	240.67
32.308	239.46	24.35	241.89
32.339	239.76	22.87	241.59
32.359	240.05	23.17	241.89
32.389	239.46	22.57	241.28
32.410	239.17	24.06	241.59
32.439	238.88	21.38	240.67
32.460	239.17	25.84	240.97
32.513	239.17	22.87	242.81
32.513	239.46	22.57	241.28
32.540	239.17	23.46	242.81
32.572	240.05	23.17	242.5
32.589	238.88	21.98	242.5
32.613	238.58	24.06	241.59
32.639	238.29	22.57	241.89
32.672	240.05	21.98	243.12
32.689	237.7	22.57	241.89
32.722	239.46	23.76	242.5
32.740	240.05	23.76	240.67
32.772	238.58	22.87	242.2
32.792	239.17	23.46	241.59
32.823	238.58	22.87	241.59
32.843	240.35	21.68	242.2
32.873	237.99	22.28	241.59
32.893	239.46	23.17	241.89
32.923	238.29	22.57	241.28
32.944	239.46	21.98	240.06
32.973	239.76	22.28	241.59
32.995	239.76	24.06	242.81
33.024	237.41	23.46	242.81
33.045	239.76	23.46	242.81
33.073	238.58	21.68	240.36
33.096	237.99	23.46	242.2
33.123	237.7	23.17	241.89
33.148	238.29	23.17	241.28
33.173	237.41	24.06	240.97
33.206	239.17	23.46	243.42
33.224	239.46	23.76	241.28
33.256	240.35	22.87	242.2
33.274	240.35	21.68	242.2
33.307	239.46	23.17	241.89
33.326	239.76	22.87	242.2
33.356	238.88	22.57	241.28
33.377	237.41	24.06	241.59
33.406	239.46	22.57	242.5
33.428	238.58	21.09	242.81
33.456	237.7	23.17	241.28
33.478	238.88	23.17	240.67
33.507	239.46	23.17	242.5
33.529	238.58	25.84	240.97
33.557	239.46	21.98	241.28
33.581	238.88	22.57	241.28
33.607	240.05	22.57	241.89
33.640	239.46	21.98	241.28
33.657	239.46	23.17	240.06
33.683	239.46	24.35	241.89
33.707	240.93	24.06	240.97
33.741	236.82	22.87	241.59
33.759	237.99	24.06	240.36
33.790	237.41	24.65	239.14
33.809	234.17	23.76	239.44
33.841	230.64	26.73	233.94
33.860	228.0	28.21	235.47
33.890	228.88	27.32	234.55
33.911	227.41	27.03	233.02
33.941	228.29	27.92	235.77
33.962	226.23	27.62	233.02
33.990	207.71	43.36	202.72
34.012	166.85	35.34	132.04
34.040	140.97	25.84	95.93
34.064	131.86	17.82	74.82
34.090	126.57	17.82	71.14
34.124	124.22	17.82	60.74
34.140	120.69	13.66	49.11
34.166	114.51	12.18	39.02
34.191	110.69	11.29	28.92
34.224	108.63	9.21	28.0
34.241	107.46	8.61	26.77
34.274	109.22	8.61	26.16
34.291	109.22	9.21	24.94
34.324	108.34	8.32	25.86
34.342	109.51	9.5	25.86
34.368	108.93	8.32	27.69
34.394	114.22	8.91	31.98
34.424	120.98	10.99	39.63
34.444	128.04	10.99	45.75
34.474	135.09	15.74	52.48
34.494	138.62	16.34	57.38
34.548	141.56	19.3	61.05
34.549	145.38	19.6	62.58
34.574	149.5	20.79	66.86
34.596	148.62	21.68	65.94
34.624	148.91	21.38	67.47
34.647	149.79	21.68	69.0
34.674	151.26	24.35	73.59
34.697	153.62	27.32	87.67
34.724	159.79	31.18	102.66
34.749	155.67	33.56	107.56
34.774	152.15	31.18	104.5
34.808	144.21	30.29	99.91
34.824	140.97	29.4	98.99
34.858	138.62	29.4	94.71
34.875	137.15	26.14	86.44
34.908	134.21	26.73	80.32
34.926	129.8	24.06	75.73
34.958	130.1	25.54	74.82
34.977	128.04	24.65	69.61
35.008	129.21	24.65	65.94
35.027	128.92	23.17	62.58
35.059	128.04	19.3	53.7
35.079	126.57	15.44	46.67
35.108	125.69	14.55	43.3
# time: 35.1081249714 call nr 1388
#time	magX	magY	magZ
35.129	124.51	13.96	37.18
35.158	124.22	11.29	31.98
35.180	120.98	9.8	25.55
35.208	119.22	9.21	21.88
35.230	118.33	7.13	17.29
35.258	118.63	6.83	10.86
35.281	115.4	3.56	4.44
35.308	112.16	0.89	-6.88
35.341	111.57	-0.89	-10.56
35.359	111.57	1.49	-11.17
35.382	112.16	0.89	-11.17
35.409	113.04	-1.78	-15.76
35.442	114.51	-3.27	-20.96
35.459	116.28	-3.27	-21.57
35.492	117.75	-2.38	-21.88
35.509	120.98	-2.67	-23.41
35.541	121.57	-2.08	-22.18
35.561	124.22	-2.38	-22.49
35.592	122.16	-0.89	-23.41
35.611	123.63	-1.19	-22.49
35.643	123.63	-2.38	-23.1
35.662	124.22	-1.19	-22.49
35.692	122.75	-3.86	-31.98
35.712	125.1	-3.86	-33.81
35.742	126.57	-5.35	-34.12
35.763	129.21	-5.05	-35.04
35.792	127.74	-2.97	-34.73
35.814	127.15	-3.56	-34.73
35.842	127.15	-4.75	-34.73
35.865	124.51	-6.83	-35.04
35.892	123.92	-5.64	-37.49
35.925	125.69	-6.24	-35.04
35.943	127.45	-6.24	-36.26
35.967	124.51	-6.24	-36.26
35.992	124.8	-5.94	-37.79
36.026	125.39	-4.75	-35.95
36.042	125.98	-5.35	-35.34
36.068	127.45	-5.05	-36.87
36.097	124.51	-5.05	-36.26
36.125	125.69	-6.24	-35.04
36.143	125.39	-5.94	-37.18
36.170	125.1	-5.64	-35.65
36.194	124.22	-7.13	-35.95
36.226	125.39	-5.94	-35.34
36.245	125.39	-6.53	-37.18
36.276	122.16	-6.83	-38.1
36.296	120.39	-8.02	-41.16
36.326	119.51	-8.32	-42.69
36.347	119.51	-7.13	-42.69
36.376	120.1	-7.13	-41.46
36.397	119.22	-8.61	-43.61
36.426	116.87	-6.83	-44.22
36.449	116.87	-9.21	-44.22
36.476	118.04	-7.43	-44.83
36.499	117.16	-8.91	-45.75
36.526	116.57	-8.32	-44.52
36.550	116.57	-9.5	-45.13
36.597	116.28	-9.21	-46.05
36.600	116.28	-8.02	-44.83
36.626	113.93	-10.4	-49.11
36.659	110.69	-11.29	-52.48
36.676	110.98	-11.58	-52.79
36.709	105.99	-11.88	-55.54
36.727	106.58	-11.88	-58.6
36.759	103.05	-12.47	-61.66
36.778	101.28	-14.26	-62.27
36.810	98.64	-13.96	-63.8
36.829	99.81	-14.55	-66.25
36.860	98.64	-13.96	-65.64
36.880	99.81	-15.15	-64.41
36.910	100.4	-13.36	-64.41
36.931	98.05	-15.74	-65.64
36.960	98.64	-13.96	-65.64
36.982	100.11	-14.26	-65.33
37.010	99.81	-13.36	-65.02
37.032	102.16	-13.36	-61.97
37.060	101.87	-12.47	-64.11
37.094	101.58	-13.36	-63.8
37.110	102.75	-13.96	-64.41
37.134	101.58	-12.77	-63.8
37.160	101.58	-12.77	-66.25
37.194	102.75	-13.96	-66.86
37.210	104.22	-14.85	-66.55
37.243	103.63	-13.07	-70.84
37.261	104.81	-14.85	-70.23
37.294	105.4	-14.85	-70.84
37.312	105.11	-15.15	-71.14
37.344	104.52	-13.96	-71.14
37.363	105.11	-15.74	-72.98
37.394	105.4	-15.44	-75.12
37.414	106.28	-15.15	-74.2
37.444	104.81	-14.26	-76.35
37.464	106.87	-14.55	-77.27
37.494	107.46	-15.74	-77.27
37.515	106.58	-15.44	-80.02
37.544	106.28	-16.34	-82.77
37.566	108.05	-16.34	-80.94
37.594	107.46	-15.15	-82.16
37.617	106.28	-16.34	-80.33
37.644	104.52	-15.74	-82.77
37.669	106.87	-16.34	-82.77
37.694	104.81	-16.04	-83.08
37.727	105.4	-16.63	-81.86
37.744	104.22	-17.82	-82.47
37.777	104.22	-17.82	-83.69
37.795	103.05	-16.63	-83.69
37.827	102.75	-15.74	-82.77
37.846	103.34	-16.93	-84.61
37.878	103.63	-16.04	-83.69
37.897	100.4	-16.93	-84.0
37.927	96.58	-17.82	-85.53
37.947	95.4	-16.04	-87.98
37.978	94.81	-17.82	-87.98
37.998	94.81	-16.63	-86.14
38.028	93.93	-16.93	-85.83
38.049	91.87	-17.82	-87.98
38.078	89.52	-17.82	-87.36
38.099	88.94	-19.01	-88.59
38.128	89.23	-18.71	-88.89
38.150	90.7	-19.01	-89.2
38.178	88.64	-18.71	-88.89
38.201	88.64	-19.9	-87.67
38.228	88.64	-19.3	-87.67
38.253	90.11	-19.6	-89.2
38.278	88.05	-18.12	-89.51
38.311	88.64	-16.93	-89.51
38.328	88.35	-19.01	-88.59
38.361	87.47	-19.3	-89.51
38.378	87.76	-19.6	-89.81
38.411	86.88	-17.52	-90.12
38.429	87.47	-19.3	-91.95
38.461	87.17	-17.82	-88.59
38.480	86.88	-18.12	-90.73
38.511	85.7	-19.3	-88.89
38.531	85.41	-18.41	-91.04
38.561	83.94	-18.71	-90.12
38.582	81.0	-18.71	-90.12
38.621	80.11	-20.79	-90.42
38.632	78.65	-19.9	-90.73
38.662	77.76	-19.01	-92.26
38.684	78.94	-17.82	-91.04
38.711	78.94	-19.6	-91.04
38.734	79.53	-19.6	-91.65
38.761	79.23	-19.3	-91.34
38.784	79.23	-19.3	-91.34
38.811	78.94	-20.2	-91.04
38.835	77.18	-18.41	-90.42
38.862	78.94	-18.41	-92.26
38.895	79.82	-21.09	-93.18
38.912	79.82	-18.71	-92.56
38.945	79.53	-18.41	-92.26
38.962	79.23	-18.12	-93.18
38.988	79.53	-17.82	-90.42
39.013	79.82	-19.3	-92.56
39.045	78.35	-19.6	-92.26
39.064	79.53	-19.6	-93.48
39.095	79.53	-19.01	-91.65
39.115	78.65	-17.52	-92.56
39.145	79.53	-19.01	-91.04
39.166	77.47	-20.49	-93.79
39.196	79.82	-18.71	-91.34
39.216	78.35	-19.6	-92.26
39.245	78.06	-18.12	-88.89
39.266	78.65	-18.12	-88.89
39.295	79.82	-18.71	-90.73
39.317	78.65	-19.3	-90.12
39.345	78.94	-19.01	-91.04
39.368	77.18	-19.6	-89.2
39.396	78.35	-19.01	-90.42
39.429	78.06	-18.71	-91.34
39.445	78.94	-21.38	-90.42
39.470	78.06	-18.71	-91.34
39.496	80.11	-19.01	-92.87
39.529	79.82	-19.3	-89.51
39.546	78.35	-17.82	-88.59
39.580	76.88	-18.71	-89.51
39.596	76.88	-18.71	-88.89
39.629	78.06	-17.52	-89.51
39.647	78.65	-19.9	-90.12
39.680	78.06	-18.71	-90.73
39.698	77.18	-19.01	-87.98
39.729	77.76	-16.63	-88.59
39.749	78.65	-18.12	-88.28
39.779	78.35	-17.23	-89.2
39.799	77.47	-16.93	-90.73
39.829	76.59	-19.6	-88.59
39.850	77.76	-19.01	-88.59
39.879	76.29	-18.12	-87.67
39.901	77.47	-18.71	-87.67
39.929	77.76	-19.01	-89.2
39.951	77.76	-19.01	-88.59
39.981	76.88	-19.9	-87.67
40.002	76.59	-19.6	-87.98
40.029	76.88	-18.71	-88.89
40.053	77.47	-18.71	-88.28
40.079	78.35	-18.41	-89.81
40.104	77.18	-17.82	-88.59
40.129	76.59	-17.23	-87.36
# time: 40.1294641495 call nr 1586
#time	magX	magY	magZ
40.163	75.7	-18.71	-88.28
40.180	76.29	-17.52	-87.67
40.213	76.29	-17.52	-87.06
40.230	77.18	-19.01	-87.98
40.263	75.7	-18.71	-88.89
40.281	78.06	-18.12	-87.67
40.313	77.47	-19.3	-88.89
40.333	77.18	-19.01	-88.59
40.363	76.88	-17.52	-86.45
40.383	78.06	-18.71	-88.89
40.413	77.47	-18.12	-87.67
40.433	76.29	-18.71	-88.28
40.463	76.59	-17.82	-87.98
40.485	76.59	-19.01	-88.59
40.514	77.76	-17.82	-87.98
40.535	76.29	-17.52	-88.89
40.563	76.29	-17.52	-88.28
40.585	78.94	-17.82	-86.75
40.613	77.47	-19.3	-88.89
40.650	78.35	-17.82	-87.98
40.663	77.76	-17.82	-87.98
40.688	77.76	-19.01	-88.59
40.713	78.35	-19.6	-89.2
40.747	78.06	-18.71	-90.12
40.763	76.88	-18.71	-87.67
40.797	77.47	-19.3	-88.28
40.814	77.47	-19.3	-87.67
40.847	76.59	-19.6	-86.75
40.864	76.88	-18.71	-88.89
40.897	77.47	-18.71	-87.67
40.915	76.88	-18.71	-87.67
40.947	77.18	-17.82	-87.36
40.966	77.47	-18.12	-87.67
40.997	76.0	-19.01	-87.98
41.017	76.88	-18.12	-87.06
41.047	76.88	-18.12	-88.28
41.068	76.59	-18.41	-88.59
41.098	76.29	-18.71	-88.28
41.118	75.7	-17.52	-88.89
41.147	76.59	-17.82	-86.75
41.169	75.7	-18.71	-87.67
41.197	76.88	-18.71	-88.28
41.220	77.76	-19.6	-87.98
41.247	76.29	-18.71	-88.28
41.280	78.35	-17.23	-89.81
41.297	78.35	-18.41	-88.59
41.322	76.88	-17.52	-89.51
41.347	77.47	-18.71	-89.51
41.381	76.29	-18.71	-87.06
41.397	76.88	-18.12	-87.67
41.424	76.0	-18.41	-88.59
41.448	77.76	-18.41	-87.36
41.481	77.18	-18.41	-89.2
41.499	77.18	-17.23	-89.2
41.525	76.0	-19.01	-88.59
41.549	75.7	-17.52	-89.51
41.581	76.88	-17.52	-88.89
41.614	76.0	-18.41	-86.75
41.631	77.47	-18.71	-87.67
41.651	77.18	-18.41	-89.2
41.681	77.76	-19.6	-87.98
41.702	77.47	-18.12	-88.89
41.731	78.06	-17.52	-88.28
41.752	75.12	-16.93	-88.28
41.781	77.18	-16.04	-87.98
41.803	77.18	-17.82	-87.98
41.831	76.59	-17.23	-87.98
41.854	78.35	-18.41	-89.2
41.881	76.59	-18.41	-89.2
41.915	77.76	-17.23	-88.59
41.931	78.35	-19.01	-90.42
41.955	77.47	-18.12	-87.67
41.981	77.47	-17.52	-88.89
42.014	77.47	-19.3	-87.06
42.031	77.76	-19.01	-87.98
42.064	77.18	-19.01	-88.59
42.083	78.06	-18.71	-88.28
42.114	76.59	-17.23	-87.98
42.133	76.0	-17.82	-87.98
42.165	76.59	-16.63	-88.59
42.184	77.18	-17.82	-87.36
42.216	76.88	-18.12	-88.28
42.235	76.29	-18.71	-90.12
42.265	77.76	-17.82	-87.36
42.285	76.29	-17.52	-88.28
42.315	76.0	-19.01	-89.81
42.336	77.76	-18.41	-88.59
42.365	77.47	-18.12	-87.67
42.388	76.29	-18.71	-88.28
42.415	76.0	-19.01	-87.98
42.437	76.59	-17.82	-86.75
42.465	76.59	-18.41	-87.98
42.498	77.47	-18.71	-87.67
42.515	77.47	-16.93	-88.89
42.540	77.76	-18.41	-88.59
42.565	76.59	-17.82	-86.75
42.599	77.76	-16.63	-87.36
42.615	77.47	-16.93	-88.28
42.641	76.0	-18.41	-87.98
42.671	78.35	-17.82	-89.2
42.698	78.35	-17.23	-88.59
42.716	76.59	-17.82	-87.36
42.748	76.29	-18.12	-88.28
42.767	76.29	-18.71	-87.67
42.799	75.41	-17.82	-87.98
42.818	76.29	-18.71	-87.67
42.849	77.47	-18.71	-88.89
42.869	76.59	-18.41	-90.42
42.899	77.47	-18.12	-89.51
42.920	76.59	-17.82	-88.59
42.949	76.88	-18.12	-88.89
42.970	77.18	-19.01	-87.36
42.999	77.76	-17.82	-89.2
43.021	77.47	-19.3	-89.51
43.049	77.18	-17.82	-87.98
43.082	78.35	-17.82	-89.2
43.100	76.29	-18.12	-90.12
43.122	77.47	-18.12	-88.89
43.149	77.47	-17.52	-89.51
43.182	76.0	-18.41	-87.36
43.200	76.88	-18.12	-88.89
43.224	77.18	-18.41	-89.81
43.249	76.88	-16.93	-89.51
43.282	75.41	-17.23	-89.2
43.300	76.88	-18.12	-87.67
43.334	76.29	-18.71	-88.28
43.351	76.88	-18.12	-87.67
43.382	76.0	-18.41	-89.81
43.401	77.18	-17.82	-86.14
43.433	76.29	-18.12	-88.28
43.452	76.29	-18.12	-88.28
43.482	77.76	-18.41	-89.81
43.503	76.88	-18.71	-89.51
43.533	75.7	-16.93	-87.67
43.554	76.0	-18.41	-87.98
43.583	78.06	-17.52	-90.12
43.604	75.12	-17.52	-88.89
43.633	77.47	-19.9	-87.67
43.655	74.82	-19.6	-89.2
43.683	76.0	-20.2	-87.98
43.706	77.47	-19.3	-87.67
43.733	75.7	-17.52	-87.06
43.766	76.29	-18.12	-87.67
43.783	77.76	-17.82	-87.98
43.808	75.7	-19.9	-87.06
43.833	77.76	-19.6	-89.81
43.866	78.35	-18.41	-86.75
43.883	76.0	-18.41	-88.59
43.916	75.41	-19.6	-87.36
43.934	77.18	-19.01	-86.75
43.966	76.29	-17.52	-90.12
43.985	75.12	-19.3	-88.28
44.018	76.29	-18.71	-87.67
44.036	77.18	-19.01	-87.36
44.066	76.59	-20.79	-87.36
44.086	75.7	-17.52	-88.89
44.116	78.65	-18.12	-89.51
44.137	76.0	-19.6	-87.36
44.166	76.59	-17.82	-87.98
44.188	76.29	-19.3	-88.89
44.216	76.29	-19.9	-87.67
44.239	77.76	-18.41	-88.59
44.266	78.94	-19.01	-87.36
44.289	77.76	-17.82	-88.59
44.317	78.35	-18.41	-88.59
44.340	77.76	-17.23	-89.2
44.367	77.76	-17.82	-89.2
44.400	77.18	-19.01	-89.2
44.417	76.59	-19.01	-87.98
44.442	75.7	-18.12	-88.28
44.467	75.41	-17.82	-87.36
44.500	76.0	-19.6	-87.98
44.518	76.0	-19.01	-88.59
44.550	76.29	-19.3	-88.89
44.568	77.18	-19.01	-87.98
44.600	76.29	-18.12	-87.06
44.619	78.06	-18.12	-88.28
44.650	75.7	-18.12	-88.89
44.670	76.88	-17.52	-87.06
44.697	76.29	-19.3	-89.51
44.721	77.18	-17.82	-87.36
44.750	76.88	-18.71	-86.45
44.771	78.06	-19.9	-87.67
44.800	77.18	-17.23	-89.2
44.823	77.47	-18.71	-87.06
44.851	76.29	-17.52	-88.28
44.873	76.0	-19.6	-88.59
44.901	76.88	-17.52	-88.89
44.923	76.29	-18.12	-86.45
44.950	77.18	-18.41	-86.75
44.974	78.65	-17.52	-88.28
45.001	76.29	-16.93	-87.06
45.034	77.18	-18.41	-87.98
45.051	76.29	-18.12	-87.06
45.076	74.23	-16.63	-84.3
45.101	71.29	-17.23	-81.24
45.135	68.65	-17.52	-76.65
# time: 45.1349470615 call nr 1783
#time	magX	magY	magZ
45.152	67.18	-16.63	-75.12
45.184	68.06	-15.15	-74.2
45.203	65.71	-15.15	-70.53
45.235	64.83	-15.44	-69.61
45.254	61.59	-14.55	-68.7
45.284	60.71	-13.66	-64.72
45.304	61.3	-14.26	-63.5
45.335	60.42	-12.18	-60.74
45.355	59.54	-12.47	-61.05
45.384	59.83	-11.58	-60.13
45.405	59.83	-13.36	-58.29
45.435	60.12	-12.47	-57.99
45.456	59.54	-11.29	-55.54
45.484	58.95	-11.88	-55.54
45.507	58.95	-13.07	-54.93
45.535	57.48	-11.58	-54.01
45.568	58.36	-10.69	-54.93
45.584	57.77	-10.1	-52.48
45.608	59.54	-10.69	-50.64
45.635	58.95	-10.1	-50.64
45.668	58.07	-10.4	-52.17
45.684	60.42	-10.4	-51.56
45.718	58.65	-9.21	-50.95
45.736	59.54	-9.5	-49.42
45.768	59.83	-9.8	-51.56
45.786	63.65	-9.5	-50.03
45.818	61.59	-10.4	-50.34
45.837	63.06	-9.5	-50.03
45.868	62.77	-9.8	-48.5
45.887	61.89	-10.1	-50.03
45.919	60.71	-9.5	-49.42
45.938	61.01	-9.21	-50.34
45.968	60.42	-9.21	-51.56
45.988	60.71	-9.5	-51.87
46.018	59.83	-9.21	-50.34
46.039	59.83	-9.21	-50.34
46.068	60.12	-8.32	-50.64
46.090	59.24	-10.99	-49.11
46.119	60.12	-8.91	-51.25
46.140	59.83	-9.21	-49.72
46.168	60.71	-10.1	-50.64
46.191	60.71	-10.1	-51.87
46.218	59.83	-7.43	-49.72
46.242	58.95	-11.29	-51.25
46.269	58.95	-9.5	-50.64
46.302	60.71	-11.88	-51.25
46.318	59.54	-10.69	-51.25
46.343	60.42	-9.21	-51.56
46.369	61.59	-10.4	-51.56
46.402	60.42	-10.4	-49.11
46.419	61.3	-10.69	-48.81
46.445	60.42	-10.99	-50.34
46.470	59.54	-10.1	-51.25
46.502	59.83	-9.21	-50.95
46.520	60.12	-9.5	-50.64
46.552	59.83	-10.4	-50.34
46.571	61.01	-10.4	-51.56
46.602	60.12	-10.69	-51.25
46.623	60.42	-9.8	-50.95
46.652	58.95	-10.69	-51.25
46.673	59.83	-10.4	-51.56
46.722	60.12	-10.69	-49.42
46.724	58.95	-8.91	-50.03
46.752	60.42	-9.21	-50.95
46.774	59.54	-10.1	-50.03
46.802	60.12	-10.1	-51.25
46.825	59.24	-8.61	-49.72
46.852	58.95	-9.5	-50.64
46.875	59.54	-10.69	-51.25
46.902	59.24	-9.8	-49.72
46.927	60.12	-10.69	-51.87
46.952	60.12	-10.1	-51.25
46.977	58.07	-10.4	-50.95
47.003	60.42	-12.18	-50.95
47.036	61.01	-9.21	-50.34
47.053	59.24	-10.4	-51.56
47.086	61.3	-8.91	-50.64
47.103	59.83	-9.8	-50.34
47.136	60.12	-9.5	-51.87
47.154	61.59	-9.21	-52.17
47.186	59.24	-10.4	-50.34
47.205	58.95	-9.5	-50.03
47.236	59.24	-9.8	-52.17
47.255	61.59	-10.4	-49.72
47.286	61.3	-10.1	-50.03
47.306	61.59	-10.99	-51.56
47.336	60.12	-10.1	-50.64
47.357	58.95	-9.5	-51.25
47.386	58.65	-10.4	-51.56
47.407	60.42	-9.8	-50.95
47.437	59.24	-10.4	-50.34
47.458	60.71	-10.69	-51.25
47.486	58.95	-11.88	-51.25
47.509	60.12	-9.5	-50.64
47.537	60.42	-12.18	-50.95
47.559	59.54	-11.29	-51.25
47.586	59.83	-9.21	-50.95
47.610	60.12	-10.1	-50.64
47.637	62.18	-8.61	-50.95
47.670	60.71	-9.5	-51.25
47.687	61.01	-10.99	-50.95
47.720	59.83	-10.99	-51.56
47.737	59.54	-9.5	-50.03
47.770	61.3	-9.5	-51.25
47.787	60.42	-9.21	-52.17
47.820	60.12	-9.5	-51.87
47.838	60.12	-11.29	-50.64
47.870	61.01	-9.21	-51.56
47.889	59.83	-9.8	-50.34
47.920	61.3	-10.1	-51.25
47.939	60.71	-11.29	-49.42
47.970	58.95	-10.1	-51.25
47.990	58.65	-9.8	-51.56
48.020	59.54	-10.1	-53.09
48.042	59.54	-10.1	-51.87
48.070	60.12	-10.69	-50.03
48.092	60.42	-10.99	-52.17
48.120	59.83	-7.43	-50.95
48.143	59.24	-9.21	-50.95
48.170	60.71	-9.5	-50.64
48.193	61.01	-8.61	-51.56
48.220	60.12	-10.69	-51.87
48.244	59.54	-10.1	-51.87
48.270	60.12	-10.69	-50.64
48.295	61.01	-9.21	-50.95
48.321	61.59	-11.58	-51.56
48.354	59.83	-10.99	-50.34
48.371	59.83	-11.58	-49.11
48.404	59.83	-9.8	-50.95
48.421	58.95	-8.91	-51.25
48.454	58.95	-11.88	-53.09
48.472	58.07	-10.4	-50.95
48.504	59.54	-11.29	-50.64
48.522	61.89	-10.69	-51.87
48.554	59.54	-10.69	-51.87
48.573	59.54	-9.5	-50.03
48.604	60.71	-10.1	-50.64
48.624	61.01	-9.8	-50.95
48.655	59.24	-10.4	-50.34
48.674	60.12	-10.1	-50.64
48.704	60.71	-10.69	-50.03
48.757	60.71	-8.91	-50.03
48.757	59.83	-9.8	-49.72
48.776	60.42	-9.8	-50.95
48.804	60.42	-9.21	-50.34
48.826	59.83	-9.8	-50.95
48.854	59.54	-8.32	-50.03
48.877	59.54	-11.88	-51.87
48.904	60.42	-10.99	-49.72
48.928	59.83	-11.58	-50.95
48.955	59.83	-9.21	-49.72
48.988	59.54	-10.69	-50.64
49.004	60.71	-9.5	-50.64
49.029	61.01	-10.4	-50.95
49.055	59.54	-9.5	-51.87
49.088	60.12	-9.5	-50.03
49.105	58.95	-9.5	-50.03
49.138	59.24	-10.99	-50.95
49.156	59.83	-9.21	-49.72
49.188	59.54	-9.5	-51.25
49.206	60.71	-8.91	-51.25
49.238	60.42	-9.8	-50.34
49.258	60.42	-9.21	-50.95
49.288	59.54	-11.29	-50.64
49.308	61.01	-10.4	-51.56
49.339	60.12	-10.69	-50.03
49.358	60.42	-9.8	-52.79
49.388	58.95	-10.1	-50.64
49.409	59.54	-10.69	-49.42
49.439	59.83	-9.8	-50.95
49.460	60.12	-10.69	-50.64
49.488	61.01	-8.61	-50.34
49.511	58.95	-10.1	-50.64
49.538	60.42	-10.4	-51.56
49.561	61.3	-9.5	-50.03
49.588	60.42	-10.4	-50.95
49.621	59.24	-9.8	-52.17
49.638	59.83	-9.8	-50.34
49.662	59.83	-10.4	-50.95
49.688	60.12	-11.88	-50.64
49.722	62.18	-8.61	-50.95
49.738	60.12	-10.1	-50.03
49.771	59.83	-9.21	-49.11
49.789	59.24	-9.8	-50.95
49.822	59.83	-10.99	-50.34
49.840	59.54	-8.91	-51.25
49.865	60.42	-10.99	-51.56
49.890	59.83	-10.99	-51.56
49.922	59.24	-10.99	-51.56
49.941	59.54	-11.29	-51.25
49.972	60.71	-9.5	-50.03
49.992	60.42	-10.4	-50.95
50.022	60.12	-10.1	-51.87
50.043	61.01	-12.18	-51.56
50.072	59.24	-10.99	-50.34
50.093	59.24	-10.4	-50.95
50.122	58.95	-10.1	-51.87
50.144	61.3	-11.29	-49.42
# time: 50.1445441246 call nr 1981
#time	magX	magY	magZ
50.172	59.83	-9.8	-49.72
50.195	58.36	-10.1	-51.25
50.222	60.12	-11.88	-51.25
50.246	59.83	-10.4	-51.56
50.272	59.54	-10.1	-51.25
50.296	60.12	-10.69	-49.42
50.322	60.12	-10.69	-52.48
50.356	61.59	-10.99	-52.17
50.372	58.36	-9.5	-51.25
50.405	59.54	-10.1	-50.64
50.423	60.42	-10.99	-52.17
50.456	58.07	-10.4	-52.79
50.475	60.42	-9.21	-50.95
50.505	60.42	-10.4	-51.56
50.525	61.89	-10.1	-50.64
50.556	60.42	-10.99	-50.34
50.575	61.3	-9.5	-50.03
50.605	59.54	-8.32	-50.64
50.626	60.12	-9.5	-51.25
50.656	60.42	-9.21	-50.95
50.676	59.54	-10.69	-50.64
50.706	59.24	-9.8	-49.11
50.727	59.54	-10.69	-51.25
50.757	58.95	-10.69	-50.64
50.778	59.54	-10.1	-51.25
50.806	61.01	-9.21	-52.17
50.828	59.83	-10.4	-51.56
50.856	59.24	-11.58	-50.34
50.879	60.71	-10.69	-51.87
50.906	59.83	-10.99	-51.56
50.940	58.65	-10.4	-52.17
50.957	59.24	-9.8	-50.34
50.980	61.3	-11.88	-50.03
51.006	58.07	-9.21	-50.34
51.039	60.71	-10.1	-52.48
51.057	59.54	-10.69	-51.87
51.090	59.24	-8.61	-50.34
51.108	59.54	-10.1	-51.25
51.140	61.3	-8.91	-51.25
51.158	59.54	-9.5	-51.25
51.189	61.59	-8.61	-51.56
51.209	59.83	-10.99	-51.56
51.240	59.54	-10.69	-51.25
51.259	59.54	-10.69	-50.64
51.290	59.83	-8.61	-51.56
51.310	59.83	-9.8	-49.11
51.340	60.42	-10.4	-49.72
51.361	59.83	-9.21	-51.56
51.390	59.83	-10.4	-51.56
51.411	59.24	-9.21	-52.79
51.440	60.71	-8.91	-50.03
51.463	59.24	-10.99	-52.79
51.490	58.65	-9.8	-49.72
51.513	61.59	-10.4	-50.34
51.540	60.71	-9.5	-50.03
51.563	61.59	-10.99	-50.95
51.590	61.01	-10.4	-52.79
51.614	60.71	-10.1	-50.03
51.640	58.95	-8.32	-50.64
51.673	60.42	-10.99	-50.34
51.690	60.12	-10.1	-50.64
51.723	61.01	-9.21	-50.95
51.741	59.24	-9.8	-50.95
51.773	61.59	-9.8	-51.56
51.791	60.42	-10.4	-51.56
51.824	61.3	-9.5	-50.64
51.842	60.71	-10.1	-52.48
51.874	58.95	-11.29	-50.03
51.893	60.12	-8.91	-50.03
51.924	60.71	-11.29	-51.25
51.943	59.83	-8.61	-49.72
51.974	58.95	-11.29	-50.64
51.994	60.71	-8.32	-51.25
52.024	60.71	-11.88	-51.25
52.046	59.24	-9.8	-52.17
52.074	59.24	-8.61	-50.34
52.095	60.71	-9.5	-51.25
52.124	60.12	-11.88	-51.25
52.147	59.83	-10.4	-50.95
52.174	60.42	-9.8	-51.56
52.197	61.01	-9.8	-50.34
52.224	59.54	-10.69	-50.03
52.247	59.24	-9.8	-51.56
52.274	60.12	-9.5	-50.64
52.298	60.42	-9.8	-50.34
52.324	61.59	-9.21	-51.56
52.357	61.59	-12.18	-51.56
52.374	60.12	-9.5	-50.64
52.407	61.01	-10.4	-50.34
52.425	59.83	-10.4	-50.34
52.457	60.71	-11.29	-51.25
52.475	60.42	-9.8	-50.34
52.508	60.71	-10.69	-51.25
52.526	59.24	-10.99	-52.17
52.558	59.83	-11.58	-50.95
52.577	61.59	-11.58	-50.95
52.608	61.01	-9.21	-50.34
52.627	58.65	-9.8	-50.34
52.658	60.42	-11.58	-51.56
52.678	61.01	-10.4	-52.79
52.708	59.24	-9.8	-51.56
52.729	60.12	-11.29	-51.87
52.758	62.18	-9.8	-52.79
52.779	60.42	-10.99	-51.56
52.805	62.18	-8.61	-50.95
52.830	58.65	-10.4	-53.4
52.858	60.12	-10.69	-51.25
52.891	60.71	-11.29	-50.03
52.908	61.3	-10.1	-50.64
52.931	60.42	-9.8	-52.17
52.958	60.42	-9.8	-49.11
52.991	60.71	-9.5	-50.64
53.008	60.42	-10.4	-50.34
53.034	59.24	-11.58	-49.11
53.059	60.12	-10.69	-50.64
53.091	60.12	-8.91	-50.03
53.109	59.83	-10.4	-49.11
53.141	59.54	-8.91	-48.2
53.160	60.42	-10.4	-47.89
53.191	59.83	-9.8	-46.67
53.211	60.71	-8.91	-45.75
53.241	61.3	-7.72	-45.13
53.261	61.3	-8.91	-42.69
53.292	62.18	-7.43	-43.61
53.311	61.59	-7.43	-42.99
53.342	62.48	-7.72	-42.08
53.362	59.83	-6.83	-42.99
53.392	63.06	-6.53	-43.3
53.413	62.48	-7.72	-42.69
53.442	63.06	-7.72	-41.46
53.463	62.77	-6.24	-41.77
53.492	63.65	-6.53	-40.85
53.514	63.06	-7.72	-39.63
53.542	63.65	-4.75	-40.24
53.565	66.3	-6.83	-39.93
53.592	63.95	-6.24	-40.54
53.615	64.24	-7.72	-39.02
53.642	63.36	-6.24	-39.32
53.675	63.06	-6.53	-39.02
53.692	65.12	-5.05	-38.1
53.716	64.24	-5.94	-37.79
53.742	63.65	-4.16	-36.57
53.775	66.0	-5.35	-35.95
53.792	67.18	-5.35	-34.73
53.825	66.0	-4.16	-34.73
53.843	66.59	-4.16	-32.28
53.876	65.71	-3.86	-35.65
53.894	66.59	-4.16	-34.12
53.926	66.0	-2.97	-33.51
53.945	66.88	-3.86	-35.04
53.976	64.53	-3.27	-35.04
53.995	66.0	-2.97	-33.51
54.025	66.3	-2.67	-34.43
54.045	66.0	-2.97	-33.51
54.076	65.41	-1.78	-33.51
54.096	68.06	-3.86	-31.98
54.126	67.77	-2.38	-32.9
54.147	67.47	-2.67	-30.75
54.176	67.47	-3.86	-32.59
54.197	67.77	-4.16	-30.45
54.226	67.18	-4.16	-32.28
54.248	68.94	-1.19	-31.67
54.276	68.36	-1.19	-29.83
54.298	66.88	-2.67	-30.75
54.326	68.94	-1.19	-29.83
54.349	67.77	-1.19	-31.06
54.377	68.36	-2.97	-31.67
54.400	68.94	-2.38	-30.45
54.426	70.71	-2.97	-31.06
54.450	68.36	-2.38	-31.06
54.477	70.12	-1.19	-31.06
54.510	69.24	-2.08	-28.92
54.526	68.65	-0.3	-30.14
54.560	68.65	0.3	-29.53
54.577	67.77	-0.59	-29.83
54.610	68.94	-1.19	-29.22
54.628	69.24	-0.89	-27.08
54.659	67.47	0.3	-30.14
54.679	68.06	-1.49	-30.75
54.710	69.53	1.19	-28.61
54.729	69.83	0.3	-28.92
54.759	68.06	1.49	-28.3
54.779	70.41	-0.3	-28.3
54.819	70.71	1.19	-29.83
54.830	70.12	-0.59	-29.22
54.859	69.24	2.08	-27.08
54.880	69.83	-1.49	-28.92
54.910	68.94	-0.59	-29.22
54.931	69.83	0.89	-27.69
54.960	70.41	-0.3	-30.75
54.982	69.24	0.3	-27.08
55.010	69.53	0.0	-28.61
55.032	69.24	-1.49	-27.08
55.060	69.53	-1.19	-28.0
55.093	69.24	-2.08	-28.92
55.110	69.53	-1.78	-28.61
55.133	69.24	-1.49	-27.69
55.160	69.24	-2.08	-28.3
# time: 55.1600189209 call nr 2179
#time	magX	magY	magZ
55.193	68.06	-2.08	-27.69
55.210	68.94	-2.38	-27.39
55.235	68.06	-2.67	-28.92
55.260	70.41	-3.27	-28.3
55.294	68.36	-3.56	-29.22
55.311	68.36	-1.78	-27.39
55.344	70.12	-3.56	-26.16
55.361	70.12	-1.78	-27.39
55.394	68.36	-1.19	-26.16
55.413	70.41	-0.89	-28.3
55.444	71.0	-2.67	-25.24
55.462	70.41	-1.49	-24.63
55.494	70.12	-3.56	-27.39
55.513	72.18	-3.27	-25.86
55.544	69.24	-3.86	-28.3
55.564	70.71	-1.78	-26.77
55.594	69.83	-3.27	-27.69
55.614	68.65	-3.27	-26.47
55.644	69.24	-3.27	-27.08
55.665	70.71	-4.75	-26.77
55.694	68.06	-2.67	-26.47
55.716	68.06	-2.08	-27.08
55.744	68.65	-3.27	-28.3
55.766	69.24	-3.27	-27.69
55.794	68.65	-3.86	-27.08
55.817	67.18	-2.97	-27.39
55.844	68.94	-2.97	-27.39
55.867	68.06	-2.67	-27.08
55.895	68.94	-4.16	-26.16
55.927	66.0	-3.56	-26.77
55.944	67.47	-4.46	-27.69
55.977	68.94	-5.35	-28.61
55.995	68.36	-2.38	-28.61
56.027	67.47	-3.27	-28.3
56.046	70.12	-2.97	-28.61
56.078	68.06	-5.05	-27.69
56.095	66.88	-5.64	-28.92
56.128	69.83	-3.86	-27.69
56.146	71.0	-4.46	-28.92
56.178	68.36	-3.56	-27.39
56.196	67.77	-4.16	-28.61
56.228	69.24	-2.08	-27.69
56.247	68.06	-2.08	-29.53
56.278	68.94	-3.56	-28.0
56.298	68.94	-3.56	-26.77
56.328	68.94	-2.38	-28.0
56.348	67.18	-3.56	-28.0
56.378	68.06	-4.46	-27.69
56.399	67.77	-3.56	-28.61
56.428	68.06	-2.67	-27.69
56.449	69.24	-3.27	-28.3
56.478	68.65	-2.08	-29.53
56.500	69.24	-5.05	-27.08
56.528	68.94	-3.56	-29.22
56.551	68.36	-2.97	-26.16
56.578	68.36	-3.56	-28.0
56.601	69.53	-3.56	-27.39
56.628	68.36	-2.38	-26.16
56.661	68.65	-3.86	-28.3
56.678	69.24	-3.27	-27.69
56.711	68.06	-5.05	-27.69
56.729	69.53	-1.78	-27.39
56.761	69.53	-4.75	-27.39
56.778	69.53	-3.56	-26.77
56.812	68.65	-3.86	-28.3
56.850	68.36	-4.75	-28.0
56.861	68.36	-4.16	-28.0
56.880	68.36	-2.97	-28.0
56.911	67.77	-2.38	-26.77
56.931	69.83	-3.27	-27.69
56.962	68.36	-4.16	-28.61
56.981	68.94	-4.75	-28.0
57.012	68.36	-2.38	-29.22
57.032	68.94	-2.38	-26.16
57.062	67.77	-4.16	-28.61
57.083	69.24	-2.67	-27.69
57.112	68.65	-3.27	-28.3
57.133	69.53	-3.56	-28.61
57.162	68.36	-1.78	-28.0
57.184	69.24	-3.27	-25.86
57.212	69.53	-2.97	-28.0
57.234	68.36	-2.97	-27.39
57.262	67.77	-2.38	-27.39
57.295	70.12	-1.78	-26.16
57.312	68.94	-2.38	-28.0
57.335	68.94	-3.56	-27.39
57.362	68.36	-2.97	-26.77
57.396	67.77	-3.56	-27.39
57.412	69.53	-2.97	-27.39
57.437	68.06	-2.08	-29.53
57.462	69.53	-2.38	-27.39
57.496	68.65	-4.46	-27.69
57.512	68.94	-4.16	-28.0
57.545	69.83	-4.46	-27.69
57.563	68.06	-2.67	-27.69
57.596	68.36	-5.35	-28.61
57.616	68.06	-3.27	-27.08
57.646	69.24	-2.67	-27.69
57.664	70.12	-2.97	-28.0
57.696	68.65	-3.27	-27.08
57.715	68.94	-4.75	-28.61
57.746	68.65	-3.86	-29.53
57.766	69.83	-3.86	-27.08
57.796	69.53	-2.97	-29.83
57.816	67.77	-4.16	-29.22
57.846	68.36	-4.75	-27.39
57.867	68.36	-4.75	-27.39
57.896	67.18	-4.16	-26.77
57.917	69.24	-3.27	-28.92
57.946	68.94	-1.78	-28.0
57.968	69.24	-3.27	-26.47
57.997	67.77	-1.78	-28.61
58.029	67.47	-4.46	-27.08
58.046	69.24	-3.27	-27.69
58.069	69.24	-3.27	-28.92
58.096	69.24	-3.86	-27.69
58.129	68.65	-1.49	-27.69
58.146	68.36	-2.38	-28.61
58.179	68.94	-1.78	-26.16
58.196	69.24	-2.08	-27.08
58.229	68.36	-4.16	-27.39
58.246	67.18	-5.35	-27.39
58.280	67.47	-3.86	-28.3
58.297	66.3	-3.27	-28.3
58.330	68.06	-2.08	-27.08
58.349	70.41	-2.08	-27.08
58.380	68.36	-2.97	-28.0
58.399	68.06	-3.86	-27.69
58.430	69.24	-1.49	-27.08
58.449	69.24	-3.27	-25.24
58.480	68.94	-3.56	-26.16
58.500	68.65	-2.67	-28.3
58.530	68.06	-4.46	-28.3
58.550	68.36	-4.16	-27.39
58.580	67.47	-3.86	-27.69
58.602	66.0	-4.75	-28.0
58.630	71.0	-4.46	-27.08
58.651	68.06	-3.86	-26.47
58.680	69.53	-3.56	-28.0
58.703	68.65	-3.27	-27.69
58.730	67.77	-3.56	-28.0
58.753	68.36	-4.16	-28.0
58.780	67.77	-2.97	-27.39
58.803	67.18	-1.78	-27.39
58.830	68.06	-3.86	-29.53
58.874	69.24	-3.27	-27.08
58.879	67.77	-5.35	-27.39
58.914	69.83	-3.27	-27.08
58.930	70.12	-2.97	-27.39
58.956	69.53	-2.97	-28.0
58.980	68.65	-3.27	-27.08
59.014	69.53	-1.78	-26.16
59.031	68.06	-3.86	-27.08
59.064	68.94	-2.97	-29.22
59.082	69.53	-2.97	-28.61
59.114	67.47	-3.27	-29.53
59.132	68.94	-2.38	-28.61
59.164	68.94	-1.78	-28.61
59.184	68.06	-3.86	-26.47
59.214	67.47	-3.86	-28.92
59.233	68.36	-4.16	-28.61
59.264	67.77	-4.75	-27.39
59.284	69.53	-3.56	-28.61
59.314	68.36	-2.97	-27.39
59.335	69.24	-2.67	-28.92
59.364	68.36	-1.78	-29.22
59.385	67.77	-2.97	-26.77
59.414	67.18	-4.16	-28.0
59.436	69.24	-3.27	-28.3
59.464	68.36	-4.16	-26.77
59.487	67.18	-2.97	-27.39
59.515	67.47	-2.67	-28.92
59.537	68.36	-4.16	-26.77
59.564	67.18	-2.97	-29.83
59.597	67.47	-3.27	-27.69
59.615	69.83	-4.46	-27.08
59.647	68.36	-4.16	-27.39
59.664	67.47	-3.27	-27.69
59.698	68.65	-3.27	-27.69
59.715	69.24	-3.27	-27.08
59.748	70.12	-3.56	-25.55
59.765	68.36	-4.16	-28.61
59.798	68.06	-3.86	-27.69
59.816	69.83	-3.86	-28.92
59.848	68.36	-4.16	-28.61
59.866	70.71	-2.97	-28.0
59.898	70.12	-2.97	-27.39
59.918	68.65	-4.46	-28.3
59.948	66.88	-4.46	-29.53
59.968	67.47	-3.86	-28.92
59.998	67.47	-2.67	-27.08
60.018	68.06	-2.08	-27.69
60.048	69.24	-2.67	-28.92
60.069	68.36	-4.75	-28.0
60.099	68.65	-4.46	-27.08
60.119	67.77	-2.38	-26.77
60.148	68.65	-4.46	-27.08
60.170	68.36	-2.38	-28.61
# time: 60.1703460217 call nr 2377
#time	magX	magY	magZ
60.198	67.47	-3.27	-27.69
60.221	69.83	-3.27	-27.08
60.248	70.12	-3.56	-28.61
60.271	69.53	-4.75	-28.0
60.298	67.47	-3.27	-27.08
60.331	68.36	-3.56	-27.39
60.348	68.36	-2.38	-27.39
60.373	67.77	-3.56	-26.16
60.398	69.24	-3.27	-28.3
60.432	67.47	-2.67	-27.08
60.448	69.83	-3.86	-28.3
60.482	68.94	-2.38	-26.77
60.499	68.36	-2.97	-29.22
60.531	68.65	-2.67	-27.69
60.550	68.65	-3.27	-27.08
60.582	69.24	-3.86	-28.3
60.600	68.65	-2.08	-27.69
60.632	68.94	-4.16	-28.0
60.652	68.65	-3.86	-26.47
60.682	68.65	-3.86	-28.92
60.702	68.06	-3.86	-28.3
60.732	68.36	-1.78	-29.22
60.752	68.94	-4.16	-26.77
60.782	68.06	-2.67	-27.69
60.803	68.94	-3.56	-29.22
60.832	67.77	-2.97	-26.16
60.853	69.53	-4.75	-28.0
60.903	68.36	-2.97	-28.0
60.904	68.65	-4.46	-27.69
60.932	67.77	-3.56	-29.83
60.955	68.94	-4.75	-27.39
60.982	67.77	-1.78	-27.39
61.005	67.47	-3.86	-27.69
61.032	66.0	-4.16	-27.39
61.056	69.24	-4.46	-28.3
61.082	68.94	-2.97	-27.39
61.116	68.94	-2.38	-27.39
61.132	68.94	-3.56	-27.39
61.158	67.77	-2.38	-28.61
61.182	69.83	-4.46	-27.08
61.216	69.24	-2.67	-28.3
61.233	67.47	-3.86	-27.08
61.266	66.59	-4.16	-28.0
61.284	68.06	-2.67	-27.69
61.316	68.65	-4.46	-26.47
61.334	68.94	-2.97	-27.39
61.366	67.77	-4.16	-28.61
61.385	69.53	-4.16	-26.16
61.416	70.41	-3.86	-27.69
61.436	68.94	-2.97	-29.83
61.466	70.12	-2.97	-27.39
61.486	68.06	-3.27	-27.69
61.517	68.06	-2.67	-29.53
61.537	68.36	-4.75	-29.83
61.566	68.06	-3.86	-25.86
61.587	66.3	-3.27	-27.08
61.616	69.53	-1.78	-28.61
61.638	66.88	-3.86	-27.69
61.666	68.06	-4.46	-26.47
61.689	67.77	-2.97	-28.0
61.716	69.24	-3.27	-30.14
61.739	68.65	-2.08	-29.53
61.766	68.65	-3.27	-27.69
61.799	67.47	-3.27	-26.47
61.816	68.94	-2.97	-28.0
61.840	68.36	-3.56	-26.16
61.866	69.24	-3.27	-27.69
61.900	69.24	-3.86	-28.3
61.916	68.36	-2.97	-28.0
61.942	68.94	-2.38	-29.22
61.968	67.47	-3.86	-28.3
62.000	68.36	-4.75	-26.77
62.018	68.36	-3.56	-28.0
62.043	68.06	-3.27	-28.3
62.068	68.94	-3.56	-26.77
62.100	67.47	-2.08	-28.92
62.119	68.36	-4.75	-27.39
62.150	67.77	-2.97	-29.83
62.169	67.47	-2.08	-30.14
62.200	68.65	-5.05	-27.08
62.220	68.06	-4.46	-28.3
62.250	68.06	-2.08	-27.69
62.271	67.18	-2.97	-28.61
62.300	67.47	-3.27	-26.47
62.321	66.88	-4.46	-27.08
62.350	66.59	-4.75	-28.61
62.372	67.18	-2.38	-28.61
62.400	66.59	-4.75	-29.22
62.433	68.06	-3.27	-28.3
62.450	66.59	-4.16	-29.22
62.473	66.59	-5.94	-29.22
62.500	66.3	-4.46	-29.53
62.534	66.59	-3.56	-28.61
62.551	65.41	-3.56	-30.45
62.575	64.24	-4.75	-30.45
62.600	64.83	-4.16	-31.06
62.634	65.12	-3.86	-30.14
62.650	64.83	-4.75	-32.28
62.684	63.65	-4.75	-30.45
62.701	66.3	-5.05	-31.36
62.734	64.53	-3.86	-30.75
62.752	63.65	-5.94	-31.67
62.784	64.24	-4.75	-31.67
62.802	63.06	-5.94	-31.67
62.834	63.65	-3.56	-31.06
62.853	63.36	-4.46	-31.98
62.884	64.24	-5.35	-32.28
62.903	64.53	-5.05	-32.59
62.929	64.24	-3.56	-33.51
62.954	66.0	-5.94	-32.28
62.984	65.71	-5.05	-30.75
63.005	66.0	-5.35	-29.83
63.034	65.71	-3.27	-29.53
63.055	65.41	-4.16	-28.61
63.084	66.59	-3.56	-25.55
63.106	68.65	-3.27	-22.18
63.135	68.65	-2.08	-20.96
63.156	68.06	-2.08	-17.29
63.184	69.53	0.59	-15.15
63.207	71.29	-1.19	-15.15
63.235	70.12	0.59	-13.31
63.258	70.41	-1.49	-13.01
63.284	71.29	1.19	-9.64
63.317	73.65	3.56	-4.13
63.334	73.06	3.56	1.38
63.359	72.47	7.13	6.88
63.385	75.12	8.02	10.86
63.418	71.88	8.91	10.56
63.434	71.29	8.91	9.94
63.460	68.94	8.32	9.33
63.485	70.12	8.32	11.78
63.518	70.71	7.72	9.94
63.535	71.59	8.02	9.64
63.560	67.77	7.72	10.56
63.586	68.94	8.91	9.94
63.618	68.94	9.5	11.78
63.637	67.47	9.21	11.47
63.668	69.53	8.91	10.56
63.687	70.12	7.72	13.01
63.718	69.24	8.61	12.7
63.737	69.53	9.5	12.39
63.768	68.06	7.43	11.47
63.789	67.77	10.1	12.39
63.818	67.77	8.91	13.62
63.838	67.47	8.02	15.76
63.868	67.47	9.8	14.53
63.889	70.41	8.61	12.7
63.918	69.83	6.24	11.47
63.939	71.59	5.64	11.47
63.969	71.59	6.83	10.86
63.990	72.18	6.83	9.03
64.018	73.06	5.35	4.44
64.040	73.35	4.46	2.3
64.068	76.29	3.27	-2.6
64.091	76.29	1.49	-5.05
64.118	77.18	0.59	-10.86
64.142	77.47	-0.3	-15.45
64.169	77.47	-0.89	-19.12
64.201	80.11	-2.38	-20.65
64.218	79.53	-1.78	-21.27
64.243	78.35	-2.38	-24.94
64.269	79.82	-2.08	-26.47
64.302	79.53	-2.97	-28.61
64.319	81.0	-2.67	-30.75
64.353	82.47	-3.56	-31.67
64.369	83.94	-5.05	-35.65
64.402	84.82	-4.75	-35.34
64.420	88.05	-5.64	-39.32
64.452	86.88	-6.24	-38.1
64.470	88.05	-5.05	-41.16
64.502	87.76	-5.35	-41.46
64.521	89.23	-4.46	-41.16
64.552	88.35	-5.94	-40.24
64.573	88.94	-5.94	-39.63
64.602	87.47	-5.64	-42.38
64.622	88.05	-5.64	-41.77
64.652	88.94	-5.35	-42.08
64.673	88.05	-4.46	-41.16
64.702	87.76	-4.75	-42.08
64.724	87.76	-6.53	-41.46
64.753	87.47	-6.83	-39.93
64.774	88.05	-5.64	-40.54
64.802	89.23	-6.24	-40.54
64.825	89.52	-5.35	-40.24
64.852	87.47	-6.83	-40.54
64.875	88.64	-5.05	-40.54
64.902	88.94	-7.13	-39.02
64.926	88.05	-4.46	-41.16
64.951	89.23	-5.64	-39.93
64.986	88.94	-4.75	-40.85
65.002	88.35	-8.32	-40.24
65.028	89.23	-7.43	-40.54
65.053	87.47	-6.83	-39.93
65.086	88.94	-7.13	-41.46
65.103	87.47	-8.02	-39.93
65.136	88.94	-8.32	-41.46
65.155	88.05	-7.43	-39.32
65.186	89.82	-8.61	-39.32
# time: 65.1859049797 call nr 2575
#time	magX	magY	magZ
65.205	88.94	-6.53	-42.08
65.236	88.35	-7.13	-41.46
65.256	88.94	-8.91	-40.24
65.286	87.47	-7.43	-38.71
65.306	89.23	-8.61	-39.32
65.336	88.64	-6.24	-41.16
65.357	87.76	-7.13	-37.79
65.386	89.52	-7.72	-38.4
65.407	88.05	-8.02	-38.71
65.436	87.76	-7.13	-39.02
65.458	89.52	-7.13	-39.02
65.486	88.35	-9.5	-39.63
65.508	89.52	-7.72	-38.4
65.536	88.05	-8.02	-38.1
65.559	88.35	-7.72	-38.4
65.586	88.05	-7.43	-37.49
65.619	90.4	-8.02	-35.65
65.636	88.64	-8.02	-37.49
65.660	88.64	-8.02	-37.49
65.686	88.94	-6.53	-37.18
65.720	88.94	-8.91	-36.57
65.737	88.64	-8.02	-38.1
65.761	88.64	-8.02	-37.49
65.787	90.4	-7.43	-37.49
65.820	87.76	-7.13	-36.57
65.837	89.23	-6.24	-37.49
65.870	87.76	-7.72	-37.18
65.888	88.05	-7.43	-36.87
65.920	88.05	-9.21	-35.65
65.939	88.94	-8.91	-36.57
65.971	87.47	-8.02	-36.26
65.989	86.88	-7.43	-37.49
66.020	86.88	-8.02	-35.65
66.040	88.05	-7.43	-36.26
66.071	85.7	-8.61	-35.65
66.090	87.17	-7.72	-35.34
66.120	87.17	-8.32	-35.34
66.141	87.17	-7.13	-35.95
66.171	87.47	-6.83	-35.65
66.192	86.29	-7.43	-36.26
66.220	87.17	-8.32	-35.95
66.242	88.05	-7.43	-36.87
66.270	86.58	-6.53	-34.73
66.293	87.76	-7.13	-36.57
66.320	86.88	-7.43	-36.26
66.353	86.88	-9.21	-37.49
66.371	87.76	-7.13	-36.57
66.404	86.0	-8.32	-34.73
66.421	89.23	-8.02	-36.87
66.445	87.47	-6.83	-35.65
66.470	87.17	-5.94	-36.57
66.504	85.41	-7.72	-36.57
66.521	86.29	-9.8	-36.26
66.546	87.47	-7.43	-36.87
66.571	87.17	-6.53	-35.95
66.604	86.58	-8.32	-37.79
66.622	86.88	-8.61	-36.26
66.654	86.29	-7.43	-35.04
66.673	86.29	-8.02	-35.04
66.704	86.88	-8.61	-37.49
66.723	86.88	-8.61	-34.43
66.754	87.17	-7.72	-34.73
66.774	85.11	-8.02	-34.43
66.804	87.17	-7.13	-34.73
66.825	86.88	-8.02	-35.65
66.854	86.88	-9.21	-36.26
66.875	86.88	-6.83	-35.65
66.904	86.29	-8.61	-36.26
66.926	86.58	-7.13	-33.51
66.977	85.7	-7.43	-35.65
66.977	85.7	-8.61	-36.87
67.002	86.29	-8.02	-36.87
67.027	87.76	-8.91	-36.57
67.054	88.05	-9.21	-35.04
67.087	88.35	-8.91	-35.95
67.104	85.7	-8.02	-35.04
67.128	84.82	-8.91	-35.95
67.154	86.0	-7.13	-34.12
67.179	85.41	-7.13	-37.18
67.205	85.7	-7.43	-35.04
67.237	85.41	-8.91	-34.12
67.255	84.52	-7.43	-35.65
67.289	84.82	-7.72	-35.34
67.305	84.82	-7.72	-35.34
67.338	85.41	-7.72	-36.57
67.356	85.41	-7.13	-35.95
67.389	84.82	-7.72	-35.34
67.407	85.11	-7.43	-35.65
67.438	84.52	-6.83	-35.65
67.457	85.41	-7.72	-35.34
67.489	84.23	-8.91	-36.57
67.508	85.7	-6.83	-35.65
67.538	84.23	-6.53	-35.95
67.558	86.29	-8.61	-36.87
67.588	86.29	-7.43	-36.26
67.609	84.23	-9.5	-35.95
67.638	85.7	-7.43	-36.87
67.660	85.7	-8.02	-34.43
67.688	86.58	-7.13	-34.73
67.710	83.35	-6.83	-36.87
67.738	86.0	-8.91	-37.79
67.761	85.7	-6.83	-35.04
67.788	84.82	-7.72	-35.95
67.812	86.29	-7.43	-35.04
67.838	84.82	-8.32	-35.95
67.862	85.11	-8.02	-36.26
67.888	84.52	-8.02	-36.26
67.921	85.11	-9.21	-35.04
67.938	85.41	-5.94	-35.34
67.972	85.41	-7.72	-34.12
67.989	84.23	-8.32	-35.34
68.022	85.41	-8.32	-35.34
68.039	85.7	-8.61	-35.65
68.072	85.41	-8.91	-37.18
68.090	86.0	-8.91	-36.57
68.122	83.94	-6.83	-34.43
68.141	83.94	-8.61	-36.26
68.172	85.41	-7.72	-37.18
68.192	86.0	-7.72	-35.95
68.222	85.11	-7.43	-35.65
68.242	85.11	-7.43	-35.04
68.272	85.11	-7.43	-35.04
68.293	84.82	-7.13	-34.12
68.322	84.82	-5.94	-37.79
68.343	86.88	-8.61	-35.04
68.372	85.11	-6.83	-35.04
68.395	83.94	-8.02	-35.04
68.422	83.64	-7.13	-34.73
68.444	84.52	-8.02	-35.65
68.472	85.7	-8.02	-36.87
68.495	86.58	-8.32	-36.57
68.522	84.82	-9.5	-36.57
68.555	86.0	-8.32	-35.95
68.572	86.0	-9.5	-36.57
68.596	83.64	-7.72	-34.73
68.622	83.64	-9.5	-37.18
68.656	84.52	-8.02	-36.26
68.672	86.0	-7.72	-35.95
68.698	85.41	-8.32	-35.34
68.723	86.0	-7.72	-37.79
68.756	85.41	-5.94	-38.4
68.773	86.58	-6.53	-35.95
68.806	86.0	-8.91	-37.79
68.824	83.64	-7.72	-36.57
68.856	85.11	-8.61	-36.87
68.875	84.82	-7.72	-35.95
68.907	86.29	-8.61	-35.04
68.925	85.7	-8.61	-36.26
68.956	87.47	-8.02	-35.04
68.976	84.82	-7.72	-35.95
69.001	85.41	-7.13	-35.34
69.026	84.82	-8.91	-37.79
69.056	86.0	-9.5	-34.73
69.077	83.64	-8.91	-37.18
69.106	85.7	-8.61	-35.65
69.128	83.64	-8.32	-37.79
69.156	85.41	-6.53	-36.57
69.178	86.0	-7.13	-35.95
69.207	85.7	-8.61	-36.26
69.229	86.88	-8.61	-35.65
69.257	84.82	-7.13	-37.18
69.279	84.52	-9.21	-37.49
69.306	85.11	-8.61	-36.87
69.340	83.94	-8.61	-36.26
69.356	84.23	-8.32	-37.18
69.381	84.52	-8.61	-35.65
69.406	84.52	-6.24	-36.87
69.440	85.41	-7.72	-35.95
69.457	85.7	-8.02	-37.49
69.482	83.35	-7.43	-36.87
69.507	83.64	-9.5	-35.95
69.540	84.82	-7.72	-37.79
69.558	84.82	-8.32	-36.57
69.590	83.94	-8.02	-37.49
69.609	86.29	-8.61	-35.65
69.640	85.41	-7.13	-36.57
69.659	86.0	-8.32	-36.57
69.690	85.7	-6.83	-36.26
69.711	84.82	-7.13	-35.34
69.740	84.52	-8.02	-37.49
69.760	86.0	-8.32	-37.18
69.790	83.94	-5.64	-36.26
69.811	85.41	-7.72	-36.57
69.840	85.41	-8.91	-35.34
69.862	85.7	-9.21	-37.49
69.890	84.52	-8.02	-38.1
69.913	84.23	-8.32	-39.02
69.940	84.23	-7.72	-35.34
69.973	85.41	-8.32	-38.4
69.990	86.29	-9.21	-36.26
70.014	85.41	-8.32	-37.79
70.040	85.11	-7.43	-36.87
70.064	85.7	-8.61	-37.49
70.090	83.64	-7.13	-35.95
70.124	86.88	-6.24	-36.87
70.141	85.7	-7.43	-36.26
70.165	86.29	-7.43	-35.65
70.191	85.41	-7.72	-35.34
# time: 70.1912901402 call nr 2773
#time	magX	magY	magZ
70.224	84.82	-8.32	-35.34
70.241	83.94	-8.02	-35.65
70.274	86.29	-8.02	-34.43
70.292	84.23	-7.13	-33.51
70.324	85.7	-6.24	-34.43
70.343	85.11	-8.02	-34.43
70.374	86.0	-8.32	-33.51
70.393	86.0	-5.94	-33.51
70.425	86.0	-7.13	-31.67
70.444	84.82	-6.53	-32.28
70.474	85.7	-8.61	-33.2
70.494	85.11	-7.43	-33.81
70.524	86.0	-6.53	-32.9
70.545	86.0	-7.72	-32.28
70.574	85.41	-7.13	-34.12
70.596	86.88	-6.83	-31.36
70.624	86.58	-5.94	-32.28
70.646	86.58	-7.13	-34.12
70.674	84.82	-7.13	-32.9
70.697	85.41	-7.13	-32.9
70.725	85.41	-7.13	-31.67
70.748	85.41	-6.53	-33.51
70.774	86.0	-7.72	-32.9
70.799	85.41	-7.13	-32.9
70.824	85.41	-6.53	-32.9
70.849	85.41	-7.13	-34.12
70.874	84.52	-8.02	-32.59
70.908	86.29	-8.61	-31.36
70.925	86.88	-8.02	-33.2
70.958	85.7	-6.83	-33.2
70.975	86.0	-7.72	-31.06
71.030	84.82	-8.32	-31.67
71.030	85.41	-8.32	-33.51
71.058	85.7	-7.43	-31.98
71.077	84.82	-6.53	-33.51
71.108	86.29	-8.02	-31.98
71.127	87.17	-7.72	-34.12
71.158	86.88	-6.83	-31.98
71.178	87.47	-7.43	-31.98
71.208	86.88	-6.24	-31.36
71.228	85.41	-8.32	-33.51
71.258	86.0	-8.32	-33.51
71.279	86.29	-7.43	-32.59
71.308	86.0	-5.94	-33.51
71.330	86.0	-7.72	-33.51
71.358	85.41	-7.13	-32.28
71.380	85.11	-8.02	-31.98
71.408	86.29	-8.02	-33.81
71.431	84.52	-7.43	-32.59
71.458	85.41	-7.72	-33.51
71.491	85.7	-8.02	-32.59
71.508	85.41	-8.32	-32.9
71.532	86.0	-7.72	-32.9
71.558	85.41	-8.32	-32.9
71.592	83.64	-7.72	-34.12
71.608	86.29	-8.02	-31.98
71.633	86.29	-7.43	-33.81
71.659	86.88	-8.02	-33.81
71.692	86.88	-7.43	-35.04
71.709	85.7	-8.61	-32.59
71.735	86.29	-7.43	-33.81
71.760	85.41	-8.32	-31.67
71.792	86.58	-5.94	-33.51
71.811	84.52	-5.64	-31.98
71.843	85.41	-7.13	-34.12
71.861	86.29	-7.43	-33.81
71.892	83.94	-7.43	-33.2
71.912	86.0	-7.72	-33.51
71.942	85.11	-8.02	-34.43
71.962	84.52	-6.83	-33.2
71.992	85.11	-7.43	-31.98
72.013	83.94	-7.43	-31.36
72.043	81.88	-7.13	-30.45
72.064	81.88	-8.32	-30.45
72.092	80.7	-7.13	-28.0
72.114	80.7	-5.94	-29.83
72.142	79.82	-5.64	-27.08
72.165	78.65	-7.43	-27.69
72.192	79.53	-6.53	-26.16
72.215	77.76	-7.13	-27.39
72.242	76.88	-6.24	-26.47
72.266	78.94	-7.72	-26.77
72.292	76.88	-8.02	-25.86
72.326	76.0	-5.94	-25.55
72.342	77.76	-5.35	-24.94
72.367	77.76	-5.35	-24.94
72.393	77.18	-5.94	-25.55
72.426	76.29	-6.83	-25.86
72.443	77.18	-5.35	-23.71
72.476	78.35	-4.75	-22.49
72.494	78.65	-5.05	-22.18
72.527	77.18	-6.53	-21.88
72.545	74.82	-5.94	-23.1
72.576	75.7	-5.64	-21.57
72.595	76.0	-5.35	-22.49
72.627	76.59	-5.35	-22.49
72.646	77.18	-5.94	-21.27
72.676	74.82	-6.53	-20.04
72.696	76.0	-7.13	-23.1
72.727	74.82	-5.35	-23.1
72.747	75.12	-7.43	-22.18
72.776	74.82	-6.53	-23.1
72.798	74.53	-6.24	-23.41
72.826	75.12	-8.61	-22.8
72.848	76.29	-6.83	-22.18
72.876	77.18	-5.94	-21.88
72.899	75.7	-6.83	-22.18
72.926	76.29	-6.24	-24.02
72.949	77.18	-5.94	-20.04
72.976	76.0	-6.53	-21.27
73.000	76.88	-5.64	-22.18
73.026	78.65	-5.05	-21.57
73.065	78.94	-5.94	-20.65
73.076	79.23	-5.64	-19.74
73.110	80.7	-6.53	-19.43
73.127	78.65	-6.24	-17.9
73.160	79.82	-3.86	-19.12
73.177	80.41	-6.83	-17.9
73.210	79.23	-5.05	-17.9
73.228	80.11	-4.16	-18.21
73.260	81.58	-5.05	-17.29
73.278	81.58	-7.43	-16.68
73.310	81.29	-5.35	-16.98
73.329	81.29	-5.94	-17.59
73.360	81.0	-5.64	-17.9
73.380	80.7	-5.94	-18.21
73.410	82.76	-5.64	-19.12
73.430	81.29	-5.35	-17.59
73.460	81.29	-6.53	-18.21
73.481	81.0	-6.83	-18.51
73.510	82.76	-6.24	-17.9
73.531	81.0	-4.46	-17.9
73.561	80.7	-4.16	-18.82
73.582	82.47	-4.75	-18.82
73.610	81.29	-5.94	-18.82
73.633	81.58	-5.05	-19.12
73.661	83.64	-5.94	-20.65
73.683	82.76	-6.24	-17.9
73.710	81.0	-5.05	-18.51
73.734	83.35	-5.64	-17.9
73.761	82.76	-6.83	-19.74
73.784	81.88	-5.35	-17.59
73.810	81.88	-4.75	-18.82
73.844	82.47	-5.35	-18.82
73.861	80.7	-4.75	-20.04
73.894	82.47	-4.75	-18.82
73.911	80.41	-6.24	-18.51
73.944	81.0	-6.24	-17.29
73.962	82.47	-4.75	-19.43
73.994	82.47	-5.35	-20.04
74.012	82.47	-5.94	-19.43
74.044	81.88	-6.53	-18.21
74.063	80.7	-4.75	-18.21
74.094	81.88	-5.94	-19.43
74.113	80.41	-5.64	-17.29
74.144	82.76	-5.05	-17.29
74.164	82.17	-5.64	-19.12
74.194	81.29	-4.16	-18.82
74.215	80.41	-4.46	-19.12
74.244	82.47	-5.94	-19.43
74.265	81.0	-5.05	-19.74
74.294	81.58	-3.86	-19.12
74.316	81.88	-4.16	-18.82
74.344	81.29	-7.13	-20.04
74.366	81.0	-4.46	-19.74
74.394	82.76	-4.46	-18.51
74.417	82.47	-5.35	-19.43
74.444	81.29	-5.35	-18.82
74.469	82.47	-4.16	-19.43
74.494	82.17	-6.24	-17.9
74.518	82.17	-5.64	-18.51
74.544	81.58	-5.05	-19.12
74.569	82.47	-5.94	-20.65
74.595	83.05	-5.35	-20.04
74.628	80.7	-5.35	-18.21
74.645	83.64	-5.94	-18.82
74.671	80.7	-4.75	-19.43
74.695	81.88	-4.16	-18.82
74.728	82.17	-4.46	-19.74
74.746	81.29	-5.94	-19.43
74.771	82.17	-5.05	-19.74
74.797	81.0	-4.46	-18.51
74.828	80.7	-5.35	-17.59
74.847	81.58	-3.86	-17.9
74.879	82.76	-3.86	-18.51
74.898	82.17	-5.05	-19.12
74.928	80.11	-4.75	-18.21
74.949	83.64	-4.75	-17.59
74.979	82.17	-5.05	-17.9
74.999	83.35	-5.64	-20.35
75.028	81.29	-5.35	-18.82
75.050	81.29	-4.16	-20.04
75.100	78.35	-4.75	-19.43
75.100	82.17	-5.05	-17.29
75.126	81.88	-4.16	-18.82
75.151	81.0	-5.64	-17.9
75.179	80.7	-5.35	-18.82
75.202	82.47	-4.16	-17.59
# time: 75.2025079727 call nr 2971
#time	magX	magY	magZ
75.228	83.05	-4.75	-18.21
75.253	82.17	-5.05	-18.51
75.278	80.41	-5.64	-19.74
75.303	81.29	-4.75	-18.21
75.329	82.17	-5.64	-19.74
75.362	81.58	-5.05	-19.12
75.379	83.35	-6.83	-17.9
75.411	82.17	-5.64	-20.35
75.429	82.47	-4.75	-18.21
75.462	81.0	-5.64	-17.9
75.480	82.47	-5.35	-20.04
75.505	81.88	-5.94	-19.43
75.531	81.58	-3.86	-20.96
75.562	82.76	-5.05	-19.12
75.582	81.88	-5.35	-19.43
75.612	81.29	-4.16	-20.65
75.632	82.47	-5.35	-18.21
75.662	81.0	-5.64	-18.51
75.682	80.41	-6.24	-19.74
75.712	81.29	-4.16	-18.21
75.733	82.47	-5.94	-18.21
75.762	81.88	-5.94	-18.21
75.784	81.0	-4.46	-20.35
75.812	81.88	-4.75	-18.82
75.834	81.0	-6.24	-19.12
75.862	81.58	-4.46	-20.96
75.885	82.76	-6.24	-19.74
75.913	82.17	-3.86	-17.9
75.935	82.47	-4.75	-20.04
75.962	82.47	-5.35	-18.21
75.996	82.76	-3.86	-19.12
76.013	83.05	-5.94	-19.43
76.046	82.17	-3.86	-20.35
76.062	82.76	-5.64	-17.9
76.096	82.17	-3.86	-19.74
76.113	81.58	-5.05	-17.9
76.146	80.11	-6.53	-17.59
76.163	81.58	-5.64	-19.12
76.196	81.58	-5.64	-17.9
76.214	82.47	-5.35	-17.59
76.246	81.58	-5.64	-19.12
76.265	81.58	-5.64	-17.9
76.296	82.17	-5.64	-17.9
76.315	81.0	-6.83	-17.9
76.346	81.88	-4.75	-18.21
76.366	81.29	-5.94	-19.43
76.397	81.88	-4.75	-18.82
76.416	81.88	-5.94	-20.04
76.446	81.88	-4.75	-18.82
76.467	81.88	-5.35	-19.43
76.497	81.88	-4.16	-20.04
76.517	81.0	-6.24	-20.35
76.547	82.47	-7.72	-18.21
76.568	83.05	-4.16	-19.43
76.597	81.88	-6.53	-16.98
76.619	80.11	-5.35	-19.43
76.646	81.58	-4.46	-17.29
76.669	81.0	-5.64	-18.51
76.697	82.17	-5.64	-17.29
76.720	81.0	-5.05	-18.51
76.747	81.29	-5.35	-18.21
76.771	81.58	-5.05	-18.51
76.797	81.58	-5.05	-19.74
76.821	82.76	-6.24	-19.12
76.847	82.17	-6.24	-19.12
76.880	81.29	-5.35	-18.82
76.897	81.29	-5.35	-18.21
76.930	83.05	-5.94	-19.43
76.948	81.0	-5.64	-19.12
76.980	81.88	-5.35	-18.82
76.998	81.29	-5.35	-18.82
77.030	82.76	-5.05	-19.74
77.049	82.76	-4.46	-17.29
77.081	82.47	-5.35	-18.82
77.100	81.88	-4.75	-17.59
77.125	80.11	-5.94	-20.04
77.150	83.64	-6.53	-21.27
77.180	82.76	-4.46	-17.29
77.201	81.58	-5.64	-18.51
77.230	82.17	-3.27	-18.51
77.251	81.58	-5.05	-17.9
77.280	83.05	-4.75	-18.21
77.302	82.47	-4.75	-18.82
77.330	82.17	-5.64	-19.74
77.353	82.47	-4.75	-18.21
77.380	82.76	-6.24	-20.35
77.403	82.17	-5.64	-17.9
77.430	81.0	-5.64	-19.12
77.464	81.29	-5.94	-18.82
77.480	82.76	-5.05	-18.51
77.504	82.47	-4.16	-20.04
77.532	81.88	-4.75	-17.59
77.564	82.47	-5.35	-18.82
77.581	81.29	-4.75	-19.43
77.606	82.17	-5.64	-17.29
77.631	81.58	-3.86	-18.51
77.664	81.58	-3.86	-18.51
77.682	81.88	-4.75	-18.82
77.714	81.58	-4.46	-18.51
77.732	82.17	-3.86	-18.51
77.764	81.88	-4.16	-18.82
77.783	83.05	-4.75	-18.21
77.814	80.41	-5.05	-18.51
77.833	80.7	-4.16	-19.43
77.864	81.58	-5.64	-20.96
77.884	82.47	-3.56	-19.43
77.914	81.88	-4.16	-17.59
77.935	82.17	-5.05	-17.9
77.965	82.17	-5.64	-18.51
77.985	81.88	-4.75	-18.82
78.015	82.17	-5.05	-19.12
78.036	82.17	-5.05	-20.35
78.064	81.29	-4.16	-19.43
78.087	81.58	-5.05	-19.74
78.114	81.58	-5.05	-17.9
78.137	81.88	-5.35	-18.82
78.165	82.76	-5.64	-18.51
78.198	81.0	-4.46	-19.12
78.215	81.0	-5.64	-17.9
78.238	81.88	-7.13	-20.04
78.265	81.58	-5.05	-19.74
78.298	81.88	-4.75	-18.21
78.315	81.29	-4.75	-17.59
78.340	82.76	-5.05	-18.51
78.365	81.29	-5.35	-19.43
78.398	83.35	-5.05	-19.12
78.415	82.17	-4.46	-19.74
78.441	81.29	-5.35	-18.21
78.466	81.29	-5.35	-18.21
78.498	81.88	-5.94	-18.82
78.517	80.41	-4.46	-18.51
78.542	80.7	-4.16	-18.82
78.567	83.05	-5.35	-18.82
78.598	81.0	-3.86	-17.9
78.618	82.17	-5.05	-18.51
78.649	82.17	-5.64	-18.51
78.669	81.88	-4.75	-19.43
78.698	82.17	-5.64	-17.9
78.719	80.7	-5.94	-18.82
78.749	80.41	-5.05	-20.35
78.770	81.88	-4.75	-20.04
78.799	82.76	-4.46	-19.12
78.820	81.88	-4.75	-20.04
78.849	82.17	-5.05	-19.12
78.871	81.29	-3.56	-19.43
78.899	81.88	-5.35	-18.82
78.932	83.94	-5.64	-19.74
78.949	81.0	-6.24	-19.12
78.972	82.47	-4.16	-18.82
78.999	81.88	-6.53	-18.82
79.023	82.47	-3.56	-20.65
79.050	82.17	-5.05	-17.29
79.082	81.29	-5.94	-17.59
79.099	81.29	-5.35	-18.21
79.124	82.17	-3.86	-18.51
79.149	81.88	-5.35	-20.04
79.175	81.88	-4.75	-18.21
79.200	81.0	-6.24	-19.74
79.232	81.0	-5.64	-18.51
79.251	83.05	-4.75	-20.04
79.282	81.88	-4.75	-18.82
79.301	81.29	-4.75	-18.21
79.332	82.47	-4.16	-18.21
79.352	82.17	-5.05	-19.12
79.382	81.58	-3.86	-19.12
79.402	82.47	-5.35	-18.21
79.432	80.41	-5.64	-19.12
79.453	81.0	-4.46	-17.9
79.482	82.17	-5.05	-18.51
79.504	82.76	-5.05	-19.12
79.532	82.47	-4.16	-18.82
79.554	81.58	-6.24	-18.51
79.582	81.58	-6.24	-19.12
79.605	82.47	-4.75	-18.82
79.632	82.47	-5.35	-18.82
79.655	82.76	-6.24	-18.51
79.683	81.88	-5.94	-19.43
79.706	82.76	-5.05	-18.51
79.733	81.58	-4.46	-19.74
79.767	81.88	-6.53	-18.21
