# measurement started at start_time 1435753445.97
0.038	97.87	-12.37	-6.27
0.039	98.17	-12.66	-7.8
0.039	99.99	-9.75	-9.03
0.039	97.26	-12.95	-8.11
0.040	98.47	-11.2	-6.27
0.040	97.87	-12.95	-7.5
0.040	98.17	-11.49	-6.58
0.041	99.69	-10.04	-6.89
0.041	97.87	-10.62	-8.11
0.042	96.05	-11.2	-8.72
0.042	97.57	-12.08	-6.58
0.042	96.96	-10.33	-5.97
0.043	96.66	-11.79	-8.11
0.043	96.35	-12.66	-6.58
0.044	95.44	-12.37	-8.72
0.044	95.44	-11.2	-5.66
0.044	96.05	-10.62	-4.44
0.045	96.35	-11.49	-4.74
0.045	97.26	-11.2	-3.21
0.045	97.87	-10.62	-4.44
0.046	96.66	-11.2	-3.21
0.046	97.26	-10.62	-4.44
0.047	97.87	-12.95	-5.05
0.047	97.57	-10.33	-4.74
0.047	97.26	-11.2	-3.83
0.048	98.17	-9.75	-3.52
0.048	96.96	-12.08	-5.97
0.049	97.57	-12.08	-4.13
0.049	98.78	-12.08	-5.36
0.049	97.57	-12.08	-3.52
0.050	98.78	-10.33	-4.74
0.050	98.47	-11.79	-3.83
0.050	97.57	-11.49	-3.52
0.051	99.38	-10.91	-3.52
0.051	97.26	-10.62	-3.83
0.051	96.66	-14.11	-5.05
0.052	96.66	-10.62	-6.27
0.052	97.87	-10.62	-7.5
0.053	96.05	-12.37	-6.89
0.053	96.05	-13.53	-7.5
0.053	95.44	-12.37	-8.72
0.054	96.96	-10.91	-6.58
0.054	97.26	-12.95	-7.5
0.054	97.26	-12.37	-8.11
0.055	96.66	-13.53	-7.5
0.055	94.84	-12.37	-7.5
0.055	96.35	-12.66	-6.58
0.056	95.14	-13.24	-7.19
0.056	96.35	-13.82	-7.19
0.057	95.14	-12.08	-7.8
0.057	96.05	-12.37	-8.11
0.057	95.14	-12.08	-7.19
0.058	95.44	-13.53	-6.27
0.058	96.35	-12.08	-7.8
0.058	94.54	-13.24	-7.19
0.059	96.96	-12.66	-5.36
0.059	95.14	-11.49	-9.03
0.059	96.66	-11.79	-7.5
0.060	95.75	-11.49	-9.03
0.060	95.44	-11.79	-7.5
0.061	95.75	-10.91	-7.19
0.061	96.66	-10.62	-8.11
0.061	95.14	-11.49	-7.8
0.062	95.14	-11.49	-8.42
0.062	95.14	-12.08	-7.19
0.062	95.75	-12.08	-5.97
0.063	97.26	-11.79	-7.5
0.063	95.75	-12.66	-8.42
0.063	96.35	-12.66	-7.19
0.064	94.84	-12.37	-8.11
0.064	95.75	-13.24	-7.8
0.064	96.05	-14.11	-6.89
0.065	95.75	-12.08	-8.42
0.065	96.05	-10.04	-6.27
0.065	96.35	-11.49	-8.42
0.066	96.05	-12.95	-8.11
0.066	95.14	-12.66	-7.8
0.066	95.44	-12.95	-8.11
0.067	95.75	-13.82	-7.8
0.067	96.66	-11.79	-6.27
0.067	95.44	-12.37	-6.27
0.068	96.35	-12.66	-7.8
0.068	96.05	-11.79	-7.5
0.068	96.66	-12.95	-8.11
0.069	94.84	-12.95	-8.11
0.069	95.75	-12.08	-7.8
0.070	96.35	-13.24	-7.19
0.070	96.35	-11.49	-9.03
0.070	96.05	-13.53	-9.95
0.071	94.84	-14.11	-8.11
0.071	95.75	-13.24	-7.8
0.071	96.05	-12.95	-7.5
0.072	96.05	-12.95	-7.5
0.072	95.14	-10.91	-9.03
0.072	96.96	-10.91	-5.97
0.073	94.54	-11.49	-6.58
0.073	95.75	-12.08	-6.58
0.073	95.14	-12.66	-8.42
0.074	95.44	-13.53	-7.5
0.074	96.05	-12.37	-9.33
0.074	96.05	-12.37	-8.72
0.075	96.35	-12.08	-7.8
0.075	95.75	-12.66	-86.0
0.099	68.78	-22.26	-45.44
0.124	68.48	-21.97	-46.36
0.150	70.3	-23.72	-44.52
0.175	69.39	-21.1	-44.83
0.200	66.96	-22.84	-45.44
0.226	68.78	-22.26	-44.22
0.251	67.57	-23.43	-45.44
0.276	69.69	-21.97	-43.91
0.302	67.87	-21.97	-45.13
0.327	68.78	-23.43	-44.83
0.353	69.69	-21.97	-43.91
0.378	67.87	-22.55	-45.75
0.403	69.39	-21.1	-43.61
0.429	68.18	-21.68	-45.44
0.454	68.78	-21.1	-44.83
0.479	69.08	-21.97	-43.91
0.505	68.18	-20.52	-44.22
0.530	69.08	-23.13	-45.13
0.556	68.78	-23.43	-44.83
0.581	68.78	-22.84	-46.05
0.606	68.78	-21.1	-46.67
0.632	68.78	-21.68	-45.44
0.657	67.27	-22.55	-43.3
0.682	68.18	-22.26	-44.22
0.708	68.78	-22.26	-43.61
0.733	68.78	-22.84	-44.83
0.759	68.18	-21.1	-45.44
0.784	67.87	-21.39	-44.52
0.809	69.99	-22.84	-44.22
0.835	68.48	-23.13	-45.13
0.860	69.08	-21.97	-45.75
0.885	68.78	-22.26	-46.05
0.911	67.27	-22.55	-46.36
0.936	69.39	-22.26	-44.83
0.961	69.39	-22.26	-46.05
0.987	68.18	-22.26	-44.83
1.012	69.39	-22.26	-44.22
1.038	69.08	-23.13	-45.13
1.063	67.87	-23.72	-45.75
1.088	69.08	-22.55	-45.13
1.114	68.18	-23.43	-45.44
1.139	68.78	-21.68	-45.44
1.164	68.78	-21.68	-45.44
1.190	68.48	-22.55	-44.52
1.215	67.57	-22.84	-44.83
1.240	68.78	-24.01	-46.05
1.266	68.78	-21.68	-44.22
1.291	68.18	-22.26	-44.83
1.317	70.3	-21.97	-45.75
1.342	67.87	-22.55	-45.75
1.367	69.69	-22.55	-45.13
1.393	68.48	-21.39	-45.75
1.418	68.78	-22.84	-45.44
1.443	68.18	-23.43	-44.22
1.469	68.18	-22.84	-43.61
1.494	69.08	-21.39	-44.52
1.520	69.69	-22.55	-43.91
1.545	68.78	-21.68	-44.83
1.570	68.48	-22.55	-45.75
1.596	68.48	-22.55	-45.75
1.621	69.39	-21.1	-44.83
1.646	68.78	-22.26	-44.83
1.672	68.18	-22.84	-45.44
1.697	67.87	-21.97	-45.75
1.723	69.08	-21.97	-46.36
1.748	69.08	-21.39	-45.13
1.773	69.08	-23.13	-45.75
1.799	69.69	-23.13	-43.3
1.824	69.39	-23.43	-46.05
1.850	69.08	-22.55	-45.13
1.875	68.18	-22.84	-44.83
1.900	68.78	-22.26	-46.05
1.993	69.99	-23.43	-43.61
2.009	69.39	-22.26	-44.22
2.013	69.08	-21.97	-43.3
2.015	69.08	-23.13	-45.13
2.055	67.57	-22.26	-45.44
2.055	68.18	-21.68	-44.22
2.078	69.39	-22.84	-44.83
2.103	69.99	-23.43	-43.61
2.128	69.39	-22.26	-44.83
2.154	68.78	-21.1	-45.44
2.179	69.08	-23.13	-45.13
2.204	69.08	-23.13	-44.52
2.230	69.08	-22.55	-46.36
2.255	69.39	-21.68	-46.05
2.281	69.39	-22.84	-43.61
2.306	68.48	-23.72	-44.52
2.331	69.69	-24.3	-43.91
2.357	69.08	-22.55	-45.75
2.382	69.39	-24.01	-42.38
2.407	68.78	-21.1	-44.83
2.433	68.48	-23.72	-45.75
2.458	67.57	-22.84	-44.22
2.483	68.48	-21.39	-45.75
2.509	69.99	-21.68	-46.05
2.535	66.96	-23.43	-44.22
2.560	68.48	-21.97	-43.91
2.585	68.18	-24.59	-46.67
2.610	68.78	-21.1	-44.83
2.636	69.69	-23.72	-45.13
2.661	67.87	-21.97	-46.36
2.686	68.48	-21.97	-43.91
2.712	67.57	-22.26	-42.99
2.737	68.48	-21.39	-44.52
2.763	69.39	-24.59	-45.44
2.788	68.78	-23.43	-44.83
2.814	69.39	-24.01	-44.83
2.839	69.69	-22.55	-45.13
2.864	69.69	-22.55	-46.36
2.889	70.6	-21.68	-44.22
2.915	68.78	-22.84	-44.22
2.940	68.78	-22.26	-45.44
2.965	69.39	-22.26	-44.83
2.991	67.57	-22.84	-44.22
3.016	69.69	-21.39	-44.52
3.042	67.87	-21.97	-45.13
3.067	68.48	-22.55	-45.75
3.092	68.18	-22.26	-44.83
3.118	67.87	-21.97	-45.13
3.143	68.78	-21.68	-44.83
3.168	69.39	-20.52	-44.83
3.194	68.48	-21.39	-44.52
3.219	68.18	-21.68	-44.83
3.244	69.69	-23.13	-43.3
3.270	70.6	-22.26	-44.22
3.295	68.78	-22.26	-43.61
3.321	69.99	-21.1	-44.22
3.346	66.96	-21.68	-46.05
3.371	68.78	-22.84	-44.83
3.397	69.08	-22.55	-44.52
3.422	67.27	-24.3	-45.13
3.448	69.69	-22.55	-45.13
3.473	69.99	-21.68	-46.67
3.498	69.69	-22.55	-44.52
3.524	68.18	-22.84	-45.44
3.549	68.48	-20.22	-43.91
3.574	69.08	-23.13	-45.75
3.600	67.27	-21.97	-43.91
3.625	70.6	-23.43	-44.22
3.650	67.27	-20.81	-43.91
3.676	70.3	-21.97	-45.75
3.701	66.96	-21.1	-44.83
3.726	67.87	-21.97	-43.3
3.752	67.87	-21.97	-45.13
3.777	69.69	-21.97	-46.97
3.803	68.18	-22.84	-44.22
3.828	69.99	-24.01	-43.61
3.853	67.87	-21.97	-45.75
3.879	68.48	-22.55	-43.91
3.904	68.18	-22.26	-45.44
3.929	69.08	-22.55	-44.52
3.955	70.3	-23.13	-43.91
3.980	68.18	-23.43	-44.22
4.005	68.48	-23.13	-45.13
4.031	68.78	-22.26	-44.22
4.056	67.57	-21.1	-44.83
4.155	68.78	-21.1	-44.83
4.187	67.87	-23.13	-43.91
4.203	68.78	-22.26	-44.22
4.203	67.57	-23.43	-45.44
4.204	68.78	-24.01	-42.38
4.208	69.39	-22.26	-44.22
4.234	68.18	-22.84	-45.44
4.259	69.08	-23.13	-43.91
4.285	69.99	-22.26	-45.44
4.310	70.3	-23.13	-45.13
4.335	67.57	-22.84	-44.22
4.361	69.39	-22.26	-44.83
4.386	67.27	-23.72	-45.75
4.411	66.96	-23.43	-44.22
4.437	68.78	-22.84	-44.83
4.462	69.08	-21.39	-45.75
4.487	68.78	-23.43	-44.83
4.513	69.39	-21.68	-45.44
4.538	68.48	-23.72	-43.3
4.564	68.48	-23.13	-43.91
4.589	68.18	-22.26	-44.83
4.614	68.48	-21.97	-44.52
4.640	69.39	-23.43	-44.83
4.665	68.78	-23.43	-45.44
4.691	68.78	-21.68	-44.22
4.716	68.48	-20.81	-46.36
4.741	68.78	-24.01	-44.22
4.766	68.48	-23.72	-43.3
4.792	69.08	-21.97	-45.13
4.817	67.87	-22.55	-43.3
4.843	70.3	-23.13	-44.52
4.868	67.87	-22.55	-43.91
4.893	68.18	-21.68	-42.99
4.919	68.78	-21.68	-46.05
4.944	69.39	-21.68	-46.05
4.969	69.99	-22.84	-45.44
4.995	68.18	-21.1	-44.83
5.020	69.69	-23.13	-44.52
5.046	69.39	-23.43	-44.22
5.071	69.69	-21.39	-46.36
5.096	67.87	-21.97	-45.13
5.122	69.99	-22.84	-44.22
5.147	67.87	-21.97	-43.3
5.172	67.87	-22.55	-43.91
5.198	68.48	-23.13	-44.52
5.223	67.57	-22.84	-46.67
5.248	68.48	-22.55	-46.97
5.274	69.08	-22.55	-44.52
5.299	68.18	-21.68	-45.44
5.325	69.39	-22.26	-44.83
5.350	66.96	-22.84	-44.22
5.375	68.78	-23.43	-46.05
5.401	69.08	-22.55	-43.91
5.426	67.87	-23.13	-43.91
5.451	68.48	-23.13	-45.13
5.477	69.08	-21.39	-43.91
5.502	70.3	-21.97	-44.52
5.527	68.18	-21.68	-44.83
5.553	68.18	-20.52	-44.22
5.578	68.48	-22.55	-45.13
5.604	67.87	-23.13	-44.52
5.629	69.08	-22.55	-43.91
5.654	68.78	-22.26	-44.83
5.680	69.99	-22.26	-45.44
5.705	68.48	-21.97	-45.13
5.730	69.08	-22.55	-45.13
5.756	69.08	-21.97	-44.52
5.781	70.6	-22.84	-44.83
5.807	66.66	-21.39	-44.52
5.832	67.87	-21.97	-44.52
5.857	70.9	-21.39	-45.13
5.883	68.48	-22.55	-45.75
5.908	69.69	-21.97	-45.75
5.933	68.78	-21.68	-44.83
5.959	68.48	-21.39	-45.75
5.984	68.18	-21.68	-45.44
6.009	67.87	-23.72	-46.36
6.035	69.39	-22.84	-46.05
6.060	69.69	-22.55	-44.52
6.086	67.87	-21.97	-45.13
6.111	68.78	-21.68	-44.22
6.136	68.78	-21.68	-45.44
6.162	69.99	-22.26	-44.22
6.187	69.39	-22.84	-46.05
6.264	68.78	-22.84	-45.44
6.268	68.48	-22.55	-45.13
6.273	68.48	-21.97	-45.75
6.314	68.18	-22.26	-45.44
6.315	67.27	-21.97	-45.13
6.339	69.08	-22.55	-43.91
6.365	67.87	-21.97	-46.97
6.390	70.3	-23.72	-43.3
6.415	68.48	-23.13	-44.52
6.441	68.18	-21.68	-44.83
6.466	67.87	-23.72	-45.13
6.491	69.08	-22.55	-45.13
6.517	69.39	-23.43	-44.22
6.542	68.18	-23.43	-44.83
6.568	69.08	-22.55	-44.52
6.593	69.39	-21.68	-43.61
6.618	68.78	-21.68	-46.67
6.644	69.08	-21.97	-43.91
6.669	69.99	-21.1	-44.22
6.694	69.08	-21.97	-45.13
6.720	68.48	-21.39	-45.75
6.745	67.87	-23.72	-43.91
6.770	70.3	-22.55	-43.91
6.796	68.48	-23.72	-45.13
6.821	68.78	-22.84	-44.83
6.847	67.57	-22.26	-44.83
6.872	68.78	-22.26	-45.44
6.897	68.78	-23.43	-42.99
6.923	69.39	-22.26	-44.83
6.948	71.2	-23.43	-46.05
6.973	69.69	-22.55	-45.75
6.999	69.39	-21.68	-44.83
7.024	68.48	-21.97	-43.91
7.049	67.57	-22.84	-44.83
7.075	68.48	-24.3	-46.36
7.100	67.57	-21.1	-44.83
7.126	69.69	-21.39	-46.36
7.151	67.57	-22.26	-44.22
7.176	67.87	-21.39	-45.13
7.202	67.87	-22.55	-45.13
7.227	69.39	-22.84	-44.83
7.252	68.18	-22.84	-44.22
7.278	68.48	-21.97	-45.13
7.303	70.9	-22.55	-44.52
7.329	68.78	-23.43	-45.44
7.354	68.18	-21.68	-44.83
7.379	70.6	-22.84	-44.83
7.405	69.08	-23.72	-46.97
7.430	68.78	-24.01	-45.44
7.455	69.08	-22.55	-44.52
7.481	68.18	-21.68	-46.05
7.506	69.99	-22.84	-45.44
7.531	69.69	-21.97	-43.91
7.557	68.48	-21.97	-45.13
7.582	70.6	-21.68	-45.44
7.608	67.27	-21.39	-45.13
